04387
04388
04389
04390
04391
04392
04393
04394
04395
04396
04397
04398
04399
04400
04401
04402
04403
04404
04405
04406
04407
04408
04409
04410
04411
04412
04413
04414
04415
04416
04417
04418
04419
04420
04421
04422
04423
04424
04425
04426
04427
04428
04429
04430
04431
04432
04433
04434
04435
04436
04437
04438
04439
04440
04441
04442
04443
04444
04445
04446
04447
04448
04449
04450
04451
04452
04453
04454
04455
04456
04457
04458
04459
04460
04461
04462
04463
04464
04465
04466
04467
04468
04469
04470
04471
04472
04473
04474
04475
04476
04477
04478
04479
04480
04481
04482
04483
04484
04485
04486
04487
04488
04489
04490
04491
04492
04493
04494
04495
04496
04497
04498
04499
04500
04501
04502
04503
04504
04505
04506
04507
04508
04509
04510
04511
04512
04513
04514
04515
04516
04517
04518
04519
04520
04521
04522
04523
04524
04525
04526
04527
04528
04529
04530
04531
04532
04533
04534
04535
04536
04537
04538
04539
04540
04541
04542
04543
04544
04545
04546
04547
04548
04549
04550
04551
04552
04553
04554
04555
04556
04557
04558
04559
04560
04561
04562
04563
04564
04565
04566
04567
04568
04569
04570
04571
04572
04573
04574
04575
04576
04577
04578
04579
04580
04581
04582
04583
04584
04585
04586
04587
04588
04589
04590
04591
04592
04593
04594
04595
04596
04597
04598
04599
04600
04601
04602
04603
04604
04605
04606
04607
04608
04609
04610
04611
04612
04613
04614
04615
04616
04617
04618
04619
04620
04621
04622
04623
04624
04625
04626
04627
04628
04629
04630
04631
04632
04633
04634
04635
04636
04637
04638
04639
04640
04641
04642
04643
04644
04645
04646
04647
04648
04649
04650
04651