07543
07544
07545
07546
07547
07548
07549
07550
07551
07552
07553
07554
07555
07556
07557
07558
07559
07560
07561
07562
07563
07564
07565
07566
07567
07568
07569
07570
07571
07572
07573
07574
07575
07576
07577
07578
07579
07580
07581
07582
07583
07584
07585
07586
07587
07588
07589
07590
07591
07592
07593
07594
07595
07596
07597
07598
07599
07600
07601
07602
07603
07604
07605
07606
07607
07608
07609
07610
07611
07612
07613
07614
07615
07616
07617
07618
07619
07620
07621
07622
07623
07624
07625
07626
07627
07628
07629
07630
07631
07632
07633
07634
07635
07636
07637
07638
07639
07640
07641
07642
07643
07644
07645
07646
07647
07648
07649
07650
07651
07652
07653
07654
07655
07656
07657
07658
07659
07660
07661
07662
07663
07664
07665
07666
07667
07668
07669
07670
07671
07672
07673
07674
07675
07676
07677
07678
07679
07680
07681
07682
07683
07684
07685
07686
07687
07688
07689
07690
07691
07692
07693
07694
07695
07696
07697
07698
07699
07700
07701
07702
07703
07704
07705
07706
07707
07708
07709
07710
07711
07712
07713
07714
07715
07716
07717
07718
07719
07720
07721
07722
07723
07724
07725
07726
07727
07728
07729
07730
07731
07732
07733
07734
07735
07736
07737
07738
07739
07740
07741
07742
07743
07744
07745
07746
07747
07748
07749
07750
07751
07752
07753
07754
07755
07756
07757
07758
07759
07760
07761
07762
07763
07764
07765
07766
07767
07768
07769
07770
07771
07772
07773
07774
07775
07776
07777
07778
07779
07780
07781
07782
07783
07784
07785
07786
07787
07788
07789
07790
07791
07792
07793
07794
07795
07796
07797
07798
07799
07800
07801
07802
07803
07804
07805
07806
07807
07808
07809
07810
07811
07812
07813
07814
07815
07816
07817
07818
07819
07820
07821
07822
07823
07824
07825
07826
07827
07828
07829
07830
07831
07832
07833
07834
07835
07836
07837
07838
07839
07840
07841
07842
07843
07844
07845
07846
07847
07848
07849
07850
07851
07852
07853
07854
07855
07856
07857
07858
07859
07860
07861
07862
07863
07864
07865
07866
07867
07868
07869
07870
07871
07872
07873
07874
07875
07876
07877
07878
07879
07880
07881
07882
07883
07884
07885
07886
07887
07888
07889
07890
07891
07892
07893
07894
07895
07896
07897
07898
07899