04049
04050
04051
04052
04053
04054
04055
04056
04057
04058
04059
04060
04061
04062
04063
04064
04065
04066
04067
04068
04069
04070
04071
04072
04073
04074
04075
04076
04077
04078
04079
04080
04081
04082
04083
04084
04085
04086
04087
04088
04089
04090
04091
04092
04093
04094
04095
04096
04097
04098
04099
04100
04101
04102
04103
04104
04105
04106
04107
04108
04109
04110
04111
04112
04113
04114
04115
04116
04117
04118
04119
04120
04121
04122
04123
04124
04125
04126
04127
04128
04129
04130
04131
04132
04133
04134
04135
04136
04137
04138
04139
04140
04141
04142
04143
04144
04145
04146
04147
04148
04149
04150
04151
04152
04153
04154
04155
04156
04157
04158
04159
04160
04161
04162
04163
04164
04165
04166
04167
04168
04169
04170
04171
04172
04173
04174
04175
04176
04177
04178
04179
04180
04181
04182
04183
04184
04185
04186
04187
04188
04189
04190
04191
04192
04193
04194
04195
04196
04197
04198
04199
04200
04201
04202
04203
04204
04205
04206
04207
04208
04209
04210
04211
04212
04213
04214
04215
04216
04217
04218
04219
04220
04221
04222
04223
04224
04225
04226
04227
04228
04229
04230
04231
04232
04233
04234
04235
04236
04237
04238
04239
04240
04241
04242
04243
04244
04245
04246
04247
04248
04249
04250
04251
04252
04253
04254
04255
04256
04257
04258
04259
04260
04261
04262
04263
04264
04265
04266
04267
04268
04269
04270
04271
04272
04273
04274
04275
04276
04277
04278
04279
04280
04281
04282
04283
04284
04285
04286
04287
04288
04289
04290
04291
04292
04293
04294
04295
04296
04297
04298
04299
04300
04301
04302
04303
04304
04305
04306
04307
04308
04309
04310
04311
04312
04313
04314
04315
04316
04317
04318
04319
04320
04321
04322
04323
04324
04325
04326
04327
04328
04329
04330
04331
04332
04333
04334
04335
04336
04337
04338
04339
04340
04341
04342
04343
04344
04345
04346
04347
04348
04349
04350
04351
04352
04353
04354
04355
04356
04357
04358
04359
04360
04361
04362
04363
04364
04365
04366
04367
04368
04369
04370
04371
04372
04373
04374
04375
04376
04377
04378
04379
04380
04381
04382
04383
04384
04385
04386