06571
06572
06573
06574
06575
06576
06577
06578
06579
06580
06581
06582
06583
06584
06585
06586
06587
06588
06589
06590
06591
06592
06593
06594
06595
06596
06597
06598
06599
06600
06601
06602
06603
06604
06605
06606
06607
06608
06609
06610
06611
06612
06613
06614
06615
06616
06617
06618
06619
06620
06621
06622
06623
06624
06625
06626
06627
06628
06629
06630
06631
06632
06633
06634
06635
06636
06637
06638
06639
06640
06641
06642
06643
06644
06645
06646
06647
06648
06649
06650
06651
06652
06653
06654
06655
06656
06657
06658
06659
06660
06661
06662
06663
06664
06665
06666
06667
06668
06669
06670
06671
06672
06673
06674
06675
06676
06677
06678
06679
06680
06681
06682
06683
06684
06685
06686
06687
06688
06689
06690
06691
06692
06693
06694
06695
06696
06697
06698
06699
06700
06701
06702
06703
06704
06705
06706
06707
06708
06709
06710
06711
06712
06713
06714
06715
06716
06717
06718
06719
06720
06721
06722
06723
06724
06725
06726
06727
06728
06729
06730
06731
06732
06733
06734
06735
06736
06737
06738
06739
06740
06741
06742
06743
06744
06745
06746
06747
06748
06749
06750
06751
06752
06753
06754
06755
06756
06757
06758