01803
01804
01805
01806
01807
01808
01809
01810
01811
01812
01813
01814
01815
01816
01817
01818
01819
01820
01821
01822
01823
01824
01825
01826
01827
01828
01829
01830
01831
01832
01833
01834
01835
01836
01837
01838
01839
01840
01841
01842
01843
01844
01845
01846
01847
01848
01849
01850
01851
01852
01853
01854
01855
01856
01857
01858
01859
01860
01861
01862
01863
01864
01865
01866
01867
01868
01869
01870
01871
01872
01873
01874
01875
01876
01877
01878
01879
01880
01881
01882
01883
01884
01885
01886
01887
01888
01889
01890
01891
01892
01893
01894
01895
01896
01897
01898
01899
01900
01901
01902
01903
01904
01905
01906
01907
01908
01909
01910
01911
01912
01913
01914
01915
01916
01917
01918
01919
01920
01921
01922
01923
01924
01925
01926
01927
01928
01929
01930
01931
01932
01933
01934
01935
01936
01937
01938
01939
01940
01941
01942
01943
01944
01945
01946
01947
01948
01949
01950
01951
01952
01953
01954
01955
01956
01957
01958
01959
01960
01961
01962
01963
01964
01965
01966
01967
01968
01969
01970
01971
01972
01973
01974
01975
01976
01977
01978
01979
01980
01981
01982
01983
01984
01985
01986
01987
01988
01989
01990
01991
01992
01993
01994
01995
01996
01997
01998
01999
02000
02001
02002
02003
02004
02005
02006
02007
02008
02009
02010
02011
02012
02013
02014
02015
02016
02017
02018
02019
02020
02021
02022
02023
02024
02025
02026
02027
02028
02029
02030
02031
02032
02033
02034
02035
02036
02037
02038
02039
02040
02041
02042
02043
02044
02045
02046
02047
02048
02049
02050
02051
02052
02053
02054
02055
02056
02057
02058
02059
02060
02061
02062
02063
02064
02065
02066
02067
02068
02069
02070
02071
02072
02073
02074
02075
02076
02077
02078
02079
02080
02081
02082
02083
02084
02085
02086
02087
02088
02089
02090
02091
02092
02093
02094
02095
02096
02097
02098
02099
02100
02101
02102
02103
02104
02105
02106
02107
02108
02109
02110
02111
02112
02113
02114
02115
02116
02117
02118
02119
02120
02121
02122
02123
02124
02125
02126
02127
02128
02129
02130
02131
02132
02133
02134
02135
02136
02137
02138
02139
02140
02141
02142
02143
02144
02145
02146
02147
02148
02149
02150
02151
02152
02153
02154
02155
02156
02157
02158
02159
02160
02161
02162
02163
02164
02165
02166
02167
02168
02169
02170
02171
02172
02173
02174
02175
02176
02177
02178
02179
02180
02181
02182
02183
02184
02185
02186
02187
02188
02189
02190
02191
02192
02193
02194
02195
02196
02197
02198
02199