Pedestrian 13365 -1.00 -1 0.14 5876.76 15925.05 472.19 8807.45 1.71 1.55 3.78 -4.27 3.48 18.95 -1.71 0.92
Cyclist 13356 -1.00 -1 -0.83 534.64 650.76 1143.99 -68.85 1.72 0.47 1.50 8.54 1.29 0.44 -0.64 0.55
Car 13355 -1.00 -1 1.87 574.65 -5.07 921.89 -1503.81 1.79 0.68 0.81 5.08 1.74 3.72 2.90 0.85
Car 13347 -1.00 -1 1.24 600.96 -26.45 827.88 -1935.33 1.74 0.60 0.52 3.99 1.65 3.39 -2.84 0.71
Car 13341 -1.00 -1 -0.11 650.37 322.66 876.65 -1046.50 1.73 0.57 0.58 5.06 1.62 2.80 -1.01 0.79
Car 13320 -1.00 -1 2.61 1494.46 1427.56 1100.65 2548.92 1.58 0.58 0.53 -3.00 1.72 2.46 2.10 0.58
Pedestrian 13310 -1.00 -1 0.08 4928.06 8626.28 235.13 5443.05 1.47 1.63 4.02 -4.02 2.69 12.20 -1.64 1.00
Car 13309 -1.00 -1 -1.59 663.25 1435.44 935.82 -216.02 1.60 0.65 0.51 3.95 1.15 -1.31 -0.54 0.94
Car 13256 -1.00 -1 -1.68 1519.62 824.17 782.24 2348.45 1.75 0.65 0.75 -2.36 1.35 1.28 0.04 0.98
Pedestrian 13244 -1.00 -1 0.09 2556.77 -321.99 144.73 1072.15 1.48 1.56 3.54 -3.53 0.75 -3.53 -1.64 0.90
