bicycle 1757 1 -0.5150583918601345 1692.8588 873.00977 1935.0 1064.7266 0.9959256326426174 0.4582897348611458 1.737482152677817 5.230204792744421 2.477337074657124 8.676091008791296 0.027439126666472635 1
Car 1515 0 1.5969678879628475 1359.3517 791.88385 1506.7257 968.71594 1.9658151675250493 2.009540517674054 4.257372605697204 7.423425672011678 4.838405038872109 23.385299613662408 -4.378838552585744 1
motor 1336 0 -2.4142505347858005 88.35353 823.8978 464.32352 1073.3318 1.4704096973162277 1.1856527220632311 2.3723464213832814 -5.100367912654446 3.0821597861596888 11.195305589263592 -2.8417358744591588 1
Pedestrian 1516 1 -1.6660393553754074 1548.5126 804.1335 1623.0793 982.50916 1.8422458172896514 0.712902028244753 0.5298325090028302 6.891531865294575 3.8656267092244225 16.523690043276844 -1.2709047988027686 1
Pedestrian 1457 1 0.10923688061570824 384.32187 809.8085 470.49887 1014.3773 1.7113494534438007 0.6927278561464366 0.6700939150565816 -4.869471653036317 3.453343853662825 13.67393509650957 -0.232873768267166 1
Pedestrian 1339 0 -1.7369841834426152 441.1206 806.78595 509.6245 983.0217 1.7313492749151453 0.6006713495861179 0.6221442714556515 -5.189488000680589 3.723224301471528 15.962183176995822 -2.051316852635901 1
Pedestrian 1340 1 -0.8081777226409069 43.90973 840.74774 124.20657 963.51794 1.5412211529367874 0.6060047872488128 0.7569538339732375 -12.164861304877576 4.599773078955673 20.752229568039407 -1.3383849316442624 1
ride_other 1518 2 2.836959762705909 1349.3645 844.5118 1405.9341 905.7561 1.1442937265889208 0.9213328783178462 0.9260649787315438 8.853846975969235 5.8885278183729906 31.829908119470943 -3.1749227280590704 1
truck 1519 0 -1.3595927657319646 626.16113 581.6047 1312.4493 1215.0 3.083587526826805 2.6886104777286772 7.90147259012395 0.8362113864028187 2.9011883815517554 10.471172336004262 -1.2799034509939837 1
bicycle 1758 1 -2.172004192965079 1717.6375 853.8164 1935.0 1146.5216 0.8744498006924738 0.5472547914257222 1.6346471237668838 4.05597549845168 2.0111565023332525 6.595811517157581 -1.620677576243707 1
Pedestrian 1456 1 0.32144062779943916 270.60336 797.81323 376.92426 1023.54193 1.8294479159771333 0.7217715421067585 0.662114961829581 -5.5701001001316355 3.388678461833007 13.09856796340132 -0.08063749051784308 1
Pedestrian 1337 0 0.7375522059644327 71.37784 830.52124 153.21782 981.89264 1.5928943449092015 0.6289930517586932 0.5275438250442627 -9.696689737074104 3.993278471608547 17.092711783163384 0.22152418469137491 1
