bicycle 1757 2 -0.5591569353698694 1824.8799 877.92804 1935.0 1090.4026 0.9959256326426174 0.4582897348611458 1.737482152677817 5.602654239831587 2.387013975283884 7.945014712820998 0.055036140962129165 1
Car 1515 0 1.586239601792685 1437.0764 791.1136 1592.447 974.76587 1.9658151675250493 2.009540517674054 4.257372605697204 8.384404304406152 4.739388125659399 22.605907726709944 -4.341779325497994 1
Pedestrian 1516 1 -1.6795493457908228 1634.8295 805.71375 1720.6412 994.84814 1.8422458172896514 0.7490968979212157 0.7309294759309171 7.619275517825198 3.825247564081659 15.931742933557508 -1.2334567573389355 1
Pedestrian 1456 1 0.21891427558257448 347.83414 796.3104 450.4528 1031.7784 1.8294479159771333 0.7669069789829499 0.662114961829581 -4.7458789979446285 3.3299072815999806 12.664639643875262 -0.13962371756638103 1
Pedestrian 1457 1 0.09403054670650962 471.23123 816.0322 556.7119 1025.2227 1.7113494534438007 0.6927278561464366 0.6700939150565843 -3.9901606447533355 3.4730861186269273 13.379063369624605 -0.19581001798887443 1
Pedestrian 1339 1 -1.6237852306016065 500.97614 811.7763 564.2973 992.30475 1.7313492749151453 0.6006713495861179 0.650621061357166 -4.4721050498542825 3.729877113495033 15.587267711423667 -1.903187763526625 1
Pedestrian 1340 2 -0.8079595332931895 125.94671 847.24 187.82832 965.4469 1.5412211529367874 0.5553055648563677 0.5301404633798161 -11.327856069074954 4.722427243097016 21.06711632614198 -1.3013128374607728 1
Pedestrian 1341 2 -0.4778973660316872 0.0 839.0542 0.0 1003.3348 1.5820762134040487 0.5487423876660869 0.9808269025108994 -11.348914478165357 4.015165085358394 16.428457817026107 -1.082427706863444 1
ride_other 1518 1 2.840582462856689 1402.9822 844.1892 1461.2063 906.5101 1.1442937265889208 0.9213328783178462 0.9260649787315438 9.805979686044884 5.783592136732293 31.17526830458051 -3.1378573175705027 1
truck 1519 0 -1.375870350923649 737.57886 592.66956 1406.8804 1215.0 3.083587526826805 2.6886104777286772 7.90147259012395 1.5087011082727588 2.9485241106131195 10.440586928057698 -1.2323602624877272 1
bicycle 1333 1 -0.5030732089129093 0.0 867.88275 41.914806 1016.31396 1.1972023209351075 0.4888703398233331 1.8966768104643252 -11.027195232609856 3.976726251551468 16.150150062891388 -1.1021566629064716 1
motor 1336 0 -2.3977082081365237 123.82304 827.1641 503.75638 1086.2177 1.4704096973162277 1.1856527220632311 2.3723464213832814 -4.70933782724125 3.0769203111533447 10.926096949832267 -2.8046645816241877 1
Pedestrian 1337 0 0.7531304073575551 112.83489 831.279 195.73264 986.478 1.5928943449092015 0.6289930517586932 0.5275438250442627 -9.009638695532159 3.9500067296605477 16.708336376979187 0.2585933810274972 1
