Pedestrian 1456 1 0.1506685318647788 742.5685 760.8121 830.0919 1035.8486 1.8294479159771333 0.7017495942582737 0.5198051906725449 -1.2373488997033473 2.831233225824191 10.662730786520639 0.035140979543335726 1
Pedestrian 1457 1 0.039855545534695336 816.7574 774.24567 920.16565 1016.9256 1.7113494534438007 0.6927278561464366 0.7546447610014458 -0.6912873668880355 2.878840624314255 11.33609328138411 -0.021050126398180602 1
Pedestrian 1338 1 2.185017979540077 596.7832 803.4507 650.9431 911.12366 1.663154139164399 0.5972202142168035 0.6827508547153233 -5.626519910232925 4.693895521055893 24.95406336637794 -4.319933930104334 1
Pedestrian 1339 1 -1.5516152271787949 783.6548 775.33734 850.2653 973.745 1.7313492749151453 0.6006713495861179 0.5794290866033741 -1.3288063349680728 3.1544489008915018 13.83453757963304 -1.6473714068475904 1
Pedestrian 1340 2 -0.842138205344718 499.96094 814.457 548.2012 927.24005 1.5412211529367874 0.5553055648563677 0.3877613554361159 -6.348852566599847 4.331715409354306 21.720130086429812 -1.1265183782812862 1
Pedestrian 1341 1 -0.4838340871932037 251.71696 803.6695 360.56995 961.0107 1.5820762134040487 0.5487423876660869 0.9808269025108994 -7.3743985327353325 3.6627982481979977 16.851190097160178 -0.8963442855468118 1
truck 1519 0 -1.47295258553921 1262.775 507.69144 1935.0 1215.0 3.083587526826805 2.6886104777286772 7.90147259012395 4.569075395939611 2.666717374482829 9.389112398551617 -1.0200536258341233 1
bicycle 1333 0 -0.49946287955130103 217.62297 832.3738 405.9016 971.41144 1.1972023209351075 0.4888703398233331 1.8966768104643252 -7.108595375669367 3.604491282697249 16.45369730372769 -0.9072782534343783 1
motor 1336 0 -2.3794154311240487 369.62457 790.2482 790.67975 1102.8708 1.4704096973162277 1.1856527220632311 2.3723464213832814 -2.3772891751360996 2.619285301278663 9.292851404409722 -2.6298633806705247 1
Pedestrian 1337 0 0.7809747842490454 376.17352 795.8834 461.70486 960.7782 1.5928943449092015 0.6682923297141896 0.5275438250442627 -5.695007355697982 3.4374974882753575 15.71900025323057 0.4333838161042962 1
