Pedestrian 1456 1 0.13891616662273282 786.2796 750.0605 883.9927 1030.768 1.8294479159771333 0.7134003790975283 0.5866597557902912 -0.8704040074613408 2.735338750684841 10.451090708695222 0.05582436810859792 1
Pedestrian 1457 1 0.030876425327836778 869.2862 774.2161 957.03424 1022.3795 1.7113494534438007 0.6927278561464366 0.6278721581241031 -0.3461813986971156 2.8518937286370214 11.07627544788023 -0.0003677186054822368 1
Pedestrian 1338 1 2.296060859988881 625.02045 804.65234 680.79 914.0752 1.663154139164399 0.5972202142168035 0.6827508547153233 -5.077302005868856 4.677927967082304 24.636356272491007 -4.190368678211795 1
Pedestrian 1339 2 -1.6139236806691724 819.5639 774.76337 888.2438 976.08514 1.7313492749151453 0.6006713495861179 0.536713901751099 -0.9824920441130452 3.1254688319823227 13.610281909235189 -1.6859861674858618 1
Pedestrian 1340 2 -0.8461100958690352 537.62695 809.7596 589.9333 923.1273 1.5412211529367874 0.5553055648563677 0.48353729351144825 -5.788040892323752 4.2759416826417596 21.782129541966043 -1.1058324684968195 1
Pedestrian 1341 1 -0.42180192907827474 280.69348 802.01154 389.4893 960.6008 1.5820762134040487 0.5487423876660869 0.9808269025108994 -6.979114905993562 3.622478338455462 16.682575544800674 -0.818024440819697 1
truck 1519 1 -1.4906111765760752 1332.1719 491.96262 1935.0 1215.0 3.083587526826805 2.6886104777286772 7.90147259012395 4.89148443785554 2.6306246127304553 9.145978489415665 -0.9994943859369824 1
bicycle 1333 0 -0.43908770671029923 258.95724 831.1408 448.36655 969.17413 1.1972023209351075 0.4888703398233331 1.8966768104643252 -6.632737343391009 3.5788031809495724 16.407184194796287 -0.8232594736164401 1
motor 1336 0 -2.3768418487243133 394.0449 787.8468 825.188 1111.4728 1.4704096973162277 1.1856527220632311 2.3723464213832814 -2.1361622808304035 2.5754295770552518 9.02834028577387 -2.6091755077108134 1
Pedestrian 1337 0 0.7799185909087331 411.19574 794.8491 499.58676 961.77655 1.5928943449092015 0.7075916076696906 0.5275438250442627 -5.266754182789195 3.413574736858564 15.587066164105007 0.4540703317202208 1
