Car 1515 0 1.5620893713401944 1585.0135 790.86163 1759.1626 990.02374 1.9658151675250493 2.009540517674054 4.257372605697204 9.949895186386154 4.561788850385627 21.037732151430397 -4.279317668449901 1
Pedestrian 1516 1 -1.6231469215268994 1804.0176 811.4139 1888.2653 1013.62573 1.8422458172896514 0.6900888336114592 0.8066814455738958 8.917655007773757 3.789544845071519 15.09586400593496 -1.089567785544267 1
Pedestrian 1456 1 0.1935959702791537 494.19858 793.2033 595.11725 1038.6864 1.8294479159771333 0.6766361052305709 0.662114961829581 -3.3322328200214377 3.2214110046248887 12.005239474639009 -0.07715321934997332 1
Pedestrian 1457 1 0.0796088254610848 589.312 807.7081 683.69293 1028.2803 1.7113494534438007 0.6614047774942706 0.7263895909665555 -2.724959873296499 3.2978721948343352 12.60226872997127 -0.13334051705468286 1
Pedestrian 1338 1 2.16769744588699 461.60025 828.5261 509.35446 928.0505 1.663154139164399 0.5972202142168035 0.5733303196886251 -8.531021233200734 5.3645476602092454 26.823318347892126 -4.4234163616806885 1
Pedestrian 1339 1 -1.8232536876745105 594.6632 805.41864 670.8843 994.26465 1.7313492749151453 0.6006713495861179 0.650621061357166 -3.2880625238694514 3.5875187753734563 14.950767118515843 -2.0397334151171256 1
Pedestrian 1340 1 -0.8224414495421305 270.01685 838.5235 329.3297 954.7971 1.5412211529367874 0.5553055648563677 0.5453848673165165 -9.48653942115231 4.655209581301002 21.450729994147707 -1.2388300228331097 1
Pedestrian 1341 1 -0.5653514081588962 15.02203 829.236 131.86186 990.0169 1.5820762134040487 0.5487423876660869 0.9808269025108994 -9.904669827642852 3.9412382466205265 16.704089807604422 -1.1005700624818802 1
Pedestrian 1517 0 2.9353194809231984 1547.1954 827.391 1593.4884 920.49615 1.6982585874724871 0.7504708565576912 0.7096228986366009 12.045825822727938 5.7639184624314 29.592968670858546 -2.9612964464697225 1
ride_other 1518 2 2.832087445016625 1519.4789 855.642 1583.933 923.5831 1.1442937265889208 0.9213328783178462 0.9260649787315438 11.442209310357157 5.695780480703028 29.007952307561215 -3.0753844332692886 1
truck 1519 0 -1.4024437373725627 920.864 589.8179 1578.9469 1215.0 3.083587526826805 2.6886104777286772 7.90147259012395 2.64870233120455 2.9408396386641713 10.24067786335988 -1.1493450972124304 1
bicycle 1333 0 -0.5870138872295106 0.0 857.0641 178.57234 1002.1161 1.1972023209351075 0.4888703398233331 1.8966768104643252 -9.595345336628599 3.888218610190171 16.37415643308302 -1.117079740121999 1
motor 1336 0 -2.3908874802884417 214.00412 815.6274 609.10486 1095.0009 1.4704096973162277 1.1856527220632311 2.3723464213832814 -3.7580566116395593 2.9066934786404564 10.254032620498737 -2.7421813672079156 1
Pedestrian 1337 0 0.7629798087020827 211.79446 825.0334 294.6087 984.2389 1.5928943449092015 0.6289930517586932 0.5275438250442627 -7.7135409827219155 3.825902468208281 16.303831501778557 0.3210729046162284 1
