Car 1515 0 1.5113602810089573 1651.7367 787.137 1840.6371 992.263 1.9658151675250493 2.009540517674054 4.257372605697204 10.562559876307072 4.435112378357993 20.40763389595265 -4.294213432047479 1
Pedestrian 1516 1 -1.635419095684623 1882.6877 813.0506 1935.0 1013.95734 1.8422458172896514 0.681659110138638 0.5540208246140778 9.58530699221307 3.766248323944397 14.884390930632943 -1.0632848058242035 1
Pedestrian 1456 1 0.1808811402340256 545.49023 782.1285 667.614 1032.1642 1.8294479159771333 0.6481200609057798 0.8276115637089496 -2.765908196176161 3.0979363053102373 11.720151238743073 -0.050874435351923264 1
Pedestrian 1457 1 0.06973068781123948 647.218 798.6914 737.9136 1025.5118 1.7113494534438007 0.7629901189539909 0.6841678340340753 -2.2040004090182106 3.1933500367240493 12.336398087162117 -0.10706239306057852 1
Pedestrian 1339 1 -1.5614517589810106 639.801 796.9243 703.77484 987.693 1.7313492749151453 0.6006713495861179 0.650621061357166 -2.825982463576042 3.456341916992611 14.621421049108442 -1.7523744901641438 1
Pedestrian 1341 1 -0.4907050693669204 72.25124 816.3124 187.11649 975.82477 1.5820762134040487 0.5487423876660869 0.9808269025108994 -9.298093983129714 3.7964401100026395 16.739203557777653 -0.9977367597180401 1
truck 1519 0 -1.4228405710416667 999.2243 580.7424 1653.5272 1215.0 3.083587526826805 2.6886104777286772 7.90147259012395 3.101195074898882 2.909696562272359 10.032927105002157 -1.1230546282778036 1
bicycle 1333 0 -0.5260975117098672 45.760067 844.3805 241.26035 986.3179 1.1972023209351075 0.4888703398233331 1.8966768104643252 -8.950555553513384 3.749047878142485 16.449846518836484 -1.024408792374825 1
motor 1336 0 -2.3871949968167785 249.88455 807.1595 650.523 1093.4944 1.4704096973162277 1.1856527220632311 2.3723464213832814 -3.4176966362227703 2.8171661586054966 10.020356428811066 -2.715897113630472 1
Pedestrian 1337 0 0.7655612953927309 254.86421 812.9799 337.392 972.90155 1.5928943449092015 0.6289930517586932 0.5275438250442627 -7.194246706682456 3.677315073599874 16.187865697027718 0.3473555504943162 1
Pedestrian 1338 1 2.181182470967527 480.5663 819.25287 532.2635 922.76434 1.663154139164399 0.5972202142168035 0.6417181540803222 -7.879784461998246 5.0833675045180335 25.919019353528242 -4.397139521538504 1
Pedestrian 1340 1 -0.8224544372114835 312.62717 826.5444 379.43045 944.20703 1.5412211529367874 0.5553055648563677 0.7062546115807989 -8.833368419658619 4.49581818038944 21.483878149088657 -1.2125466021015419 1
