bicycle 1333 1 -0.5228917742815955 606.4007 821.5382 782.9551 957.71063 1.1972023209351075 0.4888703398233331 1.8966768104643252 -2.871118481359454 3.438092362786644 16.245365867104525 -0.6978200144751993 1
bicycle 1335 1 -2.025626894414957 0.0 825.66046 26.339277 947.8996 1.2036174508830444 0.6622380487127388 1.914914173726651 -12.130485026822642 3.723263259173429 18.00338909234024 -2.6185441294830345 1
motor 1336 0 -2.401025698263625 661.21375 768.97595 1162.6066 1166.8163 1.4704096973162277 1.1856527220632311 2.3723464213832814 -0.3040119136052717 2.3226062309650546 7.627356346004578 -2.4408627088577823 1
Pedestrian 1456 1 0.1382978444059321 1173.5657 732.0912 1291.5026 1078.0312 1.8294479159771333 0.7216568031506063 0.5733117905579715 1.5715604686795983 2.4775488347767323 8.609080421165302 0.3188565995337538 1
Pedestrian 1457 1 0.09180762293594319 1286.0763 760.9658 1389.9607 1074.5198 1.7113494534438007 0.6770663168203555 0.5409935476963069 2.2568026626497084 2.560807091565884 8.926635661298675 0.339435545583715 1
Pedestrian 1338 1 2.367332282810716 855.3413 787.9157 914.50275 905.1819 1.663154139164399 0.5972202142168035 0.6827508547153233 -1.1694080656300088 4.211478686111144 22.923771999609883 -3.966821741770571 1
Pedestrian 1339 0 -1.4318001478774127 1106.4047 762.0685 1189.4774 986.0507 1.7313492749151453 0.6006713495861179 0.650621061357166 1.558430066251464 2.907730732944799 12.432673186799951 -1.3071009897460506 1
Pedestrian 1340 1 -0.8916173096361188 866.66974 802.22833 918.32294 916.7003 1.5412211529367874 0.5553055648563677 0.5005014756465718 -0.9943265665626302 4.150064092015252 21.634702441593227 -0.9375447888262045 1
Pedestrian 1341 1 -0.5074949882254735 622.9235 791.8665 728.5391 950.9104 1.5820762134040487 0.5487423876660869 1.0068484872887609 -3.152074986091156 3.4871175017363596 16.52915305963214 -0.6959304442647006 1
bicycle 1342 0 -2.08217895332858 0.0 818.60114 148.72557 952.7029 1.2368534060075895 0.5796256021316336 1.914914173726651 -9.886178301735532 3.485299511426457 16.629414838667792 -2.6185441294830345 1
Pedestrian 1337 0 0.7742364591126618 689.5394 785.161 774.66626 963.28156 1.5928943449092015 0.6289930517586932 0.5275438250442627 -2.222110008633227 3.192770268986035 14.519494210901561 0.6223716034197979 1
