bicycle 1342 1 -2.086779851716326 0.0 828.5215 42.331566 963.7511 1.2368534060075895 0.5796256021316336 1.914914173726651 -10.983804158698806 3.569448057999071 16.44205322521524 -2.6757265210295964 1
motor 1336 0 -2.395182726127589 576.6854 777.8586 1051.0201 1149.5194 1.4704096973162277 1.1856527220632311 2.3723464213832814 -0.834047844874805 2.4180456060787967 8.078759333665948 -2.4980578593306833 1
Pedestrian 1456 0 0.07314059246475087 1045.1625 743.405 1155.4537 1060.3723 1.8294479159771333 0.6597790402559409 0.6351895534526392 0.8739592529982301 2.5957743220431646 9.292214525455272 0.16691757595539136 1
Pedestrian 1457 1 0.09036878104416568 1127.8483 765.7457 1248.3453 1054.737 1.7113494534438007 0.6457432381681882 0.7123156719890611 1.4718415639626277 2.6571594433193715 9.64334224533504 0.24182765272637363 1
Pedestrian 1338 1 2.1644409259286874 783.7654 793.6347 839.9529 908.183 1.663154139164399 0.5972202142168035 0.6827508547153233 -2.3407123745380316 4.3598803697586765 23.45791649106172 -4.218198645884506 1
Pedestrian 1339 0 -1.428003605385143 990.23065 766.40356 1069.2582 981.56226 1.7313492749151453 0.6006713495861179 0.5757123200838344 0.5929182096754197 2.976439004803745 12.819090705406673 -1.3817837952711969 1
Pedestrian 1340 1 -0.8752429358676527 755.42084 804.1194 807.8757 917.78204 1.5412211529367874 0.5553055648563677 0.520131918126769 -2.6187243533204163 4.199535553472138 21.812058720321456 -0.9947295898637678 1
Pedestrian 1341 1 -0.5068091062818538 523.7945 793.6613 631.1481 952.0255 1.5820762134040487 0.6268071419996742 0.9808269025108994 -4.28411570051976 3.5313470418426927 16.708221883064187 -0.7578093356114041 1
Pedestrian 2106 1 -1.3321822061840765 1717.8306 753.8034 1817.7285 983.8775 1.8051710858498287 0.6087135181696891 0.6512839760377855 6.838828587178986 2.936461289751775 12.678554692906495 -0.8375126104422445 1
truck 1519 1 -1.5779664537914346 1763.0303 412.12296 1935.0 1215.0 3.083587526826805 2.6886104777286772 7.90147259012395 6.705939127653873 2.4831857523240375 8.133857929133788 -0.8884952235595791 1
bicycle 1333 1 -0.5063466807032814 488.28674 823.5228 667.89624 960.4927 1.1972023209351075 0.4888703398233331 1.8966768104643252 -4.1485369799923495 3.4723532756610673 16.301502667770404 -0.7555448726903995 1
Pedestrian 1337 0 0.7836636616266115 585.2935 790.42505 672.3569 964.9442 1.5928943449092015 0.6682923297141916 0.5275438250442627 -3.3029609098623305 3.286387905802975 14.876371576324228 0.5651804539330758 1
