bicycle 1333 1 -0.5275049420411493 649.0349 817.86017 825.48535 953.9527 1.1972023209351075 0.4888703398233331 1.8966768104643252 -2.39700891386442 3.383465262573589 16.160182611376356 -0.6747593636890694 1
bicycle 1335 0 -2.0229486980418976 0.0 825.9896 68.6255 948.0465 1.2036174508830444 0.6622380487127388 1.914914173726651 -11.665056390508862 3.7421712604295045 18.09816405829929 -2.5954785904584696 1
bicycle 1334 2 -1.996294156841786 0.0 838.1758 0.0 939.3904 1.0444800933037435 0.5677367870263375 1.8951334646500966 -13.573107724167619 3.887115916613782 19.207864372246505 -2.611464777837873 1
Pedestrian 1456 1 0.12376407103379461 1223.6342 727.8988 1358.5491 1085.6974 1.8294479159771333 0.6798009881044186 0.6537437988203441 1.8452627515348665 2.432362848407495 8.323727866913028 0.3419229801714716 1
Pedestrian 1457 1 0.063640321732509 1356.9508 753.1141 1483.9731 1078.6626 1.7113494534438007 0.7005586258094791 0.6589805726164606 2.6667400310610305 2.491575312582037 8.655784231671827 0.36250034348001914 1
Pedestrian 1338 2 2.364303600258304 886.2159 782.8661 946.1941 901.6956 1.663154139164399 0.5972202142168035 0.6827508547153233 -0.6799230346353288 4.097100926839337 22.588542162802405 -3.9489729716646615 1
Pedestrian 1339 0 -1.4451921484383328 1147.9153 756.2154 1231.8176 983.94885 1.7313492749151453 0.6006713495861179 0.650621061357166 1.8744359668968846 2.839138046527285 12.220316707829133 -1.2929915286086606 1
Pedestrian 1340 1 -0.8980596983392254 913.3552 796.5536 960.1151 910.39197 1.5412211529367874 0.5553055648563677 0.38356864090558057 -0.3536502454888221 4.050261568296243 21.537209127909613 -0.9144786532540061 1
Pedestrian 1341 1 -0.5116757978052571 679.7848 789.0702 776.04755 945.3489 1.5820762134040487 0.5487423876660869 0.9084344732988952 -2.6004968056985747 3.4675901786457235 16.678763257889866 -0.6663471125372523 1
bicycle 1342 0 -2.077369504936907 35.551186 819.9799 184.23062 954.7301 1.2368534060075895 0.5796256021316336 1.914914173726651 -9.479190732680056 3.5032313318148116 16.62859156204568 -2.5954785904584696 1
motor 1336 0 -2.404454578522822 695.65247 770.0419 1210.6545 1182.2023 1.4704096973162277 1.1856527220632311 2.3723464213832814 -0.09911581441206885 2.3109989630980863 7.431033867626816 -2.4177918797761544 1
Pedestrian 1337 0 0.7701934371289829 730.6863 782.747 816.2332 962.4261 1.5928943449092015 0.6289930517586932 0.5275438250442627 -1.8042833071983835 3.1548331506684297 14.387779409842855 0.6454407996974934 1
