bicycle 1333 1 -0.8439716961309149 1227.3833 779.9156 1399.4817 926.58295 1.1972023209351075 0.4888703398233331 1.8966768104643252 3.4403218257425414 2.780078168985562 14.525424077801707 -0.6114088999630655 1
bicycle 1334 0 -1.9710047519792087 341.47528 805.0804 442.2935 903.1832 1.0444800933037435 0.5677367870263375 1.8951334646500966 -7.644892631474444 3.564592384185089 20.035785076428173 -2.3355158914510197 1
bicycle 1335 0 -2.007178342458451 419.39603 791.76685 540.3797 913.0254 1.2036174508830444 0.6622380487127388 1.914914173726651 -5.916905802880601 3.3514395767108622 18.32163880690422 -2.319551637058396 1
motor 1336 1 -2.5811666984258896 1273.1272 713.06036 1935.0 1215.0 1.4704096973162277 1.1856527220632311 2.3723464213832814 2.2995766892171035 1.8361276550271932 4.884913524304426 -2.141191076344634 1
Pedestrian 1337 0 1.3548521282255601 1249.4727 738.5931 1344.9332 952.4888 1.5928943449092015 0.6289930517586932 0.5275438250442627 2.616104694206301 2.5013475553746063 11.683837419760083 -4.7080583586240285 1
Pedestrian 1338 1 2.2149806571509094 1312.9253 746.1718 1392.7202 888.5785 1.663154139164399 0.5972202142168035 0.8195265234986939 4.919236456589879 3.2262541007303085 18.7861946737593 -3.8121009589813255 1
Pedestrian 1340 2 -1.0112634900752564 1515.2057 754.4203 1576.971 883.2322 1.5412211529367874 0.5553055648563677 0.49058959240000444 7.4303478089092385 3.2192096628299742 19.00465356054218 -0.6385612605363149 1
Pedestrian 1341 2 -0.8144366621487764 1209.7284 747.6301 1319.2997 920.2609 1.5820762134040487 0.5487423876660869 0.9808269025108965 3.0301215423098062 2.849222008866443 14.932817330649094 -0.614237935685697 1
Pedestrian 1339 2 -1.6418938359071271 1842.4194 689.21136 1935.0 984.31696 1.7313492749151453 0.6006713495861179 0.4847517056805054 5.830360811666178 2.145885731763176 9.283691692336784 -1.0811244879128603 1
bicycle 1342 0 -2.0671780297854387 510.5796 784.6631 644.8204 922.7693 1.2368534060075895 0.5796256021316336 1.914914173726651 -4.221620945358957 3.081843145564767 16.371005061763963 -2.319551637058396 1
