bicycle 666 1 0.2523498909968901 1454.0865 779.1168 1935.0 1215.0 1.1486442036280862 0.4395994219862642 1.8794283405234737 2.4512433729667156 1.687861549562091 4.422877275819734 0.7584266157977528 1
bicycle 667 1 -1.9251273285944257 54.64752 840.35333 194.08162 996.18066 1.0536274572464737 0.41306313990262544 1.9432834042963194 -7.3390102851093255 3.0507236024901516 13.07471137822804 -2.436614914411242 1
bicycle 668 1 -2.8295556877338535 1416.275 789.67773 1935.0 1215.0 1.1532977037292689 0.5470363017306626 1.6919380830892619 2.199057604070618 1.7063275329732428 4.22475597673113 -2.3496294680521315 1
moped_scooter 669 0 -2.030454366403263 442.58517 719.33563 899.59375 1215.0 1.566692388736458 0.8271146167368261 2.104455398789348 -1.1851384209576508 1.9923464964657238 5.657468576047313 -2.2369504875931305 1
Pedestrian 670 1 -1.7296702964908144 148.13048 783.068 239.33466 988.31696 1.565615726981215 0.5989616658980969 0.5059783171022346 -6.352651117343784 2.9148938927327244 12.37586429842606 -2.203908877620166 1
Pedestrian 672 2 -2.097135238418912 566.2804 748.09265 670.91455 991.55084 1.5360526508739665 0.5225900816415032 0.47787689496075175 -2.3246490184303377 2.4009252823199865 10.145591160834426 -2.3223762171376485 1
rider 673 1 -0.456185831493091 550.9281 727.43243 790.4941 1170.39 1.427697808288951 0.889515764183834 0.5386665865435258 -1.0987460106473135 1.845494279245563 5.576432418840347 -0.6507277146807466 1
Pedestrian 674 0 -1.7238348157915029 55.12948 789.49835 152.7139 1000.49243 1.6152497232147878 0.6283988567513357 0.5785215313647049 -7.183894965770466 3.0407512928817924 12.529087533857078 -2.2444487734539718 1
Pedestrian 675 0 1.7362078293544823 1477.2655 621.4341 1782.0831 1215.0 1.7054220916161777 0.6731020737210868 0.42126208181299096 1.759996953469668 1.697137969034581 3.9401610913308045 -4.126886667293783 1
Pedestrian 676 0 2.480669762607309 18.629114 812.2495 79.67119 944.7335 1.4482952323563056 0.5590152419112724 0.3297912487255903 -10.561373472323446 3.6496006281886366 17.317727245854584 -4.350152859185177 1
bicycle 768 1 -1.8252279935127729 0.0 834.83624 13.304349 942.19055 1.1144565826467947 0.31765909974352247 1.7284090320805379 -12.466448654269618 3.8723058557147665 18.94794776711257 -2.407158656978608 1
bicycle 677 2 -1.807039034381813 0.0 833.19165 28.453697 939.11646 1.106527758416216 0.2540603609286559 1.750398717759042 -12.287631581556829 3.857614360937542 19.055541712709463 -2.3797729463538366 1
Pedestrian 671 1 -2.863832859001887 109.82214 790.40295 191.056 974.9712 1.5181309296097523 0.60508238213651 0.4862964765888348 -7.187070898462626 3.02560350566951 13.27298007870116 -3.3601123069887247 1
