bicycle 1585 1 -2.2028357349280565 0.0 811.4495 128.3617 1159.1627 1.2447544949863658 0.6600332542943198 1.800300341910951 -4.647171519070386 2.142691938168118 6.597876217056876 -2.8164708849859226 1
bicycle 667 1 -1.9461696103018518 750.981 836.9491 882.1484 1007.0362 1.0536274572464737 0.41306313990262544 1.9432834042963194 -1.2542463240115347 2.9780425958826653 12.612944004430176 -2.045284967790082 1
bicycle 769 2 -1.272709980926986 540.79456 845.80524 621.06854 942.6434 1.21143989594664 0.7261900631617972 1.8954322568368918 -6.097857125744696 4.910166699980562 24.07423500347035 -1.520786384307972 1
moped_scooter 669 1 -2.2748336761532033 1214.5509 678.6785 1935.0 1215.0 1.566692388736458 0.8271146167368261 2.104455398789348 1.4435980177281222 1.7310169039928376 3.441182116243441 -1.877625319915281 1
Pedestrian 670 1 -1.7560284635264332 833.2717 780.06866 921.11176 995.72906 1.565615726981215 0.5989616658980969 0.5059783171022346 -0.65902145749579 2.8053564837533034 11.630586223842398 -1.8126307275822875 1
Pedestrian 773 0 -1.6011142849719882 406.59808 841.12085 427.85532 904.8613 1.6261055004231457 0.5310614622479525 0.610837350692052 -14.962561473857079 7.6275231865417865 41.125350350798726 -1.950054694800961 1
Pedestrian 672 1 -2.188013601827293 1288.3602 710.08856 1422.4005 1011.7526 1.5360526508739665 0.5225900816415032 0.47787689496075175 2.1310683157318424 2.015975406190272 8.108843280975993 -1.9310172138532198 1
rider 693 1 -1.658382879261885 437.1942 782.20166 540.5369 997.44586 1.5695605205395557 0.7331674434164217 0.8392092358583529 -3.864061362335985 2.908970633958094 12.205238741562383 -1.9649898773696832 1
Car 1343 1 -1.4859224940033853 0.0 791.6988 255.93272 1123.6066 1.4545011685038651 1.751076409751192 4.057169542682966 -6.177653903571415 2.9259060415008378 10.982844797500103 -1.9982983771889584 1
Car 778 2 -1.5248953428509782 211.97441 841.2012 290.73865 918.88184 1.5721580697176283 1.9186952664210923 3.7092720216965875 -20.803068824590895 8.228399602172551 43.938016348096426 -1.9670896925570973 1
Car 779 1 -1.5125102607397682 216.30212 843.4906 296.95544 931.0792 1.5597989676108444 1.6467682517565772 3.3417055989045235 -17.741372129364617 7.350535750118167 37.75888581086323 -1.9517560827562455 1
bicycle 787 2 -3.1092003651396274 142.51968 855.6836 285.65735 956.1986 1.3343922126605388 0.7264574627829525 2.033726011374651 -11.991866282020805 5.165216668143216 24.069222928062008 -3.5714262235561143 1
bicycle_rack 789 2 3.0592847004897985 165.64401 862.2696 288.56357 943.7956 1.2378300355366851 1.0149544321895574 2.0879292690147726 -14.395879228269541 6.0478160846319415 29.332115123643497 -3.6801522944620753 1
bicycle_rack 790 2 -3.1015458353223613 102.27994 846.5747 280.95294 970.08594 1.3343922126605388 2.0792604446429257 2.314984012764795 -11.611761045563716 4.913440417426239 22.715581400389272 -3.5740977436144834 1
bicycle_rack 791 2 -3.0250182601674984 186.77559 858.0446 307.99734 942.48706 1.2407078398349314 2.477351434550558 2.046138715121586 -15.103918048287733 6.427523160315516 31.767622161568287 -3.468833745861948 1
bicycle_rack 771 2 -1.694413267437043 520.0964 841.17725 585.3691 917.0439 1.2475195850785963 1.1171988906414905 1.9680719566198666 -8.78835563960139 6.054387879979829 32.11427980914869 -1.961532158868474 1
bicycle_rack 793 2 -3.1016689834728175 119.83375 854.2812 279.62973 957.01196 1.3343922126605388 1.0995690717598707 2.314984012764795 -12.573099777096298 5.2876346305814526 24.791221581549564 -3.5710276537321435 1
Pedestrian 774 2 1.491828004250971 468.65372 831.87714 495.58438 895.1813 1.706624298777562 0.6979841912620884 0.6655051708609292 -13.982644325761859 7.8069975295956064 43.63580093021355 1.1817262251934797 1
Pedestrian 775 0 2.0617814880191423 530.74384 834.87103 601.468 948.00696 1.4697122023531037 0.7778860522998386 0.6042755771507318 -5.606443664396986 4.505190216277091 21.2353066458944 -4.479529142195059 1
Pedestrian 674 0 -1.7364528956627854 743.78375 788.7968 829.5343 1004.6569 1.6152497232147878 0.6018316425716712 0.5785215313647049 -1.4185186599401247 2.981158150809538 12.101209235532876 -1.8531416063909596 1
ride_other 776 2 1.5094023948850341 471.95322 854.87396 498.43536 896.6127 1.0214697053690922 0.6727828827115757 0.8839165116320448 -13.695616425736805 7.718203836009619 43.012930506753484 1.2011451835566298 1
Cyclist 691 0 -1.6547417664810724 430.18228 778.22235 543.8001 1035.3519 1.7273270350332612 0.7283275766165394 1.9112524198431236 -3.9251585450037023 3.0919382574008583 12.287497974733807 -1.9639396139860916 1
Pedestrian 676 0 2.473782639798095 709.86017 812.26215 761.4323 943.1842 1.4482952323563056 0.5590152419112724 0.3297912487255903 -2.6786537971867124 3.7107312674256185 17.746230878474954 -3.9592138809165225 1
bicycle 768 0 -1.8210596004062076 639.02325 841.57635 695.26917 947.9816 1.1144565826467947 0.31765909974352247 1.7284090320805379 -3.9404018984899234 4.130383625817168 19.96671059971604 -2.0159044187578448 1
bicycle 677 1 -1.807605484768141 663.6853 840.1933 713.6619 945.5798 1.106527758416216 0.2540603609286559 1.750398717759042 -3.6640983965033977 4.113124980396558 20.032521542160072 -1.9885132402378396 1
Pedestrian 800 2 3.076469217163349 194.55092 816.9218 244.62126 988.58716 1.709191942379389 0.6091293927338207 0.4442477197916259 -7.989085006574948 3.8250821530007793 16.103330105927018 -3.667249944374568 1
Pedestrian 801 1 -2.0134544569080637 171.95184 803.3439 265.103 996.83185 1.8494164906168409 0.7395331219064548 0.462212732077107 -7.707187469856898 3.7539312941884795 15.527160907914826 -2.474192332723121 1
Pedestrian 671 1 -2.8848850678777693 797.86584 787.86456 871.3015 979.6168 1.5181309296097523 0.60508238213651 0.4862964765888348 -1.0744429698536195 2.9453872533064533 12.757286009877408 -2.9689086813082355 1
rider 673 2 -0.7170623364692855 1401.5751 677.7544 1892.3071 1215.0 1.427697808288951 0.889515764183834 0.5386665865435258 1.4727567186944603 1.5634315512359935 3.3355255089297877 -0.3012687937672609 1
