bicycle 667 1 -1.9559495469277286 892.2816 833.88855 1030.1307 1011.82385 1.0536274572464737 0.41306313990262544 1.9432834042963194 -0.038381591255584865 2.885270133193961 12.12900901966084 -1.959113982132617 1
bicycle 769 2 -1.2733769071382262 676.903 846.2068 756.0897 944.17365 1.21143989594664 0.7261900631617972 1.8954322568368918 -3.8958537292062303 4.90136167211457 23.945769756434064 -1.4346586555656307 1
moped_scooter 669 2 -2.3945993950597697 1474.8315 646.0164 1935.0 1215.0 1.566692388736458 0.8271146167368261 2.104455398789348 1.9053708932526534 1.6215414051790518 2.7664508684994167 -1.7914691664931568 1
Pedestrian 670 1 -1.768035052444124 977.96716 777.9663 1070.6559 1003.2993 1.565615726981215 0.5989616658980969 0.5059783171022346 0.46115481551142923 2.7310328059297646 11.089538127306012 -1.7264743252988153 1
Pedestrian 676 0 2.467395790106271 849.4069 814.60596 901.7653 948.8187 1.4482952323563056 0.5590152419112724 0.3297912487255903 -0.9961203448776857 3.690278292181992 17.35522021837815 -3.8731226219864285 1
Pedestrian 773 0 -1.6002015102104776 547.1208 845.49677 568.01227 908.88184 1.6261055004231457 0.5430277921665352 0.771513269764058 -11.321105787662708 7.8773449341350235 41.92982862705151 -1.863914501871622 1
Pedestrian 672 1 -2.2247657361036652 1488.612 701.1365 1631.5916 1034.4097 1.5360526508739665 0.45185010952623794 0.47787689496075175 2.9218578600993665 1.9239237858597447 7.31697692466631 -1.8448406778624808 1
Car 1343 1 -1.477374918061789 65.63108 794.2564 400.3389 1130.3289 1.4545011685038651 1.751076409751192 4.057169542682966 -5.061025115209167 2.9384681589829102 10.898935426466355 -1.9121059011319905 1
Car 778 2 -1.5220126598045651 361.12643 842.6078 435.82327 918.3411 1.5721580697176283 1.9186952664210923 3.7092720216965875 -16.861563341495582 8.414494686834907 44.94126842990326 -1.8809508476466477 1
Car 779 1 -1.511818838282045 368.99744 843.377 445.26938 928.758 1.5597989676108444 1.6467682517565772 3.3417055989045235 -14.243153062900182 7.462468737702834 38.56483775708099 -1.8656093421089595 1
Car 772 1 1.9298668202608393 0.0 861.5616 0.0 955.3421 1.5894888381332413 1.8819954238331429 3.986029419541032 -26.905349340001827 8.014787003456064 38.4363152225067 1.3191421011253142 1
bicycle 1585 1 -2.1837460582909105 0.0 813.28564 270.13 1183.6819 1.2447544949863658 0.6600332542943198 1.800300341910951 -3.8706660597113838 2.12960901766782 6.361777826387882 -2.7303375516505777 1
bicycle 787 2 -3.107138470531594 297.41553 861.08014 433.2662 958.7537 1.3343922126605388 0.7264574627829525 2.033726011374651 -9.704306920772673 5.30027488872389 24.426481513751735 -3.4853032804106308 1
bicycle_rack 789 2 3.0607075809387934 320.47278 863.8517 436.66034 942.81433 1.2378300355366851 1.0149544321895574 2.0879292690147726 -11.642895715715033 6.158194823976657 29.880566296507922 -3.594028026021207 1
bicycle_rack 790 2 -3.096266615264059 253.6271 853.37335 423.55728 974.48047 1.3343922126605388 2.0792604446429257 2.314984012764795 -9.50879713476993 5.060939209591837 23.020766112188973 -3.4879747120790316 1
bicycle_rack 791 2 -3.02022169602974 333.7796 859.67444 449.3141 941.7459 1.2407078398349314 2.477351434550558 2.046138715121586 -12.262422242861808 6.544162676105518 32.33427675916546 -3.3827036542418956 1
bicycle_rack 792 2 3.1164215646158473 212.19637 845.39484 422.22296 1011.3886 1.2901382584007612 2.5347265825748178 2.101874624574989 -7.51543277825315 4.096267302634548 17.44078140234787 -3.5736307855495686 1
bicycle_rack 771 2 -1.6965001327244988 659.5804 841.41516 723.6188 916.87634 1.2475195850785963 1.1171988906414905 1.9680719566198666 -5.819002415896978 6.0664839138035624 32.17765502281051 -1.8754064477640011 1
bicycle_rack 793 2 -3.099537835407909 276.2759 857.5996 427.5951 957.1314 1.3343922126605388 1.0995690717598707 2.314984012764795 -10.221959903290253 5.396717949507579 25.199195756700387 -3.484902194624084 1
Pedestrian 774 2 1.489561144170854 611.1532 833.9041 637.3805 896.77466 1.706624298777562 0.6979841912620884 0.6655051708609292 -9.876794793996067 7.889909886603714 43.82015019467674 1.2678718084963791 1
Pedestrian 775 0 1.9617964615672046 681.99396 822.1843 739.74457 951.8023 1.6924017271605183 0.596950813393819 0.6599479583525878 -3.5275055028162363 4.526769618087977 21.09651699774087 -4.487064137425348 1
Pedestrian 674 0 -1.7480424587931844 889.1635 777.2294 978.4667 1000.3723 1.6152497232147878 0.6018316425716729 0.5785215313647049 -0.22034232889014557 2.8353010435977692 11.63496904386938 -1.766978133837117 1
ride_other 776 2 1.5066221213934727 615.0761 857.0851 640.9093 898.5295 1.0214697053690922 0.6727828827115757 0.8839165116320448 -9.627167796417984 7.807021137239717 43.185528780043775 1.2872828239263674 1
Cyclist 691 0 -1.6462324788953102 560.9547 785.8482 662.59106 1024.8329 1.7273270350332612 0.7283275766165394 1.9112524198431236 -3.1133334081268282 3.2584376284548084 13.205143197666617 -1.877770916820144 1
rider 693 1 -1.6493833817717949 565.6771 792.8799 659.8829 994.6371 1.5695605205395557 0.7331674434164217 0.8392092358583529 -3.0375630673506793 3.0867790619657143 12.995932473184437 -1.8789932017900843 1
bicycle 768 0 -1.8293969985184835 783.154 839.6587 840.4137 947.9134 1.1144565826467947 0.31765909974352247 1.7284090320805379 -1.9828748751108154 4.0666436565689565 19.692197685545075 -1.9297521654054621 1
bicycle 677 1 -1.812431181459127 802.0358 840.2711 852.83777 948.00745 1.106527758416216 0.2540603609286559 1.750398717759042 -1.7765959919551577 4.069162088668554 19.70232712660365 -1.9023598577579772 1
Pedestrian 800 2 3.0808359812403054 342.38748 824.7035 390.33755 996.29486 1.709191942379389 0.6091293927338207 0.4442477197916259 -6.418853228267108 3.9135178733284164 16.12824212621583 -3.581120360438415 1
Pedestrian 801 1 -2.006019391062707 315.25134 805.2086 405.04498 998.50214 1.8494164906168409 0.7395331219064548 0.462212732077107 -6.240926873111166 3.774022811192041 15.534420306292954 -2.3880320099129633 1
Pedestrian 671 1 -2.892847938130408 937.83734 789.06335 1013.46625 989.367 1.5181309296097523 0.60508238213651 0.4862964765888348 0.12380558154509576 2.904080705471031 12.27049074934212 -2.8827585795945994 1
rider 673 2 -0.8611814684337623 1729.5358 647.48254 1935.0 1215.0 1.427697808288951 0.889515764183834 0.5386665865435258 1.918272163445449 1.4752429469911252 2.652724831249232 -0.23509829677122918 1
