bicycle 667 1 -1.9669361800120453 1063.9485 836.69604 1216.6901 1031.8595 1.0536274572464737 0.41306313990262544 1.9432834042963194 1.297971084184363 2.78230276292643 11.214939244300062 -1.8517129195158364 1
bicycle 769 2 -1.2758324447488474 842.88635 843.4249 922.7087 943.9838 1.21143989594664 0.7261900631617972 1.8954322568368918 -1.2057776863672403 4.778210110953381 23.401331140052154 -1.327312947714403 1
Pedestrian 775 0 1.9668410032110666 832.3701 817.98584 899.78015 946.1983 1.6088931553577375 0.7198146788008182 0.669727333099459 -1.300966723265994 4.312796772335157 20.50750914960171 -4.379697960945073 1
Pedestrian 670 1 -1.7913295828738975 1170.5604 776.24475 1274.7383 1021.72925 1.565615726981215 0.5989616658980969 0.5059783171022346 1.7629413015804263 2.6182789899650922 10.134151898125612 -1.619092784883454 1
Pedestrian 676 0 2.4560672005255757 1025.621 815.79407 1080.9435 957.31354 1.4482952323563056 0.5590152419112724 0.3297912487255903 1.0127316152782877 3.5957272807022953 16.49950311881809 -3.7658154921841454 1
Pedestrian 773 0 -1.598716266112747 712.82965 838.8296 733.7821 899.7606 1.6261055004231457 0.5727906383134584 0.5441742483456851 -6.761132482776436 7.748880110375325 42.47996785486834 -1.7565528658989595 1
Car 1343 1 -1.4666255314161436 231.1922 789.41064 570.1019 1133.9683 1.4545011685038651 1.751076409751192 4.057169542682966 -3.7149227869094363 2.856411310198202 10.567357096636304 -1.804677867756386 1
Car 778 2 -1.5177535295319184 532.63873 838.35925 604.40546 911.99255 1.5721580697176283 1.9186952664210923 3.7092720216965875 -11.92572256418317 8.366991777523447 45.59298936907739 -1.7735908810365484 1
Car 779 1 -1.5045510849865718 534.8984 840.2078 608.7784 923.5272 1.5597989676108444 1.6467682517565772 3.3417055989045235 -10.129479527552558 7.443180654563397 39.06855677750731 -1.7582394380170758 1
Car 772 1 1.935060545762699 56.616375 851.5236 191.511 938.424 1.5894888381332413 1.8819954238331429 3.986029419541032 -22.55235397025012 8.03940887248233 40.454056650451584 1.4264921776735489 1
bicycle 1585 1 -2.151657438036671 0.0 801.98425 424.0159 1212.0381 1.2447544949863658 0.6600332542943198 1.800300341910951 -3.0095902693393044 2.0308249036723005 5.905374085962657 -2.6229839685587804 1
bicycle 783 2 -1.7071896077483664 865.32025 851.6789 904.73755 934.03455 1.1982483782076923 0.4943556835571276 1.7416676069913486 -1.4191294407985522 5.5243893755654465 27.626088007908294 -1.758513673259202 1
bicycle 784 2 -1.6986253388328219 851.23315 846.9 893.1157 924.15137 1.1982483782076923 0.6027523386731132 1.7416676069913486 -1.7597410038614436 5.690431628690709 29.348564809192307 -1.7585136732592017 1
bicycle 798 2 -3.05548998720792 543.3328 860.3015 619.695 921.37427 1.24283213200636 0.6289365485090168 1.649226036703164 -8.697734851831955 6.711244271725718 34.29580157578595 -3.3038627601224926 1
bicycle 787 2 -3.0978061660271092 463.63757 851.2469 595.1727 946.19434 1.3343922126605388 0.7264574627829525 2.033726011374651 -7.028299614593689 5.121193815755793 24.427609608428508 -3.3779587185220374 1
bicycle_rack 789 2 3.0611845401962365 500.50662 862.4976 611.8274 939.2237 1.2378300355366851 1.0149544321895574 2.0879292690147726 -8.15900262756877 6.152501078435684 30.1023033501094 -3.48668398314529 1
bicycle_rack 790 2 -3.0893876559297335 426.10556 846.8408 590.6809 964.81085 1.3343922126605388 2.0792604446429257 2.314984012764795 -6.904104278805541 4.9431299347027 23.03161315172017 -3.3806301453457976 1
bicycle_rack 791 2 -3.01444759815678 503.88782 856.5204 615.4331 936.20154 1.2407078398349314 2.477351434550558 2.046138715121586 -8.69861259589946 6.49812793954291 32.580151744903176 -3.275352918167057 1
bicycle_rack 792 2 3.126618870594566 379.451 841.8145 585.34753 1007.2339 1.2901382584007612 2.5347265825748178 2.101874624574989 -5.513717355474343 4.0121198718235105 17.229330521297452 -3.4662868389323624 1
bicycle_rack 771 2 -1.6973387593091838 824.037 839.01276 888.36163 915.0963 1.2475195850785963 1.1171988906414905 1.9680719566198666 -2.2416358305634376 5.931838729699111 31.64253675800356 -1.768063085197759 1
bicycle_rack 793 2 -3.0933363278340997 449.10886 848.8537 595.0499 945.13727 1.3343922126605388 1.0995690717598707 2.314984012764795 -7.383949674814665 5.240300890224685 25.276394752099055 -3.3775558053083197 1
bicycle_rack 794 1 0.3254247498833417 0.0 844.5786 137.5845 974.6991 1.3731463756058262 7.946564100062897 1.795806947283052 -20.734448029237758 6.908687129568028 33.609246691786275 -0.22734810801015648 1
Pedestrian 774 2 1.4952589169080688 767.9904 828.07947 794.00836 891.4394 1.706624298777562 0.6979841912620884 0.6655051708609292 -5.210285231694177 7.630100518437013 43.2036548426298 1.3752402737389975 1
Pedestrian 674 0 -1.7677997925427948 1076.581 776.8826 1173.2452 1017.4984 1.6152497232147878 0.5885480354818439 0.5785215313647049 1.1678675332502315 2.7397450103510548 10.750224517023828 -1.6595875929586656 1
ride_other 776 2 1.5136659796244079 769.7501 851.5452 795.33484 893.2275 1.0214697053690922 0.6727828827115757 0.8839165116320448 -5.084403470992485 7.539854439062469 42.515278324788966 1.3946412220151392 1
Cyclist 691 0 -1.6382726608543765 718.9227 789.4294 811.1009 1012.87024 1.7273270350332612 0.7283275766165394 1.9112524198431236 -1.87124599413295 3.3847384608155826 14.055561756357202 -1.7706264375012248 1
rider 693 1 -1.6390103189666372 720.28973 795.94214 805.3764 981.972 1.5695605205395557 0.7331674434164217 0.8392092358583529 -1.86631521143001 3.225346501989571 13.992351665229652 -1.7716087801055571 1
bicycle 768 0 -1.8362713229948444 953.22034 846.8791 1013.4289 960.8607 1.1144565826467947 0.31765909974352247 1.7284090320805379 0.2628318813016429 4.051908626730573 18.91265638918704 -1.8223750750239907 1
bicycle 677 1 -1.817020670837373 968.78815 846.3705 1022.00165 959.53235 1.106527758416216 0.2540603609286559 1.750398717759042 0.4178269602964572 4.044299173148308 18.95525341360193 -1.794981434594268 1
Pedestrian 800 2 3.088202559587569 510.20374 815.521 556.8378 989.02094 1.709191942379389 0.6091293927338207 0.4442477197916259 -4.546812101871358 3.77988817881631 15.88442731562371 -3.473771497217397 1
Pedestrian 801 1 -2.0016660528794854 488.69543 798.8916 576.72833 994.6401 1.8494164906168409 0.7395331219064548 0.462212732077107 -4.37843376073586 3.676278449730951 15.285358331670368 -2.2806423139507257 1
Pedestrian 671 1 -2.9118634003068773 1116.705 787.3174 1215.096 1008.20557 1.5181309296097523 0.60508238213651 0.6111456221421206 1.544555754794934 2.782151554337031 11.24636442946713 -2.775379012175556 1
