bicycle 667 1 -2.024007860281664 1296.1399 831.6049 1505.5334 1074.3696 1.0536274572464737 0.41306313990262544 1.9432834042963194 2.6319602122793913 2.458878652093065 9.173789718396652 -1.744612324373387 1
bicycle 769 2 -1.2787662717924604 1004.27026 832.4356 1090.3883 940.81757 1.21143989594664 0.7261900631617972 1.8954322568368918 1.265974035143357 4.352216003920368 21.616721985229972 -1.2202685191017808 1
bicycle_rack 794 1 0.3503298450701652 76.35649 833.2072 298.02692 958.5885 1.3731463756058262 7.946564100062897 1.795806947283052 -17.244613198038913 6.659098925297572 33.89558195648671 -0.12029876435304154 1
bicycle_rack 1586 1 0.4543878674490395 0.0 842.286 143.19382 984.4938 1.3731463756058262 5.384358862929371 1.795806947283052 -16.1748045354489 5.510853744203603 25.691106087946544 -0.10750367200063304 1
Pedestrian 670 1 -1.8625137974852597 1439.7211 760.3304 1581.0027 1068.141 1.565615726981215 0.5989616658980969 0.5059783171022346 2.9665447097701003 2.3249351524238144 8.114265947288915 -1.5120129434867227 1
rider 693 1 -1.6232408095526243 862.8167 793.3234 938.04535 959.9609 1.5695605205395557 0.7331674434164217 0.8392092358583529 -0.6382824723065261 3.3607347331363293 15.451771641337396 -1.6645253828010274 1
Car 1343 0 -1.424622395691502 281.0185 773.29956 704.6019 1180.174 1.4545011685038651 1.751076409751192 4.057169542682966 -2.5241714600820444 2.560053219272181 9.017698453228478 -1.6975504664038517 1
Car 778 2 -1.5140345695414619 693.97424 823.14874 765.79034 895.8006 1.5721580697176283 1.9186952664210923 3.7092720216965875 -6.896901961714648 7.778120426140269 44.87522361824797 -1.6665319789294424 1
Car 779 1 -1.4952396956747522 686.6382 825.44415 762.2638 908.9131 1.5597989676108444 1.6467682517565772 3.3417055989045235 -5.973623474115122 6.887747867240725 37.9984242404079 -1.6511706269568653 1
Car 781 1 1.8328268688873746 296.91855 829.565 393.97806 900.5719 1.5756314927572008 1.8819954238331429 3.7870824018710985 -19.16534832627375 8.240191955201386 46.69860243738429 1.4433828164172935 1
Car 772 1 1.9584406480495518 215.72879 830.6912 346.99832 913.664 1.5894888381332413 1.8819954238331429 3.986029419541032 -18.42807041488466 7.473129632447237 40.72842705810555 1.533541109246622 1
bicycle 1585 1 -2.034760301446833 0.0 780.2718 468.6941 1215.0 1.2447544949863658 0.6600332542943198 1.800300341910951 -2.268578020782205 1.7787653935287626 4.3451088109615865 -2.515930600054198 1
bicycle 783 2 -1.7077729543744449 1025.2297 831.5545 1067.259 917.67737 1.1982483782076923 0.4943556835571276 1.7416676069913486 1.4628934094273693 4.907811364456968 25.956036282917903 -1.6514720854928646 1
bicycle 784 2 -1.699252311130552 1011.24225 827.3926 1055.6731 907.7548 1.1982483782076923 0.6027523386731132 1.7416676069913486 1.3239166449016735 5.06812966238729 27.687374753736645 -1.6514720854928646 1
bicycle 798 2 -3.0403460287037443 686.19495 846.6003 763.6787 907.853 1.24283213200636 0.6289365485090168 1.649226036703164 -5.254079193257779 6.233669226921551 33.305335849369264 -3.1968114458642303 1
bicycle 786 2 -3.025846860877645 655.04126 849.1974 750.0765 916.864 1.24283213200636 0.5573903012752989 1.8246846906334704 -5.175098675490165 5.787919849539115 29.974508209022957 -3.1968114458642303 1
bicycle 787 2 -3.0846412858542624 610.132 838.5673 745.8907 935.5435 1.3343922126605388 0.7264574627829525 2.033726011374651 -4.378535142191238 4.7242606733620764 23.234085616825674 -3.2709097940153167 1
bicycle 797 2 3.0902367527024697 623.8185 853.61475 728.3194 936.05695 1.2060007122783196 0.6793701732284699 1.7084788053240019 -4.842158520989093 5.167126189189409 25.366674851404543 -3.3815660783965273 1
bicycle_rack 789 2 3.0779697371765424 641.98755 847.8301 754.4732 924.99036 1.2378300355366851 1.0149544321895574 2.0879292690147726 -5.110594932540614 5.671518477862017 29.002366163131196 -3.3796379821796494 1
bicycle_rack 790 2 -3.0737463564114145 567.6322 832.5621 739.7855 953.2727 1.3343922126605388 2.0792604446429257 2.314984012764795 -4.412222017286384 4.52374988835731 21.784637285349564 -3.273581332649084 1
bicycle_rack 791 2 -3.001936277763372 650.67755 841.54126 765.04297 921.07367 1.2407078398349314 2.477351434550558 2.046138715121586 -5.287628037629085 5.985875913019649 31.489597273682044 -3.1683009190255946 1
bicycle_rack 792 2 -3.1332115786495245 504.46667 826.4085 724.6523 1001.0548 1.2901382584007612 2.5347265825748178 2.101874624574989 -3.654265296305385 3.6287530672464383 15.890976721267904 -3.359240558864591 1
bicycle_rack 771 2 -1.6931319171630173 976.6401 824.9691 1044.0726 903.70465 1.2475195850785963 1.1171988906414905 1.9680719566198666 0.9624339629629466 5.393832933002464 29.96170488070321 -1.661020822406869 1
bicycle_rack 770 2 -3.1254865434893486 521.4335 834.87555 708.08075 972.7809 1.2659104739963478 1.6601298275037162 2.0765198732444836 -4.116216842103954 3.921907446672217 17.887603571655088 -3.3516647320567956 1
bicycle_rack 793 2 -3.080511753118749 596.3747 836.5592 746.6455 934.2985 1.3343922126605388 1.0995690717598707 2.314984012764795 -4.638035059311614 4.846046468126945 24.116939309374388 -3.270506523345814 1
Pedestrian 774 1 1.4989115734298546 922.837 815.98157 950.24506 882.8482 1.706624298777562 0.6979841912620884 0.6655051708609292 -0.6742065628157344 6.9408419798302905 40.601573075764165 1.4823076698527697 1
Pedestrian 775 0 1.6400265079840395 999.8377 815.36395 1052.5146 957.82587 1.6088931553577377 0.596950813393819 0.6118299790773826 0.7915792894770532 3.960903816604357 18.129336040527477 -4.599523619875279 1
Pedestrian 674 0 -1.8187243960797197 1315.6627 755.1862 1426.2257 1050.3972 1.6152497232147878 0.49556278585303304 0.5785215313647049 2.382163292656896 2.4019085113224605 8.735504438407526 -1.5524986659324223 1
Pedestrian 773 1 -1.5893983871691457 859.66077 824.7831 883.0683 886.39087 1.6261055004231457 0.6413675673710052 0.5441742483456851 -2.508475240094516 7.23840213952176 41.69230369519104 -1.6494923298642086 1
ride_other 776 0 1.5150115822644066 927.99286 840.2491 955.0138 884.04 1.0214697053690922 0.6727828827115757 0.8839165116320448 -0.5313912383574545 6.835874877208469 39.91261187816942 1.501698501042235 1
Cyclist 691 0 -1.6218807213944553 861.47614 788.24884 941.0928 987.5241 1.7273270350332612 0.7283275766165394 1.9112524198431236 -0.6487249348245638 3.5349570746216967 15.56330859109738 -1.663539576183529 1
Pedestrian 676 0 2.437739685204884 1211.9272 803.0922 1276.1464 963.6609 1.4482952323563056 0.5590152419112724 0.3297912487255903 2.7445397943266467 3.218736140324636 14.533503235874687 -3.658801300948341 1
bicycle 768 0 -1.8469326566288224 1126.2714 832.4654 1195.6858 959.0518 1.1144565826467947 0.31765909974352247 1.7284090320805379 2.2406846936138733 3.585319466947685 16.923672546431312 -1.715298821448226 1
bicycle 677 1 -1.831623177224284 1148.1373 833.8861 1210.3826 959.8083 1.106527758416216 0.2540603609286559 1.750398717759042 2.454369728609734 3.6001853020592014 16.95979003599164 -1.687903950996438 1
Pedestrian 800 2 3.1059853976188174 650.05914 800.6183 699.605 992.3141 1.709191942379389 0.6091293927338207 0.4442477197916259 -2.746071866391736 3.4320200181961864 14.315501420094776 -3.3667227322902606 1
Pedestrian 801 1 -1.9808677848304896 621.9416 782.9503 716.9291 998.22284 1.8494164906168409 0.7395331219064548 0.462212732077107 -2.6992593087487595 3.3538994325126437 13.835016892928394 -2.1735507055958903 1
Pedestrian 671 1 -2.965587251723619 1365.0792 770.03265 1472.0981 1039.4614 1.5181309296097523 0.60508238213651 0.5342873567456342 2.8305062542946646 2.4527147975997483 9.238771143935317 -2.6682943458317196 1
