bicycle 667 1 -2.0150098909641727 1279.0308 833.7555 1479.0923 1069.1002 1.0536274572464737 0.41306313990262544 1.9432834042963194 2.578590187890132 2.512127199751596 9.450240627813292 -1.7486345507541226 1
bicycle 769 2 -1.2779055657573253 997.3871 833.1543 1082.6776 940.41986 1.21143989594664 0.7261900631617972 1.8954322568368918 1.1723539100169318 4.394790758442591 21.84440781711165 -1.2242886269912943 1
bicycle_rack 794 1 0.34654106884303243 77.04107 839.03564 296.76898 965.6063 1.3731463756058262 7.946564100062897 1.795806947283052 -17.305371184364414 6.821541080112983 33.995520346383124 -0.12431916892382411 1
bicycle_rack 1586 1 0.4508634052543363 0.0 848.5163 141.12718 991.40234 1.3731463756058262 5.384358862929371 1.795806947283052 -16.282701895216288 5.651172164755188 25.834056229574255 -0.11152411551257058 1
Pedestrian 670 1 -1.8537273267344443 1420.3069 762.19214 1556.9009 1062.1208 1.565615726981215 0.5989616658980969 0.5059783171022346 2.9220612788740445 2.3543001167050943 8.321564313612884 -1.5160343700534058 1
Pedestrian 671 1 -2.952294025789371 1330.8429 773.5085 1450.0448 1038.8832 1.5181309296097523 0.60508238213651 0.6189816620463454 2.7096643625244816 2.495359488962274 9.423921431146159 -2.672316078941565 1
Pedestrian 773 1 -1.5900601441721116 857.4148 824.7006 875.1983 886.15686 1.6261055004231457 0.48511262509964914 0.5441742483456851 -2.652980982124177 7.243641335351793 41.75411215241326 -1.6535130437742718 1
Car 1343 0 -1.430750159660637 294.21524 775.7138 703.49335 1173.053 1.4545011685038651 1.751076409751192 4.057169542682966 -2.5580143492088614 2.598007423540714 9.21325720485974 -1.7015736942146915 1
Car 778 2 -1.5145382844345172 688.76 825.6228 760.25323 898.21375 1.5721580697176283 1.9186952664210923 3.7092720216965875 -7.088188329810767 7.881285374081911 45.06370682418904 -1.6705526322561732 1
Car 779 1 -1.4944081793729533 679.28357 827.8332 754.75104 911.19415 1.5597989676108444 1.6467682517565772 3.3417055989045235 -6.1890499721031285 6.973623955707734 38.16080132005329 -1.6551916510596207 1
Car 781 1 1.831680171086206 292.03696 835.7956 388.82306 907.18835 1.5756314927572008 1.8819954238331429 3.7870824018710985 -19.3745598522924 8.461270306082943 46.82485249495882 1.4393626588334478 1
Car 772 2 1.956792617507801 211.72205 834.4141 342.48447 917.52167 1.5894888381332413 1.8819954238331429 3.986029419541032 -18.608228227156825 7.599632437584805 40.8681845064067 1.5295208309659332 1
bicycle 1585 1 -2.04733560226263 0.0 781.4564 470.532 1215.0 1.2447544949863658 0.6600332542943198 1.800300341910951 -2.345253791349343 1.8079545904169732 4.587198285695498 -2.51995106395648 1
bicycle 783 2 -1.7070029138789689 1018.25244 836.2717 1059.8398 921.9823 1.1982483782076923 0.4943556835571276 1.7416676069913486 1.3496706412944872 5.024031190866111 26.178511397719564 -1.6554920893470246 1
bicycle 784 2 -1.6986417966365646 1004.4998 831.3225 1048.5115 911.29767 1.1982483782076923 0.6027523386731132 1.7416676069913486 1.205075003519041 5.174151126636782 27.910432716930497 -1.6554920893470242 1
bicycle 798 2 -3.0386696976390017 677.62384 850.3457 754.77216 911.37756 1.24283213200636 0.6289365485090168 1.649226036703164 -5.4798762481861045 6.347190393003606 33.495840208351645 -3.2008318591907567 1
bicycle 786 2 -3.029163063000137 654.3021 852.4045 748.64954 919.74274 1.24283213200636 0.5573903012752989 1.8246846906334704 -5.232167814476664 5.884454358134892 30.178279516319837 -3.2008318591907567 1
bicycle 787 2 -3.087499311856707 608.91205 838.323 743.53375 934.6087 1.3343922126605388 0.7264574627829525 2.033726011374651 -4.440943437117479 4.746848945851818 23.415659552497 -3.274930175791356 1
bicycle 797 2 3.0870636459298013 622.87726 852.96326 726.6114 934.72156 1.2060007122783196 0.6793701732284699 1.7084788053240019 -4.906430730110801 5.189702953377584 25.585689117004215 -3.385586221303609 1
bicycle_rack 789 2 3.075444113241431 639.7989 848.7424 752.0284 925.7343 1.2378300355366851 1.0149544321895574 2.0879292690147726 -5.1737504197994975 5.705736600485694 29.10616458632055 -3.383658210941603 1
bicycle_rack 790 2 -3.075360293441748 564.8243 834.79144 735.24536 954.6794 1.3343922126605388 2.0792604446429257 2.314984012764795 -4.508572389883708 4.587134895180503 21.988250373554585 -3.277601708130355 1
bicycle_rack 791 2 -3.0036076199150936 647.5035 846.2084 761.0372 925.6889 1.2407078398349314 2.477351434550558 2.046138715121586 -5.3968350640908955 6.117461308193698 31.684033954382397 -3.1723213601124662 1
bicycle_rack 792 2 -3.138996205756448 509.51038 829.3871 726.7363 1002.4629 1.2901382584007612 2.5347265825748178 2.101874624574989 -3.668427292934247 3.6899117305119677 16.082428509995907 -3.3632608048809667 1
bicycle_rack 771 2 -1.6925155648998425 969.9649 826.19 1036.8293 904.4358 1.2475195850785963 1.1171988906414905 1.9680719566198666 0.8295712113277949 5.449629079958183 30.186391956863016 -1.665040851613953 1
bicycle_rack 770 2 -3.1277279427088236 519.8752 839.3365 704.4033 976.2529 1.2659104739963478 1.6601298275037162 2.0765198732444836 -4.1967690568462634 4.007889105842132 18.090346544798937 -3.35568497772916 1
bicycle_rack 793 2 -3.0818087811125996 592.7074 836.1595 741.89716 933.2465 1.3343922126605388 1.0995690717598707 2.314984012764795 -4.740291383154292 4.8647213326526595 24.291750814259927 -3.274526892005273 1
Pedestrian 774 1 1.5000476531726412 915.26544 817.62555 942.38135 883.87225 1.706624298777562 0.6979841912620884 0.6655051708609292 -0.8924428572981945 7.037992988908215 41.004725698336934 1.4782866983369378 1
Pedestrian 775 0 1.6406298759764892 993.1805 817.2911 1045.2312 957.92267 1.6088931553577375 0.596950813393819 0.687784148953515 0.7223425918781147 4.038041275445097 18.507249992265965 -4.603544982268852 1
Pedestrian 674 0 -1.8126638686404966 1301.2478 758.9688 1408.0978 1046.215 1.6152497232147878 0.4955627858530328 0.5785215313647049 2.3506301022210834 2.4461686440003776 8.975424189911266 -1.5565204344339783 1
ride_other 776 0 1.5172936991449217 918.7305 842.29456 945.4127 885.7052 1.0214697053690922 0.6727828827115757 0.8839165116320448 -0.790916082757237 6.949804037119416 40.31520792763943 1.4976779095181443 1
Cyclist 691 0 -1.6253882867696305 859.907 790.5701 941.2823 993.16876 1.7273270350332612 0.7283275766165394 1.9112524198431236 -0.6477245485319785 3.5370952020256876 15.349646297179246 -1.6675612778957383 1
Pedestrian 676 0 2.440810680309598 1201.5892 802.8046 1264.5194 960.4506 1.4482952323563056 0.5590152419112724 0.3297912487255903 2.685571662995545 3.2470850393336432 14.795804224082499 -3.662820429125195 1
rider 693 1 -1.6253119498882296 859.349 796.0418 935.7134 965.09595 1.5695605205395557 0.7331674434164217 0.8392092358583529 -0.659997017740278 3.3673682551681665 15.255826450662722 -1.6685469546933898 1
bicycle 768 0 -1.8469779868143386 1120.6786 831.84644 1189.0831 956.4949 1.1144565826467947 0.31765909974352247 1.7284090320805379 2.2032250378175613 3.611361629706849 17.16497320884219 -1.719320129064938 1
bicycle 677 1 -1.8292585121694533 1138.9672 833.404 1199.962 957.4599 1.106527758416216 0.2540603609286559 1.750398717759042 2.3764228342852345 3.6272591355045787 17.19514109911116 -1.6919253028362085 1
Pedestrian 800 2 3.099109573649371 654.6292 800.73413 703.8635 989.6413 1.709191942379389 0.6091293927338207 0.4442477197916259 -2.7430603795638375 3.4577222324957524 14.523839239618063 -3.370743027553723 1
Pedestrian 801 1 -1.9824733867698598 618.8544 786.6322 712.5026 998.8678 1.8494164906168409 0.7395331219064548 0.462212732077107 -2.775059096213675 3.411505385194766 14.042902264916014 -2.1775726392393455 1
