bicycle 667 1 -2.00021845305755 1236.0769 835.24963 1420.5896 1057.6371 1.0536274572464737 0.41306313990262544 1.9432834042963194 2.3876821616947947 2.5939572919383 9.957440208186512 -1.7648732246231507 1
bicycle 769 2 -1.2784150195511694 974.8016 836.7462 1058.2297 942.0424 1.21143989594664 0.7261900631617972 1.8954322568368918 0.8455269567295998 4.514302640383244 22.30093413392588 -1.2405187524479404 1
bicycle_rack 794 1 0.3415717137933014 56.578457 837.2441 274.8317 962.7759 1.3731463756058262 7.946564100062897 1.795806947283052 -17.872953749492115 6.7992452855996035 34.15359081500519 -0.14055040231230187 1
bicycle_rack 1586 1 0.4436759844537167 0.0 847.74927 121.00737 989.4257 1.3731463756058262 5.384358862929371 1.795806947283052 -16.742972158463793 5.668454347032245 26.039241960115078 -0.12775549611830783 1
Pedestrian 670 1 -1.8360926176870107 1368.8645 768.7287 1495.2137 1051.1703 1.565615726981215 0.5989616658980969 0.5059783171022346 2.7663256674905834 2.4396433512461773 8.823166202455505 -1.532269830090234 1
Pedestrian 671 1 -2.94458949240475 1298.5547 782.7749 1405.4331 1031.6797 1.5181309296097523 0.60508238213651 0.5861757930314584 2.625507876128429 2.619206199118957 10.029354432781476 -2.688552676423111 1
Pedestrian 773 0 -1.594610247841979 837.6482 832.8085 859.875 894.09436 1.6261055004231457 0.609994195997115 0.5441742483456851 -3.1632844337339003 7.51017173575327 42.02188237642108 -1.6697456160275737 1
rider 693 1 -1.6322266426752499 844.1949 797.4175 922.9973 970.967 1.5695605205395557 0.7331674434164217 0.8392092358583529 -0.7835558102103303 3.3408099840639345 14.895141019755716 -1.6847829923063353 1
Car 1343 1 -1.4457199225949322 312.16046 778.46246 691.83673 1155.3158 1.4545011685038651 1.751076409751192 4.057169542682966 -2.6916277857281883 2.664349305518741 9.646840058122375 -1.7178164164887195 1
Car 778 2 -1.5152078481011493 665.0047 828.6003 736.1995 901.16785 1.5721580697176283 1.9186952664210923 3.7092720216965875 -7.852704883958431 8.011145809218537 45.31778950184407 -1.6867849592311561 1
Car 779 1 -1.4978455214893154 660.13556 829.73334 734.59296 912.5679 1.5597989676108444 1.6467682517565772 3.3417055989045235 -6.75709123213379 7.077196975462413 38.53607868424763 -1.6714254764624634 1
Car 781 1 1.8288864137787408 268.31656 833.83777 365.18967 905.05505 1.5756314927572008 1.8819954238331429 3.7870824018710985 -20.14779846452075 8.409334943115201 46.89979326242129 1.4231323346980749 1
Car 772 1 1.9474468971208518 200.02419 838.1218 329.30945 921.2828 1.5894888381332413 1.8819954238331429 3.986029419541032 -19.0602196922242 7.742133368027099 41.10801613851873 1.5132900181197306 1
bicycle 1585 1 -2.0923480307957942 18.106817 786.47156 505.8265 1215.0 1.2447544949863658 0.6600332542943198 1.800300341910951 -2.377348460113118 1.8696342459579527 4.99996020414334 -2.5361826105667316 1
bicycle 783 2 -1.710435646812047 999.29016 841.7183 1040.4004 926.2143 1.1982483782076923 0.4943556835571276 1.7416676069913486 1.033133449963405 5.194704635580009 26.673067970363014 -1.671721792860986 1
bicycle 784 2 -1.7007643483589456 983.643 838.5244 1027.0696 917.63354 1.1982483782076923 0.6027523386731132 1.7416676069913486 0.8247966198908233 5.382107191100098 28.391603136689724 -1.6717217928609858 1
bicycle 798 2 -3.045096346399615 662.9809 850.732 739.24536 911.2693 1.24283213200636 0.6289365485090168 1.649226036703164 -5.884575259523145 6.416106132020257 33.881261168453456 -3.217063179775394 1
bicycle 786 2 -3.0349832055116335 638.78644 855.8914 732.0121 922.6985 1.24283213200636 0.5573903012752989 1.8246846906334704 -5.627571097348922 6.017536045793086 30.56482582851821 -3.217063179775394 1
bicycle 787 2 -3.091952555561045 591.7513 839.9481 724.12775 934.9169 1.3343922126605388 0.7264574627829525 2.033726011374651 -4.8122082305395235 4.835539925394121 23.836215374521824 -3.2911613227277625 1
bicycle 797 2 3.084994168827402 601.4207 851.7408 703.9625 932.4524 1.2060007122783196 0.6793701732284699 1.7084788053240019 -5.3633149450208615 5.229094738764598 25.97409787971819 -3.4018163975796902 1
bicycle_rack 789 2 3.073857481737886 617.63495 850.10394 728.79785 926.4178 1.2378300355366851 1.0149544321895574 2.0879292690147726 -5.687495481847898 5.791965764772399 29.48392118255892 -3.399888774290903 1
bicycle_rack 790 2 -3.0804017442065814 549.1078 837.21686 716.22363 955.5395 1.3343922126605388 2.0792604446429257 2.314984012764795 -4.851831466626839 4.683532975215396 22.38631343232568 -3.293832831310545 1
bicycle_rack 791 2 -3.009274561929575 632.1225 846.3781 743.91254 925.1448 1.2407078398349314 2.477351434550558 2.046138715121586 -5.811839641080814 6.180695889216732 32.06993028940426 -3.1885527911922917 1
bicycle_rack 792 2 3.1346761011930924 503.32452 833.5264 714.16205 1002.5218 1.2901382584007612 2.5347265825748178 2.101874624574989 -3.891885178527716 3.80518106187501 16.548560828804185 -3.3794914325252936 1
bicycle_rack 771 2 -1.6946018732203305 949.2052 831.6426 1015.18677 909.12445 1.2475195850785963 1.1171988906414905 1.9680719566198666 0.408838912662512 5.630777292793283 30.665972373321832 -1.6812706575131389 1
bicycle_rack 770 2 -3.139199027688323 515.37213 837.761 695.53375 971.51416 1.2659104739963478 1.6601298275037162 2.0765198732444836 -4.390816003432941 4.051646271999393 18.52581401504941 -3.3719155959479714 1
bicycle_rack 793 2 -3.083928759854422 571.75684 839.627 718.9312 935.7483 1.3343922126605388 1.0995690717598707 2.314984012764795 -5.177350757964612 4.980048521605846 24.674040392810184 -3.290758007053438 1
Pedestrian 774 1 1.4969277057885682 895.80115 820.85944 922.582 886.2001 1.706624298777562 0.6979841912620884 0.6655051708609292 -1.452767166443307 7.211360764362634 41.63997043970055 1.462053085739778 1
Pedestrian 775 0 1.7008888934923219 967.578 821.3869 1021.14685 955.8507 1.5810569647568107 0.596950813393819 0.7295384348549041 0.4299526820991478 4.153958954734405 19.176164975816864 -4.559878966969089 1
Pedestrian 674 0 -1.800970135837792 1257.2891 764.2927 1363.1514 1035.8335 1.6152497232147878 0.5354136071225166 0.5785215313647049 2.2025231274695054 2.526202530841277 9.483046130208203 -1.5727572747957106 1
ride_other 776 1 1.5159129612290032 896.7067 845.7746 922.9708 888.54803 1.0214697053690922 0.6727828827115757 0.8839165116320448 -1.4150805647453195 7.152425379534588 41.039685227267285 1.4814458314587409 1
Cyclist 691 0 -1.6310980407170985 842.84106 791.53174 927.0218 998.9357 1.7273270350332612 0.7283275766165394 1.9112524198431236 -0.7931863976361602 3.5132468316412524 15.037096445286213 -1.6837978399926923 1
Pedestrian 676 0 2.4440771192032256 1172.6348 805.6447 1233.3955 958.5645 1.4482952323563056 0.5590152419112724 0.3297912487255903 2.4628385835962363 3.3313247181468584 15.255179166024433 -3.6790464733432287 1
bicycle 768 0 -1.845183457877384 1094.3955 836.6572 1160.4504 958.07166 1.1144565826467947 0.31765909974352247 1.7284090320805379 1.9449277311328714 3.74096324221766 17.66996994938039 -1.7355550962367117 1
bicycle 677 1 -1.8283386860671553 1113.8018 835.1622 1172.7576 955.61957 1.106527758416216 0.2540603609286559 1.750398717759042 2.1385628960449736 3.720818431331552 17.709174504026294 -1.7081604501653107 1
Pedestrian 800 2 3.096648170314717 633.69183 804.7934 681.983 989.1877 1.709191942379389 0.6091293927338207 0.4442477197916259 -3.0257314655598946 3.542775803268336 14.892992493919092 -3.3869738890872707 1
Pedestrian 801 1 -1.9873395152600093 602.35754 787.6687 693.54236 993.6834 1.8494164906168409 0.7395331219064548 0.462212732077107 -3.029970598138157 3.4678595349698584 14.465943541901773 -2.193810095049129 1
