bicycle 667 1 -2.0852603334127746 1346.2412 828.712 1630.0609 1136.0377 1.0536274572464737 0.41306313990262544 1.9432834042963194 2.533307191704007 2.2025972366227027 7.437309869198751 -1.7569648873186556 1
bicycle 769 2 -1.281133889734175 985.42975 829.93835 1078.7189 947.96924 1.21143989594664 0.7261900631617972 1.8954322568368918 0.9657290375949479 4.0774185551081406 19.888391964710706 -1.2326145773056176 1
bicycle_rack 792 2 -3.1013812748317284 411.09265 825.3563 665.9083 1025.9072 1.2901382584007612 2.5347265825748178 2.101874624574989 -3.8887126681733863 3.369618921170873 14.039704978616207 -3.3715870238923324 1
bicycle_rack 771 1 -1.6903934277546795 952.2317 823.336 1023.5753 907.1316 1.2475195850785963 1.1171988906414905 1.9680719566198666 0.48032357404404724 5.127924638751013 28.207147312168484 -1.6733666383841208 1
bicycle_rack 794 1 0.37844745460167806 0.0 828.7355 232.38051 961.8489 1.3731463756058262 7.946564100062897 1.795806947283052 -17.894614199198422 6.275555729350502 31.90938054957175 -0.13264570556650268 1
Pedestrian 670 1 -1.9419186111762805 1532.596 731.9627 1724.9774 1128.2657 1.565615726981215 0.5989616658980969 0.5059783171022346 2.8032094636849925 2.0370788243834976 6.318603861658239 -1.5243630548691731 1
Pedestrian 773 2 -1.5790939630857423 825.4135 821.29517 849.21747 884.3802 1.6261055004231457 0.6413675673710052 0.5441742483456851 -3.3768639904823554 7.0128240429721345 40.71667206573246 -1.6618402492796291 1
ride_other 776 0 1.523382528890288 896.21893 837.3167 924.8165 884.11127 1.0214697053690922 0.6727828827115757 0.8839165116320448 -1.2719026697212472 6.394616546663627 37.35976810280119 1.4893509575166908 1
rider 693 1 -1.6047020882998186 823.6035 792.477 892.7509 948.17035 1.5695605205395557 0.7331674434164217 0.8392092358583529 -1.1470145764488604 3.470770022927946 16.51095436539909 -1.6740605690574122 1
Car 1343 0 -1.3577671634783637 4.9527445 759.8555 632.0227 1215.0 1.4545011685038651 1.751076409751192 4.057169542682966 -2.6315692681616927 2.293065285442696 7.16162248167079 -1.7099061065386643 1
Car 778 2 -1.507110726050897 661.9906 816.1948 738.2311 891.7827 1.5721580697176283 1.9186952664210923 3.7092720216965875 -7.443647482286613 7.310029004141647 42.90818737662527 -1.6788797120713457 1
Car 779 1 -1.481038093335761 642.4363 820.1006 724.2401 907.65045 1.5597989676108444 1.6467682517565772 3.3417055989045235 -6.669458301404951 6.5045683644129575 36.142113257280286 -1.66351949926727 1
Car 781 2 1.8515533124627486 237.28503 827.23047 342.9595 901.9784 1.5756314927572008 1.8819954238331429 3.7870824018710985 -19.85110519814655 7.853030036973685 44.39052046727077 1.4310366061967517 1
Car 772 2 1.9803926235759328 146.39992 826.1371 289.72577 913.388 1.5894888381332413 1.8819954238331429 3.986029419541032 -19.124547926010248 7.0684782013057745 38.678393672626974 1.5211945279063026 1
bicycle 783 2 -1.7105122255943543 1009.2932 827.1497 1054.5918 919.37195 1.1982483782076923 0.4943556835571276 1.7416676069913486 1.131975551035419 4.594859937492121 24.224589579193285 -1.6638178235992271 1
bicycle 784 2 -1.7013071452453998 994.34436 822.86176 1041.9192 908.5061 1.1982483782076923 0.6027523386731132 1.7416676069913486 0.9735289591844639 4.752715599414317 25.956000052092488 -1.6638178235992274 1
bicycle 798 2 -3.0286537818829977 646.5103 839.3025 729.24286 904.26764 1.24283213200636 0.6289365485090168 1.649226036703164 -5.733375380727558 5.800123425402722 31.417315937471944 -3.2091584301839564 1
bicycle 786 2 -3.0132115282393865 612.9548 844.1411 714.6821 916.2088 1.24283213200636 0.5573903012752989 1.8246846906334704 -5.596758734448951 5.426359780167868 28.196134374372857 -3.2091584301839564 1
bicycle 787 2 -3.062724303609798 549.85443 836.88293 698.6995 942.2018 1.3343922126605388 0.7264574627829525 2.033726011374651 -4.814526839660238 4.450045777703265 21.476312076810448 -3.2832566669674934 1
bicycle 797 2 3.105039744920101 577.5037 848.73016 690.0444 937.612 1.2060007122783196 0.6793701732284699 1.7084788053240019 -5.164812916325085 4.8141550170212275 23.564407423362262 -3.3939122157889052 1
bicycle 788 2 -0.7545561201178791 547.7092 832.2745 704.8709 970.3936 1.3079047248034987 0.720354971058321 1.8623176480206414 -4.014228158278994 3.9463101794317756 18.053863534711812 -0.9733442729015376 1
bicycle_rack 789 2 3.093749205486874 594.4671 844.2865 714.88245 927.16345 1.2378300355366851 1.0149544321895574 2.0879292690147726 -5.556918334531583 5.317531337027137 27.058817434682844 -3.391984395895337 1
bicycle_rack 790 2 -3.048765909832207 497.39923 829.0986 690.6307 961.46643 1.3343922126605388 2.0792604446429257 2.314984012764795 -4.824316182045145 4.222963735066022 19.959016443802863 -3.2859281867876637 1
bicycle_rack 791 2 -2.9889881042365216 606.7417 837.48645 730.12427 921.95795 1.2407078398349314 2.477351434550558 2.046138715121586 -5.757993039126479 5.640688087593586 29.674003209556066 -3.1806479881065144 1
bicycle_rack 770 2 -3.100092718112721 446.7415 832.11646 657.4367 986.6496 1.2659104739963478 1.6601298275037162 2.0765198732444836 -4.343767255254259 3.6372493978107205 16.074826614413343 -3.364011193514397 1
bicycle_rack 793 2 -3.0574821715366154 533.36127 838.2809 698.2448 944.4455 1.3343922126605388 1.0995690717598707 2.314984012764795 -5.123432951034441 4.6239683661516775 22.347108079754324 -3.2828533626044414 1
bicycle_rack 1586 2 0.49334251575778276 0.0 833.1457 51.131577 986.0333 1.3731463756058262 5.384358862929371 1.795806947283052 -16.73750400133066 5.0725386152816565 23.785586867702566 -0.11985072967984145 1
Pedestrian 774 1 1.5060423987267824 892.8547 809.56586 921.9463 880.8898 1.706624298777562 0.6979841912620884 0.6655051708609292 -1.3734173535874954 6.449973873842618 38.04574203523885 1.4699589591988862 1
Pedestrian 674 0 -1.8711671352664347 1355.0361 741.7549 1520.3602 1113.6123 1.6152497232147878 0.5885480354818478 0.5785215313647049 2.2043583867670455 2.182625846299558 6.969824972296822 -1.5648498273891605 1
Pedestrian 775 0 1.3818935481940509 971.8592 806.6983 1041.7748 974.64465 1.5949750600572745 0.5927611551905633 0.7674701344918996 0.4658164806793157 3.5371420858218805 15.5500543084226 1.411840531764307 1
Cyclist 691 0 -1.6055776086931346 821.3135 787.2093 893.48883 973.8285 1.7273270350332612 0.7283275766165394 1.9112524198431236 -1.1715484551675353 3.6309487605124815 16.55030728612976 -1.6762468411614664 1
Pedestrian 676 0 2.4134378629072217 1225.7855 790.81836 1299.6168 973.4369 1.4482952323563056 0.5590152419112724 0.3297912487255903 2.5709193229417036 2.901618175083268 12.77436209712344 -3.6711443109405386 1
bicycle 768 0 -1.8580738543766575 1120.0426 830.841 1199.1381 972.5439 1.1144565826467947 0.31765909974352247 1.7284090320805379 1.9928862085666235 3.327717124383681 15.193166856321657 -1.7276485635719174 1
bicycle 677 1 -1.844443510801275 1144.7169 826.916 1216.0916 967.0578 1.106527758416216 0.2540603609286559 1.750398717759042 2.2130385933358654 3.2849411144639395 15.241593055999159 -1.7002538294401457 1
Pedestrian 800 2 3.1399923097304345 573.7094 790.5289 629.8444 1010.94446 1.709191942379389 0.6091293927338207 0.4442477197916259 -2.9967291989305687 3.1286959491523256 12.468163114525087 -3.3790693595290744 1
Pedestrian 801 1 -1.9428538605068228 535.18915 770.3357 645.52527 1019.60315 1.8494164906168409 0.7395331219064548 0.462212732077107 -2.967184229940482 3.0523444280156875 11.966856248204827 -2.1859023581796007 1
Pedestrian 671 1 -3.023297635017676 1423.523 760.934 1563.4105 1093.5376 1.5181309296097523 0.60508238213651 0.5986607075867956 2.6970349486598533 2.242652599591069 7.560568430140599 -2.680645367295032 1
