bicycle 667 1 -2.1073800599988384 1344.4047 823.29974 1668.1982 1167.1918 1.0536274572464737 0.41306313990262544 1.9432834042963194 2.3509641512162887 2.0771267395932376 6.721318456974451 -1.7709037132739955 1
bicycle 769 2 -1.2809095413240497 962.29443 823.043 1059.1151 945.0247 1.21143989594664 0.7261900631617972 1.8954322568368918 0.6586743336794701 3.8845051368422405 19.160317558901657 -1.2465460686712124 1
bicycle_rack 771 1 -1.691487182872406 932.0897 816.72046 1005.42004 902.4099 1.2475195850785963 1.1171988906414905 1.9680719566198666 0.11512683807899596 4.906193039189955 27.480815000241215 -1.6872978542601726 1
Car 778 2 -1.503366296073167 633.5679 811.72546 711.8443 888.3409 1.5721580697176283 1.9186952664210923 3.7092720216965875 -8.090199276213475 7.087815093836811 42.19221996719978 -1.6928130926825677 1
Pedestrian 670 1 -1.9872316222330495 1570.7394 716.2405 1804.0315 1163.9105 1.565615726981215 0.6276173588990899 0.5274700868529758 2.7052334472982755 1.925342415656296 5.615556690518975 -1.538299131563835 1
rider 693 1 -1.6054926422127456 786.42224 789.12885 854.1787 941.21014 1.5695605205395557 0.7331674434164217 0.8392092358583529 -1.6012724117539894 3.4761974132544524 16.898079992092534 -1.6999711366022836 1
Car 1343 1 -1.3129430186685882 0.0 751.9703 571.0644 1215.0 1.4545011685038651 1.751076409751192 4.057169542682966 -2.7770389942925906 2.177788777691036 6.373623289631221 -1.7238484106343175 1
Car 777 1 -1.5701884623706097 662.71783 814.7609 720.3423 875.2276 1.4568941142233214 1.826759042665944 3.5479976122869163 -8.99970534635594 8.03681764120332 49.919101976371614 -1.7485582196455889 1
Car 779 1 -1.4768079399212684 612.62134 814.47205 697.41 903.9211 1.5597989676108444 1.6467682517565772 3.3417055989045235 -7.167307406076915 6.248846346143214 35.24046134560385 -1.6774541669443837 1
Car 781 2 1.858525815025351 197.12187 823.14764 307.05032 899.36224 1.5756314927572008 1.8819954238331429 3.7870824018710985 -20.515023966518843 7.598435405661252 43.416434584356374 1.417104945535879 1
Car 772 2 1.9894365017719278 99.30505 821.56744 249.65994 911.0831 1.5894888381332413 1.8819954238331429 3.986029419541032 -19.681875047778522 6.804484749610658 37.60552046103473 1.5072624468992695 1
bicycle 784 2 -1.7008369076175498 972.1618 822.9867 1021.0669 911.30347 1.1982483782076923 0.6027523386731132 1.7416676069913486 0.5823001761689736 4.657392109430807 25.216468089469693 -1.6777489515775108 1
bicycle 783 2 -1.7131838562971513 991.6447 825.53827 1038.6058 920.64355 1.1982483782076923 0.4943556835571276 1.7416676069913486 0.8330202609775713 4.470694435801653 23.4986260754266 -1.6777489515775106 1
bicycle 798 2 -3.022655421547548 614.01495 836.70276 699.8089 903.85297 1.24283213200636 0.6289365485090168 1.649226036703164 -6.188311083823428 5.610820899589055 30.4597621159855 -3.223090924415816 1
bicycle 786 2 -3.006665637982275 579.12115 837.26794 684.45514 911.57227 1.24283213200636 0.5573903012752989 1.8246846906334704 -6.019562707291765 5.180778536593065 27.377959192714084 -3.223090924415816 1
bicycle 787 2 -3.05318785565184 509.01865 835.0978 664.9991 944.932 1.3343922126605388 0.7264574627829525 2.033726011374651 -5.143987652482252 4.311181759888866 20.66176945681998 -3.2971889840023967 1
bicycle 788 2 -0.743280376777803 503.06244 829.52515 669.3051 974.248 1.3079047248034987 0.720354971058321 1.8623176480206414 -4.294224549389886 3.8016432752381317 17.24918803860158 -0.987272699964194 1
bicycle_rack 789 2 3.0986170867656075 563.2084 838.11255 687.2942 923.3024 1.2378300355366851 1.0149544321895574 2.0879292690147726 -5.920545553367692 5.097624199072328 26.309411670309792 -3.4059162328065273 1
bicycle_rack 790 2 -3.041966298561769 458.6707 825.39636 662.12195 963.5761 1.3343922126605388 2.0792604446429257 2.314984012764795 -5.053646354069089 4.065238004576301 19.159439551533165 -3.2998604844402335 1
bicycle_rack 791 2 -2.982227351325488 571.87103 830.7052 700.0796 917.30096 1.2407078398349314 2.477351434550558 2.046138715121586 -6.2211844114914125 5.389435373572631 28.854704731533438 -3.1945805762169366 1
bicycle_rack 792 1 -3.0866548064054986 351.32773 820.54816 625.75726 1034.4236 1.2901382584007612 2.5347265825748178 2.101874624574989 -4.072706962618701 3.2137043816811293 13.219121687986396 -3.3855189127263 1
bicycle_rack 770 2 -3.0829683388874063 387.5859 828.9755 611.91034 992.2987 1.2659104739963478 1.6601298275037162 2.0765198732444836 -4.638312908007716 3.492453121618954 15.265712270199433 -3.377943069368895 1
bicycle_rack 793 2 -3.0482107587345815 492.44247 834.46075 665.13806 944.8951 1.3343922126605388 1.0995690717598707 2.314984012764795 -5.465497441540494 4.453012452685506 21.532587401800058 -3.296785665085613 1
bicycle_rack 794 2 0.38940860156612567 0.0 822.22034 189.27121 958.3328 1.3731463756058262 7.946564100062897 1.795806947283052 -18.369378420381967 5.989665676686158 30.925538761458927 -0.14657809341330474 1
Pedestrian 774 1 1.5064557984967346 871.4548 803.1614 900.35425 876.71075 1.706624298777562 0.6699140714421027 0.6655051708609292 -1.8603650866612655 6.1441887643490345 36.857799960496195 1.456024474483136 1
Pedestrian 674 0 -1.8989837332855939 1370.4441 726.2192 1552.2845 1142.3485 1.6152497232147878 0.5619808213021833 0.5785215313647049 2.068657697822525 2.057664295176664 6.238268749289408 -1.5787870887623077 1
Pedestrian 775 0 1.4127331196620243 960.73914 801.97925 1030.5513 974.1946 1.5671388694563477 0.596950813393819 0.5898312808743114 0.33026969006179485 3.338305205793068 14.624967814094154 1.435311874603792 1
Pedestrian 773 2 -1.57566901384367 799.02203 815.14325 823.19104 879.07056 1.6261055004231457 0.6413675673710052 0.5441742483456851 -4.033152971116786 6.773108274308541 40.1546262989895 -1.6757738408397453 1
ride_other 776 0 1.525492812012469 871.7399 830.89154 901.24133 879.1595 1.0214697053690922 0.6727828827115757 0.8839165116320448 -1.8116494097659261 6.065810011678527 36.14845983336452 1.4754177901930952 1
Cyclist 691 0 -1.6053802838409046 786.9506 784.7476 857.44586 966.3909 1.7273270350332612 0.7283275766165394 1.9112524198431236 -1.5990026978749672 3.647102376357769 16.965748639190963 -1.6993515691356573 1
bicycle 797 2 3.11358677783893 539.3255 844.1611 656.9745 936.67163 1.2060007122783196 0.6793701732284699 1.7084788053240019 -5.504829870369046 4.610420495359698 22.666906165962267 -3.4078436958503815 1
Pedestrian 676 0 2.404437180445188 1215.9032 789.6023 1294.2682 983.3055 1.4482952323563056 0.5590152419112724 0.3297912487255903 2.364948928151539 2.8120444043144808 12.057796787977605 -3.685072222805969 1
bicycle 768 0 -1.8607163695533002 1100.9712 824.87463 1184.3354 973.3138 1.1144565826467947 0.31765909974352247 1.7284090320805379 1.7324923550394224 3.167423687317978 14.473744731663574 -1.741584209529793 1
bicycle 677 1 -1.8491817310231815 1128.7726 826.9468 1204.4135 974.5046 1.106527758416216 0.2540603609286559 1.750398717759042 1.972178818844986 3.187891763895127 14.52073607130326 -1.7141896310168891 1
Pedestrian 800 2 -3.1262215516953282 521.6359 785.31274 581.93964 1020.08997 1.709191942379389 0.6091293927338207 0.4442477197916259 -3.201910251320224 3.0035178740273634 11.715970876768008 -3.3930014704514115 1
Pedestrian 801 1 -1.931896788535222 491.42706 761.35895 609.64703 1027.3373 1.8494164906168409 0.7395331219064548 0.462212732077107 -3.0797940806103408 2.9099570219624606 11.217803835789297 -2.199840116653811 1
Pedestrian 671 1 -3.0470881365961566 1432.9198 737.6266 1586.6481 1108.2517 1.5181309296097523 0.60508238213651 0.5986607075867956 2.4914130839596034 2.0589727069115544 6.772522695118882 -2.694582359501202 1
