bicycle 667 1 -2.1148559116516275 1340.4594 826.5912 1682.828 1190.601 1.0536274572464737 0.41306313990262544 1.9432834042963194 2.2597066085153643 2.0538483257573708 6.42278961129035 -1.7765549842361292 1
bicycle 769 2 -1.2807598080548708 952.6554 823.2092 1051.2319 947.5291 1.21143989594664 0.7261900631617972 1.8954322568368918 0.5377670336756232 3.841672763262295 18.820671195179656 -1.2521943679432237 1
bicycle_rack 771 1 -1.691425980466394 923.1146 818.46014 997.3703 905.4645 1.2475195850785963 1.1171988906414905 1.9680719566198666 -0.04124902470697907 4.895116970168216 27.13641180412069 -1.6929460411595667 1
Car 778 2 -1.5013191320059749 620.87714 812.1463 700.5171 889.84686 1.5721580697176283 1.9186952664210923 3.7092720216965875 -8.324099445965173 7.03601443549976 41.67522146445221 -1.6984621575630685 1
Pedestrian 670 1 -2.007643707959906 1593.1387 713.73004 1837.0864 1188.2888 1.565615726981215 0.6138865060027776 0.5059783171022346 2.6466100700114277 1.8955199575830077 5.292600814745533 -1.5439492931783847 1
rider 693 1 -1.6073265279804478 780.684 792.6852 848.3808 944.519 1.5695605205395557 0.7331674434164217 0.8392092358583529 -1.671694640349264 3.5237461945757795 16.952156971698287 -1.7056212337740924 1
Car 1343 1 -1.2902864450161668 0.0 748.85077 543.9758 1215.0 1.4545011685038651 1.751076409751192 4.057169542682966 -2.811070877798935 2.127935487618004 5.983274631845637 -1.7295010933540425 1
Car 777 1 -1.5686874356730554 651.2335 815.37 709.52985 876.5445 1.4568941142233214 1.826759042665944 3.5479976122869163 -9.276120023382772 7.995432205005921 49.42518785106647 -1.7542092817903219 1
Car 779 1 -1.474490837397714 599.4511 815.5421 685.6042 906.1488 1.5597989676108444 1.6467682517565772 3.3417055989045235 -7.382257078929599 6.228861210542174 34.872503872011656 -1.683103754077247 1
Car 781 2 1.8606091226341357 181.9385 825.1433 293.69254 902.43945 1.5756314927572008 1.8819954238331429 3.7870824018710985 -20.708771034245398 7.598871899001461 42.963338037833374 1.4114565783507178 1
Car 772 2 1.9933371587425508 79.44368 823.6566 232.6881 914.4843 1.5894888381332413 1.8819954238331429 3.986029419541032 -19.930143845522554 6.808000672170772 37.21061610720071 1.501613908833507 1
bicycle 783 2 -1.7130683615740014 982.7051 825.6757 1030.3333 922.2576 1.1982483782076923 0.4943556835571276 1.7416676069913486 0.6873863334865223 4.427579336925737 23.159940954805105 -1.683397102835912 1
bicycle 784 2 -1.7005567329273912 962.99396 823.0711 1012.5352 912.6702 1.1982483782076923 0.6027523386731132 1.7416676069913486 0.42691114984522005 4.613949318436593 24.876366506984766 -1.6833971028359118 1
bicycle 798 2 -3.018261878092474 597.62225 836.96094 684.81635 905.082 1.24283213200636 0.6289365485090168 1.649226036703164 -6.423450262864798 5.561004979208168 30.066429424614867 -3.22873961763914 1
bicycle 786 2 -3.0034323600308053 564.256 841.0203 671.3534 916.5865 1.24283213200636 0.5573903012752989 1.8246846906334704 -6.187280399215978 5.195774608397455 26.99526288468233 -3.22873961763914 1
bicycle 787 2 -3.048552118956663 490.8051 835.43365 650.2593 947.4969 1.3343922126605388 0.7264574627829525 2.033726011374651 -5.27350664289936 4.264295522878493 20.289598272162067 -3.3028375898265723 1
bicycle 788 2 -0.7377189464416769 482.8079 829.86945 653.5356 978.0189 1.3079047248034987 0.720354971058321 1.8623176480206414 -4.404277262686595 3.7556453281779465 16.88179052938448 -0.9929197449223176 1
bicycle_rack 789 2 3.098718901067673 553.11926 838.8221 679.29224 925.5195 1.2378300355366851 1.0149544321895574 2.0879292690147726 -5.986702306869957 5.05360627032365 25.90697238006718 -3.41156465549638 1
bicycle_rack 790 2 -3.037434700574785 439.36722 825.5412 648.1155 966.81323 1.3343922126605388 2.0792604446429257 2.314984012764795 -5.1613998532369285 4.0184056107348844 18.79017301349155 -3.3055090829650133 1
bicycle_rack 791 2 -2.978403551551545 555.6814 833.73975 686.3452 921.9531 1.2407078398349314 2.477351434550558 2.046138715121586 -6.4208057976838 5.39748362008791 28.468935880466635 -3.2002293069629255 1
bicycle_rack 792 1 -3.0771465293613325 318.38712 821.3003 604.19336 1043.6396 1.2901382584007612 2.5347265825748178 2.101874624574989 -4.154902549229026 3.1657276140170705 12.793501366524165 -3.3911673546597685 1
bicycle_rack 770 2 -3.072197257887246 355.13232 829.6394 588.14764 998.57135 1.2659104739963478 1.6601298275037162 2.0765198732444836 -4.769302104883087 3.438984635426622 14.81768652460484 -3.383591503336797 1
bicycle_rack 793 2 -3.0436995443088346 474.17905 834.7605 650.68933 947.3923 1.3343922126605388 1.0995690717598707 2.314984012764795 -5.59999030426504 4.405828907641261 21.158612140312414 -3.302434272098897 1
bicycle_rack 794 2 0.3946775729076618 0.0 822.30334 170.20071 960.7749 1.3731463756058262 7.946564100062897 1.795806947283052 -18.55737423470123 5.932908328306316 30.479190887573314 -0.15222672606642207 1
Pedestrian 774 1 1.505532327319019 863.5838 805.74866 894.0632 880.4073 1.706624298777562 0.6979841912620884 0.6655051708609292 -2.007601661756646 6.148893007431575 36.360788689601456 1.450374961686249 1
Pedestrian 674 0 -1.9192428689905972 1380.7448 716.35297 1592.577 1156.383 1.6152497232147878 0.6283988567513357 0.5785215313647049 2.0543846376836936 1.9943305723240208 5.905055966115023 -1.5844377305597996 1
Pedestrian 775 0 1.4081272227164174 957.884 801.81903 1030.3608 980.2156 1.5671388694563477 0.596950813393819 0.5898312808743114 0.3044016516472723 3.278722846925362 14.133448072182848 1.429661571265437 1
Pedestrian 773 2 -1.5753740225249702 789.9487 815.09686 814.2887 879.45496 1.6261055004231457 0.6413675673710052 0.5441742483456851 -4.247161592662662 6.739526585517624 39.89881229592017 -1.6814229914655354 1
ride_other 776 0 1.5267796187971938 861.1304 833.28827 891.0549 882.402 1.0214697053690922 0.6727828827115757 0.8839165116320448 -2.0315478163920346 6.047719046579521 35.59581836202313 1.4697688115720768 1
Cyclist 691 0 -1.6050032790421118 778.1141 787.5906 848.01276 968.0659 1.7273270350332612 0.7283275766165394 1.9112524198431236 -1.716109959051254 3.6964505485287704 17.10417789544499 -1.7050014197746832 1
bicycle 797 2 3.119891471727111 518.8113 845.1396 639.169 939.6541 1.2060007122783196 0.6793701732284699 1.7084788053240019 -5.681677814297795 4.562301800975348 22.232876876552687 -3.4134919602694156 1
Pedestrian 676 0 2.400074818926963 1212.7856 789.02277 1293.4445 988.2984 1.4482952323563056 0.5590152419112724 0.3297912487255903 2.284573606181136 2.7710190651915667 11.72773667293312 -3.6907190288471483 1
bicycle 768 0 -1.8629982810059418 1094.8208 825.7267 1180.5088 978.00977 1.1144565826467947 0.31765909974352247 1.7284090320805379 1.6443195558848864 3.131429519838007 14.140547813586888 -1.7472341922728771 1
bicycle 677 1 -1.8514174178047926 1122.6202 827.2817 1200.3932 978.569 1.106527758416216 0.2540603609286559 1.750398717759042 1.8777350815220641 3.146373747146419 14.188466267255398 -1.7198396773883653 1
Pedestrian 800 2 -3.1195115739556227 500.0767 784.05304 563.2354 1028.1115 1.709191942379389 0.6091293927338207 0.4442477197916259 -3.2336483207669335 2.9472441567092176 11.281936023190294 -3.398650014213311 1
Pedestrian 801 1 -1.9235427004381374 466.62827 759.7137 589.1727 1035.077 1.8494164906168409 0.7395331219064548 0.462212732077107 -3.141774493291355 2.8637566022546093 10.846240097888803 -2.205490942755237 1
Pedestrian 671 1 -3.0683549790909415 1456.451 741.5727 1616.1011 1132.9155 1.5181309296097523 0.60508238213651 0.5986607075867956 2.4847551239975565 2.0520651231669707 6.442123710629652 -2.700232858705297 1
