bicycle 667 1 -2.067290762385771 1340.0743 828.20593 1602.0479 1116.5731 1.0536274572464737 0.41306313990262544 1.9432834042963194 2.5977464370396706 2.2567556168830523 7.856903875307014 -1.7479730773017839 1
bicycle 769 2 -1.2810939674921722 999.8696 829.6765 1091.2871 945.13904 1.21143989594664 0.7261900631617972 1.8954322568368918 1.1681192770836772 4.130778858071448 20.304591876666017 -1.2236275019082625 1
bicycle_rack 792 2 -3.1104104969303643 446.9395 821.54346 691.4829 1013.6055 1.2901382584007612 2.5347265825748178 2.101874624574989 -3.7404900682251356 3.3918610284406623 14.516302703842626 -3.362599657458362 1
bicycle_rack 794 1 0.3724323834818394 15.424709 826.3447 258.04813 955.9691 1.3731463756058262 7.946564100062897 1.795806947283052 -17.58762557587827 6.296512351905285 32.49524781657043 -0.12365799565827418 1
Pedestrian 670 1 -1.9230160567407142 1520.9043 742.41315 1700.441 1116.6022 1.565615726981215 0.5989616658980969 0.5059783171022346 2.8912651336666273 2.1129045015812737 6.69534937718039 -1.5153730280327191 1
Pedestrian 773 2 -1.580987509912673 842.6744 820.98456 864.6906 883.55286 1.6261055004231457 0.5967232981506183 0.5441742483456851 -2.9525844282524396 7.042805104329391 41.01479385786023 -1.6528518190260155 1
rider 693 1 -1.6052749145863294 837.1627 791.08374 908.0056 950.52814 1.5695605205395557 0.7331674434164217 0.8392092358583529 -0.9648490870093099 3.410783381892352 16.116300470998233 -1.6650714438856644 1
Car 1343 0 -1.373549845219747 93.45519 758.1016 656.68207 1215.0 1.4545011685038651 1.751076409751192 4.057169542682966 -2.5929859835622966 2.323931576397121 7.6358560994547435 -1.7009120560345863 1
Car 778 2 -1.509438169991414 680.2401 813.97296 754.91113 888.1046 1.5721580697176283 1.9186952664210923 3.7092720216965875 -7.049020898093282 7.324205874425139 43.554268940929866 -1.6698914174758683 1
Car 779 1 -1.4821677053423963 658.76904 817.4707 739.26874 903.54974 1.5597989676108444 1.6467682517565772 3.3417055989045235 -6.370041413906305 6.494907863879304 36.59048583032507 -1.6545303752926805 1
Car 781 2 1.8459200658092354 265.08588 820.3805 367.5385 893.0094 1.5756314927572008 1.8819954238331429 3.7870824018710985 -19.429401398587054 7.746805305163476 45.209790408376165 1.4400237920762904 1
Car 772 2 1.9752938837062342 174.52513 820.4803 314.01596 905.5833 1.5894888381332413 1.8819954238331429 3.986029419541032 -18.742714525825367 6.993397844580668 39.28956510209397 1.5301819840677426 1
bicycle 1585 2 -1.8674782904566176 0.0 750.73694 215.18697 1215.0 1.2447544949863658 0.6600332542943198 1.800300341910951 -2.298657276144855 1.5649593068065466 3.0123929651602825 -2.519289880434657 1
bicycle 783 2 -1.7105608374062575 1023.1826 829.9398 1067.7521 920.7483 1.1982483782076923 0.4943556835571276 1.7416676069913486 1.3742836062861665 4.6976707284334145 24.634202417094418 -1.6548309813858315 1
bicycle 784 2 -1.7014217037601898 1008.31287 826.7271 1055.1805 911.2355 1.1982483782076923 0.6027523386731132 1.7416676069913486 1.229167425475717 4.876794353358706 26.363143807426255 -1.6548309813858313 1
bicycle 798 2 -3.0283383644708435 660.6366 838.1071 741.92773 901.8822 1.24283213200636 0.6289365485090168 1.649226036703164 -5.540790423648168 5.846401406308276 31.927344569853172 -3.200170684134922 1
bicycle 786 2 -3.0158722309660773 631.97687 841.99255 731.85944 912.737 1.24283213200636 0.5573903012752989 1.8246846906334704 -5.338754119182905 5.448525798514829 28.639261376396842 -3.200170684134922 1
bicycle 787 2 -3.0675706984017355 573.53674 836.0498 718.5609 938.8114 1.3343922126605388 0.7264574627829525 2.033726011374651 -4.601953152202184 4.502922728540461 21.946127787323906 -3.274269006236867 1
bicycle 797 2 3.1005343850030074 599.7776 846.42786 709.9573 933.2579 1.2060007122783196 0.6793701732284699 1.7084788053240019 -4.929855932236572 4.846331689004529 24.038843384192226 -3.3849250910750683 1
bicycle_rack 789 2 3.087761678313772 618.85754 838.9706 737.0362 919.8501 1.2378300355366851 1.0149544321895574 2.0879292690147726 -5.230941329158816 5.289219715288797 27.55959957143967 -3.382997066320335 1
bicycle_rack 790 2 -3.0538220105981413 522.8001 827.05005 710.228 955.6879 1.3343922126605388 2.0792604446429257 2.314984012764795 -4.6349746618658605 4.2561297220492165 20.42773241704009 -3.276940539599881 1
bicycle_rack 791 2 -2.989703295253661 623.01965 832.7283 744.12134 915.21783 1.2407078398349314 2.477351434550558 2.046138715121586 -5.548413821810251 5.607936122190498 30.155744684055044 -3.171660180501936 1
bicycle_rack 771 2 -1.6894202109304013 964.75494 822.32916 1034.9756 904.7092 1.2475195850785963 1.1171988906414905 1.9680719566198666 0.716927485411244 5.162825523882321 28.624765982819223 -1.6643797394831148 1
bicycle_rack 770 2 -3.107716723927567 477.70682 830.8235 681.33887 980.2776 1.2659104739963478 1.6601298275037162 2.0765198732444836 -4.17586323678677 3.685431704628072 16.539682534049508 -3.3550238304174353 1
bicycle_rack 793 2 -3.062402724412757 557.4419 837.9315 718.11865 941.5846 1.3343922126605388 1.0995690717598707 2.314984012764795 -4.898277974297531 4.684213566283756 22.81745714770646 -3.273865724465538 1
bicycle_rack 1586 2 0.4844628665281471 0.0 832.8009 84.748634 981.39716 1.3731463756058262 5.384358862929371 1.795806947283052 -16.498565565421284 5.145464448946454 24.359435639535544 -0.11086293591046092 1
Pedestrian 774 1 1.5056054081704677 908.5234 808.3015 934.4752 878.4706 1.706624298777562 0.6278088917121198 0.6655051708609292 -1.0296189534130755 6.486558334000879 38.614921308193665 1.4789479654522615 1
Pedestrian 775 0 1.559967296133344 986.3931 804.8385 1045.5671 960.7416 1.5949750600572745 0.6321117677516584 0.5707170716864232 0.5918815458523603 3.5879539406920733 16.26994001424589 -4.686855206399057 1
Pedestrian 674 0 -1.8574723975831904 1354.8667 740.102 1504.1025 1090.235 1.6152497232147878 0.5619808213021872 0.5785215313647049 2.2976601412011677 2.206807963979686 7.385484183339198 -1.5558590361809734 1
ride_other 776 0 1.5209892552251023 913.4294 834.019 941.6688 879.9867 1.0214697053690922 0.6727828827115757 0.8839165116320448 -0.8592422838019758 6.3904118606643046 37.928917828444746 1.4983391141386493 1
Cyclist 691 0 -1.6077520878531175 837.26666 784.862 911.2727 975.2076 1.7273270350332612 0.7283275766165394 1.9112524198431236 -0.9660099540160442 3.567283181139209 16.214867889025005 -1.6672573220960683 1
Pedestrian 676 0 2.4195439423048994 1231.4365 794.7622 1302.887 971.7945 1.4482952323563056 0.5590152419112724 0.3297912487255903 2.692386247432162 2.98241729089672 13.181605137396286 -3.662159466013895 1
bicycle 768 0 -1.850585536241834 1123.7786 825.4245 1199.7041 962.6106 1.1144565826467947 0.31765909974352247 1.7284090320805379 2.06930801198747 3.323246823536101 15.594177646577585 -1.7186588066915989 1
bicycle 677 1 -1.8417966246233828 1155.4075 827.1915 1224.5768 963.5201 1.106527758416216 0.2540603609286559 1.750398717759042 2.3732084926336627 3.3426157641652168 15.646144767845083 -1.6912639731791836 1
Pedestrian 800 2 3.1304513992324314 604.4688 789.7854 658.1754 1001.449 1.709191942379389 0.6091293927338207 0.4442477197916259 -2.8628133552396804 3.176795237231934 12.963502361845475 -3.3700818717951826 1
Pedestrian 801 1 -1.9534061459760768 568.3789 768.6211 674.142 1007.7015 1.8494164906168409 0.7395331219064548 0.462212732077107 -2.8300282836750217 3.0844961964506465 12.450484399492957 -2.1769112141744786 1
Pedestrian 671 1 -3.000886712464321 1403.6853 757.262 1538.4875 1072.5609 1.5181309296097523 0.60508238213651 0.5986607075867956 2.7149221634971723 2.2573247037862663 7.946105502040851 -2.6716546871858267 1
