bicycle 667 1 -2.0901890293334557 1340.5581 829.72076 1637.7598 1151.7399 1.0536274572464737 0.41306313990262544 1.9432834042963194 2.432908218116142 2.168912184853899 7.1497363433479615 -1.7622000674838578 1
bicycle 769 2 -1.2811753434011994 976.89246 827.97974 1071.5712 947.6756 1.21143989594664 0.7261900631617972 1.8954322568368918 0.8494186816912328 4.009764264612311 19.591958436135847 -1.23784700196802 1
bicycle_rack 791 2 -2.986250868133521 593.33093 833.7293 718.5978 918.93445 1.2407078398349314 2.477351434550558 2.046138715121586 -5.9375929615948975 5.517949769322691 29.34683412393153 -3.1858808301304427 1
bicycle_rack 792 2 -3.0964286215558676 390.2629 820.2466 651.6221 1024.4341 1.2901382584007612 2.5347265825748178 2.101874624574989 -3.9606376837417865 3.2796965106883924 13.753279736382463 -3.3768196054681563 1
bicycle_rack 771 1 -1.690053826914514 943.555 821.24194 1015.6233 905.8484 1.2475195850785963 1.1171988906414905 1.9680719566198666 0.3197060560813522 5.048121931121386 27.90884179778791 -1.6785989598521667 1
Pedestrian 670 1 -1.9576462724118842 1546.5345 730.49615 1749.56 1145.0343 1.565615726981215 0.5989616658980969 0.5059783171022346 2.759572486913444 2.011421773118103 6.048220853563483 -1.5295972003031317 1
Car 1343 0 -1.3404679952956142 0.0 756.4618 607.8666 1215.0 1.4545011685038651 1.751076409751192 4.057169542682966 -2.703306578247367 2.2469645888980034 6.874255718543115 -1.7151425923461063 1
Car 777 1 -1.5720739935754708 679.44824 821.96515 736.4732 882.42834 1.4568941142233214 1.826759042665944 3.5479976122869163 -8.525829606433735 8.340943629764212 50.337535435798635 -1.7398548963049554 1
Car 778 2 -1.505774851420126 651.5351 814.2118 728.37463 890.0045 1.5721580697176283 1.9186952664210923 3.7092720216965875 -7.700240791041196 7.227103787341276 42.71906963389614 -1.684112846425792 1
Car 779 1 -1.478754447416536 630.12244 817.89 713.16486 906.1703 1.5597989676108444 1.6467682517565772 3.3417055989045235 -6.882867305113089 6.403434429923706 35.78890651131119 -1.668753116833275 1
Car 781 2 1.8556324565881763 219.41812 825.42773 327.1155 900.85046 1.5756314927572008 1.8819954238331429 3.7870824018710985 -20.14142083560489 7.736784207403998 43.93725494758542 1.425804117660285 1
Car 772 2 1.9835051464374038 129.48756 824.08856 275.2276 912.07043 1.5894888381332413 1.8819954238331429 3.986029419541032 -19.33853389232042 6.9633248887319805 38.30329670696731 1.5159618816866334 1
Cyclist 691 0 -1.601167864959102 807.29596 785.9584 878.4093 971.47797 1.7273270350332612 0.7283275766165394 1.9112524198431236 -1.3387164357112802 3.62532179251391 16.632921464899194 -1.6814806887133733 1
bicycle 783 2 -1.710533081269848 1001.2232 827.27576 1047.0804 920.723 1.1982483782076923 0.4943556835571276 1.7416676069913486 0.9930770787344125 4.5566387197894755 23.925658915713495 -1.6690501120568777 1
bicycle 784 2 -1.701215973120373 986.12 822.92175 1034.2339 909.62933 1.1982483782076923 0.6027523386731132 1.7416676069913486 0.8255396511224296 4.714247564523508 25.65623587746523 -1.669050112056878 1
bicycle 798 2 -3.026367823031988 634.26776 836.75494 718.17865 902.52924 1.24283213200636 0.6289365485090168 1.649226036703164 -5.905611080816377 5.69281666359147 31.037906858484167 -3.2143912367278524 1
bicycle 786 2 -3.01068986606992 600.15784 840.3673 703.2857 913.28357 1.24283213200636 0.5573903012752989 1.8246846906334704 -5.756796343011673 5.307883531039204 27.868985566706613 -3.2143912367278524 1
bicycle 787 2 -3.0590354830962974 534.3606 834.7226 685.9568 941.72174 1.3343922126605388 0.7264574627829525 2.033726011374651 -4.940233768083218 4.373380219826009 21.151210124403526 -3.2884894133641485 1
bicycle 788 2 -0.7502447062368846 530.8342 829.1348 691.4882 969.58484 1.3079047248034987 0.720354971058321 1.8623176480206414 -4.120503806383336 3.862498556820486 17.731490547065896 -0.9785755516122496 1
bicycle_rack 789 2 3.0911398319949317 589.6267 841.391 711.5388 925.11005 1.2378300355366851 1.0149544321895574 2.0879292690147726 -5.5709997606602055 5.222664113154244 26.770818290725256 -3.397216957226155 1
bicycle_rack 790 2 -3.044577010065565 480.03137 828.3263 677.59406 963.1046 1.3343922126605388 2.0792604446429257 2.314984012764795 -4.941148601899232 4.168074464532698 19.6306141331864 -3.291160925674786 1
bicycle_rack 770 2 -3.0944723298718952 426.01236 828.71533 641.86615 986.32806 1.2659104739963478 1.6601298275037162 2.0765198732444836 -4.44044148074236 3.5548826873615806 15.751727219700324 -3.369243771328118 1
bicycle_rack 793 2 -3.053910079182322 517.8711 834.13043 685.74445 941.7627 1.3343922126605388 1.0995690717598707 2.314984012764795 -5.254063219116613 4.515662542160078 22.02475188047136 -3.2880861006170656 1
bicycle_rack 794 2 0.38269635755863585 0.0 825.3318 216.11957 959.3532 1.3731463756058262 7.946564100062897 1.795806947283052 -18.07234616569863 6.142018453400773 31.52197207679082 -0.13787847933234154 1
bicycle_rack 1586 2 0.499799936766287 0.0 833.419 28.975258 989.3675 1.3731463756058262 5.384358862929371 1.795806947283052 -16.874171592017685 5.023184849505864 23.393873538381666 -0.12508355000679128 1
Pedestrian 774 1 1.5059781815300597 884.89294 806.9682 914.429 879.3415 1.706624298777562 0.6979841912620884 0.6655051708609292 -1.5471559379903452 6.314937928169635 37.48301377752865 1.464725410283854 1
Pedestrian 775 0 1.4177681891894658 966.78864 806.781 1035.7981 974.3177 1.5671388694563477 0.596950813393819 0.7573746254558313 0.4016428981775164 3.47821716719398 15.299593687095776 1.444014028069014 1
Pedestrian 674 0 -1.8805244520898534 1355.4736 732.011 1534.3232 1118.167 1.6152497232147878 0.6151152496615067 0.5785215313647049 2.151198078966921 2.1162723779410353 6.705462967847522 -1.5700844178097355 1
Pedestrian 773 2 -1.5790994504830878 817.4518 818.293 841.42975 881.7864 1.6261055004231457 0.6413675673710052 0.5441742483456851 -3.5668043196484236 6.894794774686684 40.439191100023294 -1.6670734627708776 1
ride_other 776 0 1.524673381150384 886.2474 833.4906 915.2563 880.95056 1.0214697053690922 0.6727828827115757 0.8839165116320448 -1.492546150341055 6.217520285416175 36.78239919491746 1.4841179033558944 1
bicycle 797 2 3.108532225041717 562.8863 846.98517 677.12524 937.08185 1.2060007122783196 0.6793701732284699 1.7084788053240019 -5.3102799192943255 4.740798839913828 23.25598417092374 -3.3991446486901955 1
Pedestrian 676 0 2.409725290881012 1222.5458 790.3503 1298.1672 977.32117 1.4482952323563056 0.5590152419112724 0.3297912487255903 2.492548028186431 2.8652740613499743 12.482923159466406 -3.676375408533089 1
rider 693 1 -1.5989287901649956 807.48926 790.14545 876.0377 945.2291 1.5695605205395557 0.7331674434164217 0.8392092358583529 -1.3324700254022748 3.4505296063033346 16.56552407685491 -1.6791923199060153 1
bicycle 768 0 -1.8607681176778565 1115.2612 826.6716 1196.3881 970.9403 1.1144565826467947 0.31765909974352247 1.7284090320805379 1.9144332817517542 3.2417745198779806 14.888194433957532 -1.7328825489743103 1
bicycle 677 1 -1.8464592879782835 1139.0386 826.57825 1212.1146 969.59406 1.106527758416216 0.2540603609286559 1.750398717759042 2.1214692798353605 3.2418619988632766 14.949111137931872 -1.7054878730687684 1
Pedestrian 800 2 -3.140216408767132 559.84644 786.25464 617.4343 1011.7304 1.709191942379389 0.6091293927338207 0.4442477197916259 -3.034637008476178 3.0615698335529706 12.184784732222207 -3.3843020196645908 1
Pedestrian 801 1 -1.9451861269860098 529.3551 766.48724 642.106 1020.8655 1.8494164906168409 0.7395331219064548 0.462212732077107 -2.9431637555939996 2.9976217044817073 11.72419303148418 -2.19113714239948 1
Pedestrian 671 1 -3.0318567687203606 1427.1663 752.9015 1570.7949 1095.9689 1.5181309296097523 0.60508238213651 0.5986607075867956 2.639454927106893 2.179403398663493 7.322137896572098 -2.6858798704182725 1
