Car 781 2 1.8594316900731176 173.1968 823.8758 285.99457 901.76874 1.5756314927572008 1.8819954238331429 3.7870824018710985 -20.768868488908474 7.513560717258452 42.60521687423132 1.4058562722961274 1
bicycle 667 1 -2.14264745536949 1362.2517 832.65906 1746.1398 1215.0 1.0536274572464737 0.41306313990262544 1.9432834042963194 2.247553363907219 2.019963141721794 5.9622878919712035 -1.782158168497009 1
bicycle 769 2 -1.2806916546931937 942.90137 823.4758 1043.8047 950.91797 1.21143989594664 0.7261900631617972 1.8954322568368918 0.42109269491235535 3.7876488742810333 18.387484287052523 -1.2577946070960553 1
bicycle_rack 771 1 -1.691355531143527 914.06885 818.5341 989.52594 907.0583 1.2475195850785963 1.1171988906414905 1.9680719566198666 -0.19201614480661178 4.840725590501201 26.703173300261916 -1.6985461684966565 1
Car 778 2 -1.4990924276460464 608.0435 810.1182 688.8663 888.4361 1.5721580697176283 1.9186952664210923 3.7092720216965875 -8.582417889475106 6.928798753955828 41.28340151389035 -1.7040631555541523 1
Pedestrian 670 1 -2.046191026478218 1636.5306 706.579 1922.8235 1215.0 1.565615726981215 0.6491091286498275 0.5274700868529755 2.643774761139366 1.8468483101678252 4.878288179880077 -1.5495513806023533 1
Car 1343 1 -1.2606272956425928 0.0 741.86554 510.96194 1215.0 1.4545011685038651 1.751076409751192 4.057169542682966 -2.8464719372288205 2.0557113600975003 5.542058911244673 -1.73510567820595 1
Car 777 1 -1.5668122785233976 639.1691 813.78107 698.1779 875.5193 1.4568941142233214 1.826759042665944 3.5479976122869163 -9.559715886648444 7.876937106944679 48.91567056750925 -1.7598122594449268 1
Car 779 1 -1.4722964558722818 586.33093 813.237 674.1658 904.99536 1.5597989676108444 1.6467682517565772 3.3417055989045235 -7.559959477689728 6.111658476750911 34.386637249806626 -1.6887052700987812 1
Car 772 2 1.9967441377428727 60.141434 819.08795 216.81938 910.8192 1.5894888381332413 1.8819954238331429 3.986029419541032 -20.074892362498705 6.620130296621014 36.683109813456085 1.4960134330986978 1
bicycle 783 2 -1.7130246601259833 973.8416 825.9049 1022.3659 924.4366 1.1982483782076923 0.4943556835571276 1.7416676069913486 0.5461910164530674 4.373258568711119 22.727570176521134 -1.6889971948345843 1
bicycle 784 2 -1.7002906302179657 953.82135 823.2298 1004.2125 914.5152 1.1982483782076923 0.6027523386731132 1.7416676069913486 0.2760519518048942 4.559297276903338 24.44253730515124 -1.688997194834584 1
bicycle 798 2 -3.0149411111828335 582.65076 837.8375 671.77246 907.3881 1.24283213200636 0.6289365485090168 1.649226036703164 -6.577642792054625 5.498498837914132 29.497665516035962 -3.2343402402336103 1
bicycle 786 2 -2.999438559673713 547.9802 842.0326 657.28284 919.0749 1.24283213200636 0.5573903012752989 1.8246846906334704 -6.348459772154888 5.147032271245331 26.527103400742405 -3.2343402402336103 1
bicycle 787 2 -3.0450148110839317 473.6599 833.8638 637.8792 949.0297 1.3343922126605388 0.7264574627829525 2.033726011374651 -5.331042179544659 4.170198959634896 19.767262606733446 -3.3084381169084294 1
bicycle 788 2 -0.7305375778618223 459.18695 826.64526 635.76996 978.81464 1.3079047248034987 0.720354971058321 1.8623176480206414 -4.509907591923431 3.6555914414224544 16.42439798007296 -0.9985187337101222 1
bicycle_rack 789 2 3.1090055329617208 526.299 841.3958 655.4165 930.182 1.2378300355366851 1.0149544321895574 2.0879292690147726 -6.293404216558922 5.025172945512264 25.388604208189545 -3.417165007574035 1
bicycle_rack 790 2 -3.0306864499071144 415.44647 823.76654 631.3027 968.7726 1.3343922126605388 2.0792604446429257 2.314984012764795 -5.278744166423118 3.933950881003219 18.32817576488395 -3.311109603128256 1
bicycle_rack 791 2 -2.9762475753061985 542.0165 831.5736 675.3404 921.2067 1.2407078398349314 2.477351434550558 2.046138715121586 -6.544983565723216 5.291061640626895 28.005572510663093 -3.205829966451658 1
bicycle_rack 770 2 -3.0714834203477226 339.4819 828.35016 581.57294 1003.81775 1.2659104739963478 1.6601298275037162 2.0765198732444836 -4.7040265446086185 3.356106638298031 14.304556683847528 -3.3891918640269854 1
bicycle_rack 792 1 -3.070611035600788 288.73053 818.9648 589.25183 1051.6996 1.2901382584007612 2.5347265825748178 2.101874624574989 -4.149864947473095 3.0758857923028025 12.269130482284256 -3.3967677247870656 1
bicycle_rack 793 2 -3.039936745120969 456.3187 829.4846 638.112 944.9056 1.3343922126605388 1.0995690717598707 2.314984012764795 -5.665965191826876 4.25643959699159 20.625140636073333 -3.3080348043980163 1
bicycle_rack 794 2 0.4009878953912386 0.0 815.0046 149.58891 954.2696 1.3731463756058262 7.946564100062897 1.795806947283052 -18.70179130542023 5.691968292086242 29.908499526760124 -0.15782727867647472 1
Pedestrian 774 1 1.505948237050695 854.15796 803.96454 885.4414 880.59656 1.706624298777562 0.6979841912620884 0.6655051708609292 -2.169908135637998 5.993391262882589 35.42640973517594 1.4447735194543228 1
Pedestrian 674 0 -1.9468799893683992 1408.3341 718.64685 1641.2767 1195.679 1.6152497232147878 0.6283988567513357 0.5785215313647049 2.0410830163855462 1.9769883295655255 5.475021708827942 -1.5900402939856044 1
Pedestrian 775 0 1.4071573886216104 949.23914 801.6848 1025.2622 988.96375 1.5671388694563477 0.596950813393819 0.5898312808743114 0.22790360544610688 3.200648037545893 13.482575239417942 1.4240593453159884 1
Pedestrian 773 2 -1.5764615296392954 783.0418 812.4099 807.5581 877.1797 1.6261055004231457 0.6413675673710052 0.5441742483456851 -4.399830807507237 6.634119377960368 39.632664264501074 -1.687024074593428 1
ride_other 776 0 1.523683835995202 856.9394 832.4954 887.7449 882.87787 1.0214697053690922 0.6727828827115757 0.8839165116320448 -2.068323448548092 5.906043896224261 34.7113877986795 1.464167898980047 1
Cyclist 691 0 -1.6037324105744104 768.39874 786.1583 836.79224 962.8339 1.7273270350332612 0.7283275766165394 1.9112524198431236 -1.8707532239066655 3.7152653651477996 17.438120125012293 -1.7106031969047202 1
bicycle 797 2 3.1251528580816528 500.0827 838.92755 622.88196 934.86957 1.2060007122783196 0.6793701732284699 1.7084788053240019 -5.840204371942532 4.414941300524234 21.860606857403088 -3.4190921476883087 1
Pedestrian 676 0 2.3939692148468503 1212.0151 788.28613 1295.8589 995.2021 1.4482952323563056 0.5590152419112724 0.3297912487255903 2.208031453418778 2.718812962652537 11.30427885354468 -3.696317763684723 1
rider 693 1 -1.6063670187869679 771.4164 791.2919 837.75256 940.0192 1.5695605205395557 0.7331674434164217 0.8392092358583529 -1.8199894398688548 3.545671192583683 17.293338445081258 -1.7112232553647297 1
bicycle 768 0 -1.866463489701855 1090.1315 825.5283 1179.06 982.8142 1.1144565826467947 0.31765909974352247 1.7284090320805379 1.5653194049142989 3.0725569213573123 13.716559833415467 -1.7528360999398687 1
bicycle 677 1 -1.8545809509240652 1117.5906 827.7836 1198.3212 984.1393 1.106527758416216 0.2540603609286559 1.750398717759042 1.787257001657069 3.093669988492011 13.76273966454402 -1.7254416484442407 1
Pedestrian 800 1 3.129853192001097 468.10764 776.9569 534.7488 1034.1515 1.709191942379389 0.6091293927338207 0.4442477197916259 -3.298336922107154 2.8355112420407496 10.719133502571697 -3.451843148193121 1
Pedestrian 801 0 -1.9090399964297888 430.657 758.4414 559.505 1047.6178 1.8494164906168409 0.7395331219064548 0.462212732077107 -3.223583828132848 2.809562573943089 10.345664993938026 -2.2110936791042546 1
Pedestrian 671 1 -3.092537948072414 1483.9158 741.91766 1652.4141 1162.7709 1.5181309296097523 0.60508238213651 0.5986607075867956 2.450548094062753 2.0203899386885644 6.017961616521606 -2.70583526174949 1
