bicycle 667 1 -2.2278265785175244 1448.0562 809.46216 1935.0 1215.0 1.0536274572464737 0.41306313990262544 1.9432834042963194 2.282939582100257 1.774442149639706 4.847159763969804 -1.7876592084645517 1
bicycle 769 2 -1.2812048799930864 931.98883 805.5924 1039.2168 939.35724 1.21143989594664 0.7261900631617972 1.8954322568368918 0.30980742085092033 3.423495208506905 17.294113431282437 -1.263292756999704 1
bicycle_rack 771 1 -1.6947848819959486 909.2805 797.75494 988.35254 888.51404 1.2475195850785963 1.1171988906414905 1.9680719566198666 -0.2370747755438414 4.32826412618363 25.603158840580843 -1.7040442082286844 1
Car 778 2 -1.4932777619126127 588.5127 794.7752 672.72424 873.98267 1.5721580697176283 1.9186952664210923 3.7092720216965875 -8.810960556826219 6.351161088461305 40.10065295709823 -1.7095620501810698 1
Pedestrian 670 2 -2.1654874485679976 1820.0262 647.95355 1935.0 1215.0 1.565615726981215 0.6706008984005728 0.5203061636027252 2.699150971761262 1.6291965958452996 3.8583100277035856 -1.5550513467379772 1
ride_other 776 0 1.5212830329214193 851.71 812.5039 883.69855 864.1327 1.0214697053690922 0.6727828827115757 0.8839165116320448 -2.102185219878275 5.287641179063419 33.52986777278766 1.4586690880701898 1
Car 1343 1 -1.1676883280680062 0.0 720.6406 430.40985 1215.0 1.4545011685038651 1.751076409751192 4.057169542682966 -2.851518737615226 1.8749845595135601 4.420304038364647 -1.7406080940088993 1
Car 777 1 -1.5623802124075337 622.6521 794.37134 683.2392 856.04926 1.4568941142233214 1.826759042665944 3.5479976122869163 -9.830832845579206 7.088515988077878 47.77693170748406 -1.765313096999458 1
Car 779 1 -1.4703057425233168 572.7648 796.2522 663.88104 889.27966 1.5597989676108444 1.6467682517565772 3.3417055989045235 -7.586647082423422 5.578893876159851 33.31613334215732 -1.6942046735118965 1
Car 781 2 1.8692587364695243 141.76189 807.935 259.85095 886.5253 1.5756314927572008 1.8819954238331429 3.7870824018710985 -20.99472368468176 6.896109967456588 41.44374180928365 1.4003580571431922 1
Car 772 2 2.0054989715549745 27.969704 807.33545 192.39275 900.919 1.5894888381332413 1.8819954238331429 3.986029419541032 -20.091339901433848 6.172121148339027 35.502062165133836 1.4905150511178404 1
bicycle 798 2 -3.010291261711483 564.98676 816.9777 657.40247 888.3762 1.24283213200636 0.6289365485090168 1.649226036703164 -6.669885191988362 4.959748051355421 28.544513295377556 -3.2398387596852345 1
bicycle 783 2 -1.7149931976320492 967.33484 804.02277 1018.4968 905.7912 1.1982483782076923 0.4943556835571276 1.7416676069913486 0.44388938302093495 3.898909577163746 21.652222677293306 -1.6944951998728426 1
bicycle 784 2 -1.7039763259906697 949.848 801.76825 1002.9333 895.6903 1.1982483782076923 0.6027523386731132 1.7416676069913486 0.22163034163848358 4.069495155905026 23.37525078046449 -1.6944951998728428 1
bicycle 786 1 -2.9948375880345686 529.2372 821.8487 643.84534 901.9308 1.24283213200636 0.5573903012752989 1.8246846906334704 -6.345640648909632 4.633700652270641 25.38013468717175 -3.2398387596852345 1
bicycle 787 2 -3.0344104436410064 441.8652 822.6805 617.1555 944.4267 1.3343922126605388 0.7264574627829525 2.033726011374651 -5.354039623703716 3.871686549511808 18.65250621203427 -3.313936534012238 1
bicycle 788 2 -0.7111954209478966 410.4631 812.07996 602.90125 974.35114 1.3079047248034987 0.720354971058321 1.8623176480206414 -4.609998131617219 3.344357187175809 15.290881263672588 -1.0040156495796464 1
bicycle_rack 789 1 3.113977814041434 506.3484 822.3228 641.638 913.98737 1.2378300355366851 1.0149544321895574 2.0879292690147726 -6.29937114418182 4.550997405412355 24.3194298810547 -3.422663259234368 1
bicycle_rack 790 2 -3.017766664695461 375.63782 804.7745 608.9006 957.08777 1.3343922126605388 2.0792604446429257 2.314984012764795 -5.305207714480995 3.553149822826357 17.220944031354378 -3.3166080137484606 1
bicycle_rack 791 1 -2.9708889351649512 521.26227 815.9843 661.1571 908.0375 1.2407078398349314 2.477351434550558 2.046138715121586 -6.592766655867497 4.843565329583104 26.8892038638585 -3.211328521824173 1
bicycle_rack 770 2 -3.0476291829269817 271.95554 815.85724 546.2763 1008.89404 1.2659104739963478 1.6601298275037162 2.0765198732444836 -4.693085464062723 3.058548959465076 12.975027957149656 -3.394690121653874 1
bicycle_rack 792 1 -3.0426579705541856 201.23753 804.7895 549.3256 1065.6698 1.2901382584007612 2.5347265825748178 2.101874624574989 -4.117970145858676 2.7876297282566727 10.953347360881239 -3.4022659931697397 1
bicycle_rack 793 2 -3.0328158276298502 429.82257 814.4521 623.0235 935.587 1.3343922126605388 1.0995690717598707 2.314984012764795 -5.630678142576187 3.9034645599570683 19.52850735932035 -3.3135332305355014 1
bicycle_rack 794 2 0.4125196997865621 0.0 810.37244 121.65302 954.7713 1.3731463756058262 7.946564100062897 1.795806947283052 -18.655317660587784 5.441213305852637 28.73379261321258 -0.1633257198034963 1
Pedestrian 773 2 -1.5800318527407196 779.9401 796.604 804.87195 862.1671 1.6261055004231457 0.6413675673710052 0.5441742483456851 -4.407841348909111 6.141642346585652 39.01845625424748 -1.6925230529199438 1
Pedestrian 774 1 1.5048981018382244 846.8991 785.95496 879.3563 865.0221 1.706624298777562 0.6979841912620884 0.6655051708609292 -2.246576897758724 5.428734662120174 34.184962463062924 1.4392741885668996 1
Pedestrian 674 1 -2.030079838217276 1509.7733 658.82983 1821.0325 1215.0 1.6152497232147878 0.6283988567513357 0.5785215313647049 2.023682128271004 1.7209255414383435 4.360196507397476 -1.595540727338283 1
Pedestrian 775 0 1.3667262356460101 963.51434 778.3406 1052.1476 990.37054 1.5671388694563477 0.596950813393819 0.5898312808743114 0.36309897009196757 2.8222490875901696 11.890254129068177 1.3972542766014056 1
Cyclist 691 0 -1.599858258338858 754.47614 771.15173 820.4588 941.0131 1.7273270350332612 0.7283275766165394 1.9112524198431236 -2.1029764240061715 3.5780423400634485 17.925195946463717 -1.7166439805461462 1
bicycle 797 2 3.134477369982933 471.97192 826.40784 602.6699 927.5592 1.2060007122783196 0.6793701732284699 1.7084788053240019 -5.844563427080874 4.0639430038864255 20.644771703434234 -3.424590230204332 1
Pedestrian 676 0 2.370351101982631 1235.3098 758.49774 1329.2958 986.80347 1.4482952323563056 0.5590152419112724 0.3297912487255903 2.1829654795897446 2.387702330073454 10.190830217817705 -3.7018144137311637 1
rider 693 1 -1.6001665142967507 754.7749 774.8047 818.86566 918.3127 1.5695605205395557 0.7331674434164217 0.8392092358583529 -2.084567073974825 3.4011484195680333 17.803213877467847 -1.7167251467249707 1
bicycle 768 0 -1.8799942874824136 1097.7471 805.1871 1196.9036 973.7992 1.1144565826467947 0.31765909974352247 1.7284090320805379 1.5456554529962094 2.744500866259624 12.6421380431375 -1.758335887267114 1
bicycle 677 1 -1.868593860954219 1126.2205 808.7381 1216.6719 976.5503 1.106527758416216 0.2540603609286559 1.750398717759042 1.7569001282071475 2.7743390009802487 12.682596718223419 -1.7309414982953033 1
Pedestrian 800 1 -3.0726034631334853 405.9256 756.7148 484.71152 1038.4934 1.709191942379389 0.6091293927338207 0.4442477197916259 -3.3552756525570446 2.599789945277716 9.751968411446198 -3.4039779823083753 1
Pedestrian 801 0 -1.8820034654025526 367.3339 732.02045 515.05786 1057.1533 1.8494164906168409 0.7395331219064548 0.5078408259632599 -3.2027015367906615 2.539771530125351 9.212102182998079 -2.216594272727668 1
Pedestrian 671 1 3.108260165108631 1604.8871 692.6101 1826.4838 1215.0 1.5181309296097523 0.60508238213651 0.5986607075867956 2.398139136698187 1.7534393301759312 4.79697364901336 -2.71133551927797 1
