bicycle 667 1 -2.2718552643068564 1507.9382 803.5623 1935.0 1215.0 1.0536274572464737 0.41306313990262544 1.9432834042963194 2.3251008964473487 1.6916363251688398 4.34689507357875 -1.7806885384237223 1
bicycle 769 2 -1.2827073410947158 943.0884 800.7375 1053.2125 937.98083 1.21143989594664 0.7261900631617972 1.8954322568368918 0.4436085689817413 3.3073237935289193 16.811178529851567 -1.2563257493491706 1
bicycle_rack 771 1 -1.6975462511757802 922.9324 794.84766 1003.94037 887.2584 1.2475195850785963 1.1171988906414905 1.9680719566198666 0.011762338993451402 4.217153899230498 25.08436918294464 -1.6970773401162444 1
Car 778 2 -1.492535835027576 597.77106 790.86255 682.8812 870.5066 1.5721580697176283 1.9186952664210923 3.7092720216965875 -8.458390597629062 6.193073687189276 39.67287740436157 -1.7025940988021318 1
Car 1343 1 -1.1200306754583877 0.0 713.39026 407.22733 1215.0 1.4545011685038651 1.751076409751192 4.057169542682966 -2.804571227982775 1.8169934494907014 3.9820778333337756 -1.7336356806999058 1
Car 777 1 -1.560710453796622 630.6116 794.55615 691.588 856.67737 1.4568941142233214 1.826759042665944 3.5479976122869163 -9.498848466304809 7.055520623380685 47.435861043222545 -1.7583426835191283 1
Car 779 1 -1.4699474101964911 582.46497 793.92365 674.82196 888.04987 1.5597989676108444 1.6467682517565772 3.3417055989045235 -7.250430878141554 5.470080963871391 32.840930052844435 -1.6872360774547788 1
Car 781 1 1.873720318558712 145.53177 804.8895 265.349 884.0357 1.5756314927572008 1.8819954238331429 3.7870824018710985 -20.63460883021061 6.752133255836592 40.987291831809664 1.4073251475478092 1
Car 772 2 2.0100454906557554 31.64479 806.5098 198.07877 900.8839 1.5894888381332413 1.8819954238331429 3.986029419541032 -19.78516029300008 6.109092953732288 35.159326270569935 1.497482352879079 1
bicycle 798 2 -3.0073714492003623 570.74756 817.27893 664.3811 889.5677 1.24283213200636 0.6289365485090168 1.649226036703164 -6.461376164969603 4.916203611477867 28.166239782975918 -3.232871282603603 1
bicycle 783 2 -1.718695250391327 982.55066 803.4685 1035.327 907.5816 1.1982483782076923 0.4943556835571276 1.7416676069913486 0.6600438650052897 3.8329590666103686 21.17087907221709 -1.6875283757229038 1
bicycle 784 2 -1.7055210239705612 961.9768 800.6295 1016.3602 896.4974 1.1982483782076923 0.6027523386731132 1.7416676069913486 0.41192087592281207 3.9939902685048203 22.891373085955887 -1.6875283757229043 1
bicycle 786 1 -2.9945163944877 538.79694 822.39923 655.34174 903.8833 1.24283213200636 0.5573903012752989 1.8246846906334704 -6.054611094695811 4.58143767443712 24.91878469631934 -3.232871282603603 1
bicycle 787 2 -3.0282091307921077 440.79333 815.4176 620.5216 939.5512 1.3343922126605388 0.7264574627829525 2.033726011374651 -5.213369086369891 3.72194607919338 18.21504016742405 -3.3069691851829752 1
bicycle 788 2 -0.7032595307275568 405.42886 808.3916 604.35736 975.3834 1.3079047248034987 0.720354971058321 1.8623176480206414 -4.489360907521492 3.2485669314064713 14.838620006775983 -0.9970502045597973 1
bicycle_rack 789 1 3.1182128349797447 509.33667 820.3225 647.09247 913.4682 1.2378300355366851 1.0149544321895574 2.0879292690147726 -6.116068041434132 4.4592628908930925 23.880359709050158 -3.4156961211161736 1
bicycle_rack 790 2 -3.010537131472383 370.98764 805.0177 611.79126 961.5632 1.3343922126605388 2.0792604446429257 2.314984012764795 -5.171154119197456 3.5010491819990524 16.770171250824713 -3.3096406731867383 1
bicycle_rack 791 1 -2.9707430507707704 530.9401 813.34894 672.89606 906.5772 1.2407078398349314 2.477351434550558 2.046138715121586 -6.296465089843766 4.73894624618843 26.459859159482484 -3.204360999174704 1
bicycle_rack 770 2 -3.0351539865254247 254.47482 813.9736 543.0785 1015.02936 1.2659104739963478 1.6601298275037162 2.0765198732444836 -4.586014878350433 2.975542255203279 12.46394342962429 -3.387722975557717 1
bicycle_rack 792 1 -3.029194550023629 175.31522 803.8465 547.36066 1079.4067 1.2901382584007612 2.5347265825748178 2.101874624574989 -3.9980252290502882 2.7163534139770764 10.428140586880605 -3.395298833694321 1
bicycle_rack 793 2 -3.026872944251637 428.90002 813.9023 626.9794 937.7437 1.3343922126605388 1.0995690717598707 2.314984012764795 -5.48067885494213 3.8386172827019474 19.081689222935207 -3.306565870915146 1
bicycle_rack 794 2 0.4199195639108113 0.0 810.60315 123.56142 957.1736 1.3731463756058262 7.946564100062897 1.795806947283052 -18.439736798854394 5.401482427968621 28.37486854382038 -0.15635834035871943 1
Pedestrian 773 2 -1.5756213958154923 783.6872 796.5113 808.81366 862.9368 1.6261055004231457 0.6413675673710052 0.611038666409902 -4.272483054943027 6.107105584019854 38.70752557541756 -1.6855549954997942 1
Pedestrian 774 1 1.5033337290245814 859.30774 779.92365 892.58167 860.7762 1.706624298777562 0.6979841912620884 0.6655051708609292 -1.907320521739295 5.204863640407144 33.37210118518141 1.446242692736261 1
Pedestrian 674 1 -2.0849520271885478 1599.303 650.1869 1935.0 1215.0 1.6152497232147878 0.6283988567513357 0.5785215313647049 2.0742062693620276 1.6850018135663658 3.8296838558548854 -1.588570826460082 1
Pedestrian 775 0 1.3565860977414639 987.2624 775.2387 1080.191 1000.47595 1.5671388694563477 0.5711749142274328 0.6671589783734697 0.5379385398168162 2.739350270555577 11.283742652513329 1.4042237983778079 1
ride_other 776 0 1.521331165533742 861.72675 810.14105 894.47205 862.9378 1.0214697053690922 0.6727828827115757 0.8839165116320448 -1.8253140197027438 5.135814665499232 32.73994946632426 1.4656369333455324 1
Cyclist 691 0 -1.5996969669207253 765.5405 771.0009 830.07916 937.0915 1.7273270350332612 0.7283275766165394 1.9112524198431236 -2.0199839440619543 3.6129203138966615 18.30331192321124 -1.7096138189273278 1
bicycle 797 2 3.1367964799090022 478.8998 826.7285 610.63043 928.70715 1.2060007122783196 0.6793701732284699 1.7084788053240019 -5.689758329674581 4.0429111468345305 20.460307641280984 -3.4176233051627465 1
Pedestrian 676 0 2.357118857252888 1264.1863 754.2392 1364.0696 995.052 1.4482952323563056 0.5590152419112724 0.3297912487255903 2.2758869326910203 2.3124607285669994 9.66703519393826 -3.6948493027840303 1
rider 693 1 -1.5996074755086223 764.988 774.25305 827.6668 914.62714 1.5695605205395557 0.7331674434164217 0.8392092358583529 -2.0128399399067978 3.431835629737285 18.18003924040926 -1.7098754040728508 1
bicycle 768 0 -1.889188528762311 1119.6729 801.80975 1224.8256 977.1676 1.1144565826467947 0.31765909974352247 1.7284090320805379 1.686025202128826 2.656436926715849 12.155822437885375 -1.7513668046315685 1
bicycle 677 1 -1.8785857553222258 1149.5322 803.938 1245.8502 978.2203 1.106527758416216 0.2540603609286559 1.750398717759042 1.9008545320600934 2.6725593007117214 12.196117990797617 -1.7239723364810293 1
Pedestrian 800 1 3.0701524003349534 401.23993 756.75354 485.62543 1059.4645 1.709191942379389 0.6091293927338207 0.4442477197916259 -3.1673961786434655 2.5467254885237174 9.131449768260989 -3.54691367755781 1
Pedestrian 801 0 -1.8721402359563546 355.28656 729.3291 516.761 1069.4924 1.8494164906168409 0.7966338871413352 0.462212732077107 -3.0927012903509348 2.494425716425419 8.813412665079722 -2.2096241671685894 1
Pedestrian 671 2 3.064196873280239 1692.3148 675.5511 1935.0 1215.0 1.5181309296097523 0.60508238213651 0.5986607075867956 2.5023014511044406 1.6816061114175898 4.425379059209287 -2.7043658381177935 1
