bicycle 667 1 -2.2434858369608333 1468.8019 803.4494 1935.0 1215.0 1.0536274572464737 0.41306313990262544 1.9432834042963194 2.2969395543334814 1.7284262847223633 4.658417865108934 -1.7853952574812633 1
bicycle 769 2 -1.2817014741891937 935.5224 803.17285 1043.8448 938.1682 1.21143989594664 0.7261900631617972 1.8954322568368918 0.3537367821360055 3.3719280169903216 17.109873787203185 -1.2610299952521529 1
bicycle_rack 771 1 -1.694923728949157 912.6008 796.60156 992.2615 887.93097 1.2475195850785963 1.1171988906414905 1.9680719566198666 -0.17431856622624264 4.2864254515993965 25.418760543238903 -1.7017814918699847 1
Car 778 2 -1.4917162886420503 589.4926 791.343 673.93414 870.20935 1.5721580697176283 1.9186952664210923 3.7092720216965875 -8.778241976779919 6.252789384658974 40.0859010833267 -1.7072989819788538 1
ride_other 776 0 1.5216114510602097 854.48785 811.1695 886.7363 863.2035 1.0214697053690922 0.6727828827115757 0.8839165116320448 -2.019624256496079 5.2214485593024555 33.24270281461224 1.460932121833872 1
Car 1343 1 -1.1509239825415647 0.0 716.48267 421.10934 1215.0 1.4545011685038651 1.751076409751192 4.057169542682966 -2.841839240431207 1.8473330319773922 4.268148235862742 -1.7383435767105837 1
Car 777 1 -1.5617077597689497 625.0871 794.1658 685.6871 855.8479 1.4568941142233214 1.826759042665944 3.5479976122869163 -9.746698923856911 7.078822303340516 47.752887047749965 -1.7630492292675628 1
Car 779 1 -1.469064249022448 574.14874 795.127 665.6795 888.2825 1.5597989676108444 1.6467682517565772 3.3417055989045235 -7.529919006042305 5.541832044055152 33.22378850356646 -1.6919413958959932 1
Car 781 2 1.8708851581016717 142.66006 806.56244 261.30182 885.26636 1.5756314927572008 1.8819954238331429 3.7870824018710985 -20.893176183761664 6.839613155347301 41.30847343433735 1.4026208456913212 1
Car 772 2 2.0067047307586883 29.663464 807.49274 194.80006 901.4601 1.5894888381332413 1.8819954238331429 3.986029419541032 -19.963750947141673 6.158970232260014 35.363768882239874 1.4927779083525392 1
bicycle 783 2 -1.7176945443129106 974.41095 804.02386 1026.3234 906.6817 1.1982483782076923 0.4943556835571276 1.7416676069913486 0.5468136276853872 3.8771802193950013 21.470994204114756 -1.6922324977922283 1
bicycle 784 2 -1.7047123885831184 954.09717 801.7838 1007.68964 896.48254 1.1982483782076923 0.6027523386731132 1.7416676069913486 0.28941363587739694 4.047690523122545 23.189194152704125 -1.692232497792228 1
bicycle 786 1 -2.9931696975313296 529.7077 821.5367 645.24774 902.2239 1.24283213200636 0.5573903012752989 1.8246846906334704 -6.279192327145248 4.601491364947702 25.17802332218483 -3.237575846676716 1
bicycle 787 2 -3.0320146328217823 440.7854 815.96747 617.73334 938.36316 1.3343922126605388 0.7264574627829525 2.033726011374651 -5.309828087379732 3.7644332894691206 18.489212181992542 -3.3116736641536555 1
bicycle 788 2 -0.7081292333795033 407.8202 811.2171 602.7593 975.3687 1.3079047248034987 0.720354971058321 1.8623176480206414 -4.570287645817999 3.3130245775864537 15.115185870105087 -1.0017533964705603 1
bicycle_rack 789 1 3.115630648811633 506.78442 821.7864 643.0411 914.04645 1.2378300355366851 1.0149544321895574 2.0879292690147726 -6.239285783616173 4.5191846562499 24.14813458048544 -3.4204004566994177 1
bicycle_rack 790 2 -3.014977321604814 373.14618 804.85266 609.31836 958.79193 1.3343922126605388 2.0792604446429257 2.314984012764795 -5.261136504480419 3.532799807822856 17.045986043248906 -3.314345146521131 1
bicycle_rack 791 1 -2.969785382953792 522.49976 812.6041 663.50244 904.96954 1.2407078398349314 2.477351434550558 2.046138715121586 -6.51267934082621 4.7553606211486406 26.696347973696984 -3.2090655940685986 1
bicycle_rack 770 2 -3.0429404219974447 264.20435 813.61115 544.8963 1010.14374 1.2659104739963478 1.6601298275037162 2.0765198732444836 -4.640714771259728 3.006767384916153 12.73357476326041 -3.392427316961996 1
bicycle_rack 792 1 -3.0356211718611377 185.60028 806.37366 545.80963 1075.2161 1.2901382584007612 2.5347265825748178 2.101874624574989 -4.076244388774972 2.7683285769985044 10.687191297573465 -3.4000031838725007 1
bicycle_rack 793 2 -3.0305201526319667 428.7721 813.61194 623.85455 935.7385 1.3343922126605388 1.0995690717598707 2.314984012764795 -5.581643338037672 3.8700169052660964 19.3560581457762 -3.3112703564898487 1
bicycle_rack 794 2 0.41536563525049275 0.0 810.45184 121.55791 955.71967 1.3731463756058262 7.946564100062897 1.795806947283052 -18.584838642982486 5.424887089215893 28.588727428597572 -0.1610628401829426 1
Pedestrian 773 2 -1.5749720097203468 775.6389 796.50885 800.61926 862.34485 1.6261055004231457 0.6413675673710052 0.5709200155713766 -4.508798784809398 6.131081717750126 38.935599809640365 -1.6902599502575752 1
Pedestrian 774 1 1.5055358729499506 849.21985 782.11835 881.92285 861.74817 1.706624298777562 0.6979841912620884 0.6655051708609292 -2.1729287595680153 5.3107190598595935 33.90647391600044 1.441537436325274 1
Pedestrian 674 1 -2.043842930214051 1531.394 653.0365 1860.24 1215.0 1.6152497232147878 0.6283988567513357 0.5785215313647049 2.0203986101857305 1.6994147011267873 4.176506876449448 -1.5932770256576374 1
Pedestrian 775 0 1.3619282334254703 972.37744 776.35406 1064.845 993.5973 1.5671388694563477 0.596950813393819 0.6671589783734697 0.4398843735642644 2.790206599237453 11.69677042509301 1.3995178547920908 1
Cyclist 691 0 -1.599261040129996 758.6408 767.97455 823.63306 935.0662 1.7273270350332612 0.7283275766165394 1.9112524198431236 -2.0861210693328416 3.560807845157636 18.165958773251802 -1.7135970209516835 1
bicycle 797 2 3.134952825627814 474.417 827.1047 605.96484 928.9697 1.2060007122783196 0.6793701732284699 1.7084788053240019 -5.765046259466238 4.054519798271437 20.5036404513707 -3.422327498178605 1
bicycle 798 2 -3.0080939227997 564.8447 817.4419 657.74445 889.1667 1.24283213200636 0.6289365485090168 1.649226036703164 -6.6365199603991725 4.951196534481307 28.410131051828106 -3.237575846676716 1
Pedestrian 676 0 2.367114150347201 1243.1368 757.5047 1338.7424 989.3119 1.4482952323563056 0.5590152419112724 0.3297912487255903 2.2082617021585387 2.3672632420934785 10.039056341835373 -3.6995522719994507 1
rider 693 1 -1.6007189737883503 759.83636 771.456 822.9905 912.5802 1.5695605205395557 0.7331674434164217 0.8392092358583529 -2.0602663302872584 3.386450902072748 18.071479900791424 -1.7142353664084249 1
bicycle 768 0 -1.8847549428687116 1107.3307 802.44543 1208.92 973.2679 1.1144565826467947 0.31765909974352247 1.7284090320805379 1.6125206980172027 2.698299077966386 12.46175891503475 -1.7560724517232433 1
bicycle 677 1 -1.872551859095693 1134.7435 803.8872 1227.3689 973.5829 1.106527758416216 0.2540603609286559 1.750398717759042 1.8111061648788958 2.708621727769539 12.50117931294448 -1.7286780369850516 1
Pedestrian 800 1 3.0620855549103716 408.1875 753.83844 489.78937 1043.446 1.709191942379389 0.6091293927338207 0.4442477197916259 -3.266805683306289 2.5618588319945244 9.521323361623205 -3.5516181274235263 1
Pedestrian 801 0 -1.8821513147487272 361.9681 730.6083 527.5568 1062.6741 1.8494164906168409 0.8459986743074683 0.462212732077107 -3.120835003695946 2.519938576485352 9.046906791326142 -2.214330506227101 1
Pedestrian 671 1 3.0889787013775356 1645.1733 684.88086 1872.5356 1215.0 1.5181309296097523 0.60508238213651 0.5986607075867956 2.493450994082321 1.72390748708772 4.7300166833658315 -2.7090718921586343 1
