bicycle 667 1 -2.1795622406560113 1395.2958 824.7967 1839.5088 1215.0 1.0536274572464737 0.41306313990262544 1.9432834042963194 2.2499731542894397 1.9128348283542054 5.434449641280635 -1.7870280226187947 1
bicycle 769 2 -1.280658872201006 934.0267 815.1113 1037.7538 945.31256 1.21143989594664 0.7261900631617972 1.8954322568368918 0.3219650462243161 3.615572650028071 17.888027464843212 -1.2626619026866768 1
bicycle_rack 771 1 -1.6904531100605227 904.81116 809.7262 981.6102 899.3009 1.2475195850785963 1.1171988906414905 1.9680719566198666 -0.33966805023239316 4.6162129520454975 26.206968340354024 -1.7034133665767468 1
Car 778 2 -1.496251652317171 595.0676 804.20734 677.6039 883.17737 1.5721580697176283 1.9186952664210923 3.7092720216965875 -8.785374695369178 6.686317180396532 40.6833455658017 -1.7089311104341984 1
Pedestrian 670 1 -2.0943211635946843 1699.7013 684.03564 1935.0 1215.0 1.565615726981215 0.6706008984005761 0.5274700868529749 2.634515366186045 1.7501060426443305 4.396025040215662 -1.5544202839504566 1
Pedestrian 775 0 1.3786157824853371 954.5041 793.3583 1027.0958 992.65393 1.5671388694563477 0.5109000994942103 0.5898312808743114 0.24397071155395866 3.0308745520726195 12.659360719060471 1.3978853585272475 1
Car 1343 1 -1.221622879801399 0.0 732.5353 472.29263 1215.0 1.4545011685038651 1.751076409751192 4.057169542682966 -2.867085577866279 1.9708412970062754 5.026640261816365 -1.7399767502629233 1
Car 777 1 -1.5646315262215431 627.7105 807.1831 687.44403 869.0778 1.4568941142233214 1.826759042665944 3.5479976122869163 -9.815220164406773 7.591061449246293 48.407468901664544 -1.7646819343567661 1
Car 779 1 -1.4718923381117475 577.16595 806.8335 666.6141 899.5222 1.5597989676108444 1.6467682517565772 3.3417055989045235 -7.625082536890352 5.889701233910255 33.83129131795024 -1.6935736753776847 1
Car 781 2 1.8639259764752634 154.37863 816.42596 269.79263 894.7074 1.5756314927572008 1.8819954238331429 3.7870824018710985 -20.98092147231004 7.218785852610997 42.03648915760989 1.400988918920698 1
Car 772 2 2.0014676897307813 39.168083 814.2317 199.9237 907.0249 1.5894888381332413 1.8819954238331429 3.986029419541032 -20.20296226629743 6.419819972805678 36.09081813717964 1.491145932049048 1
bicycle 783 2 -1.7131267433307025 966.20856 816.2769 1015.8165 916.2913 1.1982483782076923 0.4943556835571276 1.7416676069913486 0.4283542818937242 4.15824820303785 22.23511719298323 -1.6938643622015892 1
bicycle 784 2 -1.7013604407382619 947.60675 814.0913 999.13855 906.62134 1.1982483782076923 0.6027523386731132 1.7416676069913486 0.17955586999931 4.342601740180891 23.95285827855494 -1.6938643622015892 1
bicycle 798 2 -3.013646354493676 572.39014 831.3242 662.6192 901.51697 1.24283213200636 0.6289365485090168 1.649226036703164 -6.69711891937454 5.325789348961969 29.185622912883378 -3.239207863316955 1
bicycle 786 1 -3.0002190204152672 540.26465 830.533 651.9775 908.9851 1.24283213200636 0.5573903012752989 1.8246846906334704 -6.329311965039787 4.865290673791612 25.977571121633108 -3.239207863316955 1
bicycle 787 2 -3.042580540025538 459.39523 824.352 628.38354 942.22424 1.3343922126605388 0.7264574627829525 2.033726011374651 -5.345550143632662 3.9741459586840318 19.260540876759325 -3.313305649818737 1
bicycle 788 2 -0.7216376470847209 433.0845 820.4726 616.8998 977.28046 1.3079047248034987 0.720354971058321 1.8623176480206414 -4.600436376740146 3.5145077868092542 15.893879077465197 -1.0033849371825325 1
bicycle_rack 789 2 3.108128006770383 518.6506 829.7276 650.39813 919.5981 1.2378300355366851 1.0149544321895574 2.0879292690147726 -6.281491512750462 4.7566898160591204 24.914465250773297 -3.4220323937030495 1
bicycle_rack 790 2 -3.027361641449627 397.9847 817.3986 621.1897 966.10583 1.3343922126605388 2.0792604446429257 2.314984012764795 -5.289283859155085 3.7852184214636906 17.814698508482202 -3.3159771302833345 1
bicycle_rack 791 1 -2.9759123101141576 532.3028 821.9635 668.354 912.4952 1.2407078398349314 2.477351434550558 2.046138715121586 -6.57519484745597 5.0352142332325185 27.488649725291854 -3.2106976213495315 1
bicycle_rack 770 2 -3.064831203558167 313.4666 824.62335 567.54504 1007.2895 1.2659104739963478 1.6601298275037162 2.0765198732444836 -4.698466494659755 3.244512231250014 13.751773741803563 -3.3940592555631968 1
bicycle_rack 792 1 -3.058981124285798 248.62752 813.82605 567.06696 1058.1674 1.2901382584007612 2.5347265825748178 2.101874624574989 -4.174775570865472 2.957509572443869 11.703038357862424 -3.4016351257699515 1
bicycle_rack 793 2 -3.0406238256186895 447.01627 825.8006 633.56805 944.0926 1.3343922126605388 1.0995690717598707 2.314984012764795 -5.617502223237745 4.136520514919465 20.119076256251297 -3.312902345108664 1
bicycle_rack 794 2 0.40691367176761506 0.0 810.52997 131.02997 951.58704 1.3731463756058262 7.946564100062897 1.795806947283052 -18.781309534946384 5.518249027369995 29.326717619425537 -0.16269483290592412 1
Pedestrian 774 1 1.5051782567541392 847.7803 795.8131 879.51746 873.33936 1.706624298777562 0.6979841912620884 0.6655051708609292 -2.2846332609669413 5.7441372834756805 34.95143447698458 1.4399051783755406 1
Pedestrian 674 0 -1.9808087217243724 1444.3315 700.1517 1708.3617 1215.0 1.6152497232147878 0.6283988567513357 0.5785215313647049 2.0107228290557893 1.8792411779773517 4.949238219125141 -1.5949096109484553 1
Pedestrian 773 2 -1.5714130122312193 767.8158 810.2964 792.61847 875.7293 1.6261055004231457 0.6413675673710052 0.5441742483456851 -4.748614355270681 6.527122856159279 39.22353933160383 -1.6918921035637355 1
ride_other 776 0 1.523066975695008 850.2983 824.42267 881.63336 875.4222 1.0214697053690922 0.6727828827115757 0.8839165116320448 -2.1811666465548827 5.6425738173946876 34.158905484135865 1.459300018217804 1
Cyclist 691 0 -1.6016329413934567 757.7151 780.7885 824.5892 953.4902 1.7273270350332612 0.7283275766165394 1.9112524198431236 -2.0400478072029014 3.6825269694501643 17.75785390501639 -1.7160129529259556 1
bicycle 797 2 3.1272496612811786 486.92206 837.609 613.49945 936.36304 1.2060007122783196 0.6793701732284699 1.7084788053240019 -5.838088857644423 4.309945734323675 21.25788700730487 -3.4239593844571155 1
Pedestrian 676 0 2.38282897235149 1219.514 779.9421 1307.9753 997.07196 1.4482952323563056 0.5590152419112724 0.3297912487255903 2.1724492929656183 2.5977827610608966 10.762756457563283 -3.7011837326638846 1
rider 693 1 -1.6019783203083766 758.0567 784.7797 823.02924 930.6062 1.5695605205395557 0.7331674434164217 0.8392092358583529 -2.016144718189645 3.500324785632726 17.591089668430445 -1.716092099927671 1
bicycle 768 0 -1.8719441766101599 1089.1423 815.35077 1182.3549 977.3984 1.1144565826467947 0.31765909974352247 1.7284090320805379 1.5178702813316374 2.9111209685363213 13.228906870946581 -1.7577048451129913 1
bicycle 677 1 -1.858692264732469 1114.7625 816.8417 1199.262 977.85767 1.106527758416216 0.2540603609286559 1.750398717759042 1.7129991967951248 2.923201400762285 13.269618241081446 -1.730310448952682 1
Pedestrian 800 1 3.1338385437100515 451.82794 771.8499 521.5848 1040.0588 1.709191942379389 0.6091293927338207 0.4442477197916259 -3.263495777844273 2.7547067533603142 10.281209427215803 -3.4567106391073565 1
Pedestrian 801 0 -1.8990662691316782 402.4688 746.3399 538.6778 1050.9652 1.8494164906168409 0.7395331219064548 0.462212732077107 -3.2174089683210614 2.6791759143099103 9.81069856375668 -2.215963138426357 1
Pedestrian 671 1 -3.12498721818126 1525.0925 723.09 1714.0582 1188.1366 1.5181309296097523 0.60508238213651 0.5986607075867956 2.396853225881391 1.9022889190114327 5.450706684114384 -2.7107044239850158 1
