bicycle 769 1 -1.318055548649436 1068.5007 774.22943 1197.7521 940.24 1.21143989594664 0.7261900631617972 1.8954322568368918 1.6130537529808995 2.686193421743819 13.753726464408512 -1.2013076685790003 1
bicycle_rack 771 1 -1.7066899386394088 1013.4158 771.1856 1106.6738 873.8121 1.2475195850785963 1.1171988906414905 1.9680719566198666 1.431070094887353 3.5104474680111553 22.11180425408767 -1.6420603406208474 1
moped_scooter 795 1 -1.6684785217808207 942.097 767.4846 971.19354 828.0468 1.3656772939812294 0.5800788315403812 1.930978813278628 -0.13088852572024534 5.2142050228850145 39.37349502953681 -1.6718027896285852 1
Pedestrian 773 1 -1.5705232227308663 859.91376 767.69305 882.92584 836.9529 1.6261055004231457 0.5595197404669614 0.59766578279706 -2.206348718983326 5.162928946516143 36.72502840900774 -1.630528621871358 1
Car 1343 2 -0.5507819157749607 0.0 0.0 1935.0 1215.0 1.4545011685038651 1.751076409751192 4.057169542682966 -2.494193673024892 1.380015980522069 1.1833819462387118 -1.678574904453609 1
Car 777 1 -1.5505342582125718 697.66693 774.42017 761.7061 838.08167 1.4568941142233214 1.826759042665944 3.5479976122869163 -6.9175603648089075 6.137101081373157 44.93003516971082 -1.7032976717136017 1
Car 778 1 -1.4803461569930862 660.4297 767.497 752.4788 849.9135 1.5721580697176283 1.9186952664210923 3.7092720216965875 -6.263044498464594 5.293534697103267 37.10362305735248 -1.6475685557235933 1
Car 779 1 -1.4563246470684552 641.9309 768.22723 743.3275 866.99725 1.5597989676108444 1.6467682517565772 3.3417055989045235 -5.388721433067432 4.630646640777413 30.32190657400958 -1.6322054572576572 1
Car 780 2 1.8558488787575118 288.20404 782.5354 390.4445 846.0666 1.444171500984737 1.8819954238331429 3.9708686908152107 -19.21285137911332 6.550598022444146 46.36768529121638 1.4630259652491535 1
Car 781 2 1.898241932274059 198.08372 785.2119 324.91278 865.78784 1.5756314927572008 1.8819954238331429 3.7870824018710985 -18.22290335697747 5.9824321039525845 39.12349300771826 1.4623439036664494 1
Car 772 1 2.0430621722381828 67.76256 786.75226 246.489 883.75836 1.5894888381332413 1.8819954238331429 3.986029419541032 -17.743517861138777 5.4025608716471085 33.22090970632112 1.5525027637942226 1
bicycle 798 2 -2.990475838172818 625.9704 795.2527 728.1331 873.1574 1.24283213200636 0.6289365485090168 1.649226036703164 -4.8739476664022146 4.210438646029928 25.706838727568307 -3.1778491039316363 1
bicycle 782 2 -1.3877477406244074 1104.337 783.1741 1191.3855 918.7778 1.151836899552926 0.6043896347687472 1.7170353937957628 1.984531481921547 2.91361640952931 15.73618594168409 -1.2622974034994516 1
bicycle 783 2 -1.7348168299698874 1084.3007 773.8915 1148.3123 892.7824 1.1982483782076923 0.4943556835571276 1.7416676069913486 1.8657378588273654 3.0969981706322436 18.17332707953676 -1.6325117232257598 1
bicycle 784 1 -1.7204559015077807 1062.1816 775.00226 1126.8423 883.2511 1.1982483782076923 0.6027523386731132 1.7416676069913486 1.7549455120342048 3.2851771693757623 19.90374869323307 -1.63251172322576 1
bicycle 786 1 -2.972738199266695 584.37897 799.4393 714.12756 888.9822 1.24283213200636 0.5573903012752989 1.8246846906334704 -4.635680736361139 3.8799568325530056 22.283014344008702 -3.1778491039316363 1
bicycle 787 1 -2.994530912797476 458.92477 790.73737 669.8179 933.5308 1.3343922126605388 0.7264574627829525 2.033726011374651 -4.0927949399722445 3.1109193912812367 15.546751495136496 -3.251947539512638 1
bicycle 788 1 -0.6512888487728488 384.40784 783.6574 632.0746 986.61584 1.3079047248034987 0.720354971058321 1.8623176480206414 -3.6242235422281386 2.696131568888373 12.111610695524284 -0.942044093840253 1
bicycle_rack 789 1 -3.1405889893337626 548.77496 795.4907 702.904 897.6361 1.2378300355366851 1.0149544321895574 2.0879292690147726 -4.755485626638286 3.7451280051787466 21.257243309441385 -3.360676494564201 1
bicycle_rack 790 1 -2.96609709650153 357.8855 784.6565 652.5896 967.88806 1.3343922126605388 2.0792604446429257 2.314984012764795 -4.179999105454133 2.963217190516211 14.083370185851619 -3.254619110028358 1
bicycle_rack 791 1 -2.9511273455477207 577.2474 788.8508 736.2575 889.07825 1.2407078398349314 2.477351434550558 2.046138715121586 -4.78765916837896 3.9907524261035343 23.83719054190404 -3.149338444092039 1
bicycle_rack 792 1 -2.926271004059629 0.0 779.18915 535.414 1158.5765 1.2901382584007612 2.5347265825748178 2.101874624574989 -3.3898418845663807 2.2356736224453875 7.714624540285886 -3.3402789827651285 1
bicycle_rack 770 2 -2.9652438487237065 172.48195 788.933 558.7932 1042.3577 1.2659104739963478 1.6601298275037162 2.0765198732444836 -3.769621049974998 2.451086847498572 9.792670444766754 -3.3327031469237514 1
bicycle_rack 793 1 -2.9956687531512465 450.3428 791.4514 680.35156 931.7616 1.3343922126605388 1.0995690717598707 2.314984012764795 -4.315192717049363 3.246477058537349 16.49474883319061 -3.251544358628676 1
bicycle_rack 794 1 0.45856099939550554 0.0 791.5621 171.63399 942.4386 1.3731463756058262 7.946564100062897 1.795806947283052 -16.66556133489229 4.786980006095109 26.588043467175282 -0.10133639496312408 1
Pedestrian 774 1 1.4996945830206154 946.6552 748.8692 980.972 839.9019 1.706624298777562 0.6278088917121236 0.6655051708609292 0.04631993797098583 4.169323290361713 29.353377285726598 1.5012725922245584 1
Pedestrian 775 0 1.0549785201047424 1237.5549 709.25116 1403.7786 1056.3907 1.5671388694563477 0.5453990150610595 0.6413830792070778 1.7466328779910965 2.0017812131716326 7.321592794129348 1.2891606692137882 1
ride_other 776 0 1.5096561125157197 959.11316 782.05084 996.9087 841.2076 1.0214697053690922 0.6727828827115757 0.8839165116320448 0.3160425247931964 4.087271352181514 28.715569941026217 1.5206616320124686 1
rider 693 1 -1.582976289304303 824.8143 751.81366 882.34106 880.8312 1.5695605205395557 0.7331674434164217 0.8392092358583529 -1.4107371927943229 3.2647549235759246 19.525452038610375 -1.6551021513371171 1
Cyclist 691 0 -1.5827120991461412 824.0026 749.0627 882.4787 900.7192 1.7273270350332612 0.7283275766165394 1.9112524198431236 -1.4291067739909376 3.4384274585839973 19.6255703872694 -1.655402409893278 1
bicycle 797 2 -3.1157404489150444 506.27295 802.9434 659.30414 919.7014 1.2060007122783196 0.6793701732284699 1.7084788053240019 -4.422026929050343 3.3569129842128103 17.54740268659595 -3.362604942016831 1
Pedestrian 676 0 2.2298459429676134 1539.4015 701.40356 1699.61 1056.2517 1.4482952323563056 0.5590152419112724 0.3297912487255903 2.8819266544253344 1.800897286196964 6.567863269742298 -3.6398449030598 1
bicycle 768 1 -1.9614153801860394 1293.1301 772.0543 1456.3733 1005.7901 1.1144565826467947 0.31765909974352247 1.7284090320805379 2.4737542802625847 2.097468871485667 9.112382187014997 -1.6963323109903161 1
bicycle 677 1 -1.950825931709391 1325.4058 773.234 1477.6207 1005.5295 1.106527758416216 0.2540603609286559 1.750398717759042 2.645585968573656 2.1003031201920033 9.135300930633143 -1.668937234136113 1
Pedestrian 800 1 -3.099354333480669 278.08646 698.5276 399.16785 1138.1426 1.709191942379389 0.6091293927338207 0.4442477197916259 -2.6075078276425763 2.0371183039892364 6.297935374024249 -3.491893152352007 1
Pedestrian 801 0 -1.7517315687566613 214.84604 661.30365 432.8116 1163.4982 1.8494164906168409 0.7275231851087521 0.462212732077107 -2.53890214462024 2.004033997468397 5.957678532420507 -2.1545811913485444 1
