bicycle 769 1 -1.3272835874305062 1095.7399 773.6102 1228.7773 946.7261 1.21143989594664 0.7261900631617972 1.8954322568368918 1.8103496310309248 2.6273308457217275 13.223381046220435 -1.1912242346471322 1
bicycle 677 2 -1.971918660895749 1368.1904 780.539 1539.9983 1034.5345 1.106527758416216 0.2540603609286559 1.750398717759042 2.7451253647515017 2.0810041865722684 8.480104431972926 -1.658850681599192 1
bicycle_rack 771 1 -1.709669171190137 1031.5758 770.5234 1128.0695 876.17487 1.2475195850785963 1.1171988906414905 1.9680719566198666 1.671918168775044 3.437853790959549 21.476488974180903 -1.6319771012798179 1
Pedestrian 773 1 -1.5711001907396527 875.62366 767.5258 899.21625 837.56195 1.6261055004231457 0.566960452003692 0.584292899184205 -1.7913168792088519 5.114854686101047 36.273543681235154 -1.6204436692466886 1
Pedestrian 774 1 1.4977561193086721 962.2052 755.128 1001.492 849.393 1.706624298777562 0.6979841912620884 0.7201692094109124 0.3877567719266715 4.22211138856399 28.50542852601666 1.5113581901387745 1
Car 777 1 -1.5489906003114857 710.1883 773.35565 775.2426 837.80975 1.4568941142233214 1.826759042665944 3.5479976122869163 -6.433573134488027 6.04056782253468 44.30013001691952 -1.6932092996116646 1
Car 778 1 -1.4801239858706363 674.8856 764.53577 768.196 847.83527 1.5721580697176283 1.9186952664210923 3.7092720216965875 -5.800691570935743 5.164517790637158 36.55784018085589 -1.6374837538850795 1
Car 779 1 -1.4529983208921853 650.73676 764.3031 755.06604 865.08075 1.5597989676108444 1.6467682517565772 3.3417055989045235 -5.0526696805264395 4.477716410339317 29.590608388943657 -1.6221197283041904 1
Car 780 1 1.8596274354378357 298.65045 774.67084 401.96146 837.9825 1.444171500984737 1.8819954238331429 3.9708686908152107 -18.706682519492666 6.254604059061099 45.96335074046372 1.473108668091124 1
Car 781 2 1.9039161085413752 205.28972 770.84393 333.6186 850.49243 1.5756314927572008 1.8819954238331429 3.7870824018710985 -17.86684353375533 5.555688009280567 38.80519504143386 1.47242746492311 1
Car 772 1 2.0515993058597957 68.824844 770.3494 251.05553 866.5155 1.5894888381332413 1.8819954238331429 3.986029419541032 -17.438006873524273 4.971458420236258 32.77077960899871 1.5625866253781329 1
bicycle 782 2 -1.3944196546980758 1128.2782 784.34753 1218.1927 926.25244 1.151836899552926 0.6043896347687472 1.7170353937957628 2.160985367175124 2.858188820386194 15.09360838203499 -1.2522138415443167 1
bicycle 783 2 -1.7398250767498362 1105.6924 777.1148 1172.885 900.89923 1.1982483782076923 0.4943556835571276 1.7416676069913486 2.067352855424451 3.072290761406977 17.52902532910483 -1.622428547395137 1
bicycle 784 1 -1.7245710533605234 1082.333 776.5389 1149.7709 888.65704 1.1982483782076923 0.6027523386731132 1.7416676069913486 1.9743845821467583 3.24125374763288 19.26243605760978 -1.6224285473951374 1
bicycle 786 1 -2.9681685233120474 591.29034 795.3051 724.36475 886.92413 1.24283213200636 0.5573903012752989 1.8246846906334704 -4.39252369267798 3.751618174214862 21.714014576199254 -3.167764842469639 1
bicycle 787 1 -2.9865352559024485 458.51224 786.54816 676.6099 933.63275 1.3343922126605388 0.7264574627829525 2.033726011374651 -3.928076244487574 3.0111411849829715 15.048652256727422 -3.2418632832796788 1
bicycle 788 1 -0.6384814888029151 372.60397 780.37854 633.9775 993.7967 1.3079047248034987 0.720354971058321 1.8623176480206414 -3.484212368782623 2.60663234674775 11.529184673332452 -0.9319627801991625 1
bicycle_rack 789 1 -3.1353450046466143 554.0664 793.02576 712.37683 897.6999 1.2378300355366851 1.0149544321895574 2.0879292690147726 -4.523201534862423 3.643912303485041 20.688396352469592 -3.3505926764774254 1
bicycle_rack 790 1 -2.9561638656685267 349.8997 777.32916 659.03723 967.2127 1.3343922126605388 2.0792604446429257 2.314984012764795 -4.008690034348061 2.8293747716529145 13.513671644876323 -3.2445348722212333 1
bicycle_rack 791 1 -2.947034666161747 584.2567 785.134 747.51166 887.41595 1.2407078398349314 2.477351434550558 2.046138715121586 -4.528878655267079 3.867053742722393 23.27008407609971 -3.1392541105239173 1
bicycle_rack 792 1 -2.8989204077129562 0.0 769.29456 528.5313 1184.1943 1.2901382584007612 2.5347265825748178 2.101874624574989 -3.2652303876953948 2.1145177124013905 7.095785638947546 -3.3301951128542733 1
bicycle_rack 770 2 -2.9447187322234254 133.9244 779.89526 555.0097 1051.0503 1.2659104739963478 1.6601298275037162 2.0765198732444836 -3.6253543851196652 2.3164409086161353 9.132326781832145 -3.3226192650470647 1
bicycle_rack 793 1 -2.9879737689255905 449.9255 785.5228 687.91785 929.79346 1.3343922126605388 1.0995690717598707 2.314984012764795 -4.137036986720554 3.1208119445400673 15.96948060855879 -3.2414601689027367 1
bicycle_rack 794 1 0.4702895076614223 0.0 777.22107 172.49556 925.47363 1.3731463756058262 7.946564100062897 1.795806947283052 -16.47544358388905 4.452053973956654 26.188946404730807 -0.09125207268553326 1
moped_scooter 795 1 -1.6688625852426242 957.50665 766.27606 987.1244 827.80817 1.3656772939812294 0.5800788315403812 1.930978813278628 0.27665150281254314 5.119477378185188 38.718529944420574 -1.6617175103827557 1
Pedestrian 775 0 1.1311641104713512 1314.2109 710.38354 1523.8196 1101.4282 1.5284750207067674 0.596950813393819 0.7573746254558313 1.949871560752899 1.9208650733119021 6.446175305970301 1.4248991910586044 1
ride_other 776 0 1.5099540775391012 973.185 790.01056 1012.15625 851.27 1.0214697053690922 0.6727828827115757 0.8839165116320448 0.5790294970433985 4.14601161785135 27.844385950812974 1.5307462779668617 1
Cyclist 691 0 -1.579834797151503 835.13196 747.3024 892.5539 896.03986 1.7273270350332612 0.7283275766165394 1.9112524198431236 -1.3089683254950102 3.4413496020298604 19.96052774186552 -1.6453188757010442 1
bicycle 797 2 -3.107044905314641 505.67267 799.2013 663.68896 919.41705 1.2060007122783196 0.6793701732284699 1.7084788053240019 -4.257829195132274 3.246467718661223 16.99536284301313 -3.3525212745961754 1
bicycle 798 2 -2.9885351541687557 637.5879 788.3973 741.68976 867.5651 1.24283213200636 0.6289365485090168 1.649226036703164 -4.5656635962749474 4.034756916473053 25.20045975465141 -3.167764842469639 1
Pedestrian 676 0 2.18935051360139 1621.0359 705.59503 1803.7926 1101.8368 1.4482952323563056 0.5590152419112724 0.3297912487255903 2.9642889136838524 1.7853716511167095 5.922306830442891 -3.6297637233169486 1
rider 693 1 -1.578952317328264 834.1675 751.66547 890.9389 878.9578 1.5695605205395557 0.7331674434164217 0.8392092358583529 -1.308230713802137 3.283467128209071 19.772894982259672 -1.645018858303539 1
bicycle 768 1 -1.9785373448687789 1329.206 778.4883 1511.4497 1033.928 1.1144565826467947 0.31765909974352247 1.7284090320805379 2.5443967361480007 2.07294435172734 8.455672642468764 -1.686245866739881 1
Pedestrian 800 1 -3.1386009202602185 244.59065 682.8957 376.6422 1164.2474 1.709191942379389 0.6091293927338207 0.4442477197916259 -2.503711853363725 1.947086620011411 5.7663038522787 -3.548235651064659 1
Pedestrian 801 0 -1.7142341216699808 158.0652 637.72565 391.9913 1196.4005 1.8494164906168409 0.7021355802804494 0.462212732077107 -2.4566098390491886 1.8986387968199923 5.3528546685861365 -2.144493115476633 1
