bicycle 667 1 -2.3712626372125145 1652.7684 790.00073 1935.0 1215.0 1.0536274572464737 0.41306313990262544 1.9432834042963194 2.4389215759598057 1.5516043527876708 3.5172886303776907 -1.7649734923331886 1
bicycle 769 2 -1.289529114057755 974.2985 789.7761 1089.0652 932.9547 1.21143989594664 0.7261900631617972 1.8954322568368918 0.7833544202525605 3.08769193332518 16.003421102719262 -1.2406189674001407 1
bicycle_rack 789 1 3.1244422397710476 522.2665 810.0149 663.91156 905.0365 1.2378300355366851 1.0149544321895574 2.0879292690147726 -5.705533116963542 4.202155718295506 23.18967544857635 -3.399988991698625 1
bicycle_rack 771 1 -1.6991127909472987 947.4644 784.004 1031.3142 878.4679 1.2475195850785963 1.1171988906414905 1.9680719566198666 0.43102459316433117 3.942599667661237 24.291584877044677 -1.681370870482467 1
Car 772 2 2.0182469371037643 44.915157 792.6672 214.01694 886.475 1.5894888381332413 1.8819954238331429 3.986029419541032 -19.181910647649467 5.7109890701241675 34.694078677701796 1.5131897989263488 1
Pedestrian 773 2 -1.5748184782760397 808.143 784.8345 829.3984 851.5488 1.6261055004231457 0.5371976058567652 0.5709200155713748 -3.645846721818418 5.750194048727591 38.250726614354676 -1.669845846087349 1
Pedestrian 774 1 1.5018038490523955 886.52313 768.82983 917.0481 852.09546 1.706624298777562 0.6137738318021312 0.6655051708609292 -1.2868439092856017 4.847962726126346 32.27428748294742 1.461952849254991 1
ride_other 776 0 1.519412591730098 887.5296 799.9761 921.54626 854.4024 1.0214697053690922 0.6727828827115757 0.8839165116320448 -1.2020682432872247 4.771658070427397 31.56245439474205 1.481345604450718 1
rider 693 1 -1.596899334821558 785.3895 763.72687 846.05695 899.4317 1.5695605205395557 0.7331674434164217 0.8392092358583529 -1.8277920300452017 3.3486525195134504 18.70256801809321 -1.694319434522041 1
Car 1343 1 -1.0229308448362806 0.0 686.55347 369.0006 1215.0 1.4545011685038651 1.751076409751192 4.057169542682966 -2.693920422495773 1.6757431697363194 3.231077552117797 -1.7179167092216177 1
Car 777 1 -1.5562448357373038 647.38635 786.8288 709.1901 849.19086 1.4568941142233214 1.826759042665944 3.5479976122869163 -8.811835649339947 6.7230241891541205 46.72927921376324 -1.7426282182953452 1
Car 778 1 -1.4892510380171131 616.2893 777.8724 702.9895 857.3542 1.5721580697176283 1.9186952664210923 3.7092720216965875 -7.820211655029374 5.766785757071773 39.05260466426699 -1.686885187773079 1
Car 779 1 -1.4663479385272662 600.33966 780.2135 694.66907 874.42914 1.5597989676108444 1.6467682517565772 3.3417055989045235 -6.713002314809493 5.091283366734524 32.2575664172985 -1.6715257142636637 1
Car 781 1 1.878616578729312 165.03175 786.3162 286.06772 864.2793 1.5756314927572008 1.8819954238331429 3.7870824018710985 -19.874835747635558 6.171216385581014 40.56409151474156 1.4230321185292691 1
Cyclist 691 0 -1.5957759666466798 783.8481 760.4076 845.8288 920.1062 1.7273270350332612 0.7283275766165394 1.9112524198431236 -1.8648828180311956 3.52578526620373 18.85405318585047 -1.694366787783015 1
bicycle 782 2 -1.370113689017169 1023.09033 795.23553 1101.4027 914.6786 1.151836899552926 0.6043896347687472 1.7170353937957628 1.229461867998175 3.2963110969364258 17.91909114396755 -1.3016092083059279 1
bicycle 783 2 -1.7217834861418597 1009.5503 791.9767 1064.835 899.27954 1.1982483782076923 0.4943556835571276 1.7416676069913486 1.0184086034144422 3.5733173587600033 20.36691219739993 -1.6718220051980135 1
bicycle 784 2 -1.709981469046836 991.00354 790.4799 1047.8815 889.02045 1.1982483782076923 0.6027523386731132 1.7416676069913486 0.8435611921388884 3.744040084479996 22.095480866245204 -1.6718220051980137 1
bicycle 786 1 -2.988862478821207 553.1122 806.51215 672.77057 889.5984 1.24283213200636 0.5573903012752989 1.8246846906334704 -5.630476259112958 4.227851693086899 24.232543504975048 -3.2171634019187745 1
bicycle 787 1 -3.022262790201997 452.98663 800.77185 639.5757 928.6448 1.3343922126605388 0.7264574627829525 2.033726011374651 -4.830348394633676 3.4551013335887957 17.521545586750563 -3.2912615435686017 1
bicycle 788 2 -0.6903033209493268 404.04608 801.5085 614.02515 976.6159 1.3079047248034987 0.720354971058321 1.8623176480206414 -4.226458939842259 3.08925728537855 14.109376559148622 -0.9813469075391926 1
bicycle_rack 790 1 -2.9970987393173214 367.4299 795.1477 621.2456 957.15485 1.3343922126605388 2.0792604446429257 2.314984012764795 -4.909171406613729 3.2985674176254007 16.04980870668237 -3.293933052012958 1
bicycle_rack 791 1 -2.9653839240931696 545.03973 800.6757 691.11365 894.90594 1.2407078398349314 2.477351434550558 2.046138715121586 -5.851582371645652 4.421047803151167 25.771707546331086 -3.188653014010023 1
bicycle_rack 770 2 -3.0183078800548833 238.16801 801.45886 551.77405 1015.64307 1.2659104739963478 1.6601298275037162 2.0765198732444836 -4.2858547124099236 2.7597435372729553 11.607352158588222 -3.3720158136277485 1
bicycle_rack 792 1 -3.0047633226628943 131.47871 792.19904 549.637 1092.2239 1.2901382584007612 2.5347265825748178 2.101874624574989 -3.761175293267032 2.5251538243198044 9.560001463634961 -3.3795916503032815 1
bicycle_rack 793 1 -3.0218575390279834 442.7069 801.8105 647.34766 928.64404 1.3343922126605388 1.0995690717598707 2.314984012764795 -5.085307409323149 3.601269828057139 18.446241396675838 -3.2908582278022873 1
bicycle_rack 794 2 0.4312240238713426 0.0 795.088 136.59673 939.22925 1.3731463756058262 7.946564100062897 1.795806947283052 -17.95285060475947 5.0096343001627925 27.89370498374626 -0.14065062365915648 1
Pedestrian 775 0 1.320268883681651 1036.7299 758.72076 1143.5863 1011.1629 1.5671388694563477 0.5582869646442383 0.7187107767062367 0.8601986028195887 2.507579073173372 10.108790065011545 1.4051585031062719 1
bicycle 797 2 -3.13763194871628 486.99838 816.7373 624.3713 922.447 1.2060007122783196 0.6793701732284699 1.7084788053240019 -5.303713770365069 3.79047828123292 19.59876566832911 -3.4019166123960636 1
bicycle 798 2 -3.0004150063932116 583.35175 803.99426 679.25464 877.5078 1.24283213200636 0.6289365485090168 1.649226036703164 -6.053437529944718 4.580022255066016 27.489673985984908 -3.2171634019187745 1
Pedestrian 676 0 2.3341074898795524 1320.6855 736.40485 1431.3474 998.5397 1.4482952323563056 0.5590152419112724 0.3297912487255903 2.4522724644056764 2.1333641929373317 8.863079530268166 -3.679146662470863 1
bicycle 768 0 -1.9016767861149193 1158.1185 789.06866 1274.0527 976.0668 1.1144565826467947 0.31765909974352247 1.7284090320805379 1.8991269813764693 2.455124931606607 11.33375397485365 -1.7356553410733488 1
bicycle 677 1 -1.8923644673078006 1190.3086 792.896 1297.1704 979.05206 1.106527758416216 0.2540603609286559 1.750398717759042 2.1171869038190385 2.483145577841616 11.369742983999078 -1.7082606961223503 1
Pedestrian 800 1 3.094601958942536 383.9344 733.9699 473.89978 1064.4836 1.709191942379389 0.6091293927338207 0.4442477197916259 -2.975262880693791 2.3442779635604394 8.341296846496595 -3.5312062092273595 1
Pedestrian 801 0 -1.84493611252772 330.26526 704.94324 503.13132 1075.8973 1.8494164906168409 0.778298394765342 0.462212732077107 -2.9289541887271087 2.3024811141742556 8.049529801973957 -2.193910355058552 1
