bicycle 667 2 -2.4340737363288087 1743.6843 787.0557 1935.0 1215.0 1.0536274572464737 0.41306313990262544 1.9432834042963194 2.487479970965815 1.4979001212599323 3.104052221092812 -1.7585008029396976 1
bicycle 769 1 -1.301973556392832 1002.0728 786.78986 1117.895 933.38 1.21143989594664 0.7261900631617972 1.8954322568368918 1.060624056493891 3.011567550548579 15.613930745417385 -1.2341496844199031 1
bicycle_rack 771 1 -1.700119527133488 958.0596 780.82446 1043.1975 876.30975 1.2475195850785963 1.1171988906414905 1.9680719566198666 0.6043772882018469 3.8539908570565875 23.961205286859954 -1.6749017152565764 1
Pedestrian 773 2 -1.5735172695123445 814.5282 779.0591 838.5759 846.17816 1.6261055004231457 0.6041640096873477 0.5842928991842202 -3.4251350078931524 5.577758589803258 38.014413523927 -1.6633755878247847 1
Pedestrian 774 1 1.5007116535548766 898.64355 757.34503 927.5696 841.2602 1.706624298777562 0.5716686520721594 0.6655051708609292 -1.030718259902459 4.564824578950028 31.91141793393674 1.4684235222504034 1
ride_other 776 0 1.5171107769964318 900.454 788.2721 934.9009 842.88043 1.0214697053690922 0.6727828827115757 0.8839165116320448 -0.9155548528965606 4.4859477530190714 31.243879510275352 1.4878156657154311 1
rider 693 1 -1.5960516395618842 794.07416 758.29065 854.333 892.94135 1.5695605205395557 0.7331674434164217 0.8392092358583529 -1.7308555846255431 3.287680024131131 18.802041074710864 -1.68784970220862 1
Car 1343 1 -0.975663298026343 0.0 662.63135 351.64032 1215.0 1.4545011685038651 1.751076409751192 4.057169542682966 -2.6400428839014984 1.58185912439226 2.9159526088060765 -1.7114424051250685 1
Car 777 1 -1.5554513667770864 656.02814 775.8304 718.0247 837.48193 1.4568941142233214 1.826759042665944 3.5479976122869163 -8.503389729386761 6.346217878844337 46.543585596291166 -1.7361557691151406 1
Car 778 1 -1.4890832851312772 625.79443 775.31055 713.01984 855.05804 1.5721580697176283 1.9186952664210923 3.7092720216965875 -7.511840969225816 5.668693305908851 38.780561500221516 -1.6804150274107013 1
Car 779 1 -1.4646467047022516 607.1363 776.4471 702.6355 871.2293 1.5597989676108444 1.6467682517565772 3.3417055989045235 -6.48379201401809 4.970865456569497 31.918620065235796 -1.665054956348421 1
Car 781 1 1.881275155894936 171.69566 786.42395 293.45764 864.772 1.5756314927572008 1.8819954238331429 3.7870824018710985 -19.583686983958 6.151606745501619 40.35839103324465 1.4295014803076866 1
Car 772 1 2.0215481502782957 50.49268 785.3042 220.6967 878.67084 1.5894888381332413 1.8819954238331429 3.986029419541032 -18.933288087992054 5.508939453581487 34.50210201215015 1.5196593557797775 1
bicycle 782 2 -1.3722494839118886 1035.3414 791.36615 1114.9247 912.8141 1.151836899552926 0.6043896347687472 1.7170353937957628 1.3584251296523744 3.2101022323184987 17.581869981456435 -1.295139841348794 1
bicycle 783 2 -1.7235094203319992 1021.30786 787.6957 1077.7528 896.4426 1.1982483782076923 0.4943556835571276 1.7416676069913486 1.1664218336009684 3.476105753783716 20.033976049994596 -1.6653528907873627 1
bicycle 784 2 -1.7114267766493518 1002.37366 786.52344 1060.3049 886.2635 1.1982483782076923 0.6027523386731132 1.7416676069913486 1.003438991658018 3.6471801522600327 21.763496565865083 -1.665352890787363 1
bicycle 786 1 -2.986534881680801 558.932 805.7432 679.98395 889.733 1.24283213200636 0.5573903012752989 1.8246846906334704 -5.457793856368947 4.178985634657466 23.938716918961074 -3.2106936499891225 1
bicycle 787 1 -3.018350051677962 455.39255 797.94434 645.2686 927.7647 1.3343922126605388 0.7264574627829525 2.033726011374651 -4.700281647323159 3.385572205955746 17.221491013606048 -3.2847918699252796 1
bicycle 788 2 -0.6848437152336013 403.08902 791.7729 617.961 969.4387 1.3079047248034987 0.720354971058321 1.8623176480206414 -4.121413131679004 2.95742092976116 13.80933389478763 -0.9748790444328025 1
bicycle_rack 789 1 3.127485665842741 526.7507 802.0419 670.0881 897.62305 1.2378300355366851 1.0149544321895574 2.0879292690147726 -5.552375729449775 4.040105552951713 22.905152945693043 -3.3935195439672015 1
bicycle_rack 790 1 -2.995303956163968 372.4657 789.1163 630.8854 953.1056 1.3343922126605388 2.0792604446429257 2.314984012764795 -4.740857773700611 3.1967424599822074 15.762610167238545 -3.28746338751363 1
bicycle_rack 791 1 -2.9632092407790034 550.8242 796.1708 698.6883 890.9339 1.2407078398349314 2.477351434550558 2.046138715121586 -5.671019906463223 4.305744251351424 25.482880848554963 -3.1821832183483805 1
bicycle_rack 770 2 -3.008913549437077 227.24844 796.08685 551.21277 1014.94714 1.2659104739963478 1.6601298275037162 2.0765198732444836 -4.216188296010165 2.6804108732262546 11.316699019117637 -3.3655463466535522 1
bicycle_rack 792 1 -2.9947423079973214 113.31802 782.3186 550.5431 1090.0424 1.2901382584007612 2.5347265825748178 2.101874624574989 -3.6785177129629827 2.419437500339809 9.253309835397092 -3.3731221779964544 1
bicycle_rack 793 1 -3.017990399628567 445.0855 796.74115 653.15424 925.1038 1.3343922126605388 1.0995690717598707 2.314984012764795 -4.953703201500454 3.501839887327787 18.153129039871025 -3.2843885627386533 1
bicycle_rack 794 2 0.43393499421430537 0.0 791.30774 145.55363 935.31525 1.3731463756058262 7.946564100062897 1.795806947283052 -17.678285324782177 4.906535506902763 27.695297704862917 -0.1341809166503447 1
moped_scooter 795 2 -1.6664015160670587 890.50525 776.2784 918.19995 834.59674 1.3656772939812294 0.5800788315403812 1.930978813278628 -1.57604551390973 5.635453751077738 41.18446358013863 -1.7046508147706385 1
Pedestrian 775 0 1.3128244354757437 1052.512 750.5641 1171.4597 1016.4406 1.5671388694563477 0.5582869646442383 0.912030020454137 0.9691386018653647 2.4302448848387597 9.776588239243079 1.4116301499882384 1
Cyclist 691 0 -1.5952389725373337 793.0331 755.6218 854.5212 913.7319 1.7273270350332612 0.7283275766165394 1.9112524198431236 -1.7626848800636314 3.472191726968768 18.969151739126886 -1.6878966483594007 1
bicycle 797 2 -3.136414316667381 494.28647 805.86395 633.8331 912.6595 1.2060007122783196 0.6793701732284699 1.7084788053240019 -5.106934805785003 3.6039247853663268 19.27244215626776 -3.395447326879883 1
bicycle 798 2 -3.0010451447895634 593.921 801.1869 690.90265 875.50446 1.24283213200636 0.6289365485090168 1.649226036703164 -5.774341409988351 4.4856761514742285 27.13825013003937 -3.2106936499891225 1
Pedestrian 676 0 2.3169775625189613 1355.8942 733.70325 1472.8645 1008.087 1.4482952323563056 0.5590152419112724 0.3297912487255903 2.5618099692349885 2.088569409478947 8.475523275000343 -3.6726790308804445 1
bicycle 768 0 -1.908916996827779 1176.8502 787.98267 1298.2812 981.1449 1.1144565826467947 0.31765909974352247 1.7284090320805379 1.996799244691429 2.4087484885547297 10.98992825147042 -1.7291841286206395 1
bicycle 677 1 -1.9008794520786476 1211.1367 789.9114 1323.5436 981.82043 1.106527758416216 0.2540603609286559 1.750398717759042 2.224990735622125 2.4209460042885587 11.027751818971101 -1.7017894115437349 1
Pedestrian 800 1 3.10826519494362 371.1439 723.47455 462.49603 1063.4564 1.709191942379389 0.6091293927338207 0.4442477197916259 -2.953463049246442 2.2669378033521763 8.095658863611385 -3.5247366410176966 1
Pedestrian 801 0 -1.8305258201938999 305.75766 698.65894 500.1039 1088.5913 1.8494164906168409 0.8459986743074683 0.462212732077107 -2.867433870215772 2.2500825244041747 7.689926851873695 -2.187438158259649 1
