bicycle 769 1 -1.3131945282150839 1054.3325 771.8897 1180.8333 932.77124 1.21143989594664 0.7261900631617972 1.8954322568368918 1.5089321758682548 2.7001073240216913 14.13034676690923 -1.206811048581969 1
bicycle_rack 771 1 -1.705140475598629 1003.6371 768.93427 1095.1254 869.62244 1.2475195850785963 1.1171988906414905 1.9680719566198666 1.2958994294095618 3.511574451859083 22.48241857475022 -1.6475636139892222 1
moped_scooter 795 1 -1.665418716466359 929.5125 767.58685 958.1429 827.6244 1.3656772939812294 0.5800788315403812 1.930978813278628 -0.47221092778137796 5.249955387852918 39.71823657945416 -1.6773071768189802 1
Pedestrian 773 1 -1.5706297421571151 852.5159 767.9322 874.11914 836.43427 1.6261055004231457 0.5297568943200373 0.5575471319585082 -2.425256525670004 5.196035687044404 37.02879353554864 -1.6360328310651469 1
Car 1343 2 -0.6551857541595736 0.0 0.0 1935.0 1215.0 1.4545011685038651 1.751076409751192 4.057169542682966 -2.534480252992748 1.4212001729792516 1.5257941848623076 -1.6840825536319963 1
Car 777 1 -1.5514847078668819 690.9969 774.5484 754.5297 837.72235 1.4568941142233214 1.826759042665944 3.5479976122869163 -7.184501399154277 6.177602626150812 45.29097687394805 -1.7088037469802644 1
Car 778 1 -1.4824029781047092 655.72156 767.14795 746.6666 848.761 1.5721580697176283 1.9186952664210923 3.7092720216965875 -6.454978049663408 5.318133591771331 37.45352568437367 -1.653072682423356 1
Car 779 1 -1.458001868240389 636.7295 767.8127 736.8333 865.45575 1.5597989676108444 1.6467682517565772 3.3417055989045235 -5.5686522144223085 4.653771794895529 30.6528886529179 -1.6377100904704354 1
Car 780 2 1.853415014925665 283.1917 783.68 384.73447 846.99536 1.444171500984737 1.8819954238331429 3.9708686908152107 -19.48417768867096 6.614607232823689 46.61740425972174 1.4575229848533167 1
Car 781 1 1.8943421953814124 196.0773 787.14777 321.21536 867.10706 1.5756314927572008 1.8819954238331429 3.7870824018710985 -18.487666575750783 6.0797671409158855 39.52618328753749 1.4568404545742433 1
Car 772 1 2.0400325894584865 63.582382 788.5098 241.23776 885.29614 1.5894888381332413 1.8819954238331429 3.986029419541032 -17.938243299031946 5.462619385605294 33.38646186272987 1.5469991503839173 1
bicycle 782 2 -1.384274333579882 1091.5929 779.99646 1177.0333 911.8777 1.151836899552926 0.6043896347687472 1.7170353937957628 1.8849521305218835 2.9170289860625145 16.110282056779813 -1.2678008536928502 1
bicycle 783 2 -1.7322181560449281 1072.8406 770.5226 1135.1603 886.5839 1.1982483782076923 0.4943556835571276 1.7416676069913486 1.7523880804887764 3.0905702706773543 18.547155668086777 -1.6380149619151687 1
bicycle 784 2 -1.7182637009407171 1051.2836 771.178 1114.44 877.0159 1.1982483782076923 0.6027523386731132 1.7416676069913486 1.630773748910926 3.268733149821105 20.27784627181766 -1.6380149619151687 1
bicycle 786 1 -2.9754398430278357 580.95807 799.33875 708.82416 887.6374 1.24283213200636 0.5573903012752989 1.8246846906334704 -4.771203929467522 3.917909334953867 22.616447695649427 -3.183352925485356 1
bicycle 787 1 -2.999466690357208 460.44125 790.83014 666.6894 930.675 1.3343922126605388 0.7264574627829525 2.033726011374651 -4.191012524702267 3.1498342461892976 15.88318576383364 -3.2574513461241414 1
bicycle 788 1 -0.6584328016495935 391.04056 784.0357 631.3228 981.12976 1.3079047248034987 0.720354971058321 1.8623176480206414 -3.7034072524378248 2.7356631555926856 12.450620543741818 -0.9475463068094919 1
bicycle_rack 789 1 3.1395342668664714 546.2357 795.4528 698.00977 896.0723 1.2378300355366851 1.0149544321895574 2.0879292690147726 -4.885313864945125 3.783093919203369 21.590025731923113 -3.366180070913363 1
bicycle_rack 790 1 -2.9722124148679407 363.4796 784.8956 650.0929 963.7384 1.3343922126605388 2.0792604446429257 2.314984012764795 -4.27012262322875 3.00220621218159 14.419337097188519 -3.260122907013819 1
bicycle_rack 791 1 -2.9535513465932794 573.7561 789.5891 730.3616 888.5518 1.2407078398349314 2.477351434550558 2.046138715121586 -4.931700666990774 4.040240013302732 24.168559116063328 -3.1548423045989686 1
bicycle_rack 770 2 -2.97542829902528 188.519 789.2209 561.11725 1035.1621 1.2659104739963478 1.6601298275037162 2.0765198732444836 -3.8235906885657633 2.484517966918756 10.073259813572392 -3.338206754595108 1
bicycle_rack 792 1 -2.946015772186478 12.6104555 778.4722 548.74744 1141.4906 1.2901382584007612 2.5347265825748178 2.101874624574989 -3.379838577673362 2.2609502707835865 7.999270006667572 -3.3457825860033 1
bicycle_rack 793 1 -3.000294789143962 451.52072 791.50977 676.66943 929.0881 1.3343922126605388 1.0995690717598707 2.314984012764795 -4.4186757543768165 3.285160502244441 16.829965497264116 -3.2570481344351396 1
bicycle_rack 794 1 0.4568015003129945 0.0 796.64124 162.84384 948.01556 1.3731463756058262 7.946564100062897 1.795806947283052 -16.93465856653055 4.91495955912381 26.793889748348395 -0.10684023617293548 1
Pedestrian 774 1 1.5023916651003728 935.685 750.74286 967.3792 840.6796 1.706624298777562 0.5857037119821455 0.6655051708609292 -0.19686756900523733 4.237527114029942 29.72155124897835 1.4957680306769414 1
Pedestrian 775 0 1.1501290404899964 1183.2485 714.52997 1359.8336 1045.1183 1.5671388694563477 0.5969508133938313 0.8862541212877455 1.6082373144820867 2.067827446999538 7.856230983685538 1.3520478841849042 1
ride_other 776 0 1.5139904197798322 944.6909 783.477 981.88635 842.0513 1.0214697053690922 0.6727828827115757 0.8839165116320448 0.03388292977898281 4.148614582401839 29.029961830128656 1.5151575902567056 1
Cyclist 691 0 -1.5837274565567394 817.1841 747.12946 875.95667 899.33984 1.7273270350332612 0.7283275766165394 1.9112524198431236 -1.5108172184843867 3.404653554664182 19.536768543715503 -1.6609058442658629 1
bicycle 797 2 -3.119975109974557 506.01358 806.8469 655.8421 921.4384 1.2060007122783196 0.6793701732284699 1.7084788053240019 -4.540643269723666 3.4501650040272915 17.92209619112626 -3.3681084255512905 1
bicycle 798 2 -2.9929297059135296 621.90106 793.40906 722.7642 870.3283 1.24283213200636 0.6289365485090168 1.649226036703164 -5.0193134021315 4.216295141409115 26.03935486274401 -3.183352925485356 1
Pedestrian 676 0 2.2568308676159443 1487.8231 696.6296 1636.3602 1029.9941 1.4482952323563056 0.5590152419112724 0.3297912487255903 2.7884530164682295 1.797756465149274 6.961015982926042 -3.645347019366813 1
rider 693 1 -1.5840148829226837 817.9868 750.5301 875.80646 880.14136 1.5695605205395557 0.7331674434164217 0.8392092358583529 -1.4914140740254611 3.240118257699349 19.43446357190392 -1.6606054540125805 1
bicycle 768 1 -1.9517579841784334 1272.9269 770.4804 1426.6187 993.69836 1.1144565826467947 0.31765909974352247 1.7284090320805379 2.4220436492177435 2.1236082195745962 9.488632466773087 -1.701837333947923 1
bicycle 677 1 -1.9395052628254041 1302.3774 769.4913 1444.9032 990.8704 1.106527758416216 0.2540603609286559 1.750398717759042 2.5822569145985055 2.111751800743952 9.512822269126277 -1.6744423166299025 1
Pedestrian 800 1 -3.1156169581728577 302.37524 702.23456 414.0506 1114.5929 1.709191942379389 0.6091293927338207 0.4442477197916259 -2.6889279299448026 2.074324823816119 6.697573095002679 -3.497396782201033 1
Pedestrian 801 0 -1.769908097680292 240.45908 668.2051 451.52585 1143.4731 1.8494164906168409 0.7444482549942838 0.462212732077107 -2.587283863996438 2.0431618285044415 6.291050957495036 -2.1600870948236324 1
