bicycle 768 0 -2.0601548909994745 1455.1763 783.9306 1731.541 1129.6381 1.1144565826467947 0.31765909974352247 1.7284090320805379 2.6703462065407364 1.8990751951977285 6.502371911508325 -1.6704819591120335 1
bicycle 769 0 -1.3545345026794413 1150.7246 776.24854 1303.1791 984.8098 1.21143989594664 0.7261900631617972 1.8954322568368918 2.0224672875926224 2.444935116069752 11.173336927603197 -1.1754650311254518 1
bicycle 677 1 -2.062966963806585 1512.5764 782.59393 1780.637 1124.5082 1.106527758416216 0.2540603609286559 1.750398717759042 2.9176415993039657 1.8887176966876567 6.535510163397788 -1.6430866068192147 1
bicycle_rack 770 2 -2.8605868951369344 0.0 778.721 491.4578 1127.303 1.2659104739963478 1.6601298275037162 2.0765198732444836 -3.4898709487269097 2.1179517011538764 7.293876247271832 -3.3068592812301905 1
bicycle_rack 771 1 -1.7216951654562118 1067.8888 772.8288 1176.675 890.4554 1.2475195850785963 1.1171988906414905 1.9680719566198666 2.054442068556611 3.2668613448061103 19.40535148031019 -1.6162181999623815 1
Car 772 1 2.07720846172111 41.5494 774.01324 238.82834 876.46185 1.5894888381332413 1.8819954238331429 3.986029419541032 -16.90298286745637 4.88246621280111 31.024567954061517 -4.704838810164404 1
Pedestrian 773 0 -1.5673130717139663 894.1881 767.14435 916.44476 839.82214 1.6261055004231457 0.5148754712465702 0.570920015571346 -1.3049665636114889 4.9742051828912786 34.904821811087444 -1.6046820941546964 1
Pedestrian 774 1 1.4879115586820637 1000.16254 749.7265 1040.2399 854.75214 1.706624298777562 0.6278088917121218 0.6967417643180678 1.0012277380239298 3.8672427584430866 25.52243456277959 1.5271207728207505 1
ride_other 776 0 1.5007058628799408 1008.10846 790.53986 1052.293 859.27246 1.0214697053690922 0.6727828827115757 0.8839165116320448 1.1386838708658504 3.8231185263913163 24.843885996599347 1.5465073741312634 1
rider 693 1 -1.5719817834274235 848.0042 752.15 903.0536 875.5558 1.5695605205395557 0.7331674434164217 0.8392092358583529 -1.1679633511460568 3.340272183579671 20.368797243153978 -1.6292598730959271 1
Car 777 1 -1.543541201699572 724.0397 769.81915 792.59534 836.8644 1.4568941142233214 1.826759042665944 3.5479976122869163 -5.712085950917475 5.746522855245651 42.40371010460194 -1.677442379950118 1
Car 778 1 -1.4710844808069763 681.6362 763.9972 781.4426 851.9808 1.5721580697176283 1.9186952664210923 3.7092720216965875 -5.257076389720287 4.9705085321335885 34.634383649594035 -1.6217224134874197 1
Car 779 1 -1.443544810808414 655.7075 766.41797 768.6084 874.53033 1.5597989676108444 1.6467682517565772 3.3417055989045235 -4.554000909334342 4.344153563041264 27.72330763277946 -1.6063569415432575 1
Car 780 1 1.8747007369088646 296.6125 783.9644 405.9431 850.80615 1.444171500984737 1.8819954238331429 3.9708686908152107 -17.933927014384693 6.359069047048617 44.151212683697324 1.4888667317926458 1
Car 781 1 1.9231390370373669 194.02391 775.1943 331.5362 859.40643 1.5756314927572008 1.8819954238331429 3.7870824018710985 -17.171951329261823 5.487508839787554 36.95845541057328 1.4881868691549007 1
bicycle 782 2 -1.42075697819129 1187.8306 783.10925 1286.9169 947.3223 1.151836899552926 0.6043896347687472 1.7170353937957628 2.452061323866799 2.6397085530306206 13.153561873395102 -1.236454439504929 1
bicycle 783 1 -1.758123006688875 1152.0397 776.83734 1231.4017 917.7745 1.1982483782076923 0.4943556835571276 1.7416676069913486 2.363991558198551 2.8612906605937054 15.489192401760983 -1.6066697452463796 1
bicycle 784 1 -1.739576293809518 1124.2189 776.31195 1202.0836 902.2742 1.1982483782076923 0.6027523386731132 1.7416676069913486 2.3029425791337683 3.0315269505872067 17.225387064934196 -1.6066697452463794 1
bicycle 785 2 1.3836771622111514 689.706 789.9394 749.5244 882.1959 1.2226465255012173 0.6166695365993015 1.9252847600356724 -3.9658294487153243 4.031720206079229 24.443094246766616 1.2228313306597074 1
bicycle 786 1 -2.9506762959684574 581.8199 798.9338 728.16486 899.37177 1.24283213200636 0.5573903012752989 1.8246846906334704 -4.039408106442284 3.579698954271999 19.79199930708999 -3.1520042973568305 1
bicycle 787 1 -2.9574685524413447 418.81088 789.36316 671.7154 958.81573 1.3343922126605388 0.7264574627829525 2.033726011374651 -3.604444763504399 2.8236039353217555 13.093349622408622 -3.226102688937738 1
bicycle 788 1 -0.586220623819559 279.01352 771.7563 601.6209 1031.1686 1.3079047248034987 0.720354971058321 1.8623176480206414 -3.282097312399176 2.3430172293093197 9.58250091612222 -0.91620684324383 1
bicycle_rack 789 1 -3.119420475205157 544.8272 796.30676 719.4832 911.8099 1.2378300355366851 1.0149544321895574 2.0879292690147726 -4.113239633645782 3.4725764889378237 18.798461439423956 -3.3348328089298183 1
bicycle_rack 790 1 -2.912353412392873 265.88995 780.1413 640.5408 1005.32947 1.3343922126605388 2.0792604446429257 2.314984012764795 -3.7866661595104354 2.6529478008735228 11.565096079408365 -3.228774308716443 1
bicycle_rack 791 1 -2.9332338643716556 577.9782 788.4662 758.2279 901.4781 1.2407078398349314 2.477351434550558 2.046138715121586 -4.1047912306289165 3.709430692413565 21.313732374985896 -3.1234934508336782 1
bicycle_rack 792 1 -2.7720248547114217 0.0 758.55835 440.94177 1215.0 1.2901382584007612 2.5347265825748178 2.101874624574989 -3.1099122076718966 1.8790604153275978 5.159875270849573 -3.3144351576949775 1
bicycle_rack 793 1 -2.9570116173729803 405.61594 788.03204 680.7092 953.2277 1.3343922126605388 1.0995690717598707 2.314984012764795 -3.8545776343014513 2.931872373451676 13.999019962844825 -3.2256997045706557 1
bicycle_rack 794 2 0.5049425169770267 0.0 777.0595 150.48253 937.5155 1.3731463756058262 7.946564100062897 1.795806947283052 -16.04742744895738 4.273025450410636 24.47042185041654 -0.07549136826451441 1
moped_scooter 795 0 -1.6696954334425493 981.52783 767.94073 1012.83777 832.9883 1.3656772939812294 0.5800788315403812 1.930978813278628 0.8717109974185336 4.971449301416478 36.71216801794086 -1.645955423621622 1
Pedestrian 775 0 2.093631277129247 1643.3815 671.58026 1935.0 1215.0 1.4975483929540299 0.6313924075065054 0.5367914942832726 2.2214621587656747 1.631274226857961 3.8758434871125607 -3.6691068230482236 1
Pedestrian 796 1 1.593637749623535 915.67993 766.7065 936.4231 818.02045 1.6950351652311444 0.6972942916241842 0.5398477732014211 -1.2030985491731645 6.572246227541982 51.16266450715042 1.5701269165196567 1
Cyclist 691 0 -1.5711765931923718 845.96436 748.71246 901.7569 893.31573 1.7273270350332612 0.7283275766165394 1.9112524198431236 -1.198765185780811 3.506151968675032 20.50947154248485 -1.6295595140053987 1
bicycle 797 2 -3.0936974635765475 500.99704 802.3833 674.68524 934.6234 1.2060007122783196 0.6793701732284699 1.7084788053240019 -3.837645179531222 3.102010043235791 15.476448955275432 -3.336761592242678 1
bicycle 798 2 -2.975355100680563 636.6815 793.8421 750.36395 880.1229 1.24283213200636 0.6289365485090168 1.649226036703164 -4.1288598243151595 3.892324270230983 23.129588766014308 -3.1520042973568305 1
bicycle_rack 799 2 -3.1346564429542823 719.57574 774.07184 797.9486 832.24634 1.293087350315608 4.443183222162324 2.3609540420757718 -6.434051631526315 6.282425812453917 47.66403189368357 -3.2688329590373932 1
Pedestrian 800 1 3.0351432324347445 0.0 626.57874 140.43994 1215.0 1.709191942379389 0.6091293927338207 0.4442477197916259 -2.376745880566543 1.7138578472238764 3.769745864804008 -3.8105716993799583 1
Pedestrian 801 2 -1.524708710043416 0.0 531.55286 106.93712 1215.0 1.8494164906168409 0.6852105103949307 0.5637631513902887 -2.364081728966387 1.6618258348899553 3.4259494508445827 -2.128726610600528 1
