bicycle 769 0 -1.504771844156302 1412.0717 780.99084 1619.5267 1160.1644 1.21143989594664 0.7261900631617972 1.8954322568368918 2.5059173737820015 2.0086695615645183 6.624909872834739 -1.1431489370768702 1
bicycle 782 1 -1.5400092450317593 1417.5537 796.0466 1540.092 1060.4531 1.151836899552926 0.6043896347687472 1.7170353937957628 3.0030583331062495 2.2404621004772953 8.602328644802276 -1.2041379447843392 1
bicycle_rack 771 1 -1.768010106640346 1168.6647 779.44934 1320.8347 935.9429 1.2475195850785963 1.1171988906414905 1.9680719566198666 2.769158715029497 2.886816942629901 14.870671171019687 -1.5839027192276218 1
Car 778 1 -1.4573095230969277 700.95447 767.27155 817.0357 868.5514 1.5721580697176283 1.9186952664210923 3.7092720216965875 -4.032460653749609 4.639840236136159 30.349810700489414 -1.589401944595204 1
Car 772 2 2.1422166065360546 0.0 760.54224 194.70735 878.711 1.5894888381332413 1.8819954238331429 3.986029419541032 -15.760018188910196 4.204645720968028 26.80254308356796 -4.672521348820251 1
Pedestrian 773 0 -1.569185414682657 943.51324 773.4315 969.49414 853.3948 1.6261055004231457 0.5446383173935035 0.5040555975071245 -0.10035879582231219 4.789975318422831 31.60166549711179 -1.5723611478872574 1
Car 777 1 -1.5339164211005267 753.6237 773.51306 831.22076 848.8046 1.4568941142233214 1.826759042665944 3.5479976122869163 -4.245777667404025 5.418401146389389 38.02599631399059 -1.6451104779126773 1
Car 779 1 -1.421139978454039 656.6652 770.8554 795.0755 900.8947 1.5597989676108444 1.6467682517565772 3.3417055989045235 -3.6009465413431716 4.003897640734872 23.368179118495473 -1.574033518024133 1
Car 780 1 1.9093757286520552 284.1435 772.7703 408.9584 845.1642 1.444171500984737 1.8819954238331429 3.9708686908152107 -16.420918268356285 5.615377951251304 40.154171197573355 1.5211804989780822 1
Car 781 1 1.9664232258596273 161.70996 767.7611 321.73145 860.79474 1.5756314927572008 1.8819954238331429 3.7870824018710985 -15.879991708728118 4.934340487541284 33.21946671109011 1.5205033798946248 1
bicycle 783 0 -1.835422347078563 1299.9481 787.1022 1432.1344 992.13715 1.1982483782076923 0.4943556835571276 1.7416676069913486 2.9363183026546746 2.4848997729385944 10.990641771929365 -1.5743544674185816 1
bicycle 784 1 -1.8014344999572458 1251.2325 785.7856 1370.5697 960.6003 1.1982483782076923 0.6027523386731132 1.7416676069913486 2.9408450157891526 2.661317970247596 12.727326998165369 -1.5743544674185814 1
bicycle 785 2 1.413388212040742 689.7419 794.86816 758.3443 908.41296 1.2226465255012173 0.6166695365993015 1.9252847600356724 -3.213677389664906 3.626631159488766 20.140206674060884 1.255156863391215 1
bicycle 786 1 -2.909370549428125 545.8195 803.5539 735.06494 933.78894 1.24283213200636 0.5573903012752989 1.8246846906334704 -3.2851428490371775 3.1169884073426655 15.389141625281116 -3.1196852661494177 1
bicycle 787 1 -2.8499281745210214 219.31834 785.31525 613.4232 1041.9125 1.3343922126605388 0.7264574627829525 2.033726011374651 -3.119811058831266 2.313596026096592 8.71259978749585 -3.193783337793574 1
bicycle 788 1 -0.3701214308385812 0.0 747.7181 414.0248 1215.0 1.3079047248034987 0.720354971058321 1.8623176480206414 -2.9835579706558017 1.8200093951942269 5.286936216714471 -0.8838972633701749 1
bicycle_rack 789 1 -3.073321667567855 492.40387 802.35803 721.99506 953.98126 1.2378300355366851 1.0149544321895574 2.0879292690147726 -3.369006641812935 3.03079903853393 14.441111932790825 -3.3025151077544828 1
bicycle_rack 790 1 -2.7711734943391932 0.0 768.5317 568.5827 1141.987 1.3343922126605388 2.0792604446429257 2.314984012764795 -3.302855486118735 2.1405997839315036 7.292320954533381 -3.1964550285571662 1
bicycle_rack 791 1 -2.892671010247449 534.37506 789.17944 769.983 935.39716 1.2407078398349314 2.477351434550558 2.046138715121586 -3.3942401207237145 3.235952160289993 16.873992272708684 -3.0911741776356467 1
bicycle_rack 793 1 -2.8503808707735994 204.19197 788.06244 623.7066 1031.3721 1.3343922126605388 1.0995690717598707 2.314984012764795 -3.4380864245648013 2.4512510063471016 9.62737425433577 -3.1933807193385864 1
moped_scooter 795 0 -1.6807546085114453 1043.8425 775.0338 1080.8629 850.4415 1.3656772939812294 0.5800788315403812 1.930978813278628 2.1478386260633915 4.671528008158182 31.95134525136487 -1.613633424069954 1
moped_scooter 1813 2 0.12418527012384267 428.99338 792.8618 493.5944 834.7866 1.2198632220092727 0.7096768175884887 1.9071485339375887 -16.150187712977893 6.709511548681857 48.3408795442114 -0.19824581820818277 1
Pedestrian 774 1 1.4571576940127693 1089.9608 754.0932 1140.4358 891.1935 1.706624298777562 0.585703711982143 0.6655051708609292 2.0102897948065266 3.4276546320761003 19.585010193403548 1.5594437807840293 1
Pedestrian 796 0 1.5857976005833745 975.3745 771.477 996.8648 829.6988 1.6950351652311444 0.6415352821911114 0.5305546049625985 0.7528250310358396 6.152348485565382 45.1996900133232 -4.680733711193657 1
ride_other 776 0 1.4708384957881941 1093.8999 804.77686 1154.3176 896.3481 1.0214697053690922 0.6727828827115757 0.8839165116320448 2.0460757319426826 3.3451205694022677 18.873394327459316 -4.7043579670302975 1
Cyclist 691 0 -1.5587127518903183 875.9871 757.24445 929.5355 896.769 1.7273270350332612 0.7283275766165394 1.9112524198431236 -0.8214708754073012 3.6986113622808525 21.309553248706877 -1.597243091338312 1
bicycle 797 2 -3.003090676144817 363.68176 806.8763 618.26385 994.4789 1.2060007122783196 0.6793701732284699 1.7084788053240019 -3.420970119140462 2.6029736256015985 11.006281902631383 -3.304444078860676 1
bicycle 798 2 -2.9443614371656412 625.0655 800.26855 765.4483 907.0258 1.24283213200636 0.6289365485090168 1.649226036703164 -3.336383927544179 3.490523177325991 18.834453954460727 -3.1196852661494177 1
bicycle_rack 799 2 -3.129665004270263 756.9325 779.65564 842.6531 843.871 1.293087350315608 4.443183222162324 2.3609540420757718 -4.680393208610972 6.049296428589078 43.636551817045714 -3.2365150538388967 1
rider 693 1 -1.557910233761848 876.0258 760.9814 928.90704 879.7945 1.5695605205395557 0.7331674434164217 0.8392092358583529 -0.8266729711512684 3.534818224928844 21.16752971112971 -1.5969442205219662 1
