bicycle 768 1 -2.1901766492718817 1641.5216 777.5116 1935.0 1215.0 1.1144565826467947 0.31765909974352247 1.7284090320805379 2.755217824549026 1.6828096785345859 4.694377360320602 -1.6594312881085809 1
bicycle 769 0 -1.3980441737911764 1224.6571 781.0721 1396.3395 1035.5128 1.21143989594664 0.7261900631617972 1.8954322568368918 2.2319686201229305 2.2968300705651195 9.379124246388592 -1.1644176565770106 1
bicycle 783 1 -1.7836923158889673 1201.342 786.80597 1296.4442 948.94165 1.1982483782076923 0.4943556835571276 1.7416676069913486 2.603520912400252 2.7742365175122936 13.679785095015212 -1.5956226507014375 1
bicycle 677 1 -2.1981856441605827 1716.2825 775.7738 1935.0 1215.0 1.106527758416216 0.2540603609286559 1.750398717759042 3.0028483565101713 1.6721310984231952 4.724803352673472 -1.6320358201750365 1
bicycle_rack 770 2 -2.748092932659233 0.0 775.0196 392.8481 1215.0 1.2659104739963478 1.6601298275037162 2.0765198732444836 -3.3721267871035945 1.9192253575895164 5.5283458596649755 -3.295811301040483 1
bicycle_rack 771 1 -1.7356635226770383 1099.619 777.46106 1222.1686 908.3635 1.2475195850785963 1.1171988906414905 1.9680719566198666 2.308722090060835 3.1444975596410885 17.591837801441525 -1.6051710359775382 1
Car 777 1 -1.5388140798263428 731.80035 777.82056 803.8109 848.5172 1.4568941142233214 1.826759042665944 3.5479976122869163 -5.219141002326474 5.807090663560866 40.688021906651244 -1.6663895985310917 1
Car 778 1 -1.4648767078122016 685.64136 770.66046 791.6271 864.2299 1.5721580697176283 1.9186952664210923 3.7092720216965875 -4.8326504591798365 4.964402853978457 32.911275238095726 -1.6106735420840719 1
Car 779 1 -1.434391739142181 653.51746 769.31854 775.60266 885.3843 1.5597989676108444 1.6467682517565772 3.3417055989045235 -4.219499104518924 4.233501111663651 25.995141821707424 -1.5953070582843292 1
Car 780 1 1.8891205483734492 287.33942 780.9941 402.9625 850.2496 1.444171500984737 1.8819954238331429 3.9708686908152107 -17.414007422136986 6.089843918588305 42.45988065121928 1.4999133093239831 1
Car 781 1 1.940605882336003 177.49844 777.0836 323.87024 865.33044 1.5756314927572008 1.8819954238331429 3.7870824018710985 -16.726743399744276 5.377574352032703 35.403731181013086 1.4992343854801384 1
Car 772 1 2.099135736122241 11.897334 768.87006 224.3978 876.6408 1.5894888381332413 1.8819954238331429 3.986029419541032 -16.45608683546095 4.617061300733681 29.437424321932497 -4.693790967658459 1
bicycle 782 2 -1.4515610505677714 1247.3033 792.9931 1356.6228 987.5828 1.151836899552926 0.6043896347687472 1.7170353937957628 2.608005780263423 2.5282093213161287 11.334706803272187 -1.2254069269853312 1
bicycle 784 1 -1.7615798312016628 1168.792 785.5968 1259.828 928.35974 1.1982483782076923 0.6027523386731132 1.7416676069913486 2.5805807304021293 2.9481785209461293 15.406659965465098 -1.5956226507014377 1
bicycle 785 2 1.3960350301992446 686.24585 796.0824 749.2537 896.40344 1.2226465255012173 0.6166695365993015 1.9252847600356724 -3.7109697762536014 3.935027947574232 22.684657363014143 1.233881923561401 1
bicycle 786 1 -2.936830857512194 569.8759 802.0576 731.03156 912.4723 1.24283213200636 0.5573903012752989 1.8246846906334704 -3.7279138378238494 3.4093083429880386 18.00852794370439 -3.1409559470017743 1
bicycle 787 1 -2.919955142086579 353.2021 790.9548 648.7982 987.0719 1.3343922126605388 0.7264574627829525 2.033726011374651 -3.4507139193529293 2.6434439089841613 11.351985016881638 -3.2150542623287066 1
bicycle 788 1 -0.5215817190576952 140.53069 772.92896 548.4185 1098.2433 1.3079047248034987 0.720354971058321 1.8623176480206414 -3.1624563557048737 2.178106958928409 7.836206504678703 -0.9051617237584891 1
bicycle_rack 789 1 -3.1050265378054727 528.8663 800.6903 723.06213 929.2857 1.2378300355366851 1.0149544321895574 2.0879292690147726 -3.7715773751564186 3.312983137775965 16.964932923791057 -3.323784922285274 1
bicycle_rack 790 1 -2.8725637672936104 172.6059 778.3701 623.51556 1043.885 1.3343922126605388 2.0792604446429257 2.314984012764795 -3.5741828785506424 2.4699718967925195 9.940556007412837 -3.217725905204122 1
bicycle_rack 791 1 -2.920041926751253 564.38947 790.71655 763.1914 915.24384 1.2407078398349314 2.477351434550558 2.046138715121586 -3.8075596846383366 3.5484589929848553 19.54469300563092 -3.1124450188065675 1
bicycle_rack 792 1 -2.581670061271473 0.0 739.4871 283.83197 1215.0 1.2901382584007612 2.5347265825748178 2.101874624574989 -3.0421666320952827 1.6638166866975166 3.4565733507235663 -3.303387204831462 1
bicycle_rack 793 1 -2.9225924258585563 343.79996 791.61035 663.0178 981.4564 1.3343922126605388 1.0995690717598707 2.314984012764795 -3.6847212167338035 2.771186501083884 12.255585506461866 -3.2146513880406253 1
bicycle_rack 794 2 0.539328464391932 0.0 775.7832 119.97238 949.4395 1.3731463756058262 7.946564100062897 1.795806947283052 -15.751579854685811 4.083378921223671 22.838716163302387 -0.06444285951436046 1
moped_scooter 795 0 -1.6753128695425048 1005.41034 773.7694 1038.9673 842.9267 1.3656772939812294 0.5800788315403812 1.930978813278628 1.4045766476589088 4.921993543164838 34.741942693489136 -1.6349060289286517 1
Pedestrian 773 0 -1.5680486080557536 908.5727 770.21155 937.3639 845.5204 1.6261055004231457 0.6413675673710052 0.5174284811199994 -0.8593970089229479 4.915256064654981 33.5832687573669 -1.5936330589558838 1
Pedestrian 774 1 1.4800902123526494 1024.1473 756.90204 1072.9846 872.6666 1.706624298777562 0.6979841912620884 0.6655051708609292 1.3475200200929738 3.7826498547721004 23.174887958944993 1.5381705135640704 1
Pedestrian 796 0 1.5940231652320573 931.09174 775.3936 952.90314 829.5429 1.6950351652311444 0.6972942916241842 0.5723738620374073 -0.6258023541388901 6.626500584799562 48.71330660606987 -4.702008076138181 1
ride_other 776 0 1.4871495673760127 1042.3833 800.0508 1092.0588 876.50964 1.0214697053690922 0.6727828827115757 0.8839165116320448 1.5846921415963833 3.7055843251760683 22.470548159829242 1.5575560739160696 1
rider 693 1 -1.559994333162706 846.74554 757.69763 900.761 878.94904 1.5695605205395557 0.7331674434164217 0.8392092358583529 -1.2094588533923185 3.4510753580798488 20.751065433713382 -1.6182126503323528 1
Cyclist 691 0 -1.5609261550781872 846.9954 753.2865 901.65967 895.3468 1.7273270350332612 0.7283275766165394 1.9112524198431236 -1.205582830565133 3.606148096513838 20.91224561783104 -1.6185120276642642 1
bicycle 797 2 -3.0502231091114207 433.57745 807.0653 636.1602 958.90485 1.2060007122783196 0.6793701732284699 1.7084788053240019 -3.8288310177774396 2.9156844513118294 13.544828534776522 -3.3257137988380148 1
bicycle 798 2 -2.962353706289253 628.7713 796.5735 752.0236 889.8716 1.24283213200636 0.6289365485090168 1.649226036703164 -3.8624402564988225 3.7351632706493114 21.395496605236954 -3.1409559470017743 1
bicycle_rack 799 2 -3.1363808431577023 737.8721 777.4837 818.7217 837.8811 1.293087350315608 4.443183222162324 2.3609540420757718 -5.636831335967506 6.246344486757831 46.20197547490017 -3.2577849681584024 1
