bicycle 769 0 -1.4658387322983975 1342.3704 785.9749 1540.8783 1122.379 1.21143989594664 0.7261900631617972 1.8954322568368918 2.414527976425493 2.1143236955020317 7.369119614605516 -1.1492074654021454 1
bicycle_rack 770 2 -2.5588028945574464 0.0 755.80255 213.03719 1215.0 1.2659104739963478 1.6601298275037162 2.0765198732444836 -3.235662142032999 1.672228734610166 3.6758328446093036 -3.280600196452119 1
bicycle_rack 771 1 -1.7584462328302888 1148.8828 785.9738 1291.2573 934.9662 1.2475195850785963 1.1171988906414905 1.9680719566198666 2.664859914053213 3.0421082915349684 15.666643951733306 -1.5899611331534804 1
Car 778 1 -1.4600230286086189 697.53455 775.8547 810.5898 875.8982 1.5721580697176283 1.9186952664210923 3.7092720216965875 -4.2306321233121365 4.895551736526617 31.04537884110088 -1.5954612921354125 1
Car 772 2 2.1278772612686243 0.0 771.47687 206.588 887.4612 1.5894888381332413 1.8819954238331429 3.986029419541032 -15.941972920355207 4.496354318962992 27.633151099373062 -4.678580133065684 1
Pedestrian 773 0 -1.5692299773641645 933.3256 782.03925 961.68604 861.2124 1.6261055004231457 0.6041640096873394 0.5709200155713696 -0.2954390093532261 5.034111767604543 32.144850311540296 -1.5784205845107306 1
rider 693 1 -1.5593904351119137 869.08 766.04504 922.2165 885.66003 1.5695605205395557 0.7331674434164217 0.8392092358583529 -0.9195818745758805 3.5991333918030497 21.07204207123374 -1.6030026666375934 1
Car 777 1 -1.5354088631567537 747.6264 780.68396 823.5205 855.17456 1.4568941142233214 1.826759042665944 3.5479976122869163 -4.510982454699567 5.689953300712913 38.793134848171206 -1.6511719677101326 1
Car 779 1 -1.4242804170741143 654.7302 778.08234 788.6344 905.33575 1.5597989676108444 1.6467682517565772 3.3417055989045235 -3.7779260079967782 4.195259116270077 24.050004013597192 -1.5800934182304058 1
Car 780 1 1.9035943616755113 285.17596 781.9341 407.18933 854.06195 1.444171500984737 1.8819954238331429 3.9708686908152107 -16.71360502840798 5.946167294683919 40.837620808195084 1.515122405829238 1
Car 781 1 1.9586403280814546 167.14392 776.9794 323.0141 869.3818 1.5756314927572008 1.8819954238331429 3.7870824018710985 -16.1058204924552 5.214856275116688 33.84171979581157 1.5144447730356139 1
bicycle 798 2 -2.94872281474427 625.1015 805.86 760.2981 908.7261 1.24283213200636 0.6289365485090168 1.649226036703164 -3.497039724138885 3.6479434514772935 19.54809859759809 -3.125744364314058 1
bicycle 782 1 -1.507508414089615 1355.3918 796.6303 1474.6979 1036.8105 1.151836899552926 0.6043896347687472 1.7170353937957628 2.8748927189891966 2.3338422072939573 9.383013342876628 -1.2101965475377527 1
bicycle 783 0 -1.8189410896341751 1269.5807 790.3483 1389.0662 981.7211 1.1982483782076923 0.4943556835571276 1.7416676069913486 2.8562715193048076 2.594446277341697 11.74659645308496 -1.5804128433579347 1
bicycle 784 1 -1.788761408964666 1226.0428 788.686 1335.9076 953.49255 1.1982483782076923 0.6027523386731132 1.7416676069913486 2.8505941142206774 2.7706873960610414 13.483303703152806 -1.5804128433579345 1
bicycle 785 2 1.4084938612038003 688.7081 801.9706 755.62897 912.1889 1.2226465255012173 0.6166695365993015 1.9252847600356724 -3.351483275123744 3.8108375473051255 20.847597710162635 1.2490965600632076 1
bicycle 786 1 -2.91812508441813 554.43646 811.2707 735.0889 935.7495 1.24283213200636 0.5573903012752989 1.8246846906334704 -3.391971486551152 3.2860996253399914 16.102035464092527 -3.125744364314058 1
bicycle 787 1 -2.8723743807054487 264.89688 790.295 625.5353 1026.7637 1.3343922126605388 0.7264574627829525 2.033726011374651 -3.2104267117695398 2.426306057170784 9.450814824928418 -3.1998425183597523 1
bicycle 788 1 -0.42307061802802365 0.0 753.4639 464.09305 1188.3833 1.3079047248034987 0.720354971058321 1.8623176480206414 -3.0290048761455526 1.90623113449502 6.009310011938536 -0.8899545896208196 1
bicycle_rack 789 1 -3.0819114774351126 502.59656 810.6334 721.223 955.91986 1.2378300355366851 1.0149544321895574 2.0879292690147726 -3.4912945663951542 3.201720674592984 15.1383645450626 -3.3085739627050677 1
bicycle_rack 790 1 -2.7995288694338707 0.0 773.62225 580.40063 1110.6554 1.3343922126605388 2.0792604446429257 2.314984012764795 -3.4135656587694165 2.24091940205329 8.007113326203656 -3.202514195024273 1
bicycle_rack 791 1 -2.899557341146919 541.6964 798.18225 766.54456 939.28644 1.2407078398349314 2.477351434550558 2.046138715121586 -3.5217408031603203 3.4267787079352816 17.583063155251292 -3.0972333218768826 1
bicycle_rack 793 1 -2.8722676055387897 248.78813 796.2604 635.6853 1023.18713 1.3343922126605388 1.0995690717598707 2.314984012764795 -3.5089266488169195 2.5897581438442936 10.339580788425003 -3.1994398211469894 1
bicycle_rack 794 2 0.5782523205262394 0.0 773.7533 90.891014 962.75977 1.3731463756058262 7.946564100062897 1.795806947283052 -15.374150055099582 3.882579180722166 21.197911467663996 -0.049230995765386476 1
moped_scooter 795 0 -1.6792658466457433 1032.9681 784.7362 1069.0143 859.0205 1.3656772939812294 0.5800788315403812 1.930978813278628 1.9493177588156338 4.963511108427717 32.68289576097957 -1.619693058534973 1
Pedestrian 774 1 1.4608614590199347 1076.7704 762.10236 1124.1158 893.5674 1.706624298777562 0.5716686520721568 0.7216454105008967 1.9061054697126554 3.6249352910370223 20.542715166767717 1.5533839581710929 1
Pedestrian 796 0 1.58689009125463 963.96875 774.8701 986.8441 832.17896 1.6950351652311444 0.6972942916241842 0.6281328714704683 0.4394003966357939 6.365091817944936 46.24461071021662 -4.686793845551939 1
ride_other 776 0 1.4730962774028713 1082.8225 811.5786 1140.1035 898.8486 1.0214697053690922 0.6727828827115757 0.8839165116320448 1.9840930549132445 3.55343178522305 19.840297890639235 -4.710417220103371 1
Cyclist 691 0 -1.5603909058814316 869.34326 761.98816 923.27515 902.9807 1.7273270350332612 0.7283275766165394 1.9112524198431236 -0.9089207051934834 3.7565352739858078 21.168639943595785 -1.6033016816035803 1
bicycle 797 2 -3.0203867654969017 390.19394 815.17725 629.5756 993.51886 1.2060007122783196 0.6793701732284699 1.7084788053240019 -3.466712866592236 2.7444051347108394 11.612250098267191 -3.310502918269715 1
bicycle_rack 799 2 -3.136259714271117 759.0042 787.4854 843.27435 851.5349 1.293087350315608 4.443183222162324 2.3609540420757718 -4.732547557300784 6.367787038015212 44.346883897136365 -3.242573923686008 1
