bicycle 768 1 -2.2319266990771283 1702.6622 775.376 1935.0 1215.0 1.1144565826467947 0.31765909974352247 1.7284090320805379 2.772553197126311 1.6327737679756464 4.276381710719004 -1.656718684774744 1
bicycle 769 0 -1.4033256396266132 1233.247 784.7306 1411.9022 1053.6693 1.21143989594664 0.7261900631617972 1.8954322568368918 2.206946170568525 2.2769693257981944 8.955520319299863 -1.161705862204225 1
bicycle 783 1 -1.789555586680846 1212.8088 790.524 1312.0547 958.41095 1.1982483782076923 0.4943556835571276 1.7416676069913486 2.6452715358253855 2.7658818646363974 13.278196880105002 -1.5929109248994051 1
bicycle 677 2 -2.240977830504651 1783.0367 773.5091 1935.0 1215.0 1.106527758416216 0.2540603609286559 1.750398717759042 3.0202613818846302 1.6220162326720295 4.306141385176415 -1.6293231886499895 1
bicycle_rack 770 1 -2.719388210541344 0.0 773.02386 369.98862 1215.0 1.2659104739963478 1.6601298275037162 2.0765198732444836 -3.316906960703339 1.871119548045091 5.1328076143727275 -3.2930993505811736 1
bicycle_rack 771 1 -1.743270753085294 1113.3646 781.8921 1240.283 916.70245 1.2475195850785963 1.1171988906414905 1.9680719566198666 2.4341408316426256 3.155380561883431 17.172122112571017 -1.602459293141286 1
Pedestrian 773 0 -1.5681954433747927 914.02856 776.8517 940.45276 853.75323 1.6261055004231457 0.5818418750771486 0.6511573172484453 -0.7560459563259366 5.039656864073981 33.263015807656906 -1.5909208572190137 1
Pedestrian 774 1 1.4752050904643532 1036.4279 757.55396 1083.5874 877.2195 1.706624298777562 0.6418439516221157 0.7357875061394834 1.4826229043492503 3.7396963844255713 22.54171938261161 1.5408828883796089 1
Car 777 1 -1.5389265712061393 735.69403 777.57324 808.43915 849.0211 1.4568941142233214 1.826759042665944 3.5479976122869163 -5.048181505505395 5.75577069019354 40.256277095515166 -1.6636764773223127 1
Car 778 1 -1.4647317931342716 688.72784 771.49646 796.2154 866.5538 1.5721580697176283 1.9186952664210923 3.7092720216965875 -4.679729131462082 4.938324991346897 32.449190587522025 -1.6079613804598003 1
Car 779 1 -1.4324541939302573 653.6623 771.52637 777.6238 889.41956 1.5597989676108444 1.6467682517565772 3.3417055989045235 -4.147000888124885 4.24270427271381 25.674276022595347 -1.5925946485565972 1
Car 780 1 1.8921308537155181 286.08905 776.5556 403.06287 845.94446 1.444171500984737 1.8819954238331429 3.9708686908152107 -17.284665211144215 5.921913340454033 42.10867889566245 1.5026249083043641 1
Car 781 2 1.9431237898910534 176.86612 773.6522 325.03967 862.4052 1.5756314927572008 1.8819954238331429 3.7870824018710985 -16.55234710993375 5.25666725660953 35.052202137839714 1.5019462147727651 1
Car 772 1 2.1062523243794606 0.5896184 766.39435 217.85545 875.55066 1.5894888381332413 1.8819954238331429 3.986029419541032 -16.383502757830424 4.524491819340458 29.00686277611332 -4.691079058488487 1
bicycle 782 1 -1.460386931798753 1264.0527 797.46747 1375.8969 1001.07935 1.151836899552926 0.6043896347687472 1.7170353937957628 2.6438465205517554 2.5161486584418356 10.912734281960693 -1.2226950989002838 1
bicycle 784 1 -1.7665881764014815 1179.0924 789.94147 1273.649 937.497 1.1982483782076923 0.6027523386731132 1.7416676069913486 2.6288685736456805 2.9487610329227154 14.984017963022456 -1.5929109248994051 1
bicycle 785 2 1.398756626245998 685.8613 797.9476 749.6856 900.3568 1.2226465255012173 0.6166695365993015 1.9252847600356724 -3.6449546634163177 3.9177475744056043 22.27985589892876 1.2365945093021184 1
bicycle 786 1 -2.9317942736416005 564.72974 801.8362 728.85645 914.2711 1.24283213200636 0.5573903012752989 1.8246846906334704 -3.706792151805305 3.3702871689678364 17.699130103602304 -3.1382439086225076 1
bicycle 787 1 -2.9100275729981253 335.00534 792.131 642.5474 995.7265 1.3343922126605388 0.7264574627829525 2.033726011374651 -3.414716893393161 2.60735360158849 10.949020745958888 -3.2123421999720034 1
bicycle 788 1 -0.5032048523165651 98.47101 771.4845 532.545 1116.4835 1.3079047248034987 0.720354971058321 1.8623176480206414 -3.1364825908636664 2.1301239962007306 7.434109425341433 -0.9024504784942079 1
bicycle_rack 789 1 -3.1027899072099347 527.739 802.2824 725.35944 933.2537 1.2378300355366851 1.0149544321895574 2.0879292690147726 -3.6992465285934064 3.2973222022698048 16.676993949865764 -3.3210729963038963 1
bicycle_rack 790 1 -2.8600732190474347 142.35031 777.5281 616.075 1054.4854 1.3343922126605388 2.0792604446429257 2.314984012764795 -3.5445402277140805 2.4249460395338525 9.563358353352209 -3.2150138487029754 1
bicycle_rack 791 1 -2.9163211609975797 560.482 792.203 763.5098 919.41003 1.2407078398349314 2.477351434550558 2.046138715121586 -3.7603162586907537 3.5307675048109055 19.19898438697893 -3.1097329602108195 1
bicycle_rack 792 2 -2.5294336235292 0.0 728.6891 246.64821 1215.0 1.2901382584007612 2.5347265825748178 2.101874624574989 -2.978727181887311 1.6012204599394095 3.0642808916340183 -3.3006752619913096 1
bicycle_rack 793 1 -2.914443467525758 329.20456 791.4904 658.8998 987.0164 1.3343922126605388 1.0995690717598707 2.314984012764795 -3.651233603567576 2.731205839419059 11.908993619681482 -3.211939355089684 1
bicycle_rack 794 2 0.5459461796179356 0.0 769.40546 115.75812 943.59155 1.3731463756058262 7.946564100062897 1.795806947283052 -15.635653362608732 3.9342086381129304 22.48224786860433 -0.06173077636916502 1
moped_scooter 795 0 -1.6749943088094361 1008.7812 777.41595 1042.795 847.7969 1.3656772939812294 0.5800788315403812 1.930978813278628 1.4669626218513516 4.959219207094514 34.25343968743629 -1.6321937388515033 1
Pedestrian 796 0 1.5912861758187589 939.15436 774.33203 961.14264 829.00934 1.6950351652311444 0.6972942916241842 0.5584341096791134 -0.3564805698397633 6.539362468092479 48.195425880204425 -4.699295560848165 1
ride_other 776 0 1.4862118257721062 1047.162 802.8264 1098.3129 881.5946 1.0214697053690922 0.6727828827115757 0.8839165116320448 1.6211977601266758 3.6743427476889754 21.85136798214538 1.560268193364978 1
Cyclist 691 0 -1.562302412907348 853.29047 757.35114 907.83276 899.50256 1.7273270350332612 0.7283275766165394 1.9112524198431236 -1.1219872410623768 3.669124949864885 20.952577595653214 -1.6158002057519745 1
bicycle 797 2 -3.0470046556156736 429.85645 809.75256 637.88727 965.7677 1.2060007122783196 0.6793701732284699 1.7084788053240019 -3.740053056287004 2.898662700621454 13.205211044501164 -3.3230018911331305 1
bicycle 798 2 -2.9587666797434853 626.1906 800.0689 751.84534 895.2878 1.24283213200636 0.6289365485090168 1.649226036703164 -3.8107103221666496 3.74028823884592 21.003807804206446 -3.1382439086225076 1
bicycle_rack 799 2 -3.136164509980935 741.24304 779.8926 822.8838 841.139 1.293087350315608 4.443183222162324 2.3609540420757718 -5.467427845186033 6.278805912903253 45.763209150776774 -3.255073022066487 1
rider 693 1 -1.5618401865107663 853.7178 759.6368 907.5816 880.6412 1.5695605205395557 0.7331674434164217 0.8392092358583529 -1.1174013231499997 3.4831844375347756 20.803464589683 -1.615500893072524 1
