bicycle 797 2 -2.960655832684604 285.33368 816.3167 590.59106 1038.9082 1.2060007122783196 0.6793701732284699 1.7084788053240019 -3.229944980316833 2.4642652720600076 9.365707377538934 -3.292752583770521 1
bicycle 798 2 -2.930200770122501 614.1088 806.40045 768.421 924.1443 1.24283213200636 0.6289365485090168 1.649226036703164 -3.0873622037411166 3.3696659482901765 17.181614174757645 -3.107993305489244 1
bicycle 769 0 -1.607038945307508 1603.1547 782.52295 1898.5472 1215.0 1.21143989594664 0.7261900631617972 1.8954322568368918 2.5805144796378925 1.8462614014147924 5.010641606213066 -1.1314581012097737 1
bicycle_rack 771 1 -1.7933480891965385 1215.4208 783.9508 1392.676 961.57355 1.2475195850785963 1.1171988906414905 1.9680719566198666 2.979189597303584 2.761705606741164 13.251884917030935 -1.5722121034534664 1
Car 778 1 -1.4527817713580016 707.7044 775.13745 831.223 883.5786 1.5721580697176283 1.9186952664210923 3.7092720216965875 -3.6041411320282055 4.642432505837499 28.699560207223065 -1.5777095295312 1
Pedestrian 773 0 -1.5693869970004282 960.88904 778.63385 987.6951 862.73706 1.6261055004231457 0.5371976058567705 0.5709200155713596 0.2637919853395028 4.7661256939264405 30.256036313801374 -1.5606685614835654 1
Car 777 1 -1.5315335925775593 765.86346 776.7096 846.8558 855.4259 1.4568941142233214 1.826759042665944 3.5479976122869163 -3.7372597944315227 5.353425165788 36.555830747397714 -1.633413931147719 1
Car 779 1 -1.4120937185223732 654.18066 774.51984 804.1554 915.03143 1.5597989676108444 1.6467682517565772 3.3417055989045235 -3.3080912995809633 3.9139730102004684 21.85185984209555 -1.5623400382875021 1
Car 780 1 1.9222399041869698 278.9515 780.39453 409.57413 856.01105 1.444171500984737 1.8819954238331429 3.9708686908152107 -15.956314262616877 5.697713922027637 38.88768131386178 1.5328704964602213 1
Car 781 1 1.984872804903196 143.67119 774.59674 313.8829 872.6867 1.5756314927572008 1.8819954238331429 3.7870824018710985 -15.484125632785371 4.955609146303768 31.836575865801088 1.5321943676888141 1
Car 772 1 2.167059131545387 0.0 767.8917 176.74698 894.7589 1.5894888381332413 1.8819954238331429 3.986029419541032 -15.371022896362055 4.21043611783889 25.37134925615813 -4.6608300198477846 1
bicycle 782 0 -1.6107724871523974 1556.2114 798.27527 1716.9979 1134.8503 1.151836899552926 0.6043896347687472 1.7170353937957628 3.096045123292592 2.064677272698274 6.9642026213263275 -1.1924469662394879 1
bicycle 783 0 -1.8817833433523348 1378.519 788.93823 1547.9915 1032.4417 1.1982483782076923 0.4943556835571276 1.7416676069913486 3.108457037694087 2.3259602258544647 9.40780975443974 -1.5626639248639453 1
bicycle 784 1 -1.835217882073655 1312.2689 788.57794 1457.6663 990.90027 1.1982483782076923 0.6027523386731132 1.7416676069913486 3.114600399585219 2.513461005382311 11.14308661117362 -1.562663924863946 1
bicycle 785 2 1.424770278676046 688.4611 801.33936 761.01117 925.4397 1.2226465255012173 0.6166695365993015 1.9252847600356724 -2.9649135372687745 3.5386226169381487 18.61855079211919 1.2668511309471842 1
bicycle 786 1 -2.891300606086343 524.4094 808.30756 735.8854 954.4314 1.24283213200636 0.5573903012752989 1.8246846906334704 -3.039119718095952 2.9738416601750126 13.804812654002971 -3.107993305489244 1
bicycle 787 1 -2.7869538791195967 80.18465 783.8944 567.5728 1096.3629 1.3343922126605388 0.7264574627829525 2.033726011374651 -3.0036468976074566 2.1430453411389236 7.20172912015744 -3.182091188890856 1
bicycle 788 2 -0.2188698684983652 0.0 736.6625 257.5693 1215.0 1.3079047248034987 0.720354971058321 1.8623176480206414 -2.8581329714713615 1.657555403799295 3.7337483444235007 -0.872208721640192 1
bicycle_rack 789 0 -3.053000504317413 460.97186 808.3578 723.0551 981.05664 1.2378300355366851 1.0149544321895574 2.0879292690147726 -3.096049279148807 2.885276223691002 12.77191857085934 -3.2908236083321576 1
bicycle_rack 790 1 -2.6789537915309327 0.0 764.09644 506.07712 1215.0 1.3343922126605388 2.0792604446429257 2.314984012764795 -3.2033004359471366 1.974058498686921 5.783493994000693 -3.184762907888839 1
bicycle_rack 791 1 -2.8810222861703134 519.837 797.5386 781.239 961.52435 1.2407078398349314 2.477351434550558 2.046138715121586 -3.0872426351190523 3.162966470643125 15.35123728816543 -3.0794821271555284 1
bicycle_rack 793 1 -2.794479186599321 77.6336 788.05927 587.7865 1079.1284 1.3343922126605388 1.0995690717598707 2.314984012764795 -3.311123926256379 2.285275098739185 8.11954563628717 -3.1816887356417354 1
moped_scooter 795 0 -1.6869538346970931 1069.5396 781.60126 1109.1367 861.5122 1.3656772939812294 0.5800788315403812 1.930978813278628 2.5865483011651302 4.648218962566369 30.35185859559323 -1.6019404554671348 1
moped_scooter 1813 2 0.13758717714519997 424.8519 794.96594 492.00543 838.3704 1.2198632220092727 0.7096768175884887 1.9071485339375887 -15.681909542997358 6.587499108183662 46.673439371986206 -0.186554406288993 1
Pedestrian 774 1 1.4442136383336335 1120.4667 757.99786 1184.9772 911.8251 1.706624298777562 0.6699140714421029 0.6655051708609292 2.233199839301398 3.293835835448146 17.500269480753406 -4.71204819595899 1
Pedestrian 796 0 1.582938914765343 995.636 780.24335 1020.1106 841.8633 1.6950351652311444 0.6972942916241842 0.6141931191121935 1.3448875529982987 6.203804921368581 43.08224784242061 -4.66903978138731 1
ride_other 776 0 1.4577640605899589 1127.6132 813.06396 1196.1614 916.0539 1.0214697053690922 0.6727828827115757 0.8839165116320448 2.2594691226653185 3.2068286501330014 16.9196729948822 -4.6926657344749065 1
Cyclist 691 0 -1.5564921387080584 890.1816 762.95575 943.4102 902.1515 1.7273270350332612 0.7283275766165394 1.9112524198431236 -0.622779488998173 3.793945146442138 21.424784423466086 -1.5855521356647067 1
bicycle_rack 799 2 -3.1299719647713298 773.4893 787.07275 862.345 854.47394 1.293087350315608 4.443183222162324 2.3609540420757718 -4.00799642875029 6.1124777089276074 42.12864970341181 -3.224823556140323 1
rider 693 1 -1.5569018227619131 892.1902 765.495 944.6855 883.58997 1.5695605205395557 0.7331674434164217 0.8392092358583529 -0.6044015453539302 3.6132138603352564 21.312272946337515 -1.5852535426766285 1
