bicycle 769 1 -1.6808233678890858 1729.1466 779.1963 1935.0 1215.0 1.21143989594664 0.7261900631617972 1.8954322568368918 2.581692212013029 1.7461805545985345 4.170894266685799 -1.1265661314936972 1
bicycle_rack 771 1 -1.8093000505455104 1240.957 785.1534 1435.2909 976.81885 1.2475195850785963 1.1171988906414905 1.9680719566198666 3.0527559264200357 2.6786170067744886 12.368543946152466 -1.5673202255983412 1
Car 777 1 -1.5291920714414242 768.5279 783.907 851.70874 865.25635 1.4568941142233214 1.826759042665944 3.5479976122869163 -3.561272021752685 5.450550957633109 35.73584820203222 -1.6285195733628275 1
Car 778 1 -1.448325346863835 706.0443 775.2275 833.73615 886.731 1.5721580697176283 1.9186952664210923 3.7092720216965875 -3.4974087014054973 4.5682793826947785 27.948259478214684 -1.5728168997028082 1
Pedestrian 773 0 -1.5709223288094598 969.7169 779.68024 998.14166 865.6193 1.6261055004231457 0.5595197404669663 0.6244115500227468 0.4506823287943058 4.738317853645341 29.752668746762332 -1.5557758601818177 1
Pedestrian 824 1 1.455705925940363 981.1884 778.58093 1003.78107 833.73596 1.779904646832752 0.6945577254405122 0.6448809805487264 1.0535947452604952 7.014728550213223 50.5850180086331 1.476531112363625 1
Car 779 1 -1.4066514607527132 649.5365 775.1773 806.20795 921.42053 1.5597989676108444 1.6467682517565772 3.3417055989045235 -3.204347189756008 3.84798310655056 21.088308615719725 -1.5574469636753787 1
Car 780 1 1.9300036369589204 271.89044 777.6715 406.26923 854.5106 1.444171500984737 1.8819954238331429 3.9708686908152107 -15.776315736884435 5.5460768347133325 38.1367417563604 1.537762115881316 1
Car 781 1 1.9953159315746385 129.87778 770.9065 306.45578 871.11957 1.5756314927572008 1.8819954238331429 3.7870824018710985 -15.312423750171046 4.794510882524613 31.044215512827375 1.5370864010962917 1
Car 772 1 2.182542766883919 0.0 762.88245 160.12909 892.8573 1.5894888381332413 1.8819954238331429 3.986029419541032 -15.305035174510278 4.054195980060389 24.66903579588042 -4.655937844118352 1
bicycle 782 0 -1.6641249427630624 1642.4631 801.63873 1855.7302 1191.9392 1.151836899552926 0.6043896347687472 1.7170353937957628 3.172963887740556 1.9856725804665336 6.146070434176499 -1.1875549371979996 1
bicycle 783 0 -1.911115441857777 1424.7411 793.9342 1620.8544 1064.068 1.1982483782076923 0.4943556835571276 1.7416676069913486 3.1723541230450163 2.269275482618435 8.60131497231541 -1.5577720776132435 1
bicycle 784 1 -1.8533220956477852 1342.3978 790.3005 1504.5044 1010.2248 1.1982483782076923 0.6027523386731132 1.7416676069913486 3.1476973773166637 2.4384568184222615 10.33838180906094 -1.5577720776132433 1
bicycle 785 2 1.4309427353738213 685.5222 799.7146 760.2798 929.2977 1.2226465255012173 0.6166695365993015 1.9252847600356724 -2.86562325241675 3.4272170329084415 17.848025092256407 1.2717445390816393 1
bicycle 786 1 -2.8794740918099913 506.8227 808.5794 731.2992 963.773 1.24283213200636 0.5573903012752989 1.8246846906334704 -2.96388750615148 2.8820343665780306 13.032049505312388 -3.103100855224101 1
bicycle 787 1 -2.7486814225931724 0.0 781.6142 537.7305 1133.2428 1.3343922126605388 0.7264574627829525 2.033726011374651 -2.937481846055714 2.050079371947139 6.430176076435139 -3.17719864842948 1
bicycle_rack 789 0 -3.0412557196547794 440.6174 810.10504 720.0365 993.6243 1.2378300355366851 1.0149544321895574 2.0879292690147726 -3.01011205704584 2.8117179683780025 12.055973920362984 -3.2859313478954477 1
bicycle_rack 790 1 -2.6082190179981337 0.0 758.5854 451.3271 1215.0 1.3343922126605388 2.0792604446429257 2.314984012764795 -3.1626145104358194 1.8707160557268498 4.916229483371217 -3.17987037964315 1
bicycle_rack 791 1 -2.8698155923153665 500.59195 797.2657 778.52594 970.9022 1.2407078398349314 2.477351434550558 2.046138715121586 -3.028030591218619 3.071554729608968 14.579912062770086 -3.0745896389540057 1
bicycle_rack 793 1 -2.7635812877175017 0.0 786.2729 569.5839 1111.1774 1.3343922126605388 1.0995690717598707 2.314984012764795 -3.208814381816242 2.187811776160535 7.318393097949806 -3.1767962694782517 1
moped_scooter 795 0 -1.6897252463688264 1080.4146 784.03656 1121.4519 866.4925 1.3656772939812294 0.5800788315403812 1.930978813278628 2.741508569825814 4.608058095134894 29.49637728750192 -1.5970475940774567 1
moped_scooter 1813 2 0.14456146813477871 420.67358 792.21375 489.22476 836.33276 1.2198632220092727 0.7096768175884887 1.9071485339375887 -15.502720136011728 6.405107975646608 45.82388596689584 -0.18166218748388663 1
Pedestrian 774 1 1.4333968850326473 1147.0691 755.2669 1206.2012 919.05225 1.706624298777562 0.5576335921621626 0.6655051708609292 2.3621964338852446 3.169728696925097 16.448870257209638 -4.70715518364975 1
Pedestrian 796 0 1.5825635596868945 1003.21606 779.1961 1028.3157 842.22076 1.6950351652311444 0.6972942916241842 0.5584341096791345 1.531324468783369 6.05532506699526 41.96396746354453 -4.664146519145182 1
ride_other 776 0 1.4483183428611497 1146.9033 813.7245 1220.8898 923.85876 1.0214697053690922 0.6727828827115757 0.8839165116320448 2.3504214585122027 3.0813616402585016 15.86365657557253 -4.687773181096804 1
Cyclist 691 0 -1.5565073599950667 897.65967 765.129 950.6361 903.8513 1.7273270350332612 0.7283275766165394 1.9112524198431236 -0.5198567599708225 3.835198974018035 21.51951829014361 -1.5806601157358056 1
bicycle 797 1 -2.9353548584302387 233.99535 817.467 570.27936 1060.608 1.2060007122783196 0.6793701732284699 1.7084788053240019 -3.166537859324575 2.373724882662479 8.607753913522174 -3.287860315115605 1
bicycle 798 2 -2.922329017954289 605.6834 806.53033 767.43384 929.97736 1.24283213200636 0.6289365485090168 1.649226036703164 -3.001041339764919 3.2791726847807094 16.420036135790028 -3.103100855224101 1
bicycle_rack 799 2 -3.1274773422310607 776.00903 787.3423 866.601 856.0623 1.293087350315608 4.443183222162324 2.3609540420757718 -3.834344066921584 6.035897080163519 41.35477373819917 -3.219931308336996 1
rider 693 1 -1.556152115677015 898.5242 767.38513 950.7138 884.84894 1.5695605205395557 0.7331674434164217 0.8392092358583529 -0.5189627440231286 3.6519389640745032 21.432117757460446 -1.5803616388672297 1
