bicycle 769 2 -1.7192990798272103 1786.2566 771.2649 1935.0 1215.0 1.21143989594664 0.7261900631617972 1.8954322568368918 2.5915531463992756 1.6856410987108912 3.8333320288009265 -1.1248232274380674 1
bicycle_rack 771 1 -1.8158817549606934 1251.0574 779.4094 1452.7091 975.92456 1.2475195850785963 1.1171988906414905 1.9680719566198666 3.076298241717523 2.592700066533424 12.032479517238622 -1.565577354239697 1
bicycle_rack 1659 2 0.23203285838021492 422.38406 785.8211 504.1558 842.6264 1.3472822362233863 3.4812710257021573 1.7081936072361545 -15.778154268050821 6.65653454578787 47.5292954863289 -0.0884874285740822 1
Car 777 1 -1.5301706441440457 772.3103 782.74194 856.08185 864.7255 1.4568941142233214 1.826759042665944 3.5479976122869163 -3.431937304294817 5.38725720156337 35.414815167486594 -1.6267758187419246 1
Car 778 1 -1.4476403166674652 706.8526 772.8731 835.96765 885.2288 1.5721580697176283 1.9186952664210923 3.7092720216965875 -3.4324199773859436 4.493311063817895 27.6664916118561 -1.5710737605702492 1
Pedestrian 773 0 -1.5705542546415001 971.64996 777.1355 1000.3112 863.73914 1.6261055004231457 0.5595197404669646 0.6244115500227465 0.4876016757511644 4.662534226536589 29.510369370137255 -1.5540326956170583 1
Pedestrian 774 1 1.4279075717836172 1154.5093 750.8017 1221.1296 918.8003 1.706624298777562 0.6137738318021283 0.7045509126823424 2.427661324102546 3.090046736640806 16.077442052382175 -4.705411908328892 1
Pedestrian 824 1 1.455247257362196 983.0671 775.3558 1008.5071 830.94604 1.779904646832752 0.7841468249188503 0.6448809805487264 1.155557848119112 6.863841191331998 50.17359419880086 1.4782743817907282 1
Car 779 1 -1.4090101091631275 654.77795 771.35406 813.198 919.33435 1.5597989676108444 1.6467682517565772 3.3417055989045235 -3.07001635051952 3.7594935856017555 20.77775963018653 -1.5557036661821295 1
Car 780 1 1.9321244614219955 270.52496 775.18134 406.19482 852.32056 1.444171500984737 1.8819954238331429 3.9708686908152107 -15.678017892563915 5.451111290765084 37.85859768769358 1.5395048952081267 1
Car 781 1 1.998842322455344 125.07829 768.8017 304.335 869.9192 1.5756314927572008 1.8819954238331429 3.7870824018710985 -15.209672563034552 4.714625438613858 30.6977768105236 1.5388293278569245 1
Car 772 1 2.1871933246280966 0.0 760.9245 155.92966 892.0838 1.5894888381332413 1.8819954238331429 3.986029419541032 -15.241632117307196 3.9956217711752027 24.40813548053553 -4.654194866715221 1
bicycle 797 1 -2.921796817609248 204.09657 815.00464 558.129 1069.4589 1.2060007122783196 0.6793701732284699 1.7084788053240019 -3.1396593634752183 2.310996781739198 8.233152456786863 -3.286117301257603 1
bicycle 782 0 -1.6872489642785484 1679.7808 797.2614 1919.756 1211.3594 1.151836899552926 0.6043896347687472 1.7170353937957628 3.1935073044462046 1.928094670083512 5.825763337301006 -1.1858120120608169 1
bicycle 783 0 -1.9243551103319392 1444.8704 787.07416 1654.1327 1067.9329 1.1982483782076923 0.4943556835571276 1.7416676069913486 3.1895597338040065 2.189320348276619 8.264425849352314 -1.556029217153213 1
bicycle 784 1 -1.8664999911560767 1362.5709 789.7124 1534.7218 1018.523 1.1982483782076923 0.6027523386731132 1.7416676069913486 3.198061689021387 2.393234752181894 9.96757035026678 -1.5560292171532133 1
bicycle 785 2 1.4336333536146433 683.6389 795.58374 759.37115 927.2012 1.2226465255012173 0.6166695365993015 1.9252847600356724 -2.8306738652508328 3.338172387565308 17.524283715742364 1.2734879559500083 1
bicycle 786 1 -2.8740683318476536 497.94928 805.0347 728.4472 964.21564 1.24283213200636 0.5573903012752989 1.8246846906334704 -2.9384008013388643 2.8111490442096523 12.704619462004434 -3.1013577785464044 1
bicycle 787 1 -2.728533252673217 0.0 780.52423 519.4737 1152.1648 1.3343922126605388 0.7264574627829525 2.033726011374651 -2.9234510656162747 2.0105451391497655 6.099865846183137 -3.175455537988233 1
bicycle_rack 789 0 -3.029170768846681 418.26685 806.6039 708.4149 995.64764 1.2378300355366851 1.0149544321895574 2.0879292690147726 -3.048463033427257 2.737739167216744 11.693665635435103 -3.28418833839531 1
bicycle_rack 790 1 -2.5861617031273507 0.0 754.36633 433.57602 1215.0 1.3343922126605388 2.0792604446429257 2.314984012764795 -3.1569782760299607 1.8344729788421112 4.695046729484843 -3.178127273611182 1
bicycle_rack 791 1 -2.8654218202656314 492.19232 792.54877 777.5721 969.6604 1.2407078398349314 2.477351434550558 2.046138715121586 -2.9999207877490814 2.9851750029828024 14.254679339510165 -3.072846548710653 1
bicycle_rack 793 1 -2.746458257363159 0.0 785.5534 555.71075 1126.8691 1.3343922126605388 1.0995690717598707 2.314984012764795 -3.193217552359231 2.148358668283844 6.988547178978531 -3.175053186243984 1
moped_scooter 795 0 -1.6909637115469207 1084.6702 781.6744 1126.2242 864.7642 1.3656772939812294 0.5800788315403812 1.930978813278628 2.803841764192206 4.531037404484476 29.221236406882017 -1.5953043724554623 1
moped_scooter 1813 2 0.14698084169333392 419.21204 792.1559 488.41925 836.6543 1.2198632220092727 0.7096768175884887 1.9071485339375887 -15.401461421268454 6.358348068031091 45.42334785316678 -0.17991919353100094 1
Pedestrian 796 0 1.5794043865882479 1010.4646 776.23096 1035.7502 839.83514 1.6950351652311444 0.6972942916241842 0.5584341096791273 1.7206436520746555 5.930715347605631 41.560039042836124 -4.66240315490429 1
ride_other 776 0 1.4471522136825987 1150.3196 813.9179 1226.495 927.24316 1.0214697053690922 0.6727828827115757 0.8839165116320448 2.3326144612954014 3.0291906600618335 15.433641141769854 -4.686030069212677 1
Cyclist 691 0 -1.5537816007735452 896.0984 762.3797 948.90735 900.3446 1.7273270350332612 0.7283275766165394 1.9112524198431236 -0.5428500441277033 3.8005089271802497 21.59231792359407 -1.5789171937825368 1
bicycle 798 2 -2.9191469123391056 601.8132 804.53314 766.7611 930.3358 1.24283213200636 0.6289365485090168 1.649226036703164 -2.9689908020688436 3.220133759318565 16.113529795406528 -3.1013577785464044 1
bicycle_rack 799 2 -3.1298527066033848 782.0704 784.4851 873.3499 853.39404 1.293087350315608 4.443183222162324 2.3609540420757718 -3.635324272512655 5.919388679083516 41.04646054546683 -3.218188305035922 1
rider 693 1 -1.5532511423269675 896.6505 765.7232 948.6111 882.5259 1.5695605205395557 0.7331674434164217 0.8392092358583529 -0.5491580013952938 3.6374726520049356 21.537001022548157 -1.5787439689571987 1
