bicycle 787 2 -2.446964874766689 0.0 760.94464 213.00546 1215.0 1.3343922126605388 0.7264574627829525 2.033726011374651 -2.8149522671867424 1.662891864909 3.224311324616568 -3.1646836205116387 1
Cyclist 1812 1 1.8966394887033706 355.08295 762.71423 400.76306 831.75336 1.9669887966987611 0.7708657094107083 1.9436394911629005 -18.530028970367646 6.43942958276022 47.542091412214056 1.524991319349104 1
bicycle_rack 771 0 -1.8906293995824994 1352.8411 766.428 1645.2042 1027.8219 1.2475195850785963 1.1171988906414905 1.9680719566198666 3.213019876668788 2.2126696774086936 9.205213304272371 -1.5548069493648498 1
Car 777 1 -1.5233244026103363 773.4612 776.42487 865.9361 865.4174 1.4568941142233214 1.826759042665944 3.5479976122869163 -3.017943761536257 4.930812858832492 32.47133110834055 -1.6159999590860288 1
Car 778 1 -1.4370227318648428 697.22284 765.7176 843.80835 891.2827 1.5721580697176283 1.9186952664210923 3.7092720216965875 -3.0693279775206337 4.080329477597683 24.771161449206613 -1.5603017026049815 1
Pedestrian 773 0 -1.5740823508804715 991.0235 776.5963 1023.8661 870.98 1.6261055004231457 0.5892825866138884 0.6511573172484453 0.8377188713499182 4.416144096985134 27.170758297427216 -1.5432604808693071 1
Pedestrian 824 1 1.4466249790811703 1012.3821 773.5957 1037.279 833.8666 1.779904646832752 0.6945577254405122 0.6448809805487264 1.9627513847281342 6.4124144779364745 46.23925071585981 1.4890472457069528 1
rider 693 1 -1.5513260937870983 910.44635 761.1618 961.9795 876.54553 1.5695605205395557 0.7331674434164217 0.8392092358583529 -0.3573754264958973 3.590398126217665 21.757241627447474 -1.5677502020390122 1
rider 1814 0 1.8963208703597565 361.4619 764.72906 396.08844 823.2742 1.756697361666204 0.7771717733545112 0.9083585802333921 -18.533853460820378 6.251294865790291 47.59671804211562 1.524991319349104 1
Car 687 1 -1.480057330869767 832.3556 776.2725 904.9804 841.5901 1.523906279613491 1.926134079432468 4.89804259155983 -2.9660927038704483 6.719184033985035 48.847919733187325 -1.540703831281618 1
Car 779 1 -1.3848150863570208 615.3657 765.6118 806.5145 939.17004 1.5597989676108444 1.6467682517565772 3.3417055989045235 -2.8867138268162225 3.4008769794368474 17.874608538076355 -1.5449306308699517 1
Car 780 1 1.9614619383750063 228.73827 774.40985 380.9097 858.07056 1.444171500984737 1.8819954238331429 3.9708686908152107 -15.254335770567849 5.142142076005872 34.98352563255746 1.5502747318715686 1
Car 781 1 2.039173591861877 53.814083 767.2468 260.82922 879.0011 1.5756314927572008 1.8819954238331429 3.7870824018710985 -14.851033671516532 4.410763953482671 27.87144557303914 1.5496000748755798 1
Car 772 1 2.2447490220477997 0.0 757.9104 80.02557 907.3181 1.5894888381332413 1.8819954238331429 3.986029419541032 -14.948850364277911 3.694962711034547 21.61851018633553 -4.643423807492534 1
bicycle 783 1 -2.0958603353675533 1696.1262 772.1103 1935.0 1215.0 1.1982483782076923 0.4943556835571276 1.7416676069913486 3.28512995330957 1.8113166152037505 5.350957888879155 -1.5452588795663056 1
bicycle 784 1 -1.984587811103215 1534.2007 773.1424 1830.7135 1103.7042 1.1982483782076923 0.6027523386731132 1.7416676069913486 3.3305551506090487 1.9878341713007555 7.086875828305498 -1.5452588795663058 1
bicycle 785 2 1.4624794639063743 651.7913 790.3361 736.83026 948.0828 1.2226465255012173 0.6166695365993015 1.9252847600356724 -2.6516944315879094 2.9630000951742765 14.721098985696694 1.2842617353251682 1
bicycle 786 1 -2.8156275808785898 386.1532 809.904 685.6248 1016.5539 1.24283213200636 0.5573903012752989 1.8246846906334704 -2.7929806084228646 2.507840368185731 9.900541587556384 -3.0905860886943977 1
bicycle_rack 789 0 -2.9589856566834474 259.44604 804.8461 661.1726 1059.782 1.2378300355366851 1.0149544321895574 2.0879292690147726 -2.8636972021650373 2.3744333022271635 8.805399460570463 -3.2734170583657596 1
bicycle_rack 791 1 -2.8230339166354765 393.6047 789.98535 762.8522 1015.9332 1.2407078398349314 2.477351434550558 2.046138715121586 -2.790601105357491 2.6500945663974402 11.450951951897522 -3.0620747744518866 1
bicycle_rack 793 2 -2.529861507108352 0.0 774.49414 354.96786 1215.0 1.3343922126605388 1.0995690717598707 2.314984012764795 -3.0689817508514556 1.8091795849194616 4.1703432319132565 -3.164281445472852 1
bicycle_rack 1659 2 0.25026316682503136 406.18683 783.8218 495.0627 843.9815 1.3472822362233863 3.4812710257021573 1.7081936072361545 -15.248114962240207 6.300992417735202 44.811991473892036 -0.07771611474706797 1
moped_scooter 795 0 -1.703292073470101 1116.7793 776.3275 1164.3904 868.5685 1.3656772939812294 0.5800788315403812 1.930978813278628 3.1373823695327268 4.126320817455775 26.29346192360714 -1.5845318048773716 1
moped_scooter 1813 2 0.1663073454723717 402.41318 791.94006 476.51086 839.20087 1.2198632220092727 0.7096768175884887 1.9071485339375887 -14.892736925282405 6.048436000981576 42.71767325913023 -0.16914801790624368 1
Pedestrian 774 1 1.382916162129919 1229.2402 732.86786 1319.6343 952.3311 1.706624298777562 0.6137738318021368 0.6655051708609292 2.565548111799085 2.6191031922939834 12.300169082566658 -4.694639009741612 1
Pedestrian 796 0 1.5673534928679214 1042.1115 770.6924 1072.8202 840.8692 1.6950351652311444 0.7669930534155308 0.5723738620373993 2.4246418709680873 5.401960911609411 37.71386516929169 -4.651629708301923 1
ride_other 776 0 1.368690950005342 1234.6284 812.92737 1344.6904 964.23944 1.0214697053690922 0.6727828827115757 0.8839165116320448 2.5419317566205044 2.5424612521681516 11.650688137736111 -4.6996819525503035 1
Cyclist 691 0 -1.5509029113326953 908.063 758.0397 960.60693 893.8534 1.7273270350332612 0.7283275766165394 1.9112524198431236 -0.37684453440232635 3.7580126584189744 21.852046194701817 -1.568146476531061 1
bicycle 797 1 -2.7644724788376616 0.0 821.1799 391.915 1215.0 1.2060007122783196 0.6793701732284699 1.7084788053240019 -3.033020747232193 1.9753744722676063 5.411218305748295 -3.275345977633229 1
bicycle 798 2 -2.8879982100111405 550.97943 801.1842 753.064 954.9662 1.24283213200636 0.6289365485090168 1.649226036703164 -2.723387687447003 2.8477526049637087 13.25858063004007 -3.0905860886943977 1
bicycle_rack 799 2 -3.122615391074287 783.116 783.3464 881.4583 857.36084 1.293087350315608 4.443183222162324 2.3609540420757718 -3.2510534297513107 5.5884091811176475 38.24518690519398 -3.207417083104957 1
