Car 781 1 2.0599185713912065 8.081676 764.6872 230.38614 881.5902 1.5756314927572008 1.8819954238331429 3.7870824018710985 -14.857607888725024 4.244504264290359 26.639600551066337 1.5511627609202172 1
Cyclist 1812 1 1.9231587486592847 308.99274 758.239 359.8289 831.9146 1.9669887966987611 0.7708657094107083 1.9436394911629005 -18.63221168624385 6.022005163512443 44.48987824406899 1.526554110686145 1
bicycle_rack 771 0 -1.9407872464093145 1414.061 761.14764 1774.1289 1066.5662 1.2475195850785963 1.1171988906414905 1.9680719566198666 3.2608779072329703 2.065903693549667 7.988714125548633 -1.5532443129270141 1
Car 777 1 -1.517796705530144 764.88446 777.6568 862.07104 870.5942 1.4568941142233214 1.826759042665944 3.5479976122869163 -3.0257972058117115 4.830335621715966 31.212512362452244 -1.6144365317595852 1
Car 778 1 -1.430621062941282 684.4509 762.9755 840.55066 895.4604 1.5721580697176283 1.9186952664210923 3.7092720216965875 -3.027618198980301 3.9144502940164236 23.50208657286252 -1.5587388265723257 1
Pedestrian 824 1 1.445267310515048 1016.33044 768.04016 1042.0945 830.2654 1.779904646832752 0.6945577254405122 0.6448809805487264 2.0297014293366638 6.095082736729414 44.732669614252714 1.4906102387784945 1
ride_other 776 0 1.3365975597735273 1277.074 814.3635 1410.2699 992.42426 1.0214697053690922 0.6727828827115757 0.8839165116320448 2.5311107560142765 2.3420132432293346 9.976339574309137 -4.698119094377816 1
Car 687 1 -1.4786191522939338 831.4106 774.63934 906.1055 841.5424 1.523906279613491 1.926134079432468 4.89804259155983 -2.886520013731222 6.541882283128036 47.63562202120907 -1.5391409780631125 1
Car 779 1 -1.3736566597035191 590.0511 761.2992 799.2359 948.45654 1.5597989676108444 1.6467682517565772 3.3417055989045235 -2.8486353819724117 3.2304723622772844 16.623759693464592 -1.5433676132238887 1
Car 780 1 1.9753103570676647 202.13358 771.7876 362.73218 858.3425 1.444171500984737 1.8819954238331429 3.9708686908152107 -15.214037898994015 4.9562892496018005 33.75311324880507 1.551837285945942 1
Car 772 2 2.27093618109459 0.0 754.61633 37.662735 912.9797 1.5894888381332413 1.8819954238331429 3.986029419541032 -14.883640134425494 3.539830685659779 20.429952170263963 -4.641861076259676 1
bicycle 784 1 -2.0617852576636286 1641.1635 771.9891 1935.0 1182.9402 1.1982483782076923 0.6027523386731132 1.7416676069913486 3.34501992647269 1.8618642027534047 5.868176712913558 -1.543696252881808 1
bicycle 785 2 1.4775593242872223 628.895 782.9251 718.6061 954.59424 1.2226465255012173 0.6166695365993015 1.9252847600356724 -2.62484400114863 2.758307200906402 13.521825609338864 1.2858248618308439 1
bicycle 786 1 -2.7823481773047742 311.30054 803.5311 655.01324 1039.5084 1.24283213200636 0.5573903012752989 1.8246846906334704 -2.7538605193370036 2.3206008234126427 8.696438902810558 -3.0890232635045094 1
bicycle_rack 789 0 -2.9144418427987575 141.03094 806.45996 623.6509 1108.3506 1.2378300355366851 1.0149544321895574 2.0879292690147726 -2.815430992126691 2.2306831294344507 7.538945457573778 -3.2718542918732516 1
bicycle_rack 791 1 -2.796475843320369 321.6018 785.3696 744.7815 1040.5293 1.2407078398349314 2.477351434550558 2.046138715121586 -2.7700647163062344 2.481575995938971 10.24629534097778 -3.0605119369340157 1
bicycle_rack 793 2 -2.3613651160868443 0.0 764.25824 152.13118 1215.0 1.3343922126605388 1.0995690717598707 2.314984012764795 -3.0597754853568793 1.664076439173222 2.9636613944753103 -3.1627186114077865 1
bicycle_rack 1659 2 0.25845534325296327 393.244 778.4823 485.59433 839.8549 1.3472822362233863 3.4812710257021573 1.7081936072361545 -15.173477900369514 6.014264551135927 43.64177229514579 -0.07615334507653237 1
moped_scooter 795 0 -1.7073680835257237 1124.071 775.4843 1174.403 872.1451 1.3656772939812294 0.5800788315403812 1.930978813278628 3.1407305643453585 3.9924210112854044 25.11681743929371 -1.5829688549301244 1
moped_scooter 1813 2 0.17506150673171472 389.09302 785.7224 465.59476 834.16223 1.2198632220092727 0.7096768175884887 1.9071485339375887 -14.82119095199816 5.742857824470788 41.54880293727229 -0.16758526775180638 1
Pedestrian 773 0 -1.5756147928161781 993.6556 771.8638 1030.5476 868.7859 1.6261055004231457 0.6413675673710052 0.5842928991842311 0.8925482051959934 4.240896159087334 26.305403822588957 -1.5416975821446939 1
Pedestrian 774 1 1.3564453085304056 1266.7971 721.51434 1370.9021 972.8271 1.706624298777562 0.5997387718921366 0.6655051708609292 2.559631117082083 2.4232961644258815 10.754230420612508 -4.693076011889916 1
Pedestrian 796 0 1.565926304770044 1047.4144 767.5214 1076.5243 840.38934 1.6950351652311444 0.6972942916241842 0.5166148526043174 2.433401329397244 5.170423258453908 36.16092217856092 -4.650066631155001 1
rider 1814 1 1.9227369236633685 316.55597 759.1048 354.47653 821.53357 1.756697361666204 0.7771717733545112 0.9083585802333921 -18.646616977272057 5.7994678732294265 44.57704010019273 1.526554110686145 1
Cyclist 691 0 -1.5489923936567982 907.5233 756.08575 960.11395 891.191 1.7273270350332612 0.7283275766165394 1.9112524198431236 -0.3859180301941557 3.7355919931338093 21.935616017173583 -1.5665837948134695 1
bicycle 797 1 -2.6493983491947395 0.0 823.72144 245.92122 1215.0 1.2060007122783196 0.6793701732284699 1.7084788053240019 -3.025377121960557 1.8239646820994222 4.198708234604065 -3.2737832024328926 1
bicycle 798 2 -2.8650719466206853 504.95508 799.64795 731.2024 971.1068 1.24283213200636 0.6289365485090168 1.649226036703164 -2.7163714054100305 2.6781772636948835 11.925834599251742 -3.0890232635045094 1
bicycle_rack 799 2 -3.121860403618864 782.5126 780.68567 884.2209 856.87537 1.293087350315608 4.443183222162324 2.3609540420757718 -3.1193403117104386 5.391637974164386 37.05031357657548 -3.205854327871556 1
rider 693 1 -1.5479219191206606 907.62213 758.64594 959.2942 873.8144 1.5695605205395557 0.7331674434164217 0.8392092358583529 -0.39787890679792154 3.555230912578985 21.78064146430254 -1.5661874352430694 1
