bicycle 785 1 1.7194757572415487 115.307945 753.5733 381.61542 1197.6726 1.2226465255012173 0.6166695365993015 1.9252847600356724 -2.6331996221507152 1.8011804407907992 5.713175548822054 1.2875948823897696 1
bicycle_rack 791 2 -2.2307731589308606 0.0 730.34534 322.07678 1215.0 1.2407078398349314 2.477351434550558 2.046138715121586 -2.6559505249072712 1.50569562135643 2.438925828495085 -3.05874224301703 1
Car 777 1 -1.4932647318199788 708.3805 771.9709 844.73627 898.17725 1.4568941142233214 1.826759042665944 3.5479976122869163 -2.7946466996987813 3.925878479464972 23.294135023074677 -1.6126661708719119 1
Car 778 1 -1.3705042520872128 533.5911 748.72614 793.8389 954.6797 1.5721580697176283 1.9186952664210923 3.7092720216965875 -2.9297230173845636 3.0127036845724313 15.529412621902624 -1.5569690898568866 1
Pedestrian 773 0 -1.5985353702294038 1025.5969 770.9076 1073.0776 898.24615 1.6261055004231457 0.6190454327608101 0.5174284811199925 1.17232790774414 3.6030653349746316 19.980110682758465 -1.5399278197508186 1
Pedestrian 824 1 1.4208345816380743 1052.1078 782.39 1085.0731 863.4871 1.779904646832752 0.6701243346736911 0.6448809805487264 2.4740055087639945 5.452014833558678 34.52043627512479 1.4923801080554457 1
rider 693 1 -1.543979900094991 904.30884 758.6863 956.8579 875.3469 1.5695605205395557 0.7331674434164217 0.8392092358583529 -0.4340892513982372 3.5316994010186633 21.510166616361794 -1.5641578161771967 1
Car 682 1 -1.4816175418089021 852.40375 788.8835 916.51154 848.0189 1.4632688667086635 1.8133570071343448 4.231140288412354 -2.5787935494952565 7.2993740968509035 51.072715942664495 -1.5320672839537837 1
Car 683 2 -1.5085326711099223 839.0957 785.09546 904.3075 851.7181 1.5029225228489793 1.7076139240935007 3.712557333120393 -2.627059132376371 6.47290536381681 44.53585673220282 -1.5674519037669816 1
Car 687 1 -1.4646291284993942 803.2026 775.3311 895.74445 856.8466 1.523906279613491 1.926134079432468 4.89804259155983 -2.8849622096585628 5.7558956219106765 39.59014611687386 -1.5373712671834505 1
Car 779 0 -1.250038743015634 223.65314 725.2288 709.5381 1105.7141 1.5597989676108444 1.6467682517565772 3.3417055989045235 -2.616475992255785 2.258388594105922 8.718349860039647 -1.541597716209393 1
Car 780 1 2.0783443098768117 0.0 746.02 206.04973 856.4022 1.444171500984737 1.8819954238331429 3.9708686908152107 -15.02702151996375 3.708811100369083 25.959243836777475 1.553606658190283 1
Car 828 2 1.937762607876662 351.54916 768.9679 465.4717 834.77905 1.44748389194359 1.8662180273904674 3.6575112702208683 -15.7503353805627 5.748126080454709 42.79875996167266 -4.698050365617286 1
Car 827 2 1.883203753635713 450.9258 771.67096 547.14 833.66425 1.5440071970512748 1.7979128276798966 4.410860344294161 -15.373428771990003 6.665595870831352 49.96535686751747 -4.698470846569819 1
bicycle_rack 1659 2 0.3271175316289771 261.08496 765.8448 385.37854 839.8994 1.3472822362233863 3.4812710257021573 1.7081936072361545 -15.223046765570666 4.896291167933882 35.85572066561176 -0.07438372830601359 1
moped_scooter 795 0 -1.7740328960724376 1212.8702 778.5514 1298.5057 923.6243 1.3656772939812294 0.5800788315403812 1.930978813278628 3.338534939366679 3.2219456856439552 17.09788383497264 -1.5811990345246056 1
moped_scooter 1813 2 0.24932339055575337 252.39937 771.2579 350.40228 830.6068 1.2198632220092727 0.7096768175884887 1.9071485339375887 -14.87449549823794 4.572423023709465 33.747779517541005 -0.16581567291660027 1
Pedestrian 796 0 1.5266666647847211 1103.0554 769.191 1144.9749 871.7335 1.6950351652311444 0.6972942916241842 0.6141931191121947 2.8220208790798846 4.232978498283939 25.974346582757057 -4.648296666817155 1
Cyclist 691 0 -1.5441455905143375 902.63196 756.44336 956.51654 893.35376 1.7273270350332612 0.7283275766165394 1.9112524198431236 -0.4420647696862803 3.7174282690193117 21.6661510446704 -1.5645462348177408 1
bicycle 798 1 -2.5328909686116328 0.0 784.3616 376.60776 1215.0 1.24283213200636 0.6289365485090168 1.649226036703164 -2.5662099821293087 1.723072766218104 4.144905624581543 -3.0872535835720707 1
bicycle_rack 799 2 -3.0996084759148315 733.43274 779.9515 865.1648 878.0937 1.293087350315608 4.443183222162324 2.3609540420757718 -3.06540043812874 4.561690511381244 29.23381167338718 -3.204084727786785 1
