Car 777 1 -1.4928878160288916 701.8589 768.01984 846.71204 901.8802 1.4568941142233214 1.826759042665944 3.5479976122869163 -2.6581432593984395 3.73198279073024 21.960627511493275 -1.613343149395741 1
Car 778 1 -1.353857132449614 486.11725 741.3158 780.0052 968.5904 1.5721580697176283 1.9186952664210923 3.7092720216965875 -2.9189775344581825 2.8170948518818344 14.124713665286322 -1.5576458297113207 1
Car 780 1 2.102040656512595 0.0 737.6655 166.14883 853.40674 1.444171500984737 1.8819954238331429 3.9708686908152107 -15.029554261508242 3.447354361023306 24.56282496376039 1.5529300576952934 1
Pedestrian 773 0 -1.6034857206110606 1030.3839 765.3628 1081.3182 901.6836 1.6261055004231457 0.6190454327608056 0.5976657827970582 1.1825667997259142 3.4191623101751762 18.781586022225888 -1.5406045694224415 1
Pedestrian 824 1 1.4140260643078757 1061.6147 773.9571 1094.0273 859.25116 1.779904646832752 0.6131130895511167 0.6595186886666048 2.552470441800057 5.0838176145093374 32.79383100865688 1.4917033175061274 1
Car 682 1 -1.480187696106278 848.2056 787.70575 914.23975 848.40625 1.4632688667086635 1.8133570071343448 4.231140288412354 -2.615745021629568 7.110609405425049 49.72438567799409 -1.5327441260681283 1
Car 683 2 -1.5066113145048674 833.9584 783.16455 901.46155 851.77856 1.5029225228489793 1.7076139240935007 3.712557333120393 -2.6602553617557922 6.27043574941691 43.189351104390795 -1.568128763285571 1
Car 687 1 -1.4621257844618092 796.36554 772.3788 892.5895 856.4693 1.523906279613491 1.926134079432468 4.89804259155983 -2.9116668307914666 5.54327326605851 38.27694316356616 -1.5380479971581513 1
Car 779 0 -1.1950779269270613 36.22737 709.9455 663.6485 1172.4847 1.5597989676108444 1.6467682517565772 3.3417055989045235 -2.663103918507988 2.0746708094581647 7.359592991631836 -1.5422745173541872 1
Car 827 2 1.891107210205397 434.72488 770.33215 534.8741 834.03546 1.5440071970512748 1.7979128276798966 4.410860344294161 -15.406936010110712 6.484778320339133 48.587055475783465 -4.699147846600823 1
Car 828 2 1.9490071567275038 328.14612 767.6075 447.78677 835.6959 1.44748389194359 1.8662180273904674 3.6575112702208683 -15.780194797702396 5.569404337547426 41.352102693425884 -4.698727435509469 1
bicycle 785 2 1.829528741525519 0.0 728.5426 236.27193 1215.0 1.2226465255012173 0.6166695365993015 1.9252847600356724 -2.633917276991013 1.595422595970208 4.36813814127176 1.2869180339674826 1
bicycle_rack 1659 2 0.3413224479681729 230.48184 764.3364 362.4581 841.3582 1.3472822362233863 3.4812710257021573 1.7081936072361545 -15.24648875814497 4.729664349570964 34.475517523665154 -0.07506042235623922 1
moped_scooter 795 1 -1.7916152427417873 1234.3434 776.63544 1330.7783 934.8164 1.3656772939812294 0.5800788315403812 1.930978813278628 3.350230736740254 3.0608760591337116 15.738384062892115 -1.5818758063807825 1
moped_scooter 1813 2 0.26464476381687857 221.04413 769.8464 324.05984 831.68896 1.2198632220092727 0.7096768175884887 1.9071485339375887 -14.898285346587944 4.4083251021227685 32.387714891905034 -0.1664923585994169 1
Pedestrian 796 0 1.5165608129283292 1115.134 765.8409 1161.8397 879.0711 1.6950351652311444 0.6972942916241842 0.8929881662775755 2.8389595106006267 4.002848246142324 24.01890901043667 -4.648973493699458 1
Cyclist 691 0 -1.5466984883949477 905.41156 754.08606 959.3317 891.76263 1.7273270350332612 0.7283275766165394 1.9112524198431236 -0.398645851497211 3.668896224184136 21.51741378302236 -1.5652230311154747 1
bicycle_rack 799 2 -3.0974553556340276 725.12384 778.20166 863.83954 881.1962 1.293087350315608 4.443183222162324 2.3609540420757718 -3.0042440071114456 4.38705862966672 27.889424624944326 -3.2047614154140973 1
rider 693 1 -1.5341993351873298 906.1127 756.84534 959.6424 874.464 1.5695605205395557 0.7331674434164217 0.8392092358583529 -0.39776886053178484 3.48991092219544 21.338460946643483 -1.5528381113529626 1
