Car 777 1 -1.4914219462726306 697.8037 768.24854 845.1421 904.24927 1.4568941142233214 1.826759042665944 3.5479976122869163 -2.658540910963091 3.705888865749643 21.650280712812478 -1.6136050363722256 1
Car 778 1 -1.3509736424389809 474.96783 741.55786 778.8832 976.4834 1.5721580697176283 1.9186952664210923 3.7092720216965875 -2.882229340683894 2.7887847771526153 13.728875067514272 -1.5579076243555043 1
Pedestrian 824 1 1.4124585244121868 1063.2902 771.45825 1096.2919 858.1483 1.779904646832752 0.6131130895511133 0.6595186886666048 2.5526207554839395 4.975276695622203 32.2513859321316 1.4914415032520902 1
Car 682 1 -1.4782065081772922 844.3988 789.2433 911.25934 850.6321 1.4632688667086635 1.8133570071343448 4.231140288412354 -2.7041672075421297 7.1169720464448885 49.297204784767835 -1.533005960275462 1
Car 683 2 -1.5059558806289675 832.1767 782.0641 900.4281 851.2767 1.5029225228489793 1.7076139240935007 3.712557333120393 -2.6739094885725345 6.193364025638424 42.77161885881558 -1.5683906042247444 1
Car 687 1 -1.463705814071604 797.8988 774.49963 894.9031 859.88934 1.523906279613491 1.926134079432468 4.89804259155983 -2.829335490099349 5.55877358416574 37.85434295231601 -1.538309787980471 1
Car 779 0 -1.1751404062721647 0.0 709.0863 646.941 1205.7913 1.5597989676108444 1.6467682517565772 3.3417055989045235 -2.680134234518932 2.0471722501086376 6.963732565885959 -1.5425363357107857 1
Car 780 1 2.1058982571192075 0.0 739.9457 159.5095 857.495 1.444171500984737 1.8819954238331429 3.9708686908152107 -15.003062675732387 3.4672069603645927 24.294171367222084 1.5526683169661117 1
Car 827 2 1.8935294428285783 429.63223 768.8279 531.02734 832.9642 1.5440071970512748 1.7979128276798966 4.410860344294161 -15.416715005475064 6.393397171750578 48.1687823568477 -4.699409741901659 1
Car 828 2 1.95069757669265 324.06165 765.9586 445.06732 834.54004 1.44748389194359 1.8662180273904674 3.6575112702208683 -15.729290541100779 5.486503221793586 40.97834811766061 -4.698989357838112 1
bicycle_rack 1659 2 0.34590790794955667 220.41544 763.8485 354.933 841.8318 1.3472822362233863 3.4812710257021573 1.7081936072361545 -15.256494104571457 4.678398808333637 34.05096659909763 -0.07532219926052952 1
moped_scooter 795 1 -1.7985973934499402 1243.0505 777.13495 1343.528 940.02405 1.3656772939812294 0.5800788315403812 1.930978813278628 3.3684224705903416 3.0236289723502807 15.317619003489812 -1.5821376134050682 1
moped_scooter 1813 2 0.2696560049973889 210.60674 769.38 315.29346 832.0447 1.2198632220092727 0.7096768175884887 1.9071485339375887 -14.907738245022706 4.357079198585821 31.963253155587253 -0.16675413225997127 1
Pedestrian 773 0 -1.603568850898159 1028.7955 765.4188 1082.45 904.26807 1.6261055004231457 0.6413675673710052 0.6110386664099033 1.15940985749756 3.3909140678630756 18.46641404428244 -1.5408663678650836 1
Pedestrian 796 0 1.5140969453405129 1114.4208 769.5775 1169.4257 885.5284 1.6950351652311444 0.8088123104903373 0.8929881662775755 2.831129805488585 4.014979924042118 23.508462124907236 -4.649235322014742 1
Cyclist 691 0 -1.5484921217554524 907.37036 756.9801 961.10645 895.06616 1.7273270350332612 0.7283275766165394 1.9112524198431236 -0.3714543460333803 3.710481458682127 21.496005351663978 -1.5657705590286644 1
bicycle_rack 799 2 -3.096265715122039 721.503 778.5169 862.6859 883.29956 1.293087350315608 4.443183222162324 2.3609540420757718 -2.99912524143782 4.350102143003785 27.467456142513075 -3.2050231898477732 1
rider 693 1 -1.5403960168148538 908.52625 760.57983 961.8226 878.5941 1.5695605205395557 0.7331674434164217 0.8392092358583529 -0.36414733934716204 3.539690120642012 21.289767133279796 -1.557498685522068 1
