Car 777 1 -1.4608828761673998 620.37195 750.4373 807.3 912.7792 1.4568941142233214 1.826759042665944 3.5479976122869163 -2.8721459943520373 3.1241315615691594 18.044668345119472 -1.6187274614213993 1
Car 778 1 -1.283332678988611 260.95224 718.133 719.17236 1043.518 1.5721580697176283 1.9186952664210923 3.7092720216965875 -2.9167028024189654 2.321362209451784 10.15477547691936 -1.5630282429972415 1
Pedestrian 824 1 1.3975561916475336 1073.4209 760.07935 1115.7703 860.8872 1.779904646832752 0.678268798262633 0.6595186886666048 2.4670129604971445 4.317936138432147 27.719815365849122 1.4863205011960186 1
rider 693 1 -1.550844036151092 895.1133 750.93756 947.9316 868.7722 1.5695605205395557 0.7331674434164217 0.8392092358583529 -0.5572258583211099 3.395625155687415 21.2441410077501 -1.5770676486583886 1
Car 682 1 -1.4732641867571923 826.18146 775.90466 898.7877 840.7894 1.4632688667086635 1.8133570071343448 4.231140288412354 -2.9781193292167427 6.309536594728829 45.84946702924349 -1.5381273532300743 1
Car 683 2 -1.4997898591485614 811.4308 774.6873 886.6568 849.60394 1.5029225228489793 1.7076139240935007 3.712557333120393 -2.901946026939417 5.624699587037117 39.291882955645484 -1.5735121287461746 1
Car 687 1 -1.4555761750695642 771.2891 764.4252 880.13275 857.647 1.523906279613491 1.926134079432468 4.89804259155983 -3.023665084391879 4.957650078982186 34.3282771145952 -1.5434303318771874 1
Car 779 1 -0.8887517476517977 0.0 646.07623 433.07205 1215.0 1.5597989676108444 1.6467682517565772 3.3417055989045235 -2.657003350527745 1.632323308283622 3.431256346718933 -1.5476574184304202 1
Car 827 2 1.91215892810399 383.90594 764.8004 496.86255 833.98376 1.5440071970512748 1.7979128276798966 4.410860344294161 -15.429247476166214 5.917396051913736 44.535680992017 -4.7045323302619035 1
Car 828 2 1.9834239385739343 248.42647 752.7076 387.41022 827.059 1.44748389194359 1.8662180273904674 3.6575112702208683 -15.946478201849207 4.78924589951375 37.26408293342611 -4.70411247510116 1
bicycle_rack 1659 2 0.38359694164415625 128.86433 751.94586 287.39102 837.9452 1.3472822362233863 3.4812710257021573 1.7081936072361545 -15.295508392166044 4.09687749188341 30.561076247794567 -0.08044246860596393 1
moped_scooter 795 1 -1.858470901716248 1309.9795 756.4582 1456.13 968.5251 1.3656772939812294 0.5800788315403812 1.930978813278628 3.2823822876534843 2.4895045558307505 11.804418567959312 -1.5872584742333373 1
moped_scooter 1813 2 0.31594507863497184 106.09008 762.7166 227.30444 833.18286 1.2198632220092727 0.7096768175884887 1.9071485339375887 -15.072333854948035 3.8850435942691366 28.40672015508656 -0.17187433739314506 1
Pedestrian 773 0 -1.591529003769886 1045.6687 750.82513 1107.8451 912.9843 1.6261055004231457 0.6413675673710052 0.557547131958509 1.2103131465693056 2.977546336838157 15.752729421986036 -1.514847689671728 1
Pedestrian 796 0 1.4874099446388023 1145.0876 749.23016 1204.3938 888.8862 1.6950351652311444 0.6972942916241842 0.6838918809035437 2.7272597781092336 3.317761687267672 19.156258853038086 -4.654356599770229 1
Cyclist 691 0 -1.5430985956905428 893.56085 748.39905 948.3851 886.6229 1.7273270350332612 0.7283275766165394 1.9112524198431236 -0.5579132791408831 3.5697454420567625 21.353183056885406 -1.5692205267171502 1
bicycle_rack 799 2 -3.0799741668066893 674.0273 768.58984 840.98157 888.2243 1.293087350315608 4.443183222162324 2.3609540420757718 -3.1391656404052974 3.8179350965963232 23.979669876893336 -3.2101434124471293 1
