Car 777 1 -1.4574477985134995 608.51996 745.7303 802.54974 912.65466 1.4568941142233214 1.826759042665944 3.5479976122869163 -2.8747461638766074 3.017701085662954 17.499846223951394 -1.620266264783758 1
Car 778 1 -1.2681404674721002 208.61288 711.4495 704.9388 1056.4563 1.5721580697176283 1.9186952664210923 3.7092720216965875 -2.9347654515472477 2.2359738725396476 9.608804938872522 -1.5645665035544618 1
Pedestrian 824 1 1.3944988898674116 1076.0608 759.115 1117.7141 862.262 1.779904646832752 0.6456909439068762 0.6595186886666048 2.4523725359854045 4.243154567769599 27.089256908650672 1.4847821255151268 1
rider 693 1 -1.5426230837233206 894.9512 748.5433 948.87036 867.6648 1.5695605205395557 0.7331674434164217 0.8392092358583529 -0.5451226896290584 3.340437606771437 20.997682588513648 -1.5685783418768604 1
Car 682 1 -1.472476389365972 822.1886 775.5675 895.7116 841.15515 1.4632688667086635 1.8133570071343448 4.231140288412354 -3.0517611861106957 6.248452823456957 45.35186942278877 -1.5396658465680082 1
Car 683 2 -1.4986904517632367 806.8533 771.837 883.19885 847.4708 1.5029225228489793 1.7076139240935007 3.712557333120393 -2.9687943079418395 5.498380052530425 38.80321756363771 -1.5750506615677986 1
Car 687 1 -1.4556232867591044 768.0135 761.02344 878.65424 855.33014 1.523906279613491 1.926134079432468 4.89804259155983 -3.0259576541837667 4.823716074044896 33.77796351195863 -1.5449685699843025 1
Car 779 1 -0.8112272049554708 0.0 585.0987 379.00952 1215.0 1.5597989676108444 1.6467682517565772 3.3417055989045235 -2.6279013292792213 1.5278234320264068 2.8897998264368834 -1.5491958184986236 1
Car 827 2 1.9154432611394618 374.77573 761.6904 489.64526 831.36743 1.5440071970512748 1.7979128276798966 4.410860344294161 -15.492919076476156 5.7739584622377365 44.031731339057934 -4.7060711828653385 1
Car 828 2 1.9883887687400499 235.28157 753.4552 377.22653 828.9874 1.44748389194359 1.8662180273904674 3.6575112702208683 -16.0058563771373 4.763646292452039 36.740338797369624 -4.705651486680566 1
bicycle_rack 1659 2 0.38689848635198654 117.82631 751.0869 279.9074 838.52704 1.3472822362233863 3.4812710257021573 1.7081936072361545 -15.22509602949385 4.035767122321793 30.05606174448758 -0.0819806233786633 1
moped_scooter 795 1 -1.8738732317206612 1327.4648 755.3401 1485.0399 978.5058 1.3656772939812294 0.5800788315403812 1.930978813278628 3.2988969826105365 2.432222554870103 11.256783144155609 -1.5887968075573478 1
moped_scooter 1813 0 0.3231619149570907 87.78072 756.6737 211.80173 828.22815 1.2198632220092727 0.7096768175884887 1.9071485339375887 -15.119205549435854 3.723854963337706 27.902275926063815 -0.17341247259169723 1
Pedestrian 773 0 -1.5937522746267652 1045.683 747.3125 1110.0829 915.30817 1.6261055004231457 0.6413675673710052 0.611038666409899 1.183578188491123 2.902304432064464 15.267832232279405 -1.5163859678709464 1
Pedestrian 796 0 1.480548985005691 1152.1245 745.9877 1213.5787 890.2094 1.6950351652311444 0.6972942916241842 0.6141931191121888 2.727040504540328 3.215431839618409 18.450424197137036 -4.655895058519684 1
Cyclist 691 0 -1.5448423688989679 893.6818 745.7533 948.83813 885.2047 1.7273270350332612 0.7283275766165394 1.9112524198431236 -0.547883004257851 3.5126638338336202 21.135823306002106 -1.5707585742445704 1
bicycle_rack 799 2 -3.0788825745618786 667.699 766.2937 838.57715 888.234 1.293087350315608 4.443183222162324 2.3609540420757718 -3.137699050545501 3.731286047468429 23.48837552053601 -3.211681553763751 1
