Car 827 2 1.9198920328886881 365.76334 764.76404 482.96487 835.7648 1.5440071970512748 1.7979128276798966 4.410860344294161 -15.510780329273016 5.8139050116905935 43.44279079036738 -4.706225302106997 1
Car 777 1 -1.452271146116305 595.4802 745.63135 797.6717 918.59326 1.4568941142233214 1.826759042665944 3.5479976122869163 -2.8774073067085943 2.9720940310161206 16.950641036928086 -1.6204203790892082 1
Car 778 0 -1.2591609470542044 168.71014 705.8681 701.94116 1072.6893 1.5721580697176283 1.9186952664210923 3.7092720216965875 -2.8677139729647663 2.1651344237728907 9.091200748111154 -1.5647205634931327 1
Car 779 2 -0.7128475247032435 0.0 372.2543 311.87506 1215.0 1.5597989676108444 1.6467682517565772 3.3417055989045235 -2.5932633431603196 1.4495226072338736 2.3408877353593405 -1.5493498924121125 1
Car 828 2 1.9891680245690369 232.52237 749.21704 376.47012 825.3299 1.44748389194359 1.8662180273904674 3.6575112702208683 -15.840886066542096 4.615143144806206 36.26916712012994 -4.705805621846274 1
Pedestrian 773 0 -1.5978679784840728 1051.5458 745.1207 1116.3727 920.0055 1.6261055004231457 0.6190454327608016 0.6912759680869733 1.203429505565589 2.8421675930404917 14.764605473682167 -1.5165400295779334 1
Pedestrian 824 1 1.3915790650092272 1079.8563 759.4827 1122.2827 865.47046 1.779904646832752 0.637546480317932 0.6595186886666048 2.4611956835657502 4.185519446004411 26.374155173550125 1.4846280540480343 1
rider 693 1 -1.5442466238428658 897.0983 748.37994 951.1152 867.9323 1.5695605205395557 0.7331674434164217 0.8392092358583529 -0.5123987005591626 3.3318608843107054 20.922206037610174 -1.5687323923214136 1
Car 682 1 -1.4715907053127506 820.0509 774.3851 894.6328 840.7239 1.4632688667086635 1.8133570071343448 4.231140288412354 -3.060429857347823 6.154269595550989 44.78549193646911 -1.5398199298245052 1
Car 683 2 -1.4975182929604027 804.14453 770.37396 881.799 847.0368 1.5029225228489793 1.7076139240935007 3.712557333120393 -2.9764829567804996 5.403524156934764 38.23694412929476 -1.5752047487776488 1
Car 687 1 -1.4538272977083615 763.85156 760.3648 876.65283 856.16956 1.523906279613491 1.926134079432468 4.89804259155983 -3.0443907421136456 4.7602673676006955 33.25392298299185 -1.5451226276746486 1
bicycle_rack 1659 2 0.3952260800171778 99.00587 750.09204 266.2086 839.2159 1.3472822362233863 3.4812710257021573 1.7081936072361545 -15.250129359268236 3.9665618456257734 29.48247292701727 -0.08213467270116692 1
moped_scooter 795 1 -1.8881711291998076 1345.0829 754.36163 1515.415 990.4314 1.3656772939812294 0.5800788315403812 1.930978813278628 3.2966125037720735 2.3748601129119464 10.686560216119311 -1.5889508747840702 1
moped_scooter 1813 0 0.33193740612964817 68.729324 758.1464 196.02412 831.299 1.2198632220092727 0.7096768175884887 1.9071485339375887 -15.123706729206457 3.7004317506757296 27.3252180947577 -0.17356651994657546 1
Pedestrian 796 0 1.474319540195376 1160.0217 747.3817 1224.316 897.84 1.6950351652311444 0.6972942916241842 0.5863136143956453 2.721258610217191 3.167748851472032 17.66851204374459 -4.656049138312539 1
Cyclist 691 0 -1.5467727906842155 896.43665 745.50165 951.4048 885.1245 1.7273270350332612 0.7283275766165394 1.9112524198431236 -0.5096347186039459 3.5066795217369497 21.107683314678688 -1.5709126128448434 1
bicycle_rack 799 2 -3.076212706992591 660.36346 764.6177 836.38196 889.54083 1.293087350315608 4.443183222162324 2.3609540420757718 -3.1278513419029244 3.6494173176248728 22.921279917813212 -3.211835601753536 1
