Car 827 2 1.9340656098177593 341.07727 766.08496 465.9061 840.54376 1.5440071970512748 1.7979128276798966 4.410860344294161 -15.42984052727862 5.681834323963677 41.614967982575834 -4.704182195358159 1
Car 777 0 -1.4324733790763466 546.0965 760.94763 784.7933 965.61084 1.4568941142233214 1.826759042665944 3.5479976122869163 -2.7975453799604155 2.9752846326798155 14.87457779575689 -1.6183773377097694 1
Car 778 0 -1.1770619877224766 0.0 699.4443 644.4197 1207.4431 1.5721580697176283 1.9186952664210923 3.7092720216965875 -2.856657861523026 2.0157942969560514 7.037149138357279 -1.5626782427804418 1
moped_scooter 1813 2 0.3621132957250338 6.138189 759.353 146.4658 838.83466 1.2198632220092727 0.7096768175884887 1.9071485339375887 -14.887374967872507 3.531483393971369 25.198076803229814 -0.1715243656259271 1
Pedestrian 824 2 1.3803831319925426 1105.1646 778.1737 1153.0778 897.6595 1.779904646832752 0.6360068929690266 0.6595186886666048 2.637055796040733 4.228740765217396 23.538509482192516 1.4919494790439196 1
Car 681 1 -1.5138938573333804 846.39343 793.5117 902.1877 850.8148 1.5320442724744983 1.7435578061213326 3.5545154793108154 -3.004284102050788 7.620624118828454 52.22242073217337 -1.5713591444027686 1
Car 682 1 -1.4690423908964743 817.12164 790.71484 895.68396 862.16644 1.4632688667086635 1.8133570071343448 4.231140288412354 -2.9412079321595233 6.438223222888156 42.723189833055066 -1.5377773000597998 1
Car 683 2 -1.4939135706297693 799.0709 787.3805 881.7051 870.45746 1.5029225228489793 1.7076139240935007 3.712557333120393 -2.8733417648960393 5.635985753849727 36.18143205944309 -1.573162066589607 1
Car 687 1 -1.4494663792004123 755.43274 777.47614 876.8649 883.2099 1.523906279613491 1.926134079432468 4.89804259155983 -2.9265904175223807 4.956724612584452 31.170953186702533 -1.5430803367687036 1
Car 826 2 1.8984492779059163 418.0132 772.4417 516.4649 834.4442 1.51731821221108 1.7979128276798966 4.12103148595763 -15.95941813508356 6.508010237537785 48.514531688374035 -4.702546880140517 1
Car 828 2 2.012588422320233 187.1328 761.8966 343.8998 844.17236 1.44748389194359 1.8662180273904674 3.6575112702208683 -15.845437351351537 4.754648965229945 34.26353004132452 -4.703762304031439 1
bicycle_rack 799 2 -3.0677129798647145 638.4453 780.7772 834.6968 923.2078 1.293087350315608 4.443183222162324 2.3609540420757718 -2.9898244423640357 3.711176550132264 20.90138883159237 -3.2097934393440717 1
bicycle_rack 1659 2 0.42587967825510353 32.400757 751.1442 220.50574 847.9139 1.3472822362233863 3.4812710257021573 1.7081936072361545 -15.142879350740948 3.8067091346614346 27.329646943733565 -0.08009249240338834 1
moped_scooter 795 1 -1.9516923066478946 1427.4331 773.6487 1663.5819 1078.2041 1.3656772939812294 0.5800788315403812 1.930978813278628 3.293111472147265 2.31994097848525 8.623546805663766 -1.5869084574607129 1
Pedestrian 796 0 1.4445235091666282 1202.368 763.4903 1280.4719 942.98267 1.6950351652311444 0.6972942916241842 0.586313614395668 2.7865816876005707 3.1066621592223336 14.918815879673115 -4.654006554471035 1
bicycle 829 2 -2.9688892406935414 589.703 769.8209 700.06836 838.1053 1.0622858151966914 0.3965648686404528 1.7238216236551995 -5.167299250031803 3.455262533493011 24.46421703458426 -3.177048339722308 1
Cyclist 691 0 -1.5218611877480315 903.6207 764.21014 962.18396 906.52527 1.7273270350332612 0.7283275766165394 1.9112524198431236 -0.3800820198923439 3.7745452078091404 21.00946381368291 -1.5399502054634666 1
Pedestrian 773 0 -1.6143433550210082 1073.8064 764.53796 1150.3654 961.9881 1.6261055004231457 0.6413675673710052 0.6511573172484453 1.3167894644445604 2.885525673949931 13.144393727302324 -1.5144976854444827 1
rider 693 1 -1.5241521839032686 906.34656 767.6837 961.47626 888.11694 1.5695605205395557 0.7331674434164217 0.8392092358583529 -0.3755686220813107 3.6099075939386247 20.939348009438564 -1.5420862836705822 1
