Car 827 2 1.9388524291199314 335.31824 769.7873 462.60846 845.746 1.5440071970512748 1.7979128276798966 4.410860344294161 -15.346170673298301 5.7369399329216515 41.061895684123606 -4.701991975407592 1
Car 777 0 -1.425981767812752 531.8839 761.6674 782.9636 975.8894 1.4568941142233214 1.826759042665944 3.5479976122869163 -2.753204985719787 2.930594304492817 14.299922273448734 -1.6161871876713747 1
Car 778 1 -1.151158080950269 0.0 698.3368 628.5787 1215.0 1.5721580697176283 1.9186952664210923 3.7092720216965875 -2.8505083056187925 1.9863874066083658 6.570477333540056 -1.5604888651650768 1
Pedestrian 773 0 -1.6225551874447428 1090.9401 772.9337 1164.563 967.05695 1.5441085686007816 0.5906820017265052 0.6136781116278455 1.4072154564582884 2.8345579700846937 12.712461709911768 -1.512308282772942 1
Pedestrian 824 2 1.380016109013507 1117.3085 782.8728 1166.8727 906.48315 1.779904646832752 0.6360068929690266 0.6595186886666048 2.749666571494022 4.2237863873954895 22.78331107247847 1.5001229676513663 1
Car 681 1 -1.5134367108838618 848.6621 796.48804 905.0779 854.62775 1.5320442724744983 1.7435578061213326 3.5545154793108154 -2.8835398367937004 7.666531867748336 51.68494363095573 -1.569169646574324 1
Car 682 1 -1.468399004312816 818.79224 796.2546 898.55066 869.38043 1.4632688667086635 1.8133570071343448 4.231140288412354 -2.834881252104244 6.536595865215237 42.12938914436582 -1.5355875912951984 1
Car 683 2 -1.492918919970223 800.04065 791.94525 884.18756 876.94855 1.5029225228489793 1.7076139240935007 3.712557333120393 -2.7838874402655636 5.6862726084894994 35.593995174233015 -1.570972301590947 1
Car 687 1 -1.4486346893766027 756.29297 781.3763 879.8001 889.60284 1.523906279613491 1.926134079432468 4.89804259155983 -2.839956581098026 4.994971934772852 30.695950113051737 -1.5408909911097124 1
Car 826 2 1.9020312516693778 414.86456 773.7354 514.88586 836.6129 1.51731821221108 1.7979128276798966 4.12103148595763 -15.852473255795484 6.497204782987532 47.96436074927714 -4.700357183154713 1
Car 828 2 2.01850687891935 178.53535 761.42 338.6447 844.95575 1.44748389194359 1.8662180273904674 3.6575112702208683 -15.766536879579172 4.697537364049742 33.76197417061882 -4.7015718578988634 1
bicycle_rack 799 2 -3.0611992741285894 627.0882 785.62354 831.34344 933.8559 1.293087350315608 4.443183222162324 2.3609540420757718 -2.995836726296324 3.723223906939718 20.316261630197037 -3.2076042311900395 1
bicycle_rack 1659 2 0.43582202345418164 13.7085285 749.9583 208.09315 848.65515 1.3472822362233863 3.4812710257021573 1.7081936072361545 -15.11221121196706 3.7377079152870696 26.78236302216757 -0.07790326454231344 1
moped_scooter 795 1 -1.972040243840358 1456.7924 775.746 1716.5862 1102.1641 1.3656772939812294 0.5800788315403812 1.930978813278628 3.3132810558662382 2.282766987609107 8.122240060112011 -1.5847189762895464 1
Pedestrian 796 0 1.438322600370678 1213.3757 767.94415 1295.6877 956.23773 1.6950351652311444 0.6972942916241842 0.6002533667539354 2.7895530606671044 3.090723285478007 14.270261394419514 -4.651816894952651 1
bicycle 829 2 -2.9642090487246637 584.4367 769.0656 697.50507 838.9413 1.0622858151966914 0.3965648686404528 1.7238216236551995 -5.109886349759542 3.388005110384819 23.897788148719258 -3.1748595236503205 1
Cyclist 691 0 -1.5199535878004786 903.4964 769.22534 962.25745 911.89343 1.7273270350332612 0.7283275766165394 1.9112524198431236 -0.3807766613147109 3.850262099567561 21.029746426339784 -1.5380581835234857 1
rider 693 1 -1.5219382258051086 906.067 772.9814 961.31323 893.62775 1.5695605205395557 0.7331674434164217 0.8392092358583529 -0.3787398139837858 3.68608071310138 20.943391773624562 -1.5400202318011382 1
