Car 827 1 1.9659145083342873 301.39487 772.44324 443.1951 855.00793 1.5440071970512748 1.7979128276798966 4.410860344294161 -14.918751301745075 5.526834112796951 38.14310480760985 -4.690103647676464 1
Car 777 0 -1.3904738069920486 443.12936 752.73315 777.2324 1026.9438 1.4568941142233214 1.826759042665944 3.5479976122869163 -2.482133303055252 2.588207435686744 11.430767147306321 -1.6042992364427187 1
Car 778 1 -0.9087305414136645 0.0 632.8881 496.88626 1215.0 1.5721580697176283 1.9186952664210923 3.7092720216965875 -2.692830961500997 1.6015150368979836 3.617700086234274 -1.548605103983833 1
moped_scooter 795 1 -2.1712269810625076 1746.8235 759.1949 1935.0 1215.0 1.3656772939812294 0.5800788315403812 1.930978813278628 3.480328061228511 1.9108636504591985 5.104772510748835 -1.5728346532421773 1
Pedestrian 773 0 -1.63721922656495 1157.3428 762.136 1245.8002 1008.8671 1.6339218375548643 0.5804075041419405 0.454249780543185 1.669684952520032 2.6149943697789952 10.437605624519717 -1.4785949737193778 1
Pedestrian 824 2 1.5063415138570102 1161.8773 774.0625 1215.5532 921.819 1.779904646832752 0.6360068929690266 0.6595186886666048 2.89685010975552 3.7194685917417827 19.08919729839735 -4.626239496503415 1
Car 681 1 -1.5109383956378042 860.7792 795.84674 920.8688 857.6938 1.5320442724744983 1.7435578061213326 3.5545154793108154 -2.2597779209021187 7.306191508131164 48.72305791800767 -1.5572852335113205 1
Car 682 1 -1.4644953585775022 827.2668 794.5089 913.4425 873.1976 1.4632688667086635 1.8133570071343448 4.231140288412354 -2.327128505141907 6.160488354226494 39.25923211124361 -1.523702035546059 1
Car 683 2 -1.4873419170643198 804.9551 792.26953 897.4196 885.37683 1.5029225228489793 1.7076139240935007 3.712557333120393 -2.3511650952753076 5.37327394340809 32.715106085670705 -1.5590864399716002 1
Car 687 1 -1.4441328086463 758.81635 778.6472 897.21265 899.6535 1.523906279613491 1.926134079432468 4.89804259155983 -2.351648199193201 4.62139728651703 27.640763854195985 -1.529007403438865 1
Car 826 2 1.922231214876609 396.07736 778.76587 505.33685 846.5579 1.51731821221108 1.7979128276798966 4.12103148595763 -15.289414164498071 6.361713176370145 45.00148159936155 -4.688471690615805 1
Car 828 2 2.049729263157958 131.9094 758.2031 312.28516 849.47723 1.44748389194359 1.8662180273904674 3.6575112702208683 -15.197744130052111 4.372852140275365 30.967934230528 -4.689682303992738 1
bicycle_rack 799 1 -3.0442383117454783 594.33 779.1628 839.5783 953.00037 1.293087350315608 4.443183222162324 2.3609540420757718 -2.6648182690906097 3.329283474874447 17.456760368475223 -3.1957213853221216 1
Pedestrian 796 0 1.3735848514146127 1313.2491 747.82166 1441.8221 1015.18744 1.6950351652311444 0.6972942916241842 0.8929881662775755 2.870202928845424 2.5872814772817154 10.384174255030288 -4.6399316067910075 1
bicycle 829 2 -2.936982524921991 552.2245 771.3903 681.30145 850.7834 1.0622858151966914 0.3965648686404528 1.7238216236551995 -4.834329052295006 3.1431691432583575 21.025750711136258 -3.1629789264347794 1
Cyclist 691 0 -1.5216300702488934 931.9937 769.14246 990.7 912.3829 1.7273270350332612 0.7283275766165394 1.9112524198431236 0.019418489290988744 3.8433786090070323 20.965398512719293 -1.5207038544306573 1
bicycle_rack 1659 2 0.48515566899834317 0.0 752.6298 148.48424 863.8033 1.3472822362233863 3.4812710257021573 1.7081936072361545 -14.776119920014297 3.5535383308665436 24.03698303382469 -0.06602030213047194 1
rider 693 1 -1.5218207283299727 934.665 773.0519 990.1541 894.38745 1.5695605205395557 0.7331674434164217 0.8392092358583529 0.023287533247324542 3.678567389682302 20.850629223753685 -1.5207038544306575 1
