Car 683 2 -1.480062559028596 817.4766 804.0587 925.40686 914.3186 1.5029225228489793 1.7076139240935007 3.712557333120393 -1.6393441160635052 5.129655046482322 28.388786686645666 -1.5377446845001812 1
Car 777 0 -1.281001503762258 89.56754 745.6887 738.62604 1215.0 1.4568941142233214 1.826759042665944 3.5479976122869163 -2.217350699156355 2.1760771165086124 7.118836053184073 -1.5829537312112687 1
Pedestrian 773 0 -1.7463547816776188 1332.9987 746.4739 1487.3228 1140.8086 1.6675147479786079 0.573553211599746 0.6725595728297622 2.057185055196081 2.2596149133181744 6.916518478825676 -1.4572567905544551 1
Pedestrian 824 1 1.491413574780017 1286.2665 772.53564 1363.5562 989.1526 1.779904646832752 0.6067314767332856 0.8351711860810652 3.2405031690842367 3.1458298176248425 13.375505412072904 -4.5540801157704625 1
Car 680 1 -1.5095904127203554 905.7675 812.0916 963.76984 870.4569 1.5256340473683343 1.806838073159251 3.3725265817697103 -0.8875009168541705 8.235184426761869 51.87680271731039 -1.5266966008689726 1
Car 681 1 -1.5087083883872972 886.08826 809.97034 952.36035 879.5737 1.5320442724744983 1.7435578061213326 3.5545154793108154 -1.2077636401562575 7.241842862392907 44.33067740743253 -1.535946071624216 1
Car 682 1 -1.460289632482544 846.658 808.3734 944.2543 899.5485 1.4632688667086635 1.8133570071343448 4.231140288412354 -1.469892406753563 6.013827597909938 34.91759438113206 -1.5023608318555217 1
Car 687 1 -1.432926689976326 756.5599 790.3184 924.7753 940.09125 1.523906279613491 1.926134079432468 4.89804259155983 -1.7413353695702152 4.3732730457319375 23.254228144603474 -1.507669720867748 1
Car 825 2 1.8706682768909042 475.2229 796.2649 570.8388 861.2911 1.51731821221108 1.7979128276798966 4.12103148595763 -13.973016443326214 7.2446111339789825 47.90511007475856 -4.6963244650815295 1
Car 826 2 1.953207735516716 371.7859 789.3544 496.1931 865.5598 1.51731821221108 1.7979128276798966 4.12103148595763 -14.349283200640329 6.2498416530847845 40.93516021886099 -4.6671305973427675 1
Car 827 2 2.0028403559740884 261.2425 778.08 426.8908 872.1847 1.5440071970512748 1.7979128276798966 4.410860344294161 -13.945557858179066 5.264604677874237 34.08001821948069 -4.668757479133612 1
Car 828 1 2.1081998908861452 39.908478 768.8663 259.84378 876.6173 1.44748389194359 1.8662180273904674 3.6575112702208683 -14.490739325625428 4.221796148433347 26.94963526163559 -4.668333940665156 1
bicycle_rack 799 1 -3.0057131863792845 502.06058 784.8954 851.2396 1028.4946 1.293087350315608 4.443183222162324 2.3609540420757718 -2.241874568352434 2.9433101466867866 13.165053019391227 -3.1743850138791947 1
Pedestrian 796 1 1.1019329757631606 1752.5962 685.4895 1935.0 1215.0 1.6950351652311444 0.6972942916241842 0.5863136143956581 3.0526696081227227 1.9043084599952351 4.840410969934887 -4.618590884661483 1
bicycle 829 2 -2.884790007612792 485.8584 769.2286 649.1556 868.70886 1.0622858151966914 0.3965648686404528 1.7238216236551995 -4.397693040479167 2.6973466231741368 16.742973527402327 -3.1416471023518437 1
Cyclist 691 0 -1.5431870821973064 985.5176 786.6533 1041.8658 933.0706 1.7273270350332612 0.7283275766165394 1.9112524198431236 0.7458281417561998 4.080389508247597 20.777570385728108 -1.5073066573203466 1
bicycle_rack 1659 2 0.5727394369412978 0.0 755.1009 39.38037 891.0931 1.3472822362233863 3.4812710257021573 1.7081936072361545 -14.197383918313355 3.242944768404098 19.995585678579392 -0.04468368087766872 1
rider 693 1 -1.5490864979705175 987.6347 790.415 1041.9131 913.34985 1.5695605205395557 0.7331674434164217 0.8392092358583529 0.748433767621232 3.911392206981245 20.718421879311308 -1.5129781268417555 1
