Car 683 2 -1.4806823428461535 815.3768 800.78314 921.4978 908.69617 1.5029225228489793 1.7076139240935007 3.712557333120393 -1.7255155563309388 5.116370378624111 28.841749065756794 -1.5404381248700827 1
Car 777 0 -1.2979027491353368 149.20384 742.7676 746.2184 1196.4534 1.4568941142233214 1.826759042665944 3.5479976122869163 -2.2251417164305214 2.190369334984534 7.518424462027058 -1.585647644614588 1
Pedestrian 773 0 -1.7309518022992996 1307.6423 749.5383 1453.1761 1120.837 1.6675147479786079 0.5857196847122202 0.6725595728297622 2.0362548662064053 2.308914628017482 7.328949518972611 -1.459949780487785 1
Pedestrian 824 1 1.499569475231052 1271.2657 774.3528 1343.6893 980.21545 1.779904646832752 0.6067314767332856 0.7034318130202186 3.207691913809054 3.2082149518423835 13.897219072601642 -4.556773167632627 1
Car 681 1 -1.5100383800847372 884.5055 806.7769 949.92053 875.3187 1.5320442724744983 1.7435578061213326 3.5545154793108154 -1.2818684922777333 7.200995847636162 44.80709342140718 -1.538639185224378 1
Car 682 1 -1.4605755803764109 843.77246 805.1832 940.0672 894.66364 1.4632688667086635 1.8133570071343448 4.231140288412354 -1.5743599601947962 5.989305103672651 35.37253495413747 -1.5050542024132154 1
Car 687 1 -1.4350907167693052 758.35144 785.9447 922.18835 930.9763 1.523906279613491 1.926134079432468 4.89804259155983 -1.792935394551152 4.353724205896433 23.774439026272475 -1.510362647982021 1
Car 825 2 1.8678949204029278 475.98965 788.7172 570.4144 852.42084 1.51731821221108 1.7979128276798966 4.12103148595763 -14.098766268849914 7.040904843312527 48.35059938306836 -4.699017936659832 1
Car 826 2 1.9493825390031958 374.67902 781.61285 497.24667 856.1165 1.51731821221108 1.7979128276798966 4.12103148595763 -14.45079780642245 6.072903875293967 41.374707525616216 -4.669823954183986 1
Car 827 2 1.9983537052385314 265.9918 777.22437 428.70227 869.8979 1.5440071970512748 1.7979128276798966 4.410860344294161 -14.053812254975535 5.288519308101991 34.52099512574833 -4.671451475342651 1
Car 828 1 2.1031492106840872 46.354214 768.9326 262.8398 875.3617 1.44748389194359 1.8662180273904674 3.6575112702208683 -14.572212915525574 4.2522569413826075 27.254939087929774 -4.671028213353496 1
bicycle_rack 799 1 -3.013774750920111 520.6508 785.42346 853.716 1019.8433 1.293087350315608 4.443183222162324 2.3609540420757718 -2.242413210607403 2.9967646824313094 13.609326575647668 -3.1770777770871623 1
Pedestrian 796 0 1.1554653222451634 1652.3363 707.03595 1935.0 1215.0 1.6950351652311444 0.6972942916241842 0.79540989976969 3.047712336647411 2.0203191541805445 5.494456222175344 -4.621284194372956 1
bicycle 829 2 -2.8918903919485888 495.4158 769.93365 653.76855 866.52954 1.0622858151966914 0.3965648686404528 1.7238216236551995 -4.449463092207398 2.7546540409974156 17.249184317934727 -3.1443392556059075 1
Cyclist 691 0 -1.5412361568101192 978.5986 780.7117 1034.8932 925.6862 1.7273270350332612 0.7283275766165394 1.9112524198431236 0.6528088486320681 4.005790749069843 20.891968544628586 -1.5099994396402867 1
bicycle_rack 1659 2 0.562724859577031 0.0 761.9418 51.69398 896.3686 1.3472822362233863 3.4812710257021573 1.7081936072361545 -14.257487882212034 3.379330740765706 20.39494432218469 -0.047376478482322515 1
rider 693 1 -1.5469181526014208 980.3961 783.93494 1034.5984 906.11707 1.5695605205395557 0.7331674434164217 0.8392092358583529 0.6499465518365333 3.827581175829496 20.79335346113555 -1.515670907877596 1
