bicycle_rack 1659 2 0.5575110397732348 0.0 758.6239 59.79079 890.8544 1.3472822362233863 3.4812710257021573 1.7081936072361545 -14.270050321930425 3.349958226992828 20.61618673760679 -0.04794527155779349 1
Car 683 2 -1.4809670534034336 815.4606 796.30743 920.6705 902.66504 1.5029225228489793 1.7076139240935007 3.712557333120393 -1.747809674103364 5.051191774075312 29.075765912770503 -1.541007053910467 1
Car 777 0 -1.3019845781025006 168.98116 741.36725 746.0327 1179.335 1.4568941142233214 1.826759042665944 3.5479976122869163 -2.2534217085219157 2.196883731754468 7.713447286896463 -1.5862166735813144 1
Pedestrian 773 0 -1.7203694364990523 1294.0337 746.29565 1429.2965 1103.1273 1.6675147479786079 0.5780894933010728 0.5628521490906829 1.9971521512307677 2.3026157136554906 7.511993267360255 -1.460518614367479 1
Pedestrian 824 1 1.508043298175635 1258.3618 770.73004 1328.0311 970.51654 1.779904646832752 0.6067314767332856 0.7034318130202186 3.1632417682812326 3.212197092443466 14.293227219751124 -4.557342014607798 1
Car 681 1 -1.508949062365912 882.17505 802.90454 947.31287 870.6782 1.5320442724744983 1.7435578061213326 3.5545154793108154 -1.3646542672843724 7.1133693349810585 45.08538020493833 -1.539208045220808 1
Car 682 1 -1.4607096548752696 843.4859 801.58307 939.1236 889.9646 1.4632688667086635 1.8133570071343448 4.231140288412354 -1.6002789433394715 5.9264927381584975 35.60631257138691 -1.5056231167136147 1
Car 687 1 -1.4335205474090804 755.7831 781.49426 918.5722 923.9969 1.523906279613491 1.926134079432468 4.89804259155983 -1.8611278715253072 4.298482149587594 23.994144302804724 -1.5109314685792565 1
Car 825 2 1.8666855942254825 477.33322 788.7737 571.1893 852.1843 1.51731821221108 1.7979128276798966 4.12103148595763 -14.127569364276326 7.0662585165800476 48.56508159351917 -4.699586872288519 1
Car 826 2 1.947676528721936 377.07248 780.7988 498.74094 854.8009 1.51731821221108 1.7979128276798966 4.12103148595763 -14.473807942751817 6.071895974320362 41.59245868582122 -4.67039286557899 1
Car 827 2 1.9950704351226163 271.83337 772.0111 432.52103 863.14905 1.5440071970512748 1.7979128276798966 4.410860344294161 -14.060085952378506 5.188420974008899 34.80662645705708 -4.672020521833915 1
Car 828 1 2.102492354113558 47.57166 767.4815 262.19165 872.76807 1.44748389194359 1.8662180273904674 3.6575112702208683 -14.68796311615587 4.245147883444224 27.477229488927073 -4.6715973182643955 1
bicycle_rack 799 1 -3.014480996448304 524.8438 780.52637 851.83 1008.4769 1.293087350315608 4.443183222162324 2.3609540420757718 -2.2777516482087865 2.9684106611225003 13.835652946684664 -3.17764656300307 1
Pedestrian 796 0 1.1843687871020556 1602.4945 703.12836 1889.1389 1192.4879 1.6950351652311444 0.6972942916241842 0.8929881662775755 3.0015433552956305 2.0238015653890096 5.808419525490841 -4.621853095823419 1
bicycle 829 2 -2.8953382597705817 501.09097 766.68396 657.3148 861.9656 1.0622858151966914 0.3965648686404528 1.7238216236551995 -4.453481088448871 2.7379651831954 17.472609680408855 -3.1449079140137246 1
Cyclist 691 0 -1.5397775835568317 975.12427 774.4737 1032.2334 920.49 1.7273270350332612 0.7283275766165394 1.9112524198431236 0.6038115460997816 3.8919532133852814 20.665976277044624 -1.5105682296418874 1
rider 693 1 -1.545337401053823 976.9395 778.18396 1031.6033 900.966 1.5695605205395557 0.7331674434164217 0.8392092358583529 0.6010979672713482 3.7314297273276633 20.652087325598195 -1.5162396976073238 1
