bicycle_rack 1659 2 0.5171410054199508 0.0 761.74774 111.11388 883.3045 1.3472822362233863 3.4812710257021573 1.7081936072361545 -14.494277634839072 3.5592909873646454 22.38524181738189 -0.05746949887504926 1
Car 777 0 -1.3561831046031276 348.2328 751.34717 766.2658 1084.9688 1.4568941142233214 1.826759042665944 3.5479976122869163 -2.3664237762144227 2.4279951499131345 9.688441507193287 -1.5957448612245906 1
Car 778 2 -0.5896145753315212 0.0 0.0 1935.0 1215.0 1.5721580697176283 1.9186952664210923 3.7092720216965875 -2.6356506377909596 1.4031559262100752 1.8830362187262069 -1.540053740902581 1
Pedestrian 773 0 -1.6753364132856767 1218.3512 754.02 1331.5999 1051.1104 1.6339218375548643 0.5923288776281939 0.6692444072551297 1.853778369697725 2.433931493696313 8.902706766595458 -1.4700435341441433 1
Pedestrian 824 2 1.5415038932117078 1197.6681 771.5587 1254.454 941.00946 1.779904646832752 0.6067314767332856 0.7034318130202186 2.9634373801963294 3.463877149414294 16.778883667646493 -4.566867154406351 1
Car 681 1 -1.5109192658987074 872.29706 801.4766 934.7521 866.384 1.5320442724744983 1.7435578061213326 3.5545154793108154 -1.7730717215727996 7.278012045427047 46.86677289723161 -1.5487334020361732 1
Car 682 1 -1.462590218909974 834.8594 799.11066 925.36365 882.3523 1.4632688667086635 1.8133570071343448 4.231140288412354 -1.9729732449193491 6.0841968477985064 37.503566524947715 -1.5151493842325903 1
Car 683 2 -1.4842242441563225 809.9407 794.8021 908.1551 893.9285 1.5029225228489793 1.7076139240935007 3.712557333120393 -2.0565120777316612 5.2341928322832425 30.968451595134677 -1.550533567913472 1
Car 687 1 -1.4393483511557772 758.2508 782.1801 907.3667 913.09924 1.523906279613491 1.926134079432468 4.89804259155983 -2.104915932675532 4.509741558223071 25.895139898920725 -1.520456165258086 1
Car 826 2 1.9339468107934685 387.77432 777.1354 502.6485 847.496 1.51731821221108 1.7979128276798966 4.12103148595763 -14.890520008608531 6.14568806892852 43.376492209038595 -4.679919084029022 1
Car 827 1 1.9774532174575805 291.72034 768.43774 441.74753 854.4674 1.5440071970512748 1.7979128276798966 4.410860344294161 -14.409888992349869 5.263652098331709 36.52045396282228 -4.681549004659377 1
Car 828 1 2.0754355296949765 91.0521 762.1282 287.38647 859.8469 1.44748389194359 1.8662180273904674 3.6575112702208683 -14.969617694297918 4.2997262246220505 29.224886679033443 -4.681126780298623 1
bicycle_rack 799 1 -3.030788021349715 565.7241 780.43445 844.87335 976.83765 1.293087350315608 4.443183222162324 2.3609540420757718 -2.478453338173495 3.164404986164847 15.719239200709808 -3.1871706759292495 1
Pedestrian 796 0 1.3047241038043786 1426.5238 737.3362 1582.9088 1068.7358 1.6950351652311444 0.6972942916241842 0.4608558431712403 2.9234167436346095 2.3220791420534734 8.081870710514025 -4.631379148308005 1
bicycle 829 2 -2.918902098983028 531.28094 766.71234 671.9702 852.86456 1.0622858151966914 0.3965648686404528 1.7238216236551995 -4.640797965372563 2.9159844940419086 19.338116991837783 -3.154429960877626 1
Cyclist 691 0 -1.5324440880757086 949.77606 774.482 1007.14764 918.5408 1.7273270350332612 0.7283275766165394 1.9112524198431236 0.25846631863547476 3.9176413157954233 20.924545215513035 -1.5200924134451306 1
rider 693 1 -1.5378211959179375 951.4442 777.9483 1006.1075 899.6801 1.5695605205395557 0.7331674434164217 0.8392092358583529 0.250963690835167 3.7442588586682657 20.813211226613287 -1.5257638768251338 1
