Car 825 2 1.8805377971900015 449.25116 781.9917 550.14166 848.27466 1.51731821221108 1.7979128276798966 4.12103148595763 -14.166094928495642 6.579776776461726 46.12100900717344 -4.700651495868899 1
Car 683 2 -1.4741968153597609 797.4094 784.4617 913.8087 899.5418 1.5029225228489793 1.7076139240935007 3.712557333120393 -1.809887127300674 4.544298725620297 26.624101533737417 -1.5420716651660042 1
Car 777 1 -1.187859456514076 0.0 709.4619 677.2319 1215.0 1.4568941142233214 1.826759042665944 3.5479976122869163 -2.224878616812412 1.8561033657627186 5.270824278361723 -1.587281471832353 1
Pedestrian 773 0 -1.8498052915507168 1425.9738 715.4998 1647.3046 1209.1497 1.6675147479786079 0.5964437858332017 0.6999864287645452 2.1124779780497915 2.0271699387537208 5.562551335289207 -1.486861183395407 1
Pedestrian 824 1 1.492244047105694 1352.8319 740.91766 1446.792 1001.673 1.779904646832752 0.6067314767332856 0.7433175061943911 3.216034378020416 2.667321688382726 11.01264690823183 -4.5068114067311225 1
Car 680 1 -1.508122020059545 895.9085 795.6421 956.1447 854.9714 1.5256340473683343 1.806838073159251 3.3725265817697103 -1.1471292118018774 7.440190103258615 50.081391265037084 -1.5310233139563028 1
Car 681 1 -1.507038035518194 875.50555 792.7003 944.75354 863.7556 1.5320442724744983 1.7435578061213326 3.5545154793108154 -1.4150950939556262 6.510342298019259 42.56343262277767 -1.540272527257838 1
Car 682 1 -1.4571135446778851 832.1643 790.3771 935.58276 884.15216 1.4632688667086635 1.8133570071343448 4.231140288412354 -1.6452689530180522 5.372728604745658 33.16084572295463 -1.5066877003928085 1
Car 687 1 -1.4248404443827094 727.3292 770.5433 913.1547 929.5555 1.523906279613491 1.926134079432468 4.89804259155983 -1.8712282831574685 3.8532425989810584 21.41562304528046 -1.51199587688274 1
Car 826 2 1.9657842437810853 338.93594 770.6905 471.23984 848.28864 1.51731821221108 1.7979128276798966 4.12103148595763 -14.4939371492623 5.544409853628485 39.21178037275055 -4.671457443813863 1
Car 827 2 2.0207993240959174 214.40437 764.3417 393.67505 861.82275 1.5440071970512748 1.7979128276798966 4.410860344294161 -14.079271291979168 4.767577482197883 32.331732405741505 -4.673085352909356 1
Car 828 2 2.142936338662513 0.0 746.7155 195.16325 859.89923 1.44748389194359 1.8662180273904674 3.6575112702208683 -14.730775351607702 3.6360667925858516 25.00286996783782 -4.6726622586760715 1
Cyclist 691 0 -1.546375608342498 983.68866 768.5608 1040.2451 914.90924 1.7273270350332612 0.7283275766165394 1.9112524198431236 0.7139599236017963 3.7943915901573337 20.541463428033687 -1.5116325806828348 1
bicycle_rack 799 1 -2.9802461420587085 405.36118 768.08527 830.892 1051.8527 1.293087350315608 4.443183222162324 2.3609540420757718 -2.2852791725496515 2.597863258317041 11.363204464417812 -3.1787109063533694 1
rider 693 1 -1.5525593242873201 986.1759 772.7515 1040.7955 896.1567 1.5695605205395557 0.7331674434164217 0.8392092358583529 0.72338977694504 3.6407407862556473 20.51012280718988 -1.5173040481389302 1
bicycle 829 2 -2.8555525676874005 420.6272 746.1898 605.5117 857.5415 1.0622858151966914 0.3965648686404528 1.7238216236551995 -4.455814843225071 2.287898149495005 14.908890437197243 -3.145972020011314 1
