Car 825 1 1.8886335509558991 423.55203 780.009 528.8833 848.1218 1.51731821221108 1.7979128276798966 4.12103148595763 -14.454349048959525 6.376989002883448 44.787258599638044 -4.706732326350558 1
bicycle_rack 799 1 -2.956041908684094 305.22058 759.9169 807.95905 1085.1708 1.293087350315608 4.443183222162324 2.3609540420757718 -2.3517474331942587 2.4100682684507624 10.100994825213677 -3.184790134289311 1
Car 683 2 -1.4695064190737552 777.32367 776.8735 900.58905 896.7633 1.5029225228489793 1.7076139240935007 3.712557333120393 -1.999855323595359 4.272340976736974 25.376119558478692 -1.548152425341125 1
Car 777 1 -1.0876933215420594 0.0 689.68695 610.8153 1215.0 1.4568941142233214 1.826759042665944 3.5479976122869163 -2.2428456245920576 1.7101238679008932 4.050741956089815 -1.5933633002590832 1
Pedestrian 773 0 -1.9315384399791686 1545.8828 682.36 1792.2434 1215.0 1.6675147479786079 0.5659230201885989 0.42571786941683526 2.143515605690844 1.8521087356626476 4.569730022991273 -1.4929409317657645 1
Pedestrian 824 1 1.442930582003405 1407.3557 715.84375 1532.2808 1016.09204 1.779904646832752 0.6652823092047672 0.7433175061943873 3.2315109113834577 2.387179861385775 9.55562953854029 -4.514149647677634 1
Car 680 1 -1.5091364416664126 887.6102 784.52325 949.1818 844.45514 1.5256340473683343 1.806838073159251 3.3725265817697103 -1.3686339840062995 6.930980282052975 48.924253546786304 -1.5371036978342199 1
Car 681 1 -1.5055184847467336 862.89154 784.22565 934.41583 856.6672 1.5320442724744983 1.7435578061213326 3.5545154793108154 -1.688796835994146 6.127463712500347 41.33456030207874 -1.5463525488885592 1
Car 682 1 -1.4544229311653414 816.41943 782.3391 924.44995 878.78687 1.4632688667086635 1.8133570071343448 4.231140288412354 -1.8645201792461688 5.051735746131027 31.92033766189732 -1.512768303209327 1
Car 687 1 -1.4197245772333527 702.3081 762.37714 901.5159 929.7935 1.523906279613491 1.926134079432468 4.89804259155983 -1.9939920803752462 3.6112383654183717 20.208851198010503 -1.5180754771820675 1
Car 826 2 1.9767593282670886 305.6426 766.3372 445.48514 846.581 1.51731821221108 1.7979128276798966 4.12103148595763 -14.685530340880772 5.284314555302979 37.738128960524875 -4.67753801534459 1
Car 827 2 2.0386148264090727 163.68198 759.486 356.85455 861.2752 1.5440071970512748 1.7979128276798966 4.410860344294161 -14.309473284386916 4.519396244112125 30.826321770007933 -4.679167369606104 1
Car 828 2 2.1677504501838136 0.0 746.836 142.2329 867.3812 1.44748389194359 1.8662180273904674 3.6575112702208683 -14.890935301650723 3.5215884492496152 23.57763895400864 -4.678744900319725 1
ride_other 690 1 1.440525117501196 1064.9313 813.7633 1084.8033 840.36127 0.7738344803533269 0.5574068872417698 0.9141655851291212 3.846512998317484 7.233632873521256 50.67767497276944 1.5162813906054282 1
bicycle 829 1 -2.8306348109153374 360.25092 740.5548 563.35236 862.0177 1.0622858151966914 0.3965648686404528 1.7238216236551995 -4.555255209089436 2.1364045237419624 13.681061253861579 -3.1520499234335984 1
Cyclist 691 0 -1.55122144423137 982.2726 758.5384 1038.0051 903.4345 1.7273270350332612 0.7283275766165394 1.9112524198431236 0.6904645130711099 3.655006524361856 20.597269103556457 -1.5177118536601972 1
Pedestrian 684 0 1.4978874536138658 1059.6848 787.5325 1079.5076 840.2799 1.6811624378607994 0.6136993117562056 0.7089334788885682 3.634249655824605 7.179696031875758 50.20522432401277 1.5701492900903484 1
Pedestrian 685 1 1.5676303296218785 1065.3169 790.9313 1082.8654 838.56525 1.5662741332811363 0.6016647444505168 0.5962099427945154 3.900396746814558 7.343500478009213 51.71605869598279 -4.6402780382856506 1
rider 693 1 -1.5572840669242087 984.3258 761.57153 1038.8566 884.293 1.5695605205395557 0.7331674434164217 0.8392092358583529 0.6964270381406124 3.4862353172821545 20.535246318893865 -1.5233833181921697 1
