Car 825 2 1.8844880603080938 436.29135 774.9014 539.4026 841.53284 1.51731821221108 1.7979128276798966 4.12103148595763 -14.312542608657152 6.282133629556844 45.43437258927097 -4.703872392724849 1
bicycle_rack 799 1 -2.9700392259323296 359.45135 763.0817 821.64935 1067.0632 1.293087350315608 4.443183222162324 2.3609540420757718 -2.2997104394838233 2.4904184509476566 10.690315491331177 -3.181930954782026 1
Car 683 2 -1.472019207081602 787.31036 779.6231 907.21484 897.0806 1.5029225228489793 1.7076139240935007 3.712557333120393 -1.9055126179243362 4.382991878848333 25.958988042780067 -1.5452925247628952 1
Car 777 1 -1.1295762745795428 0.0 695.0797 636.11865 1215.0 1.4568941142233214 1.826759042665944 3.5479976122869163 -2.2529887209062336 1.7537460800864235 4.533373365427194 -1.590803697150841 1
Pedestrian 773 0 -1.9047007663219122 1502.3945 690.11237 1753.4972 1215.0 1.6827751308009093 0.581183403010902 0.6177058609602432 2.1621529944260014 1.911452251516092 4.91248634073706 -1.49008150715439 1
Pedestrian 824 1 1.4610514824167673 1390.2815 727.15216 1498.0303 1012.5809 1.779904646832752 0.6067314767332856 0.8165060467837374 3.2499211910359 2.5031234846937305 10.11625301276034 -4.511290690034634 1
Car 680 1 -1.5073185554821675 889.39355 789.5081 950.55396 849.22626 1.5256340473683343 1.806838073159251 3.3725265817697103 -1.3303107562689125 7.1518936358708105 49.39530444926588 -1.5342439742738874 1
Car 681 1 -1.5061767895156868 868.6999 786.85284 939.22955 858.6006 1.5320442724744983 1.7435578061213326 3.5545154793108154 -1.562839956384202 6.2605647622616045 41.86155636532451 -1.5434929957641617 1
Car 682 1 -1.4556885339651273 823.8486 785.0087 929.67285 880.0211 1.4632688667086635 1.8133570071343448 4.231140288412354 -1.763942874350101 5.175012459796688 32.501214532584164 -1.50990847660799 1
Car 687 1 -1.421852234652662 713.68524 765.18225 906.5837 928.3095 1.523906279613491 1.926134079432468 4.89804259155983 -1.9445299785544299 3.7063981963051917 20.766880063188143 -1.515216122257051 1
Car 826 2 1.972879150949768 318.9008 766.33356 455.6691 845.26337 1.51731821221108 1.7979128276798966 4.12103148595763 -14.623800078731524 5.341568039409273 38.34216285526787 -4.674678203497704 1
Car 827 2 2.0311361857591654 185.81093 761.1553 372.85413 860.98047 1.5440071970512748 1.7979128276798966 4.410860344294161 -14.21570688515613 4.61537265575916 31.472321452497507 -4.676306877856407 1
Car 828 2 2.1568345696211413 0.0 743.12024 166.05373 859.747 1.44748389194359 1.8662180273904674 3.6575112702208683 -14.819409387038212 3.507499402421012 24.1964010973787 -4.675884114550733 1
Cyclist 691 0 -1.5503625849228946 985.42 761.91077 1040.8809 906.09033 1.7273270350332612 0.7283275766165394 1.9112524198431236 0.736889032513493 3.7170747315383124 20.742908618637856 -1.514852652734701 1
ride_other 690 1 1.4422165145063284 1066.8264 815.76733 1086.4176 842.07043 0.7738344803533269 0.5574068872417698 0.9141655851291212 3.9540932280552648 7.381646656675513 51.301040452522315 1.519140703350912 1
rider 693 1 -1.5559670914810242 986.7686 764.6789 1040.9579 886.78143 1.5695605205395557 0.7331674434164217 0.8392092358583529 0.7326507363908095 3.541807226202125 20.66259869748643 -1.5205241186451086 1
bicycle 829 2 -2.8422144034731316 388.51077 743.2924 583.1124 860.0651 1.0622858151966914 0.3965648686404528 1.7238216236551995 -4.509136115250205 2.2046591245276423 14.224517101381176 -3.1491913602597004 1
Pedestrian 684 0 1.4970940623885136 1065.393 790.3396 1084.7562 842.0974 1.6811624378607994 0.6136993117562056 0.5845024954809159 3.859346026566424 7.326978253690891 50.74039860161932 -4.710176796450192 1
