bicycle_rack 799 0 -2.87708317469955 0.0 748.9691 753.8535 1215.0 1.293087350315608 4.443183222162324 2.3609540420757718 -2.391946796508145 2.0879417570659426 7.3004058976037 -3.1937061790625365 1
Car 683 2 -1.462611939406226 743.52344 778.87024 884.1625 915.2562 1.5029225228489793 1.7076139240935007 3.712557333120393 -2.1377974883588955 4.01850986577474 22.56471524532997 -1.5570707234451422 1
Car 687 0 -1.407464688097572 646.19495 760.8213 884.2384 959.0685 1.523906279613491 1.926134079432468 4.89804259155983 -2.089406876108696 3.3313820942136427 17.39724409218399 -1.52699207216824 1
Car 777 2 -0.5342528020221269 0.0 0.0 1935.0 1215.0 1.4568941142233214 1.826759042665944 3.5479976122869163 -2.2462206734336507 1.3937406163707389 1.2339599101238636 -1.6027055797000125 1
Pedestrian 824 1 1.1770650109153307 1705.3015 674.3956 1933.5465 1164.3593 1.7857621840153115 0.604749338596869 0.5519040098597432 3.3186464852804423 1.988860795702744 5.8246760325876075 -4.588235645112161 1
ride_uncertain 912 2 2.1226999896124266 13.616158 763.2785 96.97463 830.503 1.2069275013132974 0.5760525520207518 1.961518874530043 -19.285607238202925 4.247814698182631 31.87917586630247 -4.704543461222116 1
Car 680 1 -1.5086675818453 871.4384 791.5165 936.96356 855.8375 1.5256340473683343 1.806838073159251 3.3725265817697103 -1.7201537121050967 6.844335585524747 46.02880428539084 -1.5460214435103898 1
Car 681 1 -1.5019810166563257 840.9874 789.0683 918.46735 867.6543 1.5320442724744983 1.7435578061213326 3.5545154793108154 -2.0496271420166585 5.947042588607926 38.426250144430185 -1.5552697623639826 1
Car 682 1 -1.447886485245264 786.4106 786.30725 906.4691 893.36115 1.4632688667086635 1.8133570071343448 4.231140288412354 -2.151811402155191 4.83748383815286 29.104427502012864 -1.521686370996329 1
Car 689 1 1.9163996123812606 454.53217 787.0455 557.3643 854.4686 1.6168576575800122 1.8379463049401785 4.347396528163312 -14.769593118429333 7.143084257636906 48.749106537071334 -4.660966461470869 1
Car 825 1 1.908995650998928 368.65427 776.27527 485.21445 849.0763 1.51731821221108 1.7979128276798966 4.12103148595763 -14.859636035074788 5.9587422919957564 41.81318063851795 1.567534579890808 1
Car 826 1 2.0031968354932514 234.39857 763.79315 391.56732 850.52185 1.51731821221108 1.7979128276798966 4.12103148595763 -15.030311849306127 4.9539963473338915 34.918653579987286 -4.686456036664377 1
Car 827 1 2.0745952685379763 62.545063 753.94794 287.24838 866.034 1.5440071970512748 1.7979128276798966 4.410860344294161 -14.535466846723262 4.148482000567556 27.954310833371757 -4.688087513496656 1
Car 828 2 2.222944970157288 0.0 733.4365 28.645527 869.4726 1.44748389194359 1.8662180273904674 3.6575112702208683 -15.024177893182772 3.0855446490987437 20.717883852263135 -4.687665962129309 1
Cyclist 691 0 -1.5603261245621292 983.3884 767.62354 1038.6959 912.911 1.7273270350332612 0.7283275766165394 1.9112524198431236 0.6976841086189483 3.791566040244767 20.6578516888624 -1.5265656429554137 1
ride_other 690 1 1.4374118191703547 1055.4141 819.2997 1076.8984 848.10974 0.7738344803533269 0.5574068872417698 0.9141655851291212 3.2957293881779646 6.949954660899699 47.036534424870084 1.5073649281447845 1
bicycle 829 1 -2.7537185980495624 182.62688 723.61816 444.56183 876.85297 1.0622858151966914 0.3965648686404528 1.7238216236551995 -4.6841802648060655 1.7933296271715518 10.859089785159373 -3.160964121685185 1
Pedestrian 913 0 1.7479155820226273 1574.4968 748.47437 1697.3818 1062.5698 1.7557261953909205 0.589798708154604 0.560106217166295 4.0945194856308005 2.538102861196915 9.070081687157828 -4.111226100703087 1
Pedestrian 684 0 1.4413740966245132 1056.2188 790.7287 1079.2803 848.8766 1.6811624378607994 0.599873646933095 0.9273789830930689 3.3043161943689108 6.886093600639745 46.45731086488172 1.5123803802419946 1
Pedestrian 685 2 1.561125841263988 1061.0164 794.7343 1079.9717 845.6566 1.5534983614904672 0.6016647444505168 0.5962099427945154 3.507353015036751 7.046462298301582 48.050375527944084 -4.649195440639877 1
rider 693 1 -1.5470550979008033 984.8881 772.1814 1039.5007 894.8243 1.5695605205395557 0.7331674434164217 0.8392092358583529 0.7099402300613682 3.6453309180498756 20.636216372720998 -1.5126660250801287 1
