Car 683 2 -1.4616138720011107 732.6759 766.86884 881.5661 909.2205 1.5029225228489793 1.7076139240935007 3.712557333120393 -2.1113616986370327 3.7092456028452707 21.374931209195836 -1.560071956163235 1
Car 687 0 -1.398392879442313 613.5678 748.2122 874.3208 959.154 1.523906279613491 1.926134079432468 4.89804259155983 -2.1439026937865444 3.06452092912427 16.196917730978786 -1.5299927312313877 1
Car 827 1 2.0906443179020453 17.092243 742.17786 257.48666 857.5916 1.5440071970512748 1.7979128276798966 4.410860344294161 -14.563548368580356 3.81634291773919 26.750618358974613 -4.6910893681271375 1
ride_uncertain 912 2 2.1444627025362326 0.0 749.76074 49.189182 819.77386 1.2069275013132974 0.5760525520207518 1.961518874530043 -19.348721944977203 3.815932302785767 30.265131759526884 -4.707544278552314 1
Car 679 1 -1.4847197188007923 881.25195 782.27966 944.86115 840.5143 1.4987987905090874 1.8470909584481099 3.86438572047915 -1.6098235037308324 7.092274571465931 51.169766579729696 -1.5161697881250433 1
Car 680 1 -1.5083356281950677 865.47516 777.186 932.808 842.1433 1.5256340473683343 1.806838073159251 3.3725265817697103 -1.824849425875065 6.264173384326737 44.82632134641658 -1.5490224901863683 1
Car 681 1 -1.50342027285142 837.3048 776.9045 917.2238 857.0229 1.5320442724744983 1.7435578061213326 3.5545154793108154 -2.0408163621357485 5.491942709741015 37.1696635708585 -1.558270629702874 1
Car 682 1 -1.446465751188273 776.696 772.5266 902.1182 882.031 1.4632688667086635 1.8133570071343448 4.231140288412354 -2.190726110507698 4.435151761888576 27.94945768148726 -1.5246875263362936 1
Car 689 1 1.9223185712018962 438.03055 768.53503 544.3837 835.879 1.6168576575800122 1.8379463049401785 4.347396528163312 -14.877425511504237 6.398908498572113 47.57171041462147 -4.663967341834976 1
Car 825 1 1.917493139027782 346.56577 770.31866 467.99127 844.64954 1.51731821221108 1.7979128276798966 4.12103148595763 -14.985056316945453 5.673809073290719 40.67755655819089 1.5645333126427965 1
Car 826 1 2.0157871180506373 201.77257 755.5889 367.66638 844.5822 1.51731821221108 1.7979128276798966 4.12103148595763 -15.127871987456919 4.643321009102609 33.68903178323963 -4.689457176211523 1
bicycle_rack 799 1 -2.8213524151580494 0.0 728.4094 721.0725 1215.0 1.293087350315608 4.443183222162324 2.3609540420757718 -2.4022548561996477 1.8731201217910165 6.096540277091458 -3.1967066519093525 1
Pedestrian 913 0 1.7071768661054847 1609.0665 735.4653 1799.1936 1097.5588 1.625776386754334 0.7630651196700478 0.7884448281842676 3.774990160064982 2.226580259398424 7.585349841485985 -4.114227720033473 1
ride_other 690 1 1.4986642601382967 1058.3053 815.99316 1078.897 845.7089 0.7738344803533269 0.5574068872417698 0.9141655851291212 3.246701748796345 6.618572629137063 45.28189511860767 1.5702415478773695 1
bicycle 829 1 -2.7094803271710193 77.720665 705.9688 376.71722 878.2481 1.0622858151966914 0.3965648686404528 1.7238216236551995 -4.711735746554704 1.59686923180038 9.643398703237622 -3.163963998844455 1
Cyclist 691 0 -1.5646075777726345 985.68353 756.3869 1040.7449 899.89044 1.7273270350332612 0.7283275766165394 1.9112524198431236 0.7265403683988015 3.6368716923908613 20.747759463434384 -1.5296041059072674 1
Pedestrian 684 0 1.5041332646405072 1054.0785 786.0537 1076.2675 845.41595 1.709276175063442 0.6270625690227265 0.6176654663074707 3.1277407909856514 6.597581758822654 45.051526656356494 -4.709737408354231 1
Pedestrian 685 2 1.5594071684559836 1058.839 789.5903 1078.2999 841.7205 1.5534983614904672 0.6016647444505168 0.5962099427945154 3.361181702539347 6.750621324825906 46.87560875264823 -4.6521963718257435 1
rider 693 1 -1.568463401822559 986.2142 759.63 1040.1927 880.93823 1.5695605205395557 0.7331674434164217 0.8392092358583529 0.7210908028168261 3.4774757042410993 20.74383121169586 -1.5337156950785618 1
