bicycle_rack 799 1 -2.43933413116307 0.0 673.3862 510.6637 1215.0 1.293087350315608 4.443183222162324 2.3609540420757718 -2.468201419715626 1.449407144393123 2.5193333301282723 -3.214480713021773 1
Car 683 1 -1.4343711300163176 640.16833 764.3811 830.2277 939.5369 1.5029225228489793 1.7076139240935007 3.712557333120393 -2.5513956306503456 3.323811426990777 17.660120711070263 -1.577850533763931 1
Car 689 0 1.939977951294817 372.38324 772.3988 491.26978 845.98145 1.6168576575800122 1.8379463049401785 4.347396528163312 -15.451468916394033 6.162437721877699 43.884864223212475 -4.681743830247614 1
Car 825 1 1.9479147045561032 252.69405 760.95105 393.293 842.2404 1.51731821221108 1.7979128276798966 4.12103148595763 -15.678365551415526 5.069540317133564 36.963202504884435 1.5467545313081166 1
Car 826 1 2.0574750273228526 73.30348 747.79895 272.62515 847.5195 1.51731821221108 1.7979128276798966 4.12103148595763 -15.629569334018406 4.145161347650278 29.910153898013135 -4.707235201680075 1
Car 679 1 -1.4810481813278824 846.25885 786.2512 915.17926 849.2962 1.4987987905090874 1.8470909584481099 3.86438572047915 -2.5189291386314703 6.843989642807168 47.57525167173549 -1.5339449969874643 1
Car 680 1 -1.5023377176532682 826.2433 782.98267 900.215 854.1413 1.5256340473683343 1.806838073159251 3.3725265817697103 -2.6634663764604736 6.065989677294006 41.26098992371697 -1.5667999644277244 1
Car 681 1 -1.494395076870313 791.61774 780.083 881.4159 869.2567 1.5320442724744983 1.7435578061213326 3.5545154793108154 -2.75586550332983 5.211589272018264 33.676328263246525 -1.5760470392434738 1
Car 682 1 -1.4326622604997137 715.944 775.0211 864.13525 902.60406 1.4632688667086635 1.8133570071343448 4.231140288412354 -2.682230809349283 4.120478060325317 24.32932652425224 -1.542465646958025 1
Car 687 0 -1.3592389818932686 458.1897 737.9278 823.40314 1017.9139 1.523906279613491 1.926134079432468 4.89804259155983 -2.4049342097702042 2.6633464562079405 12.60482176342704 -1.547767905699334 1
Car 827 1 2.152395808591532 0.0 732.7578 124.60671 866.6852 1.5440071970512748 1.7979128276798966 4.410860344294161 -15.010372331235578 3.3626890179394486 23.00684234300385 -4.708871637242837 1
Cyclist 691 0 -1.5689198343339017 965.70496 759.912 1021.15845 904.70905 1.7273270350332612 0.7283275766165394 1.9112524198431236 0.4447362494033457 3.674314351161315 20.6013770539501 -1.5473354916490198 1
Pedestrian 692 1 1.49818727494444 1024.9825 789.25616 1045.9774 845.1775 1.8075361374409036 0.6590612739518661 0.868776564331834 2.5464192772492584 7.502729335816973 51.37712368862519 1.5477100401899437 1
Pedestrian 1602 2 1.8430983432425356 313.97458 753.6087 339.5558 820.7085 1.9997957889854925 0.5704711522727512 0.6711380399518033 -19.665361948544287 6.021444102271363 46.35669075664786 1.441889890245526 1
ride_other 690 1 1.4950199686281063 1036.0579 814.4688 1058.7446 847.1184 0.7738344803533269 0.5574068872417698 0.9141655851291212 2.3736074580699236 6.0643631012617645 41.27286700506993 1.5524668090566975 1
rider 693 1 -1.5593200626194876 966.289 763.73895 1020.79126 886.4286 1.5695605205395557 0.7331674434164217 0.8392092358583529 0.44787671826146347 3.516593862528401 20.539790543913945 -1.5375181969545455 1
Pedestrian 1601 2 1.8108308813668539 332.4299 754.4153 363.59457 820.059 1.9448997741329668 0.7491245385749028 0.6922463739801782 -18.972666391810606 5.98722795454533 46.27599694403417 1.4217427587595388 1
Pedestrian 684 0 1.498274694600844 1033.7185 782.7209 1060.9473 849.40936 1.709276175063442 0.6832900434279863 0.7722910209220084 2.331419435908173 6.032483132419628 40.57322707656588 1.5556735916174036 1
Pedestrian 685 2 1.5546224910308064 1038.1782 788.1136 1059.9664 846.2342 1.5534983614904672 0.6016647444505168 0.5962099427945154 2.4651836371525184 6.174312897452724 42.027253162935075 -4.669973162489439 1
