Car 683 1 -1.437298950099297 654.3283 766.06024 836.5988 934.70886 1.5029225228489793 1.7076139240935007 3.712557333120393 -2.527428096053702 3.405803928436373 18.299302595590905 -1.5745467189196514 1
Car 825 1 1.9427131969423448 269.44495 763.1923 406.7593 843.45416 1.51731821221108 1.7979128276798966 4.12103148595763 -15.536635561954578 5.178681587903075 37.51345328633957 1.5500583839054856 1
Car 826 1 2.0504982817167168 95.996765 748.84143 289.52792 846.7995 1.51731821221108 1.7979128276798966 4.12103148595763 -15.523115161152512 4.213714309480767 30.465409693971512 -4.7039314894618665 1
Car 679 1 -1.4817374016853562 852.69305 786.5126 920.7839 848.90344 1.4987987905090874 1.8470909584481099 3.86438572047915 -2.3535564026464333 6.9082883438763165 48.087278001526165 -1.530641808709457 1
Car 680 1 -1.5025990456853409 832.0931 784.22864 905.14734 854.6515 1.5256340473683343 1.806838073159251 3.3725265817697103 -2.5456443353928675 6.154251299755822 41.75055957792448 -1.5634963547803484 1
Car 681 1 -1.4966643537326427 801.0421 780.5518 888.94855 868.1665 1.5320442724744983 1.7435578061213326 3.5545154793108154 -2.610745457396999 5.282106414220891 34.24988605013778 -1.5727436277468825 1
Car 682 1 -1.4351510782217358 726.8922 777.08344 871.3088 902.2448 1.4632688667086635 1.8133570071343448 4.231140288412354 -2.59285304072241 4.209102645787868 24.838721390388585 -1.5391619168506128 1
Car 687 0 -1.3664485833543212 488.52472 740.827 832.5734 1007.617 1.523906279613491 1.926134079432468 4.89804259155983 -2.3687201640492295 2.736257440150644 13.16535543004899 -1.544464723875665 1
Car 689 1 1.9365924616192007 384.71326 771.89954 501.5478 844.5685 1.6168576575800122 1.8379463049401785 4.347396528163312 -15.297377177060936 6.1972708138359724 44.39291654889672 -4.678440403872362 1
Car 827 1 2.1448778512595528 0.0 734.6952 142.91103 865.61176 1.5440071970512748 1.7979128276798966 4.410860344294161 -15.009269207428556 3.4360681346630777 23.558394737504507 -4.705567135463427 1
bicycle 829 2 -2.5395989582348517 0.0 654.0859 77.33276 908.47656 1.0622858151966914 0.3965648686404528 1.7238216236551995 -4.848136972043448 1.1941817314568481 6.527436507192126 -3.1784323953916163 1
Cyclist 691 0 -1.5684113393215475 969.93524 761.9933 1025.2235 906.5778 1.7273270350332612 0.7283275766165394 1.9112524198431236 0.5038146023724972 3.709920084583141 20.661252468701417 -1.5440316565346048 1
bicycle_rack 799 1 -2.52520622726004 0.0 685.96106 552.37256 1215.0 1.293087350315608 4.443183222162324 2.3609540420757718 -2.4799146694384953 1.5106399076945625 3.0295106094520516 -3.2111777393722045 1
Pedestrian 692 1 1.499013878980558 1029.0377 789.7755 1049.3021 844.13336 1.8075361374409036 0.6590612739518661 0.6755322668281174 2.714745720782558 7.596327171078396 52.16051258266364 1.55101295532064 1
ride_other 690 1 1.4929711693724923 1044.1914 820.1695 1066.6715 852.5333 0.7738344803533269 0.5574068872417698 0.9141655851291212 2.6274464417577885 6.290098083905648 41.784143807464794 1.555769909676202 1
Pedestrian 1601 2 1.8046176774940788 349.40747 757.4933 379.74872 821.90594 1.9448997741329668 0.7491245385749028 0.6922463739801782 -18.823038442837362 6.163833422118002 47.185433685096726 1.4250458767189484 1
Pedestrian 1602 2 1.837059345300656 330.74234 757.30475 355.63995 823.17975 1.9997957889854925 0.5704711522727512 0.6711380399518033 -19.525167694172602 6.215883650141132 47.24922588754257 1.4451933883360275 1
Pedestrian 684 0 1.4990667893832617 1036.9706 784.67163 1065.2369 850.22266 1.709276175063442 0.7254606492319471 0.7722910209220084 2.476563019005423 6.16226904277856 41.28871117567536 1.5589766119527795 1
Pedestrian 685 2 1.5552984053760586 1042.2941 791.1776 1063.7333 848.44257 1.5534983614904672 0.6016647444505168 0.5962099427945154 2.6166472531889196 6.334880229148978 42.6902378096417 -4.666669679793951 1
rider 693 1 -1.5721741399628104 970.05896 765.8531 1024.3011 887.9557 1.5695605205395557 0.7331674434164217 0.8392092358583529 0.4948147047870251 3.5552229087999985 20.638876482875254 -1.548203846222073 1
