Car 681 1 -1.4821082931934169 724.9844 791.6841 829.20624 895.15967 1.5320442724744983 1.7435578061213326 3.5545154793108154 -3.6024657290562807 5.052517627275373 29.761486885715268 -1.6025668116950538 1
Car 683 1 -1.393637151425884 492.0385 768.5426 754.92584 1001.7798 1.5029225228489793 1.7076139240935007 3.712557333120393 -2.9607269197427435 3.013355499860109 13.840836951995717 -1.604373551092456 1
Car 688 2 1.9470253637792458 355.14087 782.6443 464.90228 845.9094 1.4509655097254133 1.781066621872223 4.397384766284056 -17.461891540411465 6.704953655723827 47.588388592360154 -4.687842104807174 1
Car 825 1 1.9950218356012688 99.97272 765.1222 273.9082 859.56696 1.51731821221108 1.7979128276798966 4.12103148595763 -16.64088626066008 4.75024347467224 32.374799673466505 1.5202312127439104 1
Car 826 1 2.1188079103803386 0.0 747.665 121.834785 865.509 1.51731821221108 1.7979128276798966 4.12103148595763 -16.429105246162777 3.795096203588999 25.66670012307436 1.549427912239695 1
Car 679 1 -1.4742379139219604 792.2972 798.8688 868.3673 868.69977 1.4987987905090874 1.8470909584481099 3.86438572047915 -3.7785918844954574 6.81004501858237 43.71377447206228 -1.5604629762879896 1
Car 680 1 -1.4922963019377484 766.11646 796.07214 849.43066 876.4746 1.5256340473683343 1.806838073159251 3.3725265817697103 -3.7859287352093753 5.995854667260092 37.347577652402144 -1.5933213321867117 1
Car 682 1 -1.4074646015929362 614.6457 785.9191 801.1656 943.3907 1.4632688667086635 1.8133570071343448 4.231140288412354 -3.3148182091055496 3.881697855352125 20.343433726509094 -1.568987987235205 1
Car 687 0 -1.278908579043768 104.70155 726.1596 732.53436 1164.3589 1.523906279613491 1.926134079432468 4.89804259155983 -2.67355057466098 2.2849331703737894 8.786528984609902 -1.5742858321484778 1
Car 689 2 1.9735589973722147 257.52695 770.8779 397.56958 852.7924 1.6168576575800122 1.8379463049401785 4.347396528163312 -16.618656777209065 5.68101967860727 39.45662538237667 -4.708263725808668 1
Pedestrian 692 0 1.498418714035088 984.59235 803.26996 1007.1203 862.3703 1.749970019163453 0.6590612739518661 0.5795257237671863 1.0717114700836567 7.324628017863494 46.43168229176978 1.5214960861740394 1
Pedestrian 1601 2 1.8557231857994596 200.54498 758.7004 237.91692 833.3791 1.9448997741329668 0.7491245385749028 0.6922463739801782 -20.244190009701892 5.632580821144215 40.809225940042346 1.3952253562824382 1
Pedestrian 1602 2 1.8811291098923797 179.86374 756.2679 210.61003 832.538 1.9997957889854925 0.5704711522727512 0.6711380399518033 -20.940803003923026 5.624875870081086 40.88859081587368 1.4078144083956272 1
ride_other 690 1 1.4887265285958218 1003.8145 832.4754 1029.9167 870.36554 0.7738344803533269 0.5574068872417698 0.9141655851291212 1.3400491698847947 5.857040044762384 36.151865125444154 1.5257767869328713 1
Cyclist 691 0 -1.5717601170906415 930.30145 778.9841 986.1047 926.4428 1.7273270350332612 0.7283275766165394 1.9112524198431236 -0.04296617668974767 3.935488772386737 20.474099366373398 -1.5738586764874296 1
Pedestrian 684 0 1.495813320900779 995.52356 794.04675 1027.032 870.83746 1.752270501007776 0.7116369015656372 0.5865866523058729 1.1937731191554417 5.83512903115102 35.78884810183675 1.5291569666967604 1
Pedestrian 685 2 1.5486520285443017 1005.9209 801.24243 1030.6549 867.1077 1.5534983614904672 0.6016647444505168 0.5962099427945154 1.4156364747104582 5.97546590975332 37.19669538488133 -4.696493512621112 1
rider 693 1 -1.5764098453484146 931.61646 783.3928 986.4243 907.4341 1.5695605205395557 0.7331674434164217 0.8392092358583529 -0.033112846860448845 3.778972961809698 20.424272264997807 -1.5780310937052244 1
