bicycle 678 2 1.6859844848209784 767.51697 788.16693 808.9403 866.1803 1.370739437340445 0.6435924301977786 1.90281019281183 -3.5982733257118364 4.882112568975688 31.21063500915948 -4.711984029701264 1
Car 681 1 -1.4716871686784394 679.6319 774.4775 796.12744 886.15704 1.5320442724744983 1.7435578061213326 3.5545154793108154 -3.991752316074689 4.433881270285246 27.195669600851843 -1.6174254838815263 1
Car 682 1 -1.3848564529478935 534.72595 768.52435 757.95636 947.37256 1.4632688667086635 1.8133570071343448 4.231140288412354 -3.5853665960682966 3.375132166190396 17.779223830594695 -1.5838481054989877 1
Car 683 1 -1.347010556025784 339.65512 747.8217 689.57465 1034.5298 1.5029225228489793 1.7076139240935007 3.712557333120393 -3.171188071325789 2.5925062088584063 11.360019016916663 -1.6192340460672399 1
Car 688 2 1.966731087816961 289.62228 770.64154 410.6493 836.9252 1.4509655097254133 1.781066621872223 4.397384766284056 -18.157981712165675 6.017576272831949 44.64993987810408 -4.702701003051948 1
Car 679 1 -1.467818863156566 757.14197 782.5486 838.7949 855.0845 1.4987987905090874 1.8470909584481099 3.86438572047915 -4.452050297222284 6.051943867693243 41.25407811628294 -1.5753206432275317 1
Car 680 1 -1.4868432262768991 731.52637 780.0528 821.85596 865.06616 1.5256340473683343 1.806838073159251 3.3725265817697103 -4.2470971411941125 5.317662086498284 34.83034885373796 -1.608180901470402 1
Car 687 1 -1.1702745904244507 0.0 695.19086 639.73987 1215.0 1.523906279613491 1.926134079432468 4.89804259155983 -2.8008041558006878 1.9355391573193415 6.290880841970468 -1.5891434686733579 1
Car 689 2 1.9952734026209717 183.38055 760.2003 339.2951 847.1586 1.6168576575800122 1.8379463049401785 4.347396528163312 -17.10250004715303 5.142492469380094 36.78410212667484 1.5600628373658476 1
Car 825 2 2.0264343677775787 0.0 750.82983 195.6643 852.22363 1.51731821221108 1.7979128276798966 4.12103148595763 -17.074318574360436 4.200457883830568 29.74748190562882 1.5053705504837982 1
ride_other 690 1 1.5052385522239928 987.7531 820.46326 1015.5434 861.4398 0.7738344803533269 0.5574068872417698 0.9141655851291212 0.8914537627881437 5.172960960964853 33.171813960586505 1.5321059177924345 1
Cyclist 691 0 -1.5636562177136475 895.3811 762.6004 951.1617 908.4658 1.7273270350332612 0.7283275766165394 1.9112524198431236 -0.513318527742928 3.7024278960658394 20.487570896232864 -1.5887060958735215 1
Pedestrian 692 0 1.5231969982012228 961.6384 783.5749 985.7808 851.07324 1.840801095491533 0.6590612739518661 0.7591457766490497 0.35482640338345495 6.447185167875651 43.020588589688366 1.5314446389113638 1
Pedestrian 684 0 1.4908475458058863 981.54816 778.7584 1011.36847 860.46765 1.709854348740329 0.6111125875114197 0.5024089539645804 0.7640319220606697 5.0886127947600555 32.57184837478599 1.514300063156961 1
Pedestrian 685 2 1.548047886615742 983.6336 786.24194 1010.2945 856.95734 1.5534983614904672 0.6016647444505168 0.5962099427945154 0.8210452108691442 5.309307423221013 34.51307850207009 -4.711352513133765 1
rider 693 1 -1.5685066530726424 897.32495 766.2652 952.1388 889.6679 1.5695605205395557 0.7331674434164217 0.8392092358583529 -0.49801431740117075 3.5410949987029814 20.428189039448643 -1.5928806047155437 1
