bicycle 678 2 1.6870082114978042 763.8607 784.7252 805.7201 863.1708 1.370739437340445 0.6435924301977786 1.90281019281183 -3.640437501913138 4.781440001301419 30.96110042900585 1.5699646132010403 1
Car 681 1 -1.4726844634457112 678.74493 771.9792 796.14594 884.42377 1.5320442724744983 1.7435578061213326 3.5545154793108154 -3.961665298385466 4.360937076743463 26.945813240204036 -1.6186620553072544 1
Car 682 1 -1.3816869400655658 524.4412 764.31866 753.3073 945.8876 1.4632688667086635 1.8133570071343448 4.231140288412354 -3.598834223265621 3.288454559433986 17.44889596396764 -1.585084797495343 1
Car 683 1 -1.3432274470063965 324.54358 745.6433 685.26385 1039.4525 1.5029225228489793 1.7076139240935007 3.712557333120393 -3.1601376780937867 2.5526720680143433 11.104876769759269 -1.6204707693250968 1
Car 688 2 1.9666601885357249 287.50018 763.66254 408.68985 829.276 1.4509655097254133 1.781066621872223 4.397384766284056 -18.201667508712887 5.794939894364416 44.60827919964007 -4.703937593449419 1
Car 679 1 -1.4651645295945432 750.76917 780.1268 833.32153 852.90485 1.4987987905090874 1.8470909584481099 3.86438572047915 -4.586121076940111 5.9557807835376595 41.0003594211102 -1.5765571309860846 1
Car 680 1 -1.487395843701889 730.1395 777.5889 821.09796 863.0451 1.5256340473683343 1.806838073159251 3.3725265817697103 -4.238666794363023 5.230397789122266 34.564416203568165 -1.609417547651896 1
Car 687 1 -1.1566137024726573 0.0 687.32446 631.2254 1215.0 1.523906279613491 1.926134079432468 4.89804259155983 -2.7877998391714187 1.878161253882943 6.018730496453008 -1.5903799538748473 1
Car 689 2 1.997580455322721 175.98772 754.3501 333.60498 841.2275 1.6168576575800122 1.8379463049401785 4.347396528163312 -17.1404879213056 4.967866171465888 36.52667209677239 1.5588262598714526 1
Car 825 2 2.0285349713329097 0.0 743.58704 189.89624 844.5532 1.51731821221108 1.7979128276798966 4.12103148595763 -17.100550885637468 4.031673241007204 29.56421440780951 1.5041338133541835 1
Cyclist 691 0 -1.562019232123946 891.15027 760.79175 946.5598 905.5093 1.7273270350332612 0.7283275766165394 1.9112524198431236 -0.5759204923257448 3.688525650376059 20.619630488769538 -1.5899426616772645 1
ride_other 690 1 1.5039450723733345 987.64484 818.4987 1015.8326 859.93964 0.7738344803533269 0.5574068872417698 0.9141655851291212 0.8823780616366587 5.07605752555496 32.76432003186764 1.5308696302205052 1
rider 693 1 -1.567106770297809 893.5487 764.6433 947.93713 887.02 1.5695605205395557 0.7331674434164217 0.8392092358583529 -0.556172631899484 3.5332638513898305 20.58599136236609 -1.5941172436198572 1
Pedestrian 692 0 1.521182472456174 962.6566 783.30774 987.094 851.4919 1.840801095491533 0.6590612739518661 0.7591457766490497 0.38441965880434714 6.393965027412535 42.590986297268806 1.5302080727933491 1
Pedestrian 684 0 1.4882987945992205 984.2898 779.041 1012.546 860.4031 1.682841839007076 0.5689277172283909 0.5024089539645804 0.797863304599272 5.030523325509847 32.21099125566967 1.5130636390711745 1
Pedestrian 685 1 1.540638607906398 992.56464 784.96686 1019.84784 856.8032 1.5534983614904672 0.6016647444505168 0.5962099427945154 1.0178799394922549 5.221169976968204 33.967202094906945 1.570596195147726 1
