bicycle 678 2 1.7014710915409672 724.7525 788.30133 772.99005 876.3605 1.370739437340445 0.6435924301977786 1.90281019281183 -3.929585271300259 4.51000699105488 27.775707936372488 1.560928198536308 1
Car 680 1 -1.474527639039599 689.8484 778.07806 793.46136 873.9253 1.5256340473683343 1.806838073159251 3.3725265817697103 -4.500413005888468 4.883325153883973 31.052687629428142 -1.6184538294603146 1
Car 681 1 -1.4523085577930697 620.62726 773.46423 760.9666 904.61365 1.5320442724744983 1.7435578061213326 3.5545154793108154 -4.151313387256078 4.040512590167343 23.425948452560554 -1.6276977904379915 1
Car 682 1 -1.3380915821396129 391.31726 762.97406 701.0294 997.085 1.4632688667086635 1.8133570071343448 4.231140288412354 -3.6656545448270004 2.953418731878317 14.003079927227777 -1.5941214146580374 1
Car 683 1 -1.2284604218968875 0.0 731.6075 570.8979 1196.6904 1.5029225228489793 1.7076139240935007 3.712557333120393 -3.226500028633501 2.181691193525808 7.60916472148206 -1.6295076144913199 1
Car 679 1 -1.4596255210545774 723.8698 782.5285 815.1722 862.8526 1.4987987905090874 1.8470909584481099 3.86438572047915 -4.7472072388463395 5.655230961501777 37.48665653309268 -1.585592254742356 1
Car 687 1 -0.7759118632705727 0.0 628.7971 397.99207 1215.0 1.523906279613491 1.926134079432468 4.89804259155983 -2.8034142588199606 1.5371401664145423 2.5975121196497737 -1.5994150588260254 1
Car 688 2 1.9945456242670483 212.58293 780.1768 351.22913 854.2073 1.4509655097254133 1.781066621872223 4.397384766284056 -18.40353796830572 5.90906559448635 40.73555434448426 1.5702118392353777 1
Car 689 2 2.0383520911897897 66.85403 769.05273 253.42136 868.61707 1.6168576575800122 1.8379463049401785 4.347396528163312 -17.44889724638508 4.992585644507997 32.82694308042918 1.5497904799692876 1
Car 825 1 2.0825392260048963 0.0 765.85675 79.96825 885.8605 1.51731821221108 1.7979128276798966 4.12103148595763 -17.324123031280187 4.169789075257386 26.017754756899755 1.4950968670642215 1
Cyclist 691 0 -1.548751623683649 856.6031 759.0549 912.93134 904.39233 1.7273270350332612 0.7283275766165394 1.9112524198431236 -1.031658400363997 3.6549380438535275 20.52155486555254 -1.5989812788025615 1
ride_other 690 1 1.4975296291908808 981.3635 818.57697 1014.4136 866.8823 0.7738344803533269 0.5574068872417698 0.9141655851291212 0.6855119142741458 4.486635803580978 28.197452830427313 1.5218359703819915 1
rider 693 1 -1.552920881863693 858.20935 762.683 912.89215 885.60913 1.5695605205395557 0.7331674434164217 0.8392092358583529 -1.0297401579759444 3.497407592933602 20.492606228448448 -1.6031280034062092 1
Pedestrian 692 0 1.5180363518658113 952.4638 781.26196 979.68964 855.3946 1.797665578718993 0.6590612739518661 0.6739905558688462 0.11950138146551326 5.818915433986863 38.10588495425445 1.5211723763895115 1
Pedestrian 684 0 1.521366664886888 973.0691 776.345 1007.31946 867.32874 1.6032107985068755 0.6050641982092255 0.6084999857470862 0.5324760880203401 4.4409323393904465 27.707541638067788 1.5405820307944391 1
Pedestrian 685 1 1.5360864871315074 983.8174 772.6372 1015.2479 860.52747 1.662902329728456 0.6016647444505168 0.5962099427945154 0.7543645425651959 4.617576526394199 29.6069769027885 1.561560258589314 1
