bicycle 678 2 1.6968235772241067 738.60944 795.983 784.80493 881.63837 1.370739437340445 0.6435924301977786 1.90281019281183 -3.814359587163037 4.762475509650923 28.69374243432469 1.5646649156091028 1
Car 680 1 -1.4789013950266972 704.8376 787.4855 803.69525 880.4801 1.5256340473683343 1.806838073159251 3.3725265817697103 -4.412362142745367 5.223484590445508 32.28784559104438 -1.614717167459842 1
Car 681 1 -1.4611595324539461 645.1997 780.74884 776.3764 905.97125 1.5320442724744983 1.7435578061213326 3.5545154793108154 -4.048990802306173 4.290831912387045 24.650555583072876 -1.6239613545889884 1
Car 682 1 -1.3544336259725207 444.05417 772.70605 720.5838 988.38464 1.4632688667086635 1.8133570071343448 4.231140288412354 -3.6551073306863895 3.1766702070730126 15.202412009024576 -1.5903846138594537 1
Car 683 1 -1.2782699556015862 110.435 745.34607 619.58624 1134.0781 1.5029225228489793 1.7076139240935007 3.712557333120393 -3.209037544308856 2.3695908394636414 8.859878477943315 -1.625770719500945 1
Car 679 1 -1.4607948565314819 733.0604 788.7726 821.1985 867.00726 1.4987987905090874 1.8470909584481099 3.86438572047915 -4.711619981348893 5.955644895285834 38.72900090781383 -1.5818560717083214 1
Car 687 1 -0.9612395811181446 0.0 662.6067 509.78656 1215.0 1.523906279613491 1.926134079432468 4.89804259155983 -2.7946596378358395 1.682005730686089 3.797421460997432 -1.5956788835938958 1
Car 688 2 1.9864560392387984 236.71976 783.7349 369.95044 856.1288 1.4509655097254133 1.781066621872223 4.397384766284056 -18.307766702102548 6.128263000190081 41.83524240058102 -4.709236974308961 1
Car 689 2 2.0248244753594404 105.596695 773.77356 281.4769 869.97504 1.6168576575800122 1.8379463049401785 4.347396528163312 -17.377105694191105 5.2294976645790925 34.09954652203871 1.5535269344231404 1
Car 825 2 2.0622630113939238 0.0 770.31195 122.67118 884.9387 1.51731821221108 1.7979128276798966 4.12103148595763 -17.242521054585144 4.377436257099888 27.293829870216562 1.4988338038199256 1
ride_other 690 1 1.500255635548807 983.73694 825.001 1015.0102 871.03735 0.7738344803533269 0.5574068872417698 0.9141655851291212 0.751685409836024 4.808812769055695 29.685867567344655 1.5255715478211656 1
Cyclist 691 0 -1.556871825538829 874.90466 766.27356 930.7468 912.65967 1.7273270350332612 0.7283275766165394 1.9112524198431236 -0.7859941763132694 3.753945279701945 20.47298130167713 -1.5952447590860999 1
Pedestrian 692 0 1.5212432495869228 953.67017 786.3023 980.1309 858.5931 1.797665578718993 0.6590612739518661 0.9105309038624759 0.1457292152338412 6.139291457067378 39.75629734929777 1.5249087962365273 1
Pedestrian 684 0 1.4869918581422323 973.78595 781.761 1011.2147 870.9282 1.6705837791843832 0.6912061048720768 0.5394829598889124 0.6094244303423126 4.777943031182043 29.332953541164347 1.5077649714566088 1
Pedestrian 685 1 1.5382695133653204 986.9285 783.4781 1016.7569 861.90314 1.5534983614904672 0.6016647444505168 0.5962099427945154 0.8417073055944543 4.886928787889374 31.135313270830206 1.5652967778778764 1
rider 693 1 -1.5615517760174629 876.9462 769.6251 931.6742 892.97845 1.5695605205395557 0.7331674434164217 0.8392092358583529 -0.7754377262160657 3.591960043457968 20.467274949043244 -1.5994203748180595 1
