bicycle 678 2 1.7043308192914934 719.80225 791.7017 769.327 881.8595 1.370739437340445 0.6435924301977786 1.90281019281183 -3.929116697701162 4.513718558137835 27.223318590741012 1.5609915583318625 1
Car 680 1 -1.4728007078023406 686.5921 783.43024 791.5077 880.89374 1.5256340473683343 1.806838073159251 3.3725265817697103 -4.509642588563492 4.969166450497902 30.755835359853705 -1.6183904706001355 1
Car 681 1 -1.4504356983926698 616.6823 776.3928 759.0477 909.6148 1.5320442724744983 1.7435578061213326 3.5545154793108154 -4.149200642814614 4.064018781765787 23.16992814415825 -1.6276344354134817 1
Car 682 1 -1.332103652145797 373.7059 764.6239 696.2464 1007.67285 1.4632688667086635 1.8133570071343448 4.231140288412354 -3.6451802241501747 2.9331440205903094 13.595567463166132 -1.5940580534429611 1
Car 683 1 -1.2158061586307398 0.0 731.9759 561.4549 1215.0 1.5029225228489793 1.7076139240935007 3.712557333120393 -3.2033683818190752 2.1617204526774465 7.297574804494017 -1.6294442516802146 1
Car 687 2 -0.7166925022984219 0.0 0.0 1935.0 1100.3424 1.523906279613491 1.926134079432468 4.89804259155983 -2.801655594659066 1.5018993645321805 2.303546654721929 -1.5993517082208233 1
Pedestrian 684 0 1.5228213571392 970.6589 780.706 1005.6433 873.9281 1.6032107985068755 0.6050641982092255 0.7067413894434773 0.4865091785108268 4.484491248203774 27.292251238523875 1.5406453780504834 1
Car 679 1 -1.4566695549528665 718.85406 785.4775 811.2999 866.7478 1.4987987905090874 1.8470909584481099 3.86438572047915 -4.822066484527178 5.703685884728376 37.21380886236146 -1.5855289040045635 1
Car 688 2 1.9998787361697437 201.54884 784.3001 342.99265 859.78735 1.4509655097254133 1.781066621872223 4.397384766284056 -18.431869298803417 5.973748693624986 40.23184721268713 1.5702751952415492 1
Car 689 2 2.042500455034786 57.380775 771.7958 246.8713 872.8047 1.6168576575800122 1.8379463049401785 4.347396528163312 -17.44987170783317 5.025450611938304 32.50766365356536 1.5498538353103308 1
Car 825 1 2.089171734930525 0.0 767.3697 68.49798 889.72076 1.51731821221108 1.7979128276798966 4.12103148595763 -17.297641488911484 4.159566062808851 25.611671402980697 1.4951602305828948 1
ride_other 690 1 1.499245414993354 978.72205 824.51086 1012.1224 873.6615 0.7738344803533269 0.5574068872417698 0.9141655851291212 0.6306531191484768 4.551848436290628 27.8338540960573 1.5218993108485606 1
Cyclist 691 0 -1.5464238948724425 853.1846 763.17224 909.5695 908.1844 1.7273270350332612 0.7283275766165394 1.9112524198431236 -1.0834318964497902 3.7232137972215673 20.62018459820193 -1.5989179223548593 1
Pedestrian 692 0 1.5179864727525711 952.453 782.0486 980.0558 857.2117 1.797665578718993 0.6590612739518661 0.7035580993680418 0.12240666473213285 5.79510291766616 37.67205289728328 1.5212357311428368 1
Pedestrian 685 1 1.5354997497155944 984.51556 776.3475 1016.5066 865.8475 1.662902329728456 0.6016647444505168 0.5962099427945154 0.7605008478261143 4.640910912454656 29.104721981964264 1.5616236150303306 1
rider 693 1 -1.5421346676808165 855.29175 766.7744 910.3855 889.263 1.5695605205395557 0.7331674434164217 0.8392092358583529 -1.0716202558082402 3.5628802925337624 20.582517651964043 -1.5941522856344437 1
