bicycle 678 2 1.7249122718774288 719.09076 784.5217 782.59644 895.86993 1.370739437340445 0.6435924301977786 1.90281019281183 -3.0906786500915127 3.832553899709983 22.107536766701372 -4.697174812978158 1
Car 679 1 -1.44524866319858 730.1719 780.0257 839.5198 874.61176 1.4987987905090874 1.8470909584481099 3.86438572047915 -3.7057511904650853 5.020433663158943 32.0073668026774 -1.5605135374575898 1
Car 680 1 -1.4537956880306746 681.3927 775.59753 812.1659 893.6772 1.5256340473683343 1.806838073159251 3.3725265817697103 -3.566116737677323 4.25552165624754 25.38347164889703 -1.593371899825819 1
Car 681 0 -1.4110163998062089 563.00006 767.2797 759.55676 941.48114 1.5320442724744983 1.7435578061213326 3.5545154793108154 -3.473301278651805 3.408588862368271 17.90541073522286 -1.6026173762850893 1
Car 682 0 -1.1967301337012404 0.0 745.6905 625.3915 1178.9484 1.4632688667086635 1.8133570071343448 4.231140288412354 -3.260247628841544 2.308615504422491 8.348451417649393 -1.5690385567376433 1
Car 683 2 -0.6466116800655345 0.0 645.33154 137.32205 1215.0 1.5029225228489793 1.7076139240935007 3.712557333120393 -2.9861067306047424 1.5573676457287133 2.100336795986892 -1.6044241218801552 1
Car 689 1 2.111649890813978 0.0 762.8208 182.40552 881.00073 1.6168576575800122 1.8379463049401785 4.347396528163312 -16.494962984967387 4.374239912479453 27.7198540096309 -4.70831429063965 1
Car 686 1 -1.4175861967463954 790.254 768.4732 869.48334 843.6145 1.831715496840355 1.855208702359203 3.9827966385324443 -4.020196119552074 6.476768954619767 46.33308851000591 -1.5041367120082643 1
Car 688 2 2.048296060421534 143.40459 777.49506 312.86716 863.0705 1.4509655097254133 1.781066621872223 4.397384766284056 -17.27675732543068 5.299225839083954 35.493036071610646 -4.687892670160505 1
Pedestrian 692 0 1.5088485246888592 1000.6311 770.63 1033.353 862.905 1.7685764851876373 0.6147099587030653 0.8368512700983359 1.1294481397777631 4.7758958880317 30.434048848867718 1.5459428351504996 1
ride_other 690 1 1.5386422328518234 1043.966 827.28796 1085.7701 892.72235 0.7738344803533269 0.5574068872417698 0.9141655851291212 1.4510771159105238 3.68472205338706 21.041465216088433 -4.675689348128881 1
Cyclist 691 0 -1.5423533418222266 884.46515 762.01245 941.0794 905.98425 1.7273270350332612 0.7283275766165394 1.9112524198431236 -0.6539107596880526 3.7149436732881593 20.721291890826638 -1.5739003043561435 1
Pedestrian 684 0 1.5575383342761606 1037.0791 763.97754 1087.3351 895.7642 1.7132914123515892 0.6740358782339932 0.5720424147896798 1.3718126071452954 3.637553241009451 20.386763522152613 -4.658458880305475 1
Pedestrian 685 2 1.5186096473672528 1042.4023 767.6104 1084.5018 884.4442 1.6766912238595684 0.6016647444505168 0.5962099427945154 1.5333658984182827 3.8531993879635547 22.50424745189894 -4.696544078322837 1
rider 693 1 -1.541546726183589 886.7498 765.5842 941.539 887.20844 1.5695605205395557 0.7331674434164217 0.8392092358583529 -0.6443756448183087 3.5556955624900404 20.691651398784455 -1.572678482929695 1
