bicycle 678 2 1.7295961348010724 721.7281 787.9421 787.82477 903.3647 1.370739437340445 0.6435924301977786 1.90281019281183 -2.937677885883078 3.811249464052019 21.426077607100716 -4.689847186840536 1
Car 679 1 -1.4427219179356245 735.83954 780.8275 848.08875 877.9235 1.4987987905090874 1.8470909584481099 3.86438572047915 -3.4705655297192295 4.964508517013398 31.28987786321001 -1.5531869537663463 1
Car 680 1 -1.4485490314034688 681.8248 777.89374 817.5108 899.9869 1.5256340473683343 1.806838073159251 3.3725265817697103 -3.4103581735397253 4.2211102560497995 24.64694399731723 -1.5860443789959282 1
Car 681 0 -1.4029647883774332 554.2682 768.36523 763.7104 952.8429 1.5320442724744983 1.7435578061213326 3.5545154793108154 -3.313243827114514 3.336832050900997 17.014339146495182 -1.5952902970008873 1
Car 682 1 -1.1621966137446476 0.0 743.0634 611.9189 1215.0 1.4632688667086635 1.8133570071343448 4.231140288412354 -3.1745738620797095 2.2251888354765996 7.5187557154210785 -1.5617107662545522 1
Car 1607 1 -1.4984612268937767 830.1536 783.2465 890.3791 838.31415 1.4454279554890292 1.8197668626620924 3.7727971486509366 -3.4758324459605445 7.154272804777257 52.023068053645844 -1.5651753659756922 1
Car 686 1 -1.4158772123144698 797.8837 772.62897 878.6644 849.58136 1.831715496840355 1.855208702359203 3.9827966385324443 -3.6937627102031834 6.533441442168314 45.54002400536869 -1.4968102893350663 1
Car 688 2 2.0569559519731406 138.49402 782.20013 312.4136 870.13574 1.4509655097254133 1.781066621872223 4.397384766284056 -17.028721606487828 5.352490592244552 34.86532502014705 -4.680565480699302 1
Car 689 1 2.1280461430299447 0.0 770.4331 169.2121 894.1496 1.6168576575800122 1.8379463049401785 4.347396528163312 -16.319139794192708 4.4440581896876665 26.866895627607224 -4.7009871766876135 1
Cyclist 691 0 -1.4862612849639827 890.9818 762.91766 955.13007 907.32513 1.7273270350332612 0.7283275766165394 1.9112524198431236 -0.5097330781595175 3.7305176672897717 20.72889984291911 -1.510846785193277 1
ride_other 690 1 1.5314943930430722 1064.9423 831.2233 1109.7721 900.8879 0.7738344803533269 0.5574068872417698 0.9141655851291212 1.6672963442689424 3.5784443156765464 19.858895438319568 -4.66793019576988 1
rider 693 1 -1.487685208284209 894.4857 765.3606 952.5515 887.77106 1.5695605205395557 0.7331674434164217 0.8392092358583529 -0.5129860252476619 3.548210152391491 20.625622421046373 -1.512551381021207 1
Pedestrian 692 0 1.50774459485908 1012.7808 775.7288 1049.0375 870.81134 1.7832416362798298 0.6733705630718206 0.6171152123684965 1.3633747685776505 4.775943499527717 29.357737122852328 1.5541513021945477 1
Pedestrian 684 0 1.5508900913208672 1056.499 768.26154 1110.3203 902.4156 1.6200309229007634 0.6740358782339932 0.6622350549016065 1.5585681290045421 3.490567987407386 19.160734897229432 -4.651132133873073 1
Pedestrian 685 2 1.5153246385685648 1057.3143 769.9275 1101.5636 892.45825 1.6766912238595684 0.6016647444505168 0.5962099427945154 1.6936077545365185 3.790456806797515 21.490748064397476 -4.689216838352397 1
