bicycle 678 1 1.7624965615498027 691.62933 782.5147 785.8085 938.95386 1.370739437340445 0.6435924301977786 1.90281019281183 -2.353634086278748 3.1602391961886553 16.013434214837627 -4.666622595959483 1
Car 1607 1 -1.49388649048465 854.53156 783.5149 921.49054 844.73883 1.4454279554890292 1.8197668626620924 3.7727971486509366 -2.266957854513012 6.6465514634361735 47.124628088850315 -1.5419550202292411 1
Car 679 1 -1.4264243210007987 731.7725 779.784 869.94556 898.0451 1.4987987905090874 1.8470909584481099 3.86438572047915 -2.709744789943763 4.4034991672595245 26.07706652901134 -1.5299656571157412 1
Car 680 1 -1.4205107106155617 649.6575 772.9932 828.88763 929.6487 1.5256340473683343 1.806838073159251 3.3725265817697103 -2.7880845758695547 3.620399024490178 19.459273898817422 -1.5628201169549447 1
Car 681 0 -1.3339307724950098 405.56915 753.1895 740.7593 1025.2476 1.5320442724744983 1.7435578061213326 3.5545154793108154 -2.883068731789447 2.7035190810211702 11.877057842391926 -1.572067430465977 1
Car 682 2 -0.657097217486312 0.0 662.5918 304.73422 1215.0 1.4632688667086635 1.8133570071343448 4.231140288412354 -2.961889764836278 1.5788507569930714 2.441607608689589 -1.538485654386505 1
moped_scooter 1927 1 -1.2434145971594426 405.65472 786.23895 442.32327 828.8955 1.0577246050947637 0.48776225007561147 1.7702687150657976 -16.047978776209646 5.97604844919441 44.698103512253184 -1.5881115714048317 1
Car 686 1 -1.407024384432438 813.299 768.71814 905.53766 855.7784 1.831715496840355 1.855208702359203 3.9827966385324443 -2.692014840705893 5.914612099634255 40.38207453379631 -1.4735895044002474 1
Car 688 1 2.1200367352387905 39.046043 772.7431 256.44635 874.9743 1.4509655097254133 1.781066621872223 4.397384766284056 -16.142661056000794 4.634908807556098 29.961114245664287 -4.657342270698326 1
Car 689 1 2.223862950779835 0.0 752.9036 53.050293 903.5313 1.6168576575800122 1.8379463049401785 4.347396528163312 -15.656556370753611 3.6889370303728977 22.00316369180378 -4.677764203558324 1
Cyclist 691 0 -1.5238487868489319 933.97394 764.8523 992.62396 908.28406 1.7273270350332612 0.7283275766165394 1.9112524198431236 0.04665956364238605 3.772395694194631 20.87970375228576 -1.5216141054316858 1
ride_other 690 1 1.4726156014339908 1174.7832 848.3236 1250.2731 958.01855 0.7738344803533269 0.5574068872417698 0.9141655851291212 2.165219974766297 2.780838920483058 12.958672999309403 -4.645012520227696 1
Pedestrian 692 0 1.406397971180731 1078.4199 759.7905 1135.8151 895.6604 1.8621102258150908 0.6930543357414801 0.9509553074569266 2.1351114440802594 3.889818356606959 21.981778877794365 1.5032251976797366 1
Pedestrian 684 0 1.4855013421654748 1176.9592 747.2807 1258.998 965.7509 1.646786343077388 0.5873317991905991 0.9321328445250008 2.099562990357483 2.694164391955014 12.309358483637396 -4.628743366448301 1
Pedestrian 685 1 1.4665763459392336 1154.308 756.3737 1223.6561 940.021 1.6766912238595684 0.6016647444505168 0.5962099427945154 2.187182683827486 2.9711341328467435 14.411657156161922 -4.665993467959838 1
rider 693 1 -1.5237067554389057 936.2963 770.23315 991.55414 891.1676 1.5695605205395557 0.7331674434164217 0.8392092358583529 0.044478228710982476 3.642912493863295 20.89692175039497 -1.521578300249412 1
