bicycle 678 1 1.7522634790374303 703.98224 781.3602 788.234 923.0715 1.370739437340445 0.6435924301977786 1.90281019281183 -2.4995707793086757 3.3084083049533852 17.556502510065286 -4.672344326276679 1
Car 1607 1 -1.4953422568651706 849.378 779.5147 914.0222 838.31696 1.4454279554890292 1.8197668626620924 3.7727971486509366 -2.5507431000139316 6.677310445829798 48.69570108702192 -1.5476757065942388 1
Car 679 1 -1.4321406167913957 736.6679 776.741 866.1507 887.5389 1.4987987905090874 1.8470909584481099 3.86438572047915 -2.865500175641677 4.498007065300744 27.57472875164857 -1.535686577285097 1
Car 680 1 -1.4311503995926949 666.20776 770.7069 829.68756 914.3928 1.5256340473683343 1.806838073159251 3.3725265817697103 -2.9026083322814005 3.73714834866443 20.99347124917373 -1.5685417669572426 1
Car 681 0 -1.3611705807122327 471.41055 754.2603 755.2249 990.6237 1.5320442724744983 1.7435578061213326 3.5545154793108154 -2.955244045410403 2.847937215337334 13.428585368284507 -1.5777887372467885 1
Car 682 1 -0.8981364167201976 0.0 693.7975 460.79755 1215.0 1.4632688667086635 1.8133570071343448 4.231140288412354 -2.9888244488274487 1.744444886014368 3.9638353001894995 -1.544207513061122 1
Pedestrian 685 1 1.4879823357984163 1117.2867 760.10583 1177.6471 923.1143 1.6766912238595684 0.6016647444505168 0.5962099427945154 2.0115770581204275 3.170029894500152 16.206760253387607 -4.671714898100152 1
Car 686 1 -1.4122020289697648 814.65405 766.44604 902.87506 849.9207 1.831715496840355 1.855208702359203 3.9827966385324443 -2.8158188276868192 5.993041055519689 41.89633488337583 -1.4793102983185098 1
Car 688 1 2.101680019872944 70.94445 768.7305 274.56754 865.4893 1.4509655097254133 1.781066621872223 4.397384766284056 -16.37019245524027 4.679241274401912 31.324924170298285 -4.6630636612840055 1
Car 689 2 2.1905132043717312 0.0 749.27747 99.15278 888.2092 1.6168576575800122 1.8379463049401785 4.347396528163312 -15.789972103463146 3.757767915149003 23.541318892741543 -4.6834855361363275 1
Pedestrian 684 0 1.5133714080045824 1132.8636 753.93744 1201.142 937.0828 1.6604416024003836 0.6146423178365904 0.631717139418996 1.969835532698205 2.930105242021857 14.37514171010992 -4.63363137130664 1
ride_other 690 2 1.4972698637347337 1134.1627 842.8906 1197.1813 937.1735 0.7738344803533269 0.5574068872417698 0.9141655851291212 2.0315538845164784 3.020155162923052 14.936632415718167 -4.6507334467717625 1
Cyclist 691 0 -1.4899222441487647 923.1136 763.65045 986.3882 907.37616 1.7273270350332612 0.7283275766165394 1.9112524198431236 -0.07135455555582096 3.752673006982944 20.847830370777043 -1.4933448677821326 1
moped_scooter 1927 1 -1.2574193785605645 420.6557 786.5416 455.29028 827.80206 1.0577246050947637 0.48776225007561147 1.7702687150657976 -16.1578491854107 6.148278575515885 46.204860571733 -1.5938270944845796 1
Pedestrian 692 0 1.4315567346553877 1059.9385 765.50684 1106.4305 886.2807 1.8621102258150908 0.6624268231752444 0.6906214506439894 1.973356741135451 4.178196300477728 24.26880494221953 1.5126907181358016 1
rider 693 1 -1.4919911186514416 927.50555 767.1322 984.8165 888.66974 1.5695605205395557 0.7331674434164217 0.8392092358583529 -0.06361776456453998 3.590614629402988 20.803171097935916 -1.4950491892672853 1
