bicycle 678 1 1.8009102427566068 615.44794 776.5733 739.52325 970.07153 1.370739437340445 0.6435924301977786 1.90281019281183 -2.441754554972657 2.7944278564425553 13.071862060248424 -4.666941581275072 1
Car 1607 1 -1.4906263528636436 846.5057 780.0573 918.39905 845.27185 1.4454279554890292 1.8197668626620924 3.7727971486509366 -2.2824633829781455 6.224904909195093 44.153722410640796 -1.5422739473786098 1
Car 679 1 -1.414495916454061 701.07074 774.4217 860.51373 908.5663 1.4987987905090874 1.8470909584481099 3.86438572047915 -2.682574544731604 4.001668131270305 23.064217971507105 -1.5302845972913885 1
Car 680 1 -1.399861047590846 594.37396 763.6959 813.13947 949.7626 1.5256340473683343 1.806838073159251 3.3725265817697103 -2.715175645357925 3.2124529024798605 16.48111328810639 -1.5631390978051038 1
Car 681 0 -1.2650321780226448 186.84773 736.0742 686.7705 1111.7183 1.5320442724744983 1.7435578061213326 3.5545154793108154 -2.834708181450279 2.3282115990547334 8.930670342153988 -1.572386392192023 1
Pedestrian 692 0 1.536876333656795 1116.673 748.12164 1174.7917 909.4982 1.8621102258150908 0.6777405794583682 0.6192351129656825 2.2273586870352355 3.3823349309469797 18.111126929533487 -4.623940549475283 1
Car 686 1 -1.4037633714348694 803.6246 764.089 903.7139 857.9135 1.831715496840355 1.855208702359203 3.9827966385324443 -2.628768386111982 5.506980178524784 37.41468427567048 -1.4739084375344809 1
Car 688 1 2.1625149979036555 0.0 763.585 188.18575 876.23096 1.4509655097254133 1.781066621872223 4.397384766284056 -16.093884828158764 4.166093616231956 27.032794409692844 -4.657661237082425 1
Cyclist 691 0 -1.5313316569088409 945.1775 763.97174 1002.88696 907.4856 1.7273270350332612 0.7283275766165394 1.9112524198431236 0.19602335269391286 3.757322744619395 20.856078173277645 -1.521933073952314 1
ride_other 690 1 1.3705543237179691 1267.4054 866.2388 1391.718 1027.5608 0.7738344803533269 0.5574068872417698 0.9141655851291212 2.206945887907326 2.308271485859322 9.040409532590097 -4.673193932303333 1
moped_scooter 1927 2 -1.224796006959148 371.46228 778.37396 411.99686 823.67596 1.0577246050947637 0.48776225007561147 1.7702687150657976 -15.919339983057982 5.442115795121152 41.83161228521485 -1.5884302108151842 1
Pedestrian 1608 0 1.5487370021793607 1036.7572 791.6539 1057.119 841.0112 1.5274119310068381 0.6457796341749422 0.5014998631276374 2.7656186347121574 6.9436849310392015 48.310656452885944 -4.677264163201681 1
Pedestrian 684 0 1.400317034036605 1291.9556 725.3292 1416.2357 1037.1001 1.6457839629265314 0.5602376353100618 0.8108567518812071 2.2405680169839326 2.2518918217979786 8.59743240288854 -4.627929887463136 1
Pedestrian 685 1 1.4085872282387824 1227.4327 735.67926 1330.6328 995.33417 1.690594456396466 0.6016647444505168 0.6527375801884082 2.191029436834276 2.483737092389358 10.36678757220856 -4.666312436549732 1
rider 693 1 -1.5316343543983648 947.8412 768.3885 1002.7706 889.52765 1.5695605205395557 0.7331674434164217 0.8392092358583529 0.20301135965215078 3.611953623694212 20.848645573715668 -1.521897273732473 1
