bicycle 678 1 1.8191692528960965 576.06335 760.20233 719.5797 975.7268 1.370739437340445 0.6435924301977786 1.90281019281183 -2.4048971607695013 2.515551762084146 11.687953667841452 -4.666942562517617 1
Car 1607 1 -1.4878557345226309 840.6588 772.6681 915.6801 839.8021 1.4454279554890292 1.8197668626620924 3.7727971486509366 -2.316468289744671 5.836362344986712 42.5250903372578 -1.5422749284422221 1
Car 679 1 -1.4078383328046953 683.04474 765.9493 856.1718 909.2339 1.4987987905090874 1.8470909584481099 3.86438572047915 -2.6441021855111932 3.710971289987274 21.485777934667464 -1.5302855783950728 1
Car 680 1 -1.3856169196923978 555.333 753.4266 802.73584 958.9958 1.5256340473683343 1.806838073159251 3.3725265817697103 -2.6748510586998 2.952533428941254 14.909001261632504 -1.5631400790339112 1
Car 681 0 -1.2084601133413004 0.0 716.35657 644.3189 1183.9331 1.5320442724744983 1.7435578061213326 3.5545154793108154 -2.80888352358327 2.0918347719850483 7.374465197964391 -1.5723873733620002 1
Car 688 1 2.191318720262667 0.0 749.186 140.5632 867.1801 1.4509655097254133 1.781066621872223 4.397384766284056 -16.105881103397486 3.7452972921259526 25.361484898158437 -4.657662218266734 1
Pedestrian 692 0 1.5161416410114867 1143.4457 736.93054 1212.2454 924.0957 1.8621102258150908 0.6761298856770768 0.9629308887128709 2.3050741602296636 3.0987675348691033 15.997790823937448 -4.623941530620124 1
Car 686 1 -1.4029073749204657 799.83594 755.9351 904.46533 853.1168 1.831715496840355 1.855208702359203 3.9827966385324443 -2.549430213840961 5.154236144972115 35.8460757131721 -1.4739094186165052 1
ride_other 690 0 1.2317918540158135 1332.2778 881.4817 1518.7688 1095.872 0.7738344803533269 0.5574068872417698 0.9141655851291212 2.141290178869263 2.052983760805016 6.987031033157839 1.5291705078368198 1
Cyclist 691 0 -1.540379956548842 959.5537 760.6089 1015.672 902.80646 1.7273270350332612 0.7283275766165394 1.9112524198431236 0.38735515657326236 3.7207698609843827 20.99416363321673 -1.5219314383234397 1
moped_scooter 1927 2 -1.213146695720154 350.13486 769.3099 393.16388 816.03876 1.0577246050947637 0.48776225007561147 1.7702687150657976 -15.851374403396866 5.029147907788795 40.23649104405212 -1.5884311909936515 1
Pedestrian 1608 0 1.544259989741061 1044.0188 779.3996 1063.2903 830.71454 1.5274119310068381 0.5829734325572967 0.5014998631276374 2.8612588150808307 6.342459365458721 46.344854645452465 -4.677265144570352 1
Pedestrian 684 0 1.2123100295866172 1394.7585 695.2431 1600.9862 1108.4962 1.6846181733426544 0.636932233775642 0.7361195740020228 2.3421035558059566 2.012510392982941 6.596943256318203 1.5534576315535302 1
Pedestrian 685 1 1.3542117359702024 1303.0968 716.57513 1436.0361 1034.172 1.690594456396466 0.6016647444505168 0.6527375801884366 2.3048852352483085 2.2324111485605695 8.497595256440817 -4.664106625962946 1
rider 693 1 -1.5401441935372928 961.02576 764.24036 1015.099 884.37177 1.5695605205395557 0.7331674434164217 0.8392092358583529 0.3832634265015166 3.566055361943752 20.989703322080427 -1.5218866300942182 1
