bicycle 678 1 1.8862488508488404 419.794 739.06915 638.4891 1034.7653 1.370739437340445 0.6435924301977786 1.90281019281183 -2.428307141208245 2.104021186008149 8.64076504781919 -4.670899265188716 1
Car 679 1 -1.3894729681837072 629.73724 761.78656 835.7812 928.55365 1.4987987905090874 1.8470909584481099 3.86438572047915 -2.716096045550131 3.3840040117807124 18.630365953329235 -1.5342417208967252 1
Car 680 1 -1.3416885801037617 429.7423 742.24316 760.4171 1003.1242 1.5256340473683343 1.806838073159251 3.3725265817697103 -2.741362769565688 2.596312399346282 11.955097035459488 -1.5670967261967266 1
Car 681 1 -1.0138198433275918 0.0 671.0759 495.90848 1215.0 1.5320442724744983 1.7435578061213326 3.5545154793108154 -2.796949851352237 1.7240668019104644 4.436285377668185 -1.5763437832062523 1
ride_other 690 1 0.9710543350649513 1678.2203 949.4473 1935.0 1215.0 0.7738344803533269 0.5574068872417698 0.9141655851291212 2.185104134647697 1.6334394126678353 3.4928410884645915 1.5300814451795444 1
Car 1607 1 -1.481707758169541 821.8989 774.3835 903.54315 847.0252 1.4454279554890292 1.8197668626620924 3.7727971486509366 -2.5534142444959858 5.586472305048074 39.51868014790312 -1.546230909284201 1
Car 686 1 -1.3960996825155012 777.76807 754.51526 893.02997 860.74304 1.831715496840355 1.855208702359203 3.9827966385324443 -2.6964812457263236 4.863030362616723 32.90458374784696 -1.4778654738050252 1
Cyclist 691 0 -1.551865233678272 971.53076 760.7427 1026.28 903.39844 1.7273270350332612 0.7283275766165394 1.9112524198431236 0.5438219376679932 3.716610283714429 20.928011244978045 -1.5258857185868535 1
moped_scooter 1927 1 -1.1864955423520755 293.61572 767.59686 342.40436 818.0884 1.0577246050947637 0.48776225007561147 1.7702687150657976 -16.008194107920442 4.697137773482717 37.24991183366701 -1.5923836015985309 1
Pedestrian 1608 0 1.5422958966977074 1040.1024 784.08997 1061.3073 836.7705 1.4080453848955858 0.5829734325572967 0.7562507357346573 2.550629363031856 5.994375469808865 42.69695874217721 -4.681222355994448 1
Pedestrian 692 0 1.4714012804467629 1197.1317 727.4074 1285.1499 967.93713 1.8161689569657407 0.6164855543258941 0.9088424776783273 2.265098379043069 2.6838219559253993 12.17878239241698 -4.627897839220523 1
Pedestrian 685 0 1.3463611275250775 1519.2683 681.34766 1796.1282 1215.0 1.6345203802197779 0.6789598923825783 0.8060391379350537 2.303918828293269 1.8422498729632086 5.039452834149518 -4.508018420331687 1
rider 693 1 -1.55191007595861 972.9941 764.1364 1026.506 884.5068 1.5695605205395557 0.7331674434164217 0.8392092358583529 0.5460718679420425 3.560145844102324 20.943606355318153 -1.5258425417992891 1
