bicycle 678 1 1.85192411674063 503.12198 744.7251 680.0258 995.62994 1.370739437340445 0.6435924301977786 1.90281019281183 -2.4305986695080537 2.253805942670257 10.056044345454227 -4.66841791910136 1
Car 1607 1 -1.486378346499905 834.3502 767.22986 912.82837 836.8539 1.4454279554890292 1.8197668626620924 3.7727971486509366 -2.3414727691457524 5.507371672459302 40.767564119461014 -1.5437500159457176 1
Car 679 1 -1.398732305934408 657.2881 759.4316 846.97064 913.76697 1.4987987905090874 1.8470909584481099 3.86438572047915 -2.665483693696777 3.467654951689364 19.918614459271332 -1.5317607261599093 1
Car 680 1 -1.3620765057127724 491.6843 744.64777 780.1206 976.7473 1.5256340473683343 1.806838073159251 3.3725265817697103 -2.7245616956057117 2.723530009646595 13.267592650637175 -1.5646154149457085 1
Car 681 1 -1.1230455717688659 0.0 693.8302 579.50684 1215.0 1.5320442724744983 1.7435578061213326 3.5545154793108154 -2.79439230020163 1.880189551593769 5.772784428917932 -1.5738626208056856 1
rider 693 1 -1.5484784189787788 971.52814 757.3699 1025.1288 877.21375 1.5695605205395557 0.7331674434164217 0.8392092358583529 0.5272406933661458 3.4673561843427647 20.987272220494322 -1.5233617761877412 1
Car 686 1 -1.4012803772680495 792.26385 749.6563 902.153 850.90753 1.831715496840355 1.855208702359203 3.9827966385324443 -2.5410861975476147 4.859953024326925 34.2279463968791 -1.4753845338181804 1
Car 688 2 2.2214323330875034 0.0 743.28754 86.61753 869.10925 1.4509655097254133 1.781066621872223 4.397384766284056 -16.129768022467672 3.505554293500479 23.709647127195986 -4.65913748727626 1
Cyclist 691 0 -1.5484146307934887 969.9375 754.0794 1024.9688 895.6061 1.7273270350332612 0.7283275766165394 1.9112524198431236 0.5252621457869743 3.6251521152815624 20.998022614377483 -1.523405007887942 1
Pedestrian 685 0 1.3801281397610765 1403.4623 691.8906 1587.7676 1104.6036 1.690594456396466 0.6711809071350054 0.5168381308347726 2.3146574169315404 1.9968553395507476 6.530763049690367 -4.562446832310099 1
ride_other 690 0 1.1263452811927563 1472.0629 902.16815 1762.6185 1210.5032 0.7738344803533269 0.5574068872417698 0.9141655851291212 2.1770485923769063 1.7988891342782702 5.061234707967127 1.5325630033753352 1
moped_scooter 1927 2 -1.1994357214526647 322.18967 761.66614 368.21326 810.11096 1.0577246050947637 0.48776225007561147 1.7702687150657976 -15.873217856923448 4.666043438357914 38.564338462634446 -1.5899049474840736 1
Pedestrian 1608 0 1.5421346970159275 1044.5742 776.1773 1064.6952 827.97186 1.478379956846666 0.5829734325572967 0.5014998631276374 2.774326451038306 6.002996658457562 44.466997958740905 -4.678740690815783 1
Pedestrian 692 0 1.4923930279266475 1175.2911 722.7365 1248.1604 934.5728 1.8621102258150908 0.6164855543258941 0.5987389129452083 2.298360570758571 2.7843313321268113 13.770897491457404 -4.625416740285685 1
Pedestrian 684 0 1.1444100698469146 1591.1178 633.9511 1877.7811 1215.0 1.6846181733426544 0.6207469176142105 0.5209964309070261 2.3469403679790375 1.7140754108493441 4.590320094619007 -4.666144142601732 1
