bicycle 678 0 1.9455354781628937 267.01895 736.1853 565.5255 1110.9711 1.370739437340445 0.6435924301977786 1.90281019281183 -2.458779545460665 1.9635979859541137 7.003938256854377 -4.675265730854028 1
Car 1607 1 -1.4808615271942305 812.2691 779.4201 897.1969 855.47394 1.4454279554890292 1.8197668626620924 3.7727971486509366 -2.6587649830580142 5.57537904145302 38.06484299607888 -1.5505965776594068 1
Car 679 1 -1.37444240385869 583.87964 764.719 816.97015 951.4843 1.4987987905090874 1.8470909584481099 3.86438572047915 -2.799289438563328 3.2620849090101576 16.89820748693722 -1.538607567845985 1
Car 680 1 -1.3073600170110729 321.5052 741.27673 726.0887 1051.0935 1.5256340473683343 1.806838073159251 3.3725265817697103 -2.790284399068599 2.459906834800901 10.31834173798844 -1.5714631303502873 1
Car 681 1 -0.8028585329756753 0.0 636.20905 331.0678 1215.0 1.5320442724744983 1.7435578061213326 3.5545154793108154 -2.807982610687269 1.5671190780146302 2.850688114275612 -1.5807099252470673 1
Car 1854 2 -1.7676431954937801 1218.5234 773.254 1379.5668 902.6665 1.5631073715220376 1.8323026107751432 4.050954989824796 5.490118282451065 4.225656536708578 24.794522644219008 -1.5497344255787247 1
Car 686 1 -1.3934721563774046 763.4903 759.8625 885.459 872.85803 1.831715496840355 1.855208702359203 3.9827966385324443 -2.7803604282499745 4.837785704781166 31.242500224357407 -1.4822312244621614 1
Cyclist 691 0 -1.5535761034738234 967.7513 765.5733 1022.1516 908.30853 1.7273270350332612 0.7283275766165394 1.9112524198431236 0.489411747662725 3.791960218825998 20.978443269283428 -1.5302510653795143 1
moped_scooter 1927 1 -1.1720637088307515 258.12634 774.8099 310.60342 828.11694 1.0577246050947637 0.48776225007561147 1.7702687150657976 -16.08782598731261 4.713474088352113 35.57682395189882 -1.5967453276507009 1
Pedestrian 1608 0 1.5360921776205139 1042.3928 785.7823 1064.4935 843.67596 1.5072059352929268 0.5829734325572967 0.5579296349399636 2.5133268220233376 5.9288226429375595 40.81307432688592 -4.685589383489065 1
Pedestrian 692 0 1.4327445932544123 1238.6251 712.1906 1352.4991 1008.6909 1.8161689569657407 0.6164855543258972 0.9088424776782738 2.1990936991384595 2.423058333014243 9.919152671955747 -4.632267783524373 1
rider 693 1 -1.553523026940542 968.8627 769.42426 1022.40875 890.2583 1.5695605205395557 0.7331674434164217 0.8392092358583529 0.48732344588450716 3.6311759371459624 20.89788851436273 -1.5302079852904775 1
