bicycle 678 0 2.0352669856697405 11.90171 716.2831 460.76764 1215.0 1.370739437340445 0.6435924301977786 1.90281019281183 -2.475148099600407 1.759323399592216 5.3969007283152655 -4.677920765446532 1
Car 679 1 -1.3585692461113896 536.7307 759.8903 800.4912 966.90265 1.4987987905090874 1.8470909584481099 3.86438572047915 -2.8342033726916647 3.0603723177748137 15.340495549121863 -1.54126222595811 1
Car 680 1 -1.2637548087178798 175.81969 730.54095 688.2768 1105.3304 1.5256340473683343 1.806838073159251 3.3725265817697103 -2.7996686299178353 2.2616225180539313 8.729101658422312 -1.5741181274100695 1
Car 1854 1 -1.78766373390427 1238.7 775.39905 1416.4634 914.92914 1.5631073715220376 1.8323026107751432 4.050954989824796 5.561479121945656 4.1034863254502625 23.200386827857994 -1.5523883141514814 1
moped_scooter 1927 1 -1.154349202318858 218.84682 767.9534 275.64062 823.55725 1.0577246050947637 0.48776225007561147 1.7702687150657976 -16.182321949909777 4.388591722604601 33.92787625533739 -1.599397478786452 1
Car 1607 1 -1.4794525794844666 803.81525 776.317 893.01196 855.79364 1.4454279554890292 1.8197668626620924 3.7727971486509366 -2.687288702744643 5.318344135844834 36.347712661601406 -1.553251127102168 1
Car 686 1 -1.3864142097546466 744.1748 755.9519 874.499 875.1949 1.831715496840355 1.855208702359203 3.9827966385324443 -2.921454376678229 4.604121059532748 29.572029516435105 -1.4848858240572262 1
Cyclist 691 0 -1.5552090615719176 966.2262 763.6395 1020.8421 906.7328 1.7273270350332612 0.7283275766165394 1.9112524198431236 0.4662151976595429 3.756186894911737 20.899630653408614 -1.532905419168236 1
Pedestrian 1608 0 1.5320166200692347 1043.9797 782.02454 1067.1665 843.4111 1.5324106333166383 0.5829734325572967 0.49284508775878355 2.449865799220497 5.6443975797846635 38.882372796450824 -4.688244759897627 1
Pedestrian 692 0 1.3665132442053762 1320.3656 687.9219 1474.6854 1066.6064 1.831104898130964 0.6463574366563396 0.6255509206168025 2.2230671628297025 2.168981150081681 7.680218135011433 -4.6349186821381245 1
rider 693 1 -1.5550994735647035 967.35706 766.7214 1020.7847 887.1548 1.5695605205395557 0.7331674434164217 0.8392092358583529 0.46579555838523523 3.5968428988049688 20.943346443796393 -1.5328623979185063 1
