bicycle 678 0 1.9899448779159705 145.65437 721.4702 512.78217 1154.2153 1.370739437340445 0.6435924301977786 1.90281019281183 -2.4749166291656577 1.828647620860779 6.128600160414956 -4.677044728627285 1
Car 1607 1 -1.4814079825219915 809.4982 776.4807 896.092 853.8328 1.4454279554890292 1.8197668626620924 3.7727971486509366 -2.651929053545433 5.419701063451496 37.30558637182816 -1.552375250389088 1
Car 679 1 -1.367436966771593 561.21906 760.33325 809.4192 956.8746 1.4987987905090874 1.8470909584481099 3.86438572047915 -2.806306059603987 3.131095114835658 16.064066772594412 -1.540386313382013 1
Car 680 1 -1.286317795498542 251.76411 732.977 707.1449 1072.664 1.5256340473683343 1.806838073159251 3.3725265817697103 -2.797088696989251 2.332771430542634 9.479527272458874 -1.573242102985747 1
Car 681 2 -0.6427068660281015 0.0 43.379368 210.6881 1215.0 1.5320442724744983 1.7435578061213326 3.5545154793108154 -2.7602803766628545 1.4427934881436872 2.0168528094780074 -1.5824887910276049 1
Car 1854 1 -1.7808276611692768 1232.3698 777.8275 1402.8844 913.2365 1.5631073715220376 1.8323026107751432 4.050954989824796 5.58344586285954 4.218152674241822 23.92007373768765 -1.5515126555291734 1
moped_scooter 1927 1 -1.1626910792806322 236.75356 766.67267 291.51047 820.9731 1.0577246050947637 0.48776225007561147 1.7702687150657976 -16.1493006598967 4.429833679550621 34.67763530044853 -1.5985223934987542 1
Car 686 1 -1.389571150493671 752.7031 756.50745 878.6626 872.1835 1.831715496840355 1.855208702359203 3.9827966385324443 -2.883504757090178 4.692513319088015 30.442232436128673 -1.4840099307861676 1
Cyclist 691 0 -1.554109163075727 965.8851 764.6139 1020.3618 907.4461 1.7273270350332612 0.7283275766165394 1.9112524198431236 0.46264423324528414 3.775177872804112 20.950106466195173 -1.5320296070213328 1
Pedestrian 1608 0 1.5326076736856882 1044.5409 784.99133 1067.5118 845.0974 1.5072059352929268 0.5829734325572967 0.6818803229366153 2.5129114177661025 5.794785628577171 39.70262027763308 -4.68736861027902 1
Pedestrian 692 0 1.4014523724483636 1279.0535 705.49225 1405.1359 1031.3301 1.8161689569657407 0.6164855543258972 0.6997393013651669 2.2488663723358893 2.3155386065316166 8.89291351898825 -4.634042735173758 1
rider 693 1 -1.5543592545588545 967.5603 769.4479 1020.9436 889.9035 1.5695605205395557 0.7331674434164217 0.8392092358583529 0.4690145989800842 3.6374769874423567 20.960214480826114 -1.5319865663539463 1
