bicycle 678 1 2.0656393480952957 0.0 710.24176 424.75293 1215.0 1.370739437340445 0.6435924301977786 1.90281019281183 -2.4819087543302834 1.710544878285368 4.992576462886544 -4.678886777282871 1
Car 1607 1 -1.47856978851506 800.6098 774.5401 890.5825 854.40015 1.4454279554890292 1.8197668626620924 3.7727971486509366 -2.7356014533114323 5.247386321491935 36.09363268684969 -1.5542169623548243 1
Car 679 1 -1.3553387563241053 524.6177 757.9171 797.49915 971.09924 1.4987987905090874 1.8470909584481099 3.86438572047915 -2.8203797124502143 2.999630013763097 14.915064395352985 -1.542228100765371 1
Car 680 1 -1.2499284418260026 123.598885 726.4902 677.3729 1125.8315 1.5256340473683343 1.806838073159251 3.3725265817697103 -2.7857409557773285 2.2018187320023266 8.263323638754176 -1.5750841255660204 1
Car 1854 1 -1.7921091372629157 1242.3768 769.6956 1424.4471 910.7008 1.5631073715220376 1.8323026107751432 4.050954989824796 5.552212429740139 3.9694586295112813 22.8112691065068 -1.553353908874607 1
moped_scooter 1927 1 -1.148834609577135 206.18611 771.15955 264.37915 827.77527 1.0577246050947637 0.48776225007561147 1.7702687150657976 -16.21628224728271 4.415517688845815 33.43971534849959 -1.6003624412195325 1
Car 686 1 -1.387012593662186 742.8166 754.5679 874.55365 875.07214 1.831715496840355 1.855208702359203 3.9827966385324443 -2.8989468347211678 4.5455020998068205 29.234392612315794 -1.4858516775799697 1
Pedestrian 1608 0 1.5318984019300466 1041.8215 780.206 1066.7927 842.3912 1.5324106333166383 0.6207804795928679 0.49284508775878355 2.3850684076113122 5.54385750324687 38.372377491966056 -4.689210896136842 1
Cyclist 691 0 -1.555749180253869 965.5376 762.5296 1020.32697 905.96185 1.7273270350332612 0.7283275766165394 1.9112524198431236 0.4559358259389225 3.7341260382862616 20.83660029244936 -1.5338711832125296 1
Pedestrian 692 0 1.3476259563047934 1338.4501 679.28174 1520.355 1086.3667 1.7924161208551104 0.6463574366563396 0.9116675968753051 2.2221421070973486 2.0713898746908237 7.19186577848138 -4.6358845948808876 1
rider 693 1 -1.5554481261850985 966.36346 765.75525 1019.9494 886.4987 1.5695605205395557 0.7331674434164217 0.8392092358583529 0.45155166659687274 3.5772835820982367 20.882631993858183 -1.5338281833786958 1
