bicycle 1606 1 -0.29681491115136593 1019.7266 806.6355 1072.5383 848.4213 1.2062939943969633 0.5090687785610699 1.5921636460956687 2.689030476333431 7.020474869570952 47.4061896831175 -0.2401524363691787 1
Car 679 0 -1.242739413682773 160.89407 745.3413 708.75507 1131.9885 1.4987987905090874 1.8470909584481099 3.86438572047915 -2.8077213586831444 2.3785761613722727 8.969060114920778 -1.5461209139328072 1
Car 680 2 -0.7524847077890655 0.0 636.92535 300.4082 1215.0 1.5256340473683343 1.806838073159251 3.3725265817697103 -2.7622744818358 1.5597217211264105 2.5440889507321067 -1.578977436006419 1
Car 1854 1 -1.8710800513724044 1323.9703 768.4337 1603.0493 965.6369 1.5631073715220376 1.8323026107751432 4.050954989824796 5.471349513984997 3.3767232629266966 16.85771130521395 -1.5572455927047022 1
moped_scooter 1927 1 -1.0696398635955442 34.171917 786.6961 114.7468 856.73804 1.0577246050947637 0.48776225007561147 1.7702687150657976 -16.343437856266895 4.140588718448999 27.60115581684988 -1.6042515759667617 1
Car 1607 1 -1.4670104144149112 766.22186 782.1541 876.25385 879.7809 1.4454279554890292 1.8197668626620924 3.7727971486509366 -2.754551608881982 4.815790694007347 30.153143760825724 -1.5581096160168026 1
Car 686 1 -1.3649090577003282 681.2553 757.6067 852.01074 911.7907 1.831715496840355 1.855208702359203 3.9827966385324443 -2.932946552419536 4.088626395611809 23.372347790798784 -1.4897444049987587 1
Cyclist 691 0 -1.5555937369919393 969.6605 760.418 1025.8975 907.4462 1.7273270350332612 0.7283275766165394 1.9112524198431236 0.5111465641926131 3.6571702117427023 20.326033405594327 -1.5304516521241092 1
Pedestrian 1855 1 2.6936585377283393 481.03647 756.0687 510.6975 815.6597 1.6670489895568288 0.6142859725315041 0.6338584592704675 -13.760784589623402 5.584110816104983 44.216689226933894 -3.891238217280285 1
rider 693 1 -1.5572961376525583 970.4349 765.4229 1025.3977 889.2536 1.5695605205395557 0.7331674434164217 0.8392092358583529 0.504701345954564 3.5246037858310046 20.37197676343566 -1.5325269101148822 1
Pedestrian 1608 0 1.5197214775867254 1050.7269 784.04913 1082.6525 862.85754 1.5709561669235377 0.6376752312876294 0.5437787288129342 2.197139006546955 4.922139966971847 31.211130862773548 -4.693183762188607 1
