bicycle 1606 1 -0.2930197522933843 1017.28296 800.2495 1067.0549 839.49896 1.2062939943969633 0.5090687785610699 1.5921636460956687 2.71949102665788 7.154359353044246 50.29115975278028 -0.2389974351597246 1
Car 1607 1 -1.472827555381974 782.9201 771.97235 881.8267 858.9149 1.4454279554890292 1.8197668626620924 3.7727971486509366 -2.798392803275282 4.895890028670646 33.185385948704884 -1.5569545849396134 1
Car 679 1 -1.3125043671825896 393.73547 745.8316 761.68396 1019.1191 1.4987987905090874 1.8470909584481099 3.86438572047915 -2.814299649114768 2.6182602064695715 11.887659246486063 -1.5449658355126434 1
Car 680 1 -1.0973222725854221 0.0 694.4691 557.23663 1215.0 1.5256340473683343 1.806838073159251 3.3725265817697103 -2.8002854786010216 1.854309984813318 5.37228692783773 -1.5778222100128005 1
Car 1854 1 -1.8256323815228541 1275.3353 764.7783 1496.1964 928.14514 1.5631073715220376 1.8323026107751432 4.050954989824796 5.480767316898505 3.6094806041164706 19.838832179209497 -1.5560908494654462 1
Car 686 1 -1.3776730154623187 714.98145 747.5245 863.6635 881.3824 1.831715496840355 1.855208702359203 3.9827966385324443 -2.929210105692127 4.157372117921324 26.300797476304854 -1.4885893520160207 1
Pedestrian 1855 1 2.661821577261253 536.3368 749.9768 562.55396 804.5548 1.6670489895568288 0.5388831855681567 0.6338584592704675 -13.214014177187124 5.715033487671315 47.98465656179513 -3.89008317887339 1
Cyclist 691 0 -1.5571645083684873 963.4434 754.6578 1018.67096 898.4461 1.7273270350332612 0.7283275766165394 1.9112524198431236 0.4252728014882834 3.605582977828875 20.678846604028685 -1.5366018111662674 1
moped_scooter 1927 2 -1.1119297227630827 126.33639 770.4639 194.39436 832.74384 1.0577246050947637 0.48776225007561147 1.7702687150657976 -16.294339877454355 4.109856244028967 30.463018445202078 -1.6030975892145451 1
Pedestrian 1608 0 1.5259877120381562 1045.1099 782.4024 1072.8494 852.94727 1.5709561669235377 0.6207804795928679 0.5437787288129342 2.2725730599310148 5.267857885379952 34.82263353727497 -4.6920286312557735 1
Pedestrian 692 2 1.054272197207526 1729.1682 496.7722 1935.0 1215.0 1.825387729812285 0.6531183197112507 0.8693982036246027 2.261734440257426 1.575414148355919 3.3753131578857154 -4.638550210366427 1
rider 693 1 -1.557263664391456 964.73303 758.4323 1018.93695 880.2359 1.5695605205395557 0.7331674434164217 0.8392092358583529 0.42757362626767553 3.4520056996828643 20.64952462114657 -1.5365604015914298 1
