bicycle 1606 1 -0.29510036348550744 1017.8668 817.7013 1069.416 858.68427 1.2062939943969633 0.5090687785610699 1.5921636460956687 2.6737246651812625 7.52344234876114 48.56156756478029 -0.24009744732039073 1
Car 679 1 -1.2797235380494922 285.49704 746.5904 736.905 1074.5159 1.4987987905090874 1.8470909584481099 3.86438572047915 -2.7937625342089274 2.4911395884361553 10.240151795870624 -1.5460659212072485 1
Car 680 1 -0.9487806278723541 0.0 666.2308 453.71524 1215.0 1.5256340473683343 1.806838073159251 3.3725265817697103 -2.7391370066734195 1.6762510506692343 3.7556794535894915 -1.5789224362545384 1
Car 1854 1 -1.8507062061175747 1301.6923 776.26514 1553.1162 959.9127 1.5631073715220376 1.8323026107751432 4.050954989824796 5.478366348068286 3.604008724275117 18.125552764414245 -1.557190615938523 1
Car 1607 1 -1.4709426172140834 775.01776 781.2534 880.043 874.73804 1.4454279554890292 1.8197668626620924 3.7727971486509366 -2.739528021784741 4.923589259400993 31.368750737500143 -1.558054625545494 1
Car 686 1 -1.3727190468797754 699.2881 756.568 859.3866 901.9921 1.831715496840355 1.855208702359203 3.9827966385324443 -2.893822902868411 4.181424905540658 24.62686154273025 -1.489689413484148 1
Cyclist 691 0 -1.5619948236573689 969.1448 763.143 1024.8224 908.91394 1.7273270350332612 0.7283275766165394 1.9112524198431236 0.4986523934924739 3.7138989921241046 20.52232115780714 -1.537701553397881 1
Pedestrian 1855 1 2.6783398490008805 506.03467 761.4683 535.889 819.1027 1.6670489895568288 0.6142859725315041 0.6749872521595579 -13.50419091203462 5.897227700489026 45.86573172832431 -3.891183226457795 1
rider 693 1 -1.5622496456529456 970.4687 768.0455 1025.1418 891.29236 1.5695605205395557 0.7331674434164217 0.8392092358583529 0.5037137957975545 3.5711488251062415 20.47886659876803 -1.5376578427896286 1
moped_scooter 1927 2 -1.0891909497710852 76.415596 775.1367 151.09918 841.3337 1.0577246050947637 0.48776225007561147 1.7702687150657976 -16.322293079352246 4.0448563651844704 28.840567313619378 -1.6041966352188595 1
Pedestrian 1608 0 1.519728997117042 1052.6908 784.5149 1080.7852 859.6765 1.5709561669235377 0.5859978610907359 0.5437787288129342 2.304415677048348 5.092181578987671 32.71286237523697 -4.693128766962726 1
