bicycle 1606 1 -0.29640540543008775 1019.68884 811.5861 1072.1569 853.18787 1.2062939943969633 0.5090687785610699 1.5921636460956687 2.699930857725307 7.217516910018219 47.716074586385545 -0.23988242068921029 1
Car 679 0 -1.2554189936892959 206.51524 749.3297 718.20013 1115.6992 1.4987987905090874 1.8470909584481099 3.86438572047915 -2.8095770616861437 2.4436066789782007 9.400251083238585 -1.545850880199365 1
Car 680 1 -0.8167736178314194 0.0 647.5375 352.19363 1215.0 1.5256340473683343 1.806838073159251 3.3725265817697103 -2.7562622435686785 1.5950074788895188 2.8887433023075113 -1.5787073677716557 1
Car 1854 1 -1.8643196144753662 1317.173 772.67377 1586.438 965.4317 1.5631073715220376 1.8323026107751432 4.050954989824796 5.487788265084484 3.4730125705703374 17.289740144352184 -1.5569756373359456 1
moped_scooter 1927 1 -1.07575758707122 47.927128 787.80786 126.78248 857.09894 1.0577246050947637 0.48776225007561147 1.7702687150657976 -16.29161626309657 4.1963770333626975 27.918877410861533 -1.6039817974582895 1
Car 1607 1 -1.4680918657081112 769.12164 784.175 877.60803 880.81335 1.4454279554890292 1.8197668626620924 3.7727971486509366 -2.746706240510536 4.8984697765276 30.52252975487606 -1.5578395933522633 1
Car 686 1 -1.3680009544381724 688.6254 759.7588 855.4266 911.24146 1.831715496840355 1.855208702359203 3.9827966385324443 -2.906777971365191 4.164849963489454 23.811518192391077 -1.4894743772116112 1
Pedestrian 1855 1 2.6893779712029975 488.64948 760.74536 517.9922 819.783 1.6670489895568288 0.6142859725315041 0.6338584592704675 -13.687398390555895 5.767370591645304 44.69673425300967 -3.890968192893452 1
Cyclist 691 0 -1.5572272170984487 972.8808 764.34235 1028.6322 910.4804 1.7273270350332612 0.7283275766165394 1.9112524198431236 0.5544675962591658 3.7289337858097094 20.496260812729 -1.5301816791715817 1
Pedestrian 1608 0 1.5203394579324527 1051.0453 788.03735 1081.2692 865.7576 1.5709561669235377 0.6118365461891881 0.5437787288129342 2.2184985239468107 5.056360857387152 31.671861308162626 -4.692913716177909 1
rider 693 1 -1.559214992288158 973.8185 768.95886 1028.6873 892.7226 1.5695605205395557 0.7331674434164217 0.8392092358583529 0.5502890179939766 3.5772604181471266 20.407833091926367 -1.5322569265361436 1
