bicycle 1606 1 -0.2955403233432676 1018.372 816.4868 1070.2815 857.7352 1.2062939943969633 0.5090687785610699 1.5921636460956687 2.677338201418283 7.440662333308769 48.22604055808059 -0.2400808110184176 1
Car 679 1 -1.2719659278201672 259.83752 746.746 731.205 1087.3429 1.4987987905090874 1.8470909584481099 3.86438572047915 -2.7929522531623614 2.4674401414684355 9.933702000106685 -1.5460492837929267 1
Car 680 1 -0.9129503949036475 0.0 659.9571 426.02527 1215.0 1.5256340473683343 1.806838073159251 3.3725265817697103 -2.747395923021245 1.6473207196817834 3.496785306553198 -1.5789057967144928 1
Car 1854 1 -1.8557519025962843 1307.4774 775.63544 1565.0471 962.5237 1.5631073715220376 1.8323026107751432 4.050954989824796 5.488585296755983 3.5660205118966113 17.83289080456295 -1.5571739833524962 1
Car 1607 1 -1.4696366267335728 772.3573 783.3318 878.6766 878.08075 1.4454279554890292 1.8197668626620924 3.7727971486509366 -2.7528151925848046 4.93698760790539 31.05880371594424 -1.5580379888131644 1
Car 686 1 -1.3701268505803341 693.43085 758.6021 856.9481 907.14545 1.831715496840355 1.855208702359203 3.9827966385324443 -2.9080027694804946 4.1804000332888815 24.20941203242575 -1.489672776436187 1
Pedestrian 1855 1 2.6817879041302812 500.92584 761.02405 529.8426 819.18835 1.6670489895568288 0.6142859725315041 0.6338584592704675 -13.526258629837193 5.8366643461319345 45.3655536078096 -3.8911665896192633 1
Cyclist 691 0 -1.5631404237698627 971.0696 765.12177 1026.5471 910.5579 1.7273270350332612 0.7283275766165394 1.9112524198431236 0.5243352362922676 3.7490231983441036 20.593660492336387 -1.5376849211785382 1
moped_scooter 1927 2 -1.0836715313560723 64.676636 781.42444 140.9615 848.86505 1.0577246050947637 0.48776225007561147 1.7702687150657976 -16.332507804740846 4.1333573461657 28.491709383360188 -1.604180013529702 1
Pedestrian 1608 0 1.5203604475902361 1051.0409 788.45557 1080.6024 864.46716 1.5709561669235377 0.6118365461891881 0.5437787288129342 2.2609837435213933 5.142770600385867 32.38031043508254 -4.693112128791965 1
rider 693 1 -1.5635270543504227 972.5453 769.0172 1027.0354 891.8877 1.5695605205395557 0.7331674434164217 0.8392092358583529 0.5321089727837133 3.591315167375922 20.547124341567763 -1.537635836778411 1
