bicycle 1606 1 -0.30559327378845347 1010.2021 795.41095 1072.7606 844.8342 1.2062939943969633 0.5090687785610699 1.5921636460956687 2.145250504607329 5.819726780791255 40.016195323250685 -0.25203498607706254 1
Car 1607 1 -1.4394187271073373 681.23517 760.38837 835.65625 889.3992 1.4454279554890292 1.8197668626620924 3.7727971486509366 -2.9686594185815336 3.6645671387946077 22.606143159720688 -1.5699924742646474 1
Car 679 2 -0.4991221963518373 0.0 0.0 1935.0 1215.0 1.4987987905090874 1.8470909584481099 3.86438572047915 -2.7886928227703924 1.4204020436649842 1.5668957052900367 -1.5580042599302306 1
Car 1854 1 -2.088148465033023 1545.7418 731.7552 1935.0 1105.0731 1.5631073715220376 1.8323026107751432 4.050954989824796 5.3979209308927585 2.383134049750155 9.449062459367314 -1.5691254864367359 1
Car 686 1 -1.3124573020759458 521.9523 719.7746 794.9611 945.4906 1.831715496840355 1.855208702359203 3.9827966385324443 -3.046257361913158 2.971264271564916 15.910716571950193 -1.5016274896028028 1
Pedestrian 1855 1 2.7847489527226195 300.54312 735.75464 340.91513 812.10956 1.6670489895568288 0.6611603188163325 0.6667526899803962 -14.769758801151996 4.258017002550586 34.48248139763059 -3.9031211566748123 1
Cyclist 691 0 -1.5555666685668545 949.4522 739.04156 1010.45306 896.15857 1.7273270350332612 0.7283275766165394 1.9112524198431236 0.2500655813184113 3.236729724151618 18.80968354736771 -1.5422729387858993 1
Pedestrian 1608 0 1.48685983434887 1080.6213 759.2517 1124.51 869.64716 1.5709561669235377 0.6053768749145949 0.5566980713620755 2.097808097058041 3.594969203203215 22.24721742174457 -4.7023081675362945 1
Pedestrian 1611 0 1.5464664713601635 934.404 777.56244 957.91534 836.80426 1.8161759297044417 0.7422913313940196 0.8384248950667833 -0.49335544399955733 6.8117968381701495 48.503630807247866 1.536295306383351 1
rider 693 1 -1.5580053262652658 951.57806 741.93555 1011.3095 875.3514 1.5695605205395557 0.7331674434164217 0.8392092358583529 0.2585423097625714 3.0725777014683464 18.775543092890203 -1.5442360324042455 1
