bicycle 1606 1 -0.316509517739882 1004.2884 804.0651 1076.7858 861.77136 1.2062939943969633 0.5090687785610699 1.5921636460956687 1.8291879414513152 5.397370776196526 34.52845088342411 -0.26358274068432275 1
Car 1607 1 -1.3971052078436041 559.1583 762.97626 780.69727 940.7966 1.4454279554890292 1.8197668626620924 3.7727971486509366 -3.170839341646246 3.189850313554593 16.9967661058942 -1.581540530566913 1
Pedestrian 1608 0 1.4452134242665156 1118.8473 753.79584 1177.9451 911.49786 1.5709561669235377 0.5492954758664 0.5308593862635834 1.9464397820038004 2.938277432437705 15.597545751199737 1.569363036103275 1
Pedestrian 1612 1 1.5187820819314797 953.8615 793.5104 977.31885 856.68494 1.673253551184098 0.6222652760234747 0.5806137701799574 0.11779098879553768 6.391755011908731 41.54390418566132 1.5216174118182573 1
rider 20 1 1.7420321726788277 249.6505 776.3359 280.44357 829.2157 1.5443259782736718 0.761155481705958 0.7076697076337259 -21.709583463043586 6.312146727365162 46.64120038692177 1.3063968696928527 1
Car 686 1 -1.2180644020860103 219.96367 696.3729 703.65924 1057.675 1.831715496840355 1.855208702359203 3.9827966385324443 -3.17087747927169 2.4278451161262042 10.43093415025756 -1.5131757676071353 1
Cyclist 1610 1 1.9293452426664195 69.9918 743.6093 132.78778 828.34424 1.9978581265837287 0.7634397851299919 2.0397762508700494 -22.58705460708776 5.20407280624476 39.32137988050447 1.407945665302246 1
Cyclist 15 2 1.736010826720831 244.94647 774.21967 283.0256 838.4014 1.7445900934327392 0.763770600407676 1.9451033480706412 -21.67979173396203 6.493917877404495 46.524976692409574 1.2999462164771787 1
Pedestrian 1855 1 2.89832670690413 57.666164 725.8979 113.09949 821.05 1.6670489895568288 0.6063219282975085 0.7627198733883662 -16.228540102180254 3.5711670750935913 27.709701384941535 -3.9146693020767556 1
rider 1609 1 1.929031512955945 80.50434 745.67914 124.68528 819.9192 1.8499869597046592 0.7549272702120151 0.8568069158374219 -22.57222205672135 5.065128201799434 39.32411725183607 1.407945665302246 1
bicycle 8 1 1.6673711415557244 779.7679 815.2509 798.2686 855.1335 1.0872193198692035 0.44534402391341116 1.8360533658580078 -5.80985203888827 7.631225578952902 50.4892108247445 1.5528038845188892 1
Cyclist 691 0 -1.547317460159056 905.82117 749.50964 971.6782 919.0397 1.7273270350332612 0.7283275766165394 1.9112524198431236 -0.24419814267860585 3.274328569475294 17.60623589835373 -1.561186551007311 1
Pedestrian 1611 2 1.5462181205111576 915.7463 788.90985 941.0587 858.7462 1.831235778482366 0.6825473373614707 0.7330059536213835 -0.9127083460119852 6.412563034288176 41.39024766885397 1.5241704038897361 1
rider 693 1 -1.5483320195822703 907.3227 753.084 971.54785 896.7256 1.5695605205395557 0.7331674434164217 0.8392092358583529 -0.24685615137479466 3.107383446385697 17.517905818796567 -1.5624227343111634 1
