bicycle 1606 1 -0.31704163313962025 1003.59283 800.59033 1076.8365 858.8123 1.2062939943969633 0.5090687785610699 1.5921636460956687 1.8031548774094934 5.274760940283606 34.17614504946254 -0.2643298797797231 1
Car 1607 1 -1.394226733777729 549.945 758.04034 777.45776 938.94635 1.4454279554890292 1.8197668626620924 3.7727971486509366 -3.1662555784129087 3.095554723863259 16.63737354972482 -1.5822876892327422 1
Pedestrian 1608 0 1.4423362182985047 1120.1377 749.5505 1183.2242 911.76 1.5709561669235377 0.5708605557555251 0.5308593862635834 1.9244080275558273 2.856639342331147 15.158174238894759 1.5686158014483014 1
Pedestrian 1612 1 1.5199072920353074 950.9824 786.192 974.5988 849.75183 1.673253551184098 0.6222652760234747 0.5806137701799574 0.039682894366096136 6.152595647394605 41.2250676630066 1.5208698831081469 1
Car 686 1 -1.2093802583686246 188.18184 691.6943 696.5152 1066.9805 1.831715496840355 1.855208702359203 3.9827966385324443 -3.1641396725383752 2.3725235761078145 10.066597995083574 -1.513922940675171 1
Cyclist 1610 1 1.932976350228181 60.61068 744.6248 124.651505 830.55255 1.9978581265837287 0.7634397851299919 2.0397762508700494 -22.52347522591342 5.1910672574096335 38.81620658022175 1.4071983499729104 1
Pedestrian 1855 1 2.9060484249890965 43.099316 724.7206 93.546646 821.0205 1.6670489895568288 0.6063219282975085 0.6667526899803973 -16.283006305267648 3.5174154680483545 27.270449068538806 -3.9154164668620988 1
rider 1609 1 1.9325164659842573 71.70692 745.5251 116.59703 820.6424 1.8499869597046592 0.7549272702120151 0.8568069158374219 -22.530529880578868 5.0243785592567285 38.869531791106 1.4071983499729104 1
bicycle 8 1 1.6683052433797336 777.12366 813.1988 795.81055 853.29645 1.0872193198692035 0.44534402391341116 1.8360533658580078 -5.853997358371428 7.515533173089003 50.13052237435674 1.552056628870842 1
Cyclist 15 2 1.7746971694282847 245.67633 772.65985 286.75607 837.6879 1.7445900934327392 0.763770600407676 1.9451033480706412 -21.297923962113273 6.377575033459148 45.85472998866756 1.339879350306588 1
Cyclist 691 0 -1.5489546398676264 907.43585 746.15826 972.7672 914.5886 1.7273270350332612 0.7283275766165394 1.9112524198431236 -0.2294332602591052 3.2383680512601067 17.67611112569909 -1.5619337604007837 1
Pedestrian 1611 2 1.5468952189451273 913.4817 783.34625 939.0649 853.881 1.831235778482366 0.6825473373614707 0.7330059536213835 -0.9607864525847287 6.207914092590184 40.92524586142308 1.5234229104058326 1
rider 20 2 1.7852834440802228 251.00298 774.9068 283.0927 828.4608 1.5443259782736718 0.761155481705958 0.7076697076337259 -21.32753436768372 6.196829989020564 45.952754436747554 1.3507506038036343 1
rider 693 1 -1.5500012516662665 908.8424 748.7701 972.8013 891.83954 1.5695605205395557 0.7331674434164217 0.8392092358583529 -0.23125692496262112 3.0590991052651835 17.56004182485846 -1.563169987780954 1
