bicycle 1606 1 -0.3221085697375723 995.7335 839.3676 1077.8364 906.00635 1.2062939943969633 0.5090687785610699 1.5921636460956687 1.5383583288786964 5.643823774226915 30.483194803612932 -0.27168556225825613 1
Car 1607 1 -1.341808036948723 397.92078 782.24786 720.1402 1034.0566 1.4454279554890292 1.8197668626620924 3.7727971486509366 -3.2555947335402022 2.9994372068014337 12.866051449155034 -1.5896435646509859 1
Pedestrian 1612 0 1.5187783153881476 939.899 827.6136 967.1381 901.76587 1.673253551184098 0.6222652760234747 0.6953555916290667 -0.19020411402116846 6.616994366778746 36.10555776234324 1.513510363129992 1
Car 686 1 -1.0565138488271428 0.0 682.0289 571.64484 1215.0 1.831715496840355 1.855208702359203 3.9827966385324443 -3.197293781093401 2.1535820043693548 6.3894125049501405 -1.520485382375792 1
Pedestrian 1608 0 1.3942943353391115 1165.2937 757.27094 1268.3713 1000.72754 1.5972269470927387 0.5936669654861485 0.7804317978709705 1.8033644303363123 2.573016822230755 10.630987417747264 1.5623276093482161 1
bicycle 8 1 1.6737705994765855 756.6581 854.03284 777.27423 899.2641 1.0872193198692035 0.44534402391341116 1.8360533658580078 -5.999889369328902 8.311633157661927 46.22683299571269 1.544699798143355 1
Cyclist 15 2 1.427212671630545 140.83676 798.48895 186.40683 877.4776 1.7445900934327392 0.763770600407676 1.9451033480706412 -20.531960021299422 6.328338879970003 38.47824588411975 0.937048402880504 1
Cyclist 691 0 -1.6283371480696505 866.62244 781.0198 941.9067 965.12396 1.7273270350332612 0.7283275766165394 1.9112524198431236 -0.6592972913392118 3.572746878828717 16.69038027806894 -1.6678182553393524 1
Pedestrian 1611 1 1.544008465296314 905.06866 820.83936 934.1532 901.7153 1.831235778482366 0.6825473373614707 0.7330059536213835 -1.0093342396168552 6.61287587824655 36.109547932262885 1.5160637373396808 1
Pedestrian 11 1 1.6316887172484247 868.6911 847.9201 890.1422 902.08124 1.683725419862727 0.6705326669187199 0.6013235467685878 -2.6955840111441076 9.079090536921134 49.28621428302865 -4.706134608470867 1
rider 20 2 1.4571742605452753 145.46883 800.6634 182.26845 866.1038 1.5443259782736718 0.761155481705958 0.7076697076337259 -20.542446958836617 6.13181027741374 38.52401702814256 0.9672916201647661 1
rider 693 1 -1.6315654692882553 867.69 786.00165 938.1039 939.99835 1.5695605205395557 0.7331674434164217 0.8392092358583529 -0.6587647104472282 3.411820290152514 16.646628326489846 -1.6711182923701309 1
