bicycle 1606 1 -0.32396268852495935 997.6283 852.62244 1081.548 921.16785 1.2062939943969633 0.5090687785610699 1.5921636460956687 1.5610307006101753 5.817904656647202 29.825402744238758 -0.27167143733434584 1
Car 1607 1 -1.3310898194694754 367.4889 789.4576 710.9053 1057.8226 1.4454279554890292 1.8197668626620924 3.7727971486509366 -3.2507100001124045 3.0074643363529274 12.291951209410673 -1.5896294393561607 1
Car 686 1 -1.0218244822142675 0.0 672.8412 548.3813 1215.0 1.831715496840355 1.855208702359203 3.9827966385324443 -3.1701760849437988 2.0836207136624285 5.82167907658374 -1.5204712538925185 1
bicycle 8 1 1.6751171138217469 754.44934 869.3644 775.41754 915.8315 1.0872193198692035 0.44534402391341116 1.8360533658580078 -5.984438784537512 8.697679802621911 45.631387969674705 1.5447139252734985 1
bicycle_rack 17 1 1.7021189283843325 755.01184 854.47876 798.73535 918.8962 1.1608821312453403 0.708727895975248 5.799153960270897 -6.190002249754543 9.365988544633785 50.54405783788996 -4.702927020617306 1
Cyclist 15 2 1.3138085848161771 125.53137 797.04224 181.4328 877.61456 1.7445900934327392 0.763770600407676 1.9451033480706412 -20.264706226253807 6.1731384899956225 37.50067388955581 0.8183792591030357 1
Cyclist 691 0 -1.7217789637705525 851.2216 785.42053 942.76794 972.81305 1.7273270350332612 0.7283275766165394 1.9112524198431236 -0.7365912476452003 3.608832778855947 16.520188263135353 -1.7663367917619506 1
Pedestrian 1608 0 1.3806294834259156 1182.5189 761.54126 1293.9017 1021.68854 1.5972269470927387 0.5936669654861485 0.7804317978709705 1.8350010840913633 2.5456513847667672 9.986996190044868 1.5623417425951196 1
Pedestrian 1611 1 1.5432243649290978 905.93884 831.2866 935.68506 914.1874 1.831235778482366 0.6825473373614707 0.7330059536213835 -0.9594262079611202 6.760769457642136 35.33386115198863 1.5160778689691266 1
Pedestrian 1612 0 1.519243993154823 938.9857 838.0497 966.6925 913.6885 1.673253551184098 0.6222652760234747 0.6494168859339899 -0.20219565227330058 6.760770918424375 35.35160901564478 1.5135244954257798 1
Pedestrian 11 2 1.6316604710854072 868.5436 855.9243 890.41187 911.2476 1.683725419862727 0.6705326669187199 0.6013235467685878 -2.6420486755860235 9.19909691911406 48.34494353460931 -4.706120475752568 1
rider 20 1 1.3208507303409105 133.78192 799.15155 175.12486 866.4716 1.5443259782736718 0.761155481705958 0.7076697076337259 -20.23510828041346 5.975040002796838 37.50645590593128 0.8260969137511474 1
rider 693 1 -1.728001773553051 857.31006 790.0854 935.13416 947.0054 1.5695605205395557 0.7331674434164217 0.8392092358583529 -0.7248776195167037 3.441503397265784 16.46238774140384 -1.7720056993091213 1
