bicycle 8 1 1.6850010293758693 750.465 848.7066 773.8241 898.2025 1.0872193198692035 0.44534402391341116 1.8360533658580078 -5.59968654941798 7.5270706769524525 42.108222931843045 1.552793522901272 1
Cyclist 15 1 0.9154403507419755 53.839283 754.50665 153.40286 846.8743 1.7445900934327392 0.763770600407676 1.9451033480706412 -17.785520412896563 4.495246648922292 31.01099056276236 0.39471668526722703 1
bicycle 1606 1 -0.33227982374323556 1016.6638 850.5453 1111.7809 928.1434 1.2062939943969633 0.5090687785610699 1.5921636460956687 1.811808369792955 5.248529986642502 26.336358804779408 -0.26359310068589803 1
Car 1607 0 -1.2389089127502606 81.72143 757.5626 649.6134 1151.3898 1.4454279554890292 1.8197668626620924 3.7727971486509366 -3.0899127923088514 2.3820783389741034 8.662200225000108 -1.5815508908398188 1
Car 686 2 -0.583586314820106 0.0 0.0 238.22014 1215.0 1.831715496840355 1.855208702359203 3.9827966385324443 -3.096667540097723 1.5767245827724368 2.3152058482027353 -1.512390883694691 1
Pedestrian 1612 0 1.4352299768896488 961.05316 825.5589 994.6679 911.627 1.673253551184098 0.6265877178094651 0.5214430906316334 0.33871442769981397 5.840428105263723 30.758828622538225 1.4462414735136653 1
rider 20 1 0.9068052403029294 75.83096 756.23645 133.34485 836.02405 1.5443259782736718 0.761155481705958 0.7076697076337259 -17.772103872559054 4.312334671948349 31.031169207077767 0.3866877636540862 1
bicycle 14 2 1.6574822720542306 757.7659 847.3368 781.98114 896.6004 1.1223897143573234 0.5394125971049466 1.8554783601240639 -5.5571511775260705 7.729153690652134 43.4793479387304 1.5303602110020456 1
bicycle_rack 17 1 1.7089490856050489 754.5619 835.81055 802.5534 902.5527 1.1608821312453403 0.708727895975248 5.799153960270897 -5.730130146080689 8.238727454202865 47.2794068767163 -4.694845151930455 1
Cyclist 691 0 -1.739882797819437 805.81604 772.6766 905.9901 970.28394 1.7273270350332612 0.7283275766165394 1.9112524198431236 -1.1276958317924275 3.3697152170527707 15.605221310557015 -1.812021408471892 1
Pedestrian 1608 0 1.210584658410747 1416.1707 719.5249 1646.268 1193.3514 1.5820239493096362 0.5766419753881159 0.7001191272565843 2.06279125532169 1.9511395262862372 5.48314433885424 1.5704121374204418 1
Pedestrian 1611 0 1.5259207442424947 910.9575 815.95306 946.3986 913.40466 1.831235778482366 0.6825473373614953 1.0191430804019264 -0.6752208987470534 5.823286490922191 30.715900524624832 1.5039415037330133 1
Pedestrian 11 0 1.6298517861824955 882.40717 838.5662 906.18274 898.6555 1.683725419862727 0.6705326669187199 0.6013235467685878 -1.9853492047743466 8.068490415110796 44.381245958751194 -4.698037684595958 1
rider 693 1 -1.7381498181504922 814.2058 777.5615 897.37427 943.39575 1.5695605205395557 0.7331674434164217 0.8392092358583529 -1.1063406587193674 3.20830911667033 15.558428738909454 -1.8091390930372462 1
