bicycle 8 1 1.6876570277676561 754.2114 854.25256 778.32526 905.2674 1.0872193198692035 0.44534402391341116 1.8360533658580078 -5.348123847535252 7.527429233706119 41.07119041660274 1.5581696739990258 1
Cyclist 15 1 0.9389099100185682 35.585857 751.1862 141.93167 851.0213 1.7445900934327392 0.763770600407676 1.9451033480706412 -16.769106475389 4.233964119397998 28.73953930713535 0.4107218831796191 1
bicycle 1606 1 -0.3386529604555833 1031.8452 848.78546 1131.9675 930.3367 1.2062939943969633 0.5090687785610699 1.5921636460956687 2.018258819257037 5.022000549714816 25.037608332123064 -0.25821778767065684 1
Car 1607 0 -1.191408791623434 0.0 753.1757 621.7671 1215.0 1.4454279554890292 1.8197668626620924 3.7727971486509366 -3.0248966078337824 2.248410260175458 7.469795750598416 -1.5761754371949475 1
Pedestrian 1608 1 1.0807223461572395 1586.2377 683.0739 1935.0 1215.0 1.5820239493096362 0.6257481357548789 0.7911916652865421 2.1102283184459734 1.7495237169088271 3.9084416962781128 -4.707395109565418 1
rider 20 1 0.9407580348706391 55.879044 751.94507 117.974396 837.9604 1.5443259782736718 0.761155481705958 0.7076697076337259 -16.827460458625985 4.031770654155773 28.788807607130224 0.41180314353020075 1
bicycle 14 2 1.660070587339425 761.6343 852.0292 786.56134 902.64294 1.1223897143573234 0.5394125971049466 1.8554783601240639 -5.312273719118875 7.7204665819936995 42.50580927277548 1.5357376554155726 1
bicycle_rack 17 1 1.7096109951857636 761.0768 842.7196 810.20966 911.94763 1.1608821312453403 0.708727895975248 5.799153960270897 -5.387396310276253 8.324892105345068 46.277571378350565 -4.68946749179786 1
bicycle 13 2 -1.6031782303690834 806.6734 849.6734 828.0628 894.3405 1.1725887614275727 0.6529955625992108 1.9104656270889617 -4.837402807128636 8.867137612749477 50.20348595681748 -1.6992375909790078 1
Cyclist 691 0 -1.821483538541279 775.7577 769.4361 891.4891 970.47296 1.7273270350332612 0.7283275766165394 1.9112524198431236 -1.3397284128222113 3.3089257529205427 15.341530903222358 -1.908589469169582 1
Pedestrian 1611 0 1.547508785879392 924.4328 815.2978 960.2415 914.6655 1.831235778482366 0.6825473373614953 0.61252716339813 -0.3719530553612255 5.576534783890536 29.098247710472243 1.534726820365652 1
Pedestrian 1612 0 1.4333159694274453 970.7218 826.7366 1006.89075 918.03143 1.673253551184098 0.6311396112635091 0.5902462063857085 0.5345455180964731 5.659086841876071 29.20111327243113 1.4516195805572112 1
Pedestrian 11 0 1.6254688597022122 896.69037 843.58057 921.1326 905.7021 1.683725419862727 0.6705326669187199 0.6013235467685878 -1.5032645490424332 8.017044828081866 43.00301120885709 -4.69265941130591 1
rider 693 1 -1.8232299405473495 787.83264 773.32794 877.71765 941.81396 1.5695605205395557 0.7331674434164217 0.8392092358583529 -1.3280994638809518 3.145557114599093 15.36077454843252 -1.9094759082799746 1
