bicycle 8 1 1.6993844593537535 754.63324 818.8174 782.1594 873.57623 1.0872193198692035 0.44534402391341116 1.8360533658580078 -4.778178386227931 6.018844752920944 37.113191717644064 -4.711842585435839 1
bicycle 1606 1 -0.36444589641122005 1080.5563 810.75476 1201.1217 907.15173 1.2062939943969633 0.5090687785610699 1.5921636460956687 2.501492500536303 3.852378929423329 20.851026787904466 -0.24504678968618276 1
Car 1607 1 -0.866028928698473 0.0 672.24524 415.69336 1215.0 1.4454279554890292 1.8197668626620924 3.7727971486509366 -2.853856646695916 1.6133156932509738 3.4090932580615485 -1.563004096151837 1
Pedestrian 1611 0 1.548376709042803 954.3881 771.812 998.75275 895.36 1.831235778482366 0.6825473373614953 0.8903997973793735 0.2357393545875932 4.202140415924464 23.684184342514158 1.5583298307821711 1
Pedestrian 1612 0 1.4181490056808674 1009.16327 781.32825 1052.4686 893.4953 1.673253551184098 0.5898577418111308 0.6728099452905996 1.0974879983508017 4.190101025946442 23.694853205590846 1.464433495293151 1
Cyclist 691 0 -1.8256022785783377 661.9111 715.35046 788.7477 925.29926 1.7273270350332612 0.7283275766165394 1.9112524198431236 -2.2721113168788962 2.6483283339034527 14.205335031998738 -1.9842065904785864 1
bicycle_rack 17 1 1.7134742742355016 772.2055 809.31805 826.6459 880.54047 1.1608821312453403 0.708727895975248 5.799153960270897 -4.531714460809673 6.743462636877245 42.3583630104106 -4.676290753978961 1
bicycle 14 2 1.670968279291451 763.38556 818.80536 791.5964 872.982 1.1223897143573234 0.5394125971049466 1.8554783601240639 -4.734487255731297 6.248108494248762 38.59715958910747 1.5489138691363427 1
Cyclist 15 1 0.6357521788207494 17.059135 694.8601 170.57205 815.2148 1.7445900934327392 0.763770600407676 1.9451033480706412 -13.170938238892127 2.830789001745146 22.730374027287116 0.11058586624831945 1
bicycle 13 0 -1.5963171935767997 815.51825 817.54944 838.3327 864.7518 1.1725887614275727 0.6529955625992108 1.9104656270889617 -4.156362182034976 7.249917895220799 46.188698968114956 -1.6860620368357409 1
bicycle 16 2 -0.1973421541997495 312.27188 796.3959 390.31055 848.98914 1.2104066633679014 0.47634576594544387 1.8650072180403345 -16.218077444142967 5.854317334670082 39.78147189570527 -0.5844509261916226 1
moped_scooter 19 2 -0.014938115086665538 348.82327 797.57947 420.9957 850.21356 1.2887392535728783 0.7522637452742416 1.8712024879234814 -16.144928148667834 6.2072704890484065 41.89697807870758 -0.3827502361325177 1
Pedestrian 11 0 1.6203698108606828 922.55194 804.74945 949.93494 874.1462 1.683725419862727 0.6705326669187199 0.6013235467685878 -0.6368506133031313 6.316513777480159 38.2097677791792 -4.6794811734107995 1
rider 20 1 0.6319448314645483 53.780807 694.5352 131.36108 800.5169 1.5443259782736718 0.761155481705958 0.7076697076337259 -13.208600890587027 2.6232664794102334 22.75381746380988 0.10598665574352184 1
rider 693 1 -1.8354327411969114 676.54443 718.82043 775.6778 898.36755 1.5695605205395557 0.7331674434164217 0.8392092358583529 -2.2348924190353197 2.4925639372086064 14.163290393733151 -1.9919370310965139 1
