bicycle 8 0 1.7061856564267996 756.3278 815.24023 786.27875 873.7302 1.0872193198692035 0.44534402391341116 1.8360533658580078 -4.399566088972483 5.621768167624575 34.706308899260854 -4.703092703282504 1
bicycle 1606 1 -0.3841342424370413 1115.7147 803.9582 1252.7029 913.0266 1.2062939943969633 0.5090687785610699 1.5921636460956687 2.739897197984776 3.4611695558175715 18.398143185015257 -0.23629826568014645 1
bicycle_rack 9 1 0.29421212954205855 422.4409 794.4556 551.86194 863.4344 1.2574546525506045 7.553202224281847 1.9712603235094046 -15.58072345767468 7.317446728099707 49.66132655695404 -0.00980163193452599 1
moped_scooter 19 2 0.005182790238646817 326.60416 797.5384 403.32236 853.18756 1.2887392535728783 0.7522637452742416 1.8712024879234814 -15.786368650409539 5.942237009759294 39.61772278823322 -0.37400163110744855 1
Pedestrian 1611 0 1.5412895019082022 976.1449 757.15186 1024.6252 900.9705 1.846420504504563 0.6371180365391764 0.8991900808930925 0.5283535078817052 3.6974443549903517 20.479465619612707 1.5670829645317705 1
Cyclist 691 0 -1.8689997982071354 562.4299 701.1638 707.2431 923.3243 1.7273270350332612 0.7283275766165394 1.9112524198431236 -2.9418510759422642 2.458839424030331 13.332587092664838 -2.0861711362424598 1
bicycle_rack 17 1 1.7191437024044474 774.3366 807.7667 833.2936 883.4178 1.1608821312453403 0.708727895975248 5.799153960270897 -4.148672445233554 6.401250253121605 39.94179540377966 -4.667538426892452 1
bicycle 14 2 1.678097816803445 764.59186 815.4711 795.20917 873.147 1.1223897143573234 0.5394125971049466 1.8554783601240639 -4.379297179436907 5.852585070665537 36.18727335616554 1.557665851644447 1
Cyclist 15 2 0.4357401275977155 41.512493 690.80865 218.3654 826.0602 1.7445900934327392 0.763770600407676 1.9451033480706412 -11.19015336637175 2.6537285686359118 20.177552247052237 -0.07061587271866543 1
bicycle 13 0 -1.5920169172118412 821.76056 819.1159 845.5538 869.0517 1.1725887614275727 0.6529955625992108 1.9104656270889617 -3.7414817826370728 6.983599846326847 43.75950344423891 -1.6773104877635716 1
bicycle 16 2 -0.17519192487195634 286.1483 796.1294 369.36816 851.97314 1.2104066633679014 0.47634576594544387 1.8650072180403345 -15.860392814314688 5.580655824796667 37.460138415162405 -0.575701375961397 1
Pedestrian 1612 0 1.613577276998173 1041.0062 773.0914 1089.1749 902.58185 1.673253551184098 0.6311396112634807 0.6177674526874812 1.4240483948915268 3.733693011929092 20.449987731720782 -4.6000846010648 1
Pedestrian 11 0 1.6173882903941248 939.03217 797.7065 968.5316 872.6026 1.683725419862727 0.6705326669187199 0.5874768043093758 -0.17428451311697526 5.803648132008382 35.34555464540726 -4.6707278518620505 1
rider 20 2 0.4419239951888556 86.04936 690.9044 167.88788 810.25226 1.5443259782736718 0.761155481705958 0.7076697076337259 -11.258445188606808 2.4537443761010937 20.200258153412737 -0.06653831921088549 1
rider 693 1 -1.871323637229965 578.74426 706.39703 687.57745 896.65955 1.5695605205395557 0.7331674434164217 0.8392092358583529 -2.935827525311538 2.3268985541083467 13.35048285480973 -2.087782582574376 1
