bicycle 8 0 1.7031893813827823 755.0812 818.0419 783.80145 874.6384 1.0872193198692035 0.44534402391341116 1.8360533658580078 -4.598901243676342 5.845216564549791 35.92054744598273 -4.707333007406425 1
bicycle 1606 1 -0.3723513946816488 1095.6112 810.51904 1223.855 912.9902 1.2062939943969633 0.5090687785610699 1.5921636460956687 2.6018277194778547 3.696353204797361 19.624255750436113 -0.2405379119887825 1
Car 1607 2 -0.6683920951050061 0.0 636.1114 286.69116 1215.0 1.4454279554890292 1.8197668626620924 3.7727971486509366 -2.802592197683335 1.4766789809449254 2.269563611667058 -1.5584951016098165 1
Pedestrian 1611 0 1.5440284495397187 966.4133 768.1913 1013.13763 900.6011 1.846420504504563 0.6674874885835725 0.693339816654414 0.4131609070160641 3.9840237816513877 21.959292315437114 1.5628410851481616 1
bicycle_rack 17 1 1.7160902119881474 773.87616 810.1975 830.4515 883.8044 1.1608821312453403 0.708727895975248 5.799153960270897 -4.3242816490486495 6.621313715006757 41.156622525808764 -4.67177991523738 1
Pedestrian 1612 0 1.5290948038664318 1025.496 780.61255 1070.4038 904.419 1.673253551184098 0.6173789881126976 0.9755436546082723 1.2644268018835878 4.00938426210003 21.943094953419948 -4.6965311610892 1
Pedestrian 11 0 1.619446005240027 930.17755 804.80505 958.55444 876.8202 1.683725419862727 0.6705326669187199 0.6013235467685586 -0.41376237098111246 6.153471352675093 36.84112362665816 -4.674969821937429 1
bicycle 14 2 1.6744478231296718 764.3515 817.9148 793.71094 873.8049 1.1223897143573234 0.5394125971049466 1.8554783601240639 -4.548961817575022 6.070396022444955 37.40380040578396 1.553424529931676 1
Cyclist 15 1 0.5741088685030247 29.573324 683.8562 193.68979 810.4089 1.7445900934327392 0.763770600407676 1.9451033480706412 -12.175268317353003 2.607977771503956 21.461283082498102 0.05807064118908101 1
bicycle 13 0 -1.5941899862825433 818.88635 818.62854 842.17145 867.15906 1.1725887614275727 0.6529955625992108 1.9104656270889617 -3.9401463151229925 7.1281288090722175 44.986776786722665 -1.6815515998960964 1
bicycle 16 2 -0.1866236584376847 300.16632 796.27496 380.6734 850.4212 1.2104066633679014 0.47634576594544387 1.8650072180403345 -16.03172320164296 5.719480751678936 38.63636623549951 -0.5799415167757446 1
Cyclist 691 0 -1.9398230369855962 607.2565 710.4324 758.62695 925.93335 1.7273270350332612 0.7283275766165394 1.9112524198431236 -2.597525617866827 2.5733802721031602 13.787861023002687 -2.126032756627878 1
moped_scooter 19 2 -0.00519659325092009 338.56003 797.5045 412.94077 851.6085 1.2887392535728783 0.7522637452742416 1.8712024879234814 -15.94891681136679 6.07254439899245 40.75149760972547 -0.3782413161299254 1
rider 20 1 0.5715670927427102 69.50638 684.4309 150.15573 796.2005 1.5443259782736718 0.761155481705958 0.7076697076337259 -12.224134003573406 2.4156426128897563 21.48751387796352 0.05433316895270246 1
rider 693 1 -1.9412156946281902 628.6328 713.77435 737.9906 899.2085 1.5695605205395557 0.7331674434164217 0.8392092358583529 -2.5588463625591413 2.4185151669814586 13.73476454096808 -2.1254083506746206 1
