bicycle 8 0 1.7149444525681155 780.6915 827.1582 814.6545 893.16223 1.0872193198692035 0.44534402391341116 1.8360533658580078 -3.406136609667362 5.436236972226537 31.23003008779611 -4.6768775222223855 1
bicycle 1606 1 -0.4309745353875964 1210.9564 814.1394 1384.1859 951.5989 1.2062939943969633 0.5090687785610699 1.5921636460956687 3.296683361113671 3.116630654436655 14.681198218077766 -0.21008713434580306 1
bicycle_rack 9 1 0.3210857999307679 412.30984 811.09906 557.82574 888.8568 1.2574546525506045 7.553202224281847 1.9712603235094046 -14.50905814349368 7.474423179247005 46.13857705386705 0.016409971278481317 1
Car 10 1 -1.4751151297028398 874.7813 822.22345 939.9748 890.99963 1.6592678778917598 1.8021493131897854 4.109556267062253 -1.768015246840629 8.569790982357468 50.26663888570621 -1.510273372695695 1
moped_scooter 19 2 0.0359215555397136 314.79324 800.8775 398.69437 861.31604 1.2887392535728783 0.7522637452742416 1.8712024879234814 -14.726503524988594 5.660331897625949 36.47674040218305 -0.34779028344886553 1
Cyclist 15 1 -0.03104037933892756 192.81287 702.13855 378.8852 865.30975 1.7445900934327392 0.763770600407676 1.9451033480706412 -7.884796077456294 2.6876704775425235 17.488526484513528 -0.4546054040647949 1
bicycle_rack 17 1 1.7268155197632087 798.1644 816.27716 864.4842 901.31805 1.1608821312453403 0.708727895975248 5.799153960270897 -3.1048564151553784 6.200543315332144 36.462914824910555 -4.641315951888444 1
bicycle 14 2 1.686282722084707 789.879 826.4948 824.3587 891.1266 1.1223897143573234 0.5394125971049466 1.8554783601240639 -3.36115574238449 5.657501555329594 32.710455128459195 -4.6992979957425725 1
bicycle 13 0 -1.5884391125688337 854.9713 828.36993 880.5299 883.1268 1.1725887614275727 0.6529955625992108 1.9104656270889617 -2.526517535537772 6.785390606236683 40.27395080576029 -1.651090303920438 1
bicycle 16 2 -0.14073070844752306 267.6958 797.96423 358.56192 858.89233 1.2104066633679014 0.47634576594544387 1.8650072180403345 -14.865809361429212 5.262067295295397 34.319939620279555 -0.5494873057198026 1
Cyclist 691 0 -2.0695353296519228 300.8718 681.2758 513.8392 930.9747 1.7273270350332612 0.7283275766165394 1.9112524198431236 -4.341680035992082 2.200685306504118 11.654033571447778 -2.426154053140837 1
Pedestrian 1611 0 1.5315567803251673 1020.3874 748.76355 1088.3136 933.65955 1.8313596371289738 0.6821767800193083 0.7027664718097413 0.9660416519093841 3.157539629552552 15.652191899521046 -4.689987459756883 1
Pedestrian 1612 0 1.5784466551696728 1128.2152 769.07074 1187.6777 940.08997 1.673253551184098 0.6036183649618596 0.6796902568659984 2.0597166235149524 3.218283803898828 15.647723518451356 -4.573860646760641 1
Pedestrian 11 0 1.612941397998175 983.749 807.7226 1015.4207 894.4632 1.6699916223969833 0.6226337932787714 0.7938226012755223 0.7973205543997407 5.506853470342236 30.96728568705597 -4.644502407439177 1
rider 20 0 -0.02512915984117986 248.53098 703.8933 316.76093 844.4054 1.5443259782736718 0.761155481705958 0.7076697076337259 -7.941802693024215 2.4945563291050554 17.491652251716474 -0.45133259290527183 1
rider 693 1 -2.0717111338235186 337.3484 683.1183 480.7391 900.79767 1.5695605205395557 0.7331674434164217 0.8392092358583529 -4.294624653672241 2.0438458209028276 11.630240478575416 -2.425443185544074 1
