bicycle 8 0 1.7151644186491835 777.04553 826.98236 810.6278 892.1526 1.0872193198692035 0.44534402391341116 1.8360533658580078 -3.5288551969344892 5.483686294957682 31.609574753860297 -4.679199339467923 1
bicycle 1606 1 -0.42510520202061564 1200.4761 809.9696 1368.9055 943.4868 1.2062939943969633 0.5090687785610699 1.5921636460956687 3.257342751024824 3.1244547871627875 15.0828611392928 -0.21240859422485014 1
bicycle_rack 9 1 0.31821601400264016 414.20154 812.92615 557.95874 890.3555 1.2574546525506045 7.553202224281847 1.9712603235094046 -14.589806955197714 7.5786342200041705 46.48440301288308 0.014088466138484357 1
Car 10 1 -1.475225745255346 871.7362 820.80096 936.4303 888.89685 1.6592678778917598 1.8021493131897854 4.109556267062253 -1.893613163902187 8.569651848931752 50.6476595264216 -1.512596308581387 1
moped_scooter 19 2 0.03370612992321548 314.9454 797.03424 398.19217 856.91547 1.2887392535728783 0.7522637452742416 1.8712024879234814 -14.835473861252368 5.5948370216180425 36.7354307818388 -0.35011176088263296 1
Cyclist 15 0 0.14349098474947575 160.41725 701.6046 350.7626 860.62384 1.7445900934327392 0.763770600407676 1.9451033480706412 -8.302028505981411 2.6847859956006737 17.68096390616732 -0.2954981024937009 1
bicycle_rack 17 1 1.725905347307636 796.5439 815.7585 861.9705 899.75385 1.1608821312453403 0.708727895975248 5.799153960270897 -3.1895977906155593 6.235291629186223 36.84253961593926 -4.643638413168812 1
bicycle 14 2 1.6863379989872058 786.48663 826.3068 820.584 890.158 1.1223897143573234 0.5394125971049466 1.8554783601240639 -3.479592453999101 5.7041948505610645 33.0891437333005 -4.701620368156805 1
bicycle 13 0 -1.589024169065997 852.45496 828.12384 877.81885 882.35236 1.1725887614275727 0.6529955625992108 1.9104656270889617 -2.6211983441984246 6.830178901425523 40.65289929676663 -1.6534125647106115 1
bicycle 16 2 -0.1446660084817346 271.02945 797.5091 360.96542 857.81757 1.2104066633679014 0.47634576594544387 1.8650072180403345 -14.94908057657708 5.29146965185064 34.66544145552068 -0.5518090176285089 1
Cyclist 691 0 -2.043274483109641 341.00925 687.3213 543.3939 933.2106 1.7273270350332612 0.7283275766165394 1.9112524198431236 -4.156395118162155 2.26250448554872 11.897483073320847 -2.379370825220744 1
Pedestrian 1611 0 1.531881671001849 1020.3617 751.1097 1079.8986 929.2842 1.846420504504563 0.6219333105169788 0.566723230843097 0.956645598349814 3.23786657732206 16.197286219094803 -4.692310077476872 1
Pedestrian 1612 0 1.5842245055959818 1116.2853 768.9585 1174.3871 937.7905 1.673253551184098 0.6036183649618596 0.8516980462510608 1.9835119948832567 3.26630368064012 16.07407082280517 -4.576183237567318 1
Pedestrian 11 0 1.6155645586733787 976.61316 807.90155 1007.7999 892.94543 1.6699916223969833 0.6226337932787714 0.7251536139468389 0.6529378101369026 5.5584717990747174 31.393330195900525 -4.646825131071322 1
rider 20 0 0.13967227209306082 215.82884 705.3001 291.3445 843.83923 1.5443259782736718 0.761155481705958 0.7076697076337259 -8.355987944604628 2.5202322533339725 17.682720144227865 -0.30177604412847336 1
rider 693 1 -2.0470442162552644 372.86414 688.997 510.95105 902.513 1.5695605205395557 0.7331674434164217 0.8392092358583529 -4.12731532256308 2.1026095918465146 11.881145299309479 -2.381386290450318 1
