bicycle 8 0 1.7148206907694643 774.3926 826.7612 807.5612 891.12885 1.0872193198692035 0.44534402391341116 1.8360533658580078 -3.6319125157570267 5.529185489251129 31.982714646290432 -4.68143883174962 1
bicycle 1606 1 -0.41808940948457485 1188.2698 809.8502 1352.1298 939.8479 1.2062939943969633 0.5090687785610699 1.5921636460956687 3.1945694346799565 3.1732018505304884 15.485394672309988 -0.21464774155375732 1
bicycle_rack 9 2 0.3159648593688834 415.0215 811.00824 557.3589 887.54407 1.2574546525506045 7.553202224281847 1.9712603235094046 -14.682178322853263 7.550769102213354 46.78066518820235 0.011849275791032232 1
Car 10 1 -1.4754990130048156 869.09644 820.96686 933.2184 888.46326 1.6592678778917598 1.8021493131897854 4.109556267062253 -2.0103050613989333 8.631589320012981 51.077196756980946 -1.514836880413117 1
Cyclist 15 0 0.2318152838235567 141.92543 702.5432 333.494 858.03424 1.7445900934327392 0.763770600407676 1.9451033480706412 -8.64422799017457 2.7064668498373763 17.943101343510165 -0.21713230547622642 1
bicycle_rack 17 1 1.7251250963758515 794.8151 816.32196 859.4122 899.4995 1.1608821312453403 0.708727895975248 5.799153960270897 -3.276461515058334 6.297721035615208 37.21358561438506 -4.64587852702306 1
Pedestrian 1611 0 1.5373685371836263 1007.8735 751.0593 1069.5071 924.74774 1.846420504504563 0.6674874885835722 0.7337552170872267 0.8626531370899375 3.2962023464587844 16.81211829643603 -4.694550342150654 1
rider 20 0 0.24380876125340661 187.67302 704.1735 268.50375 840.2167 1.5443259782736718 0.761155481705958 0.7076697076337259 -8.784748166265002 2.519168821871297 17.94277328453107 -0.2114827742923182 1
bicycle 14 2 1.6858377109485962 784.0734 826.0753 817.7566 889.1732 1.1223897143573234 0.5394125971049466 1.8554783601240639 -3.577659013662249 5.748991748818245 33.46188709985475 -4.703860396101563 1
bicycle 13 0 -1.5895245373250868 849.93256 829.59033 875.10614 883.398 1.1725887614275727 0.6529955625992108 1.9104656270889617 -2.716605903631937 6.921483427159226 41.02115723925289 -1.6556524847328304 1
bicycle 16 2 -0.1486015232083639 274.51126 795.7031 363.50565 855.33185 1.2104066633679014 0.47634576594544387 1.8650072180403345 -15.031980322159958 5.289543991545221 35.0209162276735 -0.5540484095779785 1
Cyclist 691 0 -2.152013566223337 353.1263 688.289 570.61017 929.75543 1.7273270350332612 0.7283275766165394 1.9112524198431236 -4.040995865974148 2.274635336233197 12.034650355933843 -2.475964574379653 1
moped_scooter 19 1 0.02884844674054815 320.03076 797.4711 402.2364 856.7955 1.2887392535728783 0.7522637452742416 1.8712024879234814 -14.867946117246767 5.647487629311579 37.095294727102164 -0.35235092543997637 1
Pedestrian 1612 0 1.5913334841350073 1101.8375 768.50275 1160.33 929.7434 1.673253551184098 0.6311396112634666 0.714091814743048 1.89335052851405 3.3073021890477614 16.62039227409781 -4.578423476631645 1
Pedestrian 11 0 1.6159539938646486 973.0256 808.16125 1003.56976 891.29517 1.6699916223969833 0.6226337932787714 0.6427508291524139 0.5792311657787008 5.618789387098792 31.882271322846048 -4.649065498097647 1
rider 693 1 -2.150205898339844 393.08157 689.1914 533.6021 899.6569 1.5695605205395557 0.7331674434164217 0.8392092358583529 -4.005990613098482 2.1105539900435204 12.035233436236538 -2.4715261144615632 1
