bicycle 8 0 1.7178771860635873 831.56824 860.72125 869.8639 937.5533 1.0872193198692035 0.44534402391341116 1.8360533658580078 -2.0447555481198187 5.62035676550922 27.8146153927636 -4.638689828897918 1
bicycle 14 2 1.696543241952023 829.3929 858.8476 868.8069 933.69604 1.1223897143573234 0.5394125971049466 1.8554783601240639 -2.18151792494342 5.844442988498213 29.24402550948323 -4.661101201154045 1
bicycle 1606 1 -0.512148809601464 1374.8379 833.0822 1608.9493 1016.5747 1.2062939943969633 0.5090687785610699 1.5921636460956687 3.9282344857210316 2.804904113385762 11.096365608912553 -0.17190527481381412 1
bicycle_rack 9 2 0.3400604932881295 435.3241 840.43085 595.5483 930.7377 1.2574546525506045 7.553202224281847 1.9712603235094046 -12.59195040535338 7.992413554626484 42.905117252108624 0.0545926714566356 1
Car 10 1 -1.4775664952340166 933.1253 848.515 1002.94366 925.5862 1.6592678778917598 1.8021493131897854 4.109556267062253 0.25686998037023734 8.962994071534144 46.71061566614842 -1.472067372873442 1
bicycle_rack 17 1 1.7313411606240985 844.1851 844.1271 918.47406 944.31244 1.1608821312453403 0.708727895975248 5.799153960270897 -1.6952013414758915 6.431605244666072 33.0329102709889 -4.603117725452119 1
Pedestrian 1612 0 1.5522534220898372 1297.3619 768.92474 1379.7671 1016.86066 1.659605170569477 0.5632344357988666 0.692777424799925 2.735565351952816 2.7458143152321464 10.877192596076442 -4.484546157340653 1
Cyclist 15 0 -0.5383744654692204 481.37177 768.4192 672.7154 952.35205 1.7445900934327392 0.763770600407676 1.9451033480706412 -4.248375887229204 3.433592863391164 16.639931794943138 -0.7883464669298198 1
bicycle 13 0 -1.5863938497639385 908.1041 861.95 935.8675 923.6789 1.1725887614275727 0.6529955625992108 1.9104656270889617 -0.975784081552063 7.161207273651312 36.81139718618528 -1.6128953059848612 1
bicycle 16 1 -0.10220492566766243 262.86093 854.828 362.15082 923.97797 1.2104066633679014 0.47634576594544387 1.8650072180403345 -13.551522675308247 6.118274539859273 31.25656963784475 -0.5113015338774063 1
Cyclist 691 1 -2.039062938111293 0.0 693.84924 192.32553 999.5361 1.7273270350332612 0.7283275766165394 1.9112524198431236 -5.855698710636789 2.208935844790931 9.631357871656828 -2.5853313858633555 1
moped_scooter 19 1 0.07035656249688788 316.7433 854.01587 409.51492 921.99615 1.2887392535728783 0.7522637452742416 1.8712024879234814 -13.311126950485024 6.4937961214286215 33.33015904686588 -0.3096081802203139 1
Pedestrian 1611 0 1.518247267004866 1127.6077 745.31934 1227.0591 1006.7652 1.8171569357811046 0.69603487762043 0.7511951488711718 1.6007302937989072 2.749484032213103 11.172751788462925 -4.6226355192221025 1
Pedestrian 11 0 1.5918927558622036 1067.2529 830.51807 1110.9348 931.4265 1.6699916223969833 0.7599717679362338 0.6427508291521413 2.275615391801911 5.373632206045659 26.57625151586879 -4.6058750017331835 1
rider 20 0 -0.5222077144718397 520.3995 770.63635 613.2638 924.2597 1.5443259782736718 0.761155481705958 0.7076697076337259 -4.3627865540304445 3.206684925100621 16.538363276693236 -0.7801299487331239 1
rider 693 1 -2.033909687025175 0.0 696.5236 153.52316 963.6838 1.5695605205395557 0.7331674434164217 0.8392092358583529 -5.7853298125709705 2.0552853168217338 9.606763814590595 -2.575955702615408 1
