bicycle 8 0 1.7179039401207534 880.2992 870.92975 920.6249 952.98114 1.0872193198692035 0.44534402391341116 1.8360533658580078 -1.0602498179074673 5.579473633410654 26.36874215359459 -4.605468304532343 1
bicycle 1606 1 -0.56769330643052 1507.319 833.15955 1787.5261 1047.3892 1.2062939943969633 0.5090687785610699 1.5921636460956687 4.339520108665947 2.577918502998032 9.487015969626444 -0.13868874523978958 1
bicycle_rack 9 1 0.34677721867257544 475.38364 854.032 640.30975 950.069 1.2574546525506045 7.553202224281847 1.9712603235094046 -11.071802686404363 8.250753936783045 41.79365232734946 0.0878100788980205 1
Car 10 1 -1.479268976526867 984.2641 851.9419 1056.2427 932.31287 1.6592678778917598 1.8021493131897854 4.109556267062253 1.829157999041926 8.850112572810561 45.20797733816362 -1.4388300778815022 1
bicycle 13 0 -1.5879503699359883 959.5328 866.52484 988.5689 930.9915 1.1725887614275727 0.6529955625992108 1.9104656270889617 0.29273734901906 7.037636033711967 35.34134541300755 -1.579667418312924 1
bicycle_rack 17 1 1.7307026520012974 893.0247 852.8526 970.5361 959.9204 1.1608821312453403 0.708727895975248 5.799153960270897 -0.5495354033511459 6.418506170298912 31.57117352772625 -4.569887136961705 1
bicycle 14 2 1.6963687144271633 878.5273 869.50745 919.8183 949.11865 1.1223897143573234 0.5394125971049466 1.8554783601240639 -1.1440944473526518 5.832956549928394 27.85155211186371 -4.627871811804271 1
Cyclist 15 0 -0.8145905224616826 654.362 785.00977 826.5566 973.1678 1.7445900934327392 0.763770600407676 1.9451033480706412 -2.419293762548465 3.631661127898499 16.609775898554684 -0.9592282111519622 1
bicycle 16 1 -0.08665276548544715 292.75568 872.65314 394.61542 944.70685 1.2104066633679014 0.47634576594544387 1.8650072180403345 -12.450737642371273 6.314350615066781 30.167036060132304 -0.4780819619877035 1
bicycle_rack 18 1 0.2610922874617392 606.11237 857.6835 695.1778 928.7743 1.22775372662367 6.252906324764658 1.317251418520513 -10.226835233696411 9.452455999083607 49.677541033126865 0.058064330726155244 1
moped_scooter 19 1 0.08384918465556201 349.26273 875.851 444.83368 946.5835 1.2887392535728783 0.7522637452742416 1.8712024879234814 -12.145522230215319 6.803149807146367 32.24380732759133 -0.2763915081024728 1
Pedestrian 1611 0 1.467673073314666 1241.1509 729.7938 1377.0112 1065.1158 1.8171569357811046 0.6960348776204698 0.9155798768137803 2.0501644429882613 2.4771518598183437 8.912143217195204 -4.589404255540587 1
Pedestrian 1612 0 1.485313277082204 1441.4797 754.39886 1566.0759 1058.2717 1.659605170569477 0.645124719486606 0.5426452380391732 3.180602538193818 2.4521996026117905 8.807300778054744 -4.451314245299169 1
Pedestrian 11 0 1.5839006980461905 1129.2202 833.14905 1173.7172 942.4736 1.6699916223969833 0.7187703755390253 0.6702184240835858 3.1427003250956123 5.160150789807223 24.68098252199302 -4.572633298807894 1
rider 20 0 -0.7986801073154096 688.9795 788.59 783.9624 943.0346 1.5443259782736718 0.761155481705958 0.7076697076337259 -2.4846723042400924 3.4108651403463455 16.542815851908255 -0.9477621818620839 1
