bicycle 8 0 1.7125658841465352 968.9934 873.7835 1017.3022 974.6086 1.0872193198692035 0.44534402391341116 1.8360533658580078 0.4769730284509857 4.858632299565963 21.718911819390897 -4.548661768144598 1
bicycle 13 1 -1.5962342943413306 1054.5566 863.3137 1088.9613 938.10266 1.1725887614275727 0.6529955625992108 1.9104656270889617 2.24958070385875 6.205618598468221 30.599752117773665 -1.5228500049223772 1
bicycle_rack 9 1 0.3682174150638772 518.8097 853.3102 705.7546 961.19904 1.2574546525506045 7.553202224281847 1.9712603235094046 -8.581238262845265 7.613452046242722 37.734625299280204 0.14461010784725126 1
Car 10 1 -1.4918587119319824 1084.6902 845.8447 1164.1235 936.4294 1.6592678778917598 1.8021493131897854 4.109556267062253 4.439925822716564 7.929354272816822 40.2510306926527 -1.3819969607919496 1
bicycle_rack 17 1 1.7199270318128175 985.2342 850.15356 1073.104 977.184 1.1608821312453403 0.708727895975248 5.799153960270897 1.3032114330383646 5.652881282619036 26.909313777637795 -4.514866331718576 1
Pedestrian 11 0 1.5252330115842936 1300.6445 820.87445 1359.4843 967.37054 1.7118820172916245 0.6908434456092624 0.5705219955867586 4.6172479648182865 4.214624431580287 18.750844998459108 -4.516513568903202 1
bicycle 14 2 1.691615643612507 966.519 871.43665 1015.5409 968.1174 1.1223897143573234 0.5394125971049466 1.8554783601240639 0.47599294246388324 5.104112719962516 23.195885416657717 -4.571051966648422 1
Cyclist 15 0 -1.3364922720266497 1033.0334 806.667 1140.7758 997.78424 1.7445900934327392 0.763770600407676 1.9451033480706412 1.4301157863815357 3.898705470303847 16.679058568124823 -1.25095827907682 1
bicycle 16 1 -0.03151363802721502 288.26837 883.88403 404.8747 967.1399 1.2104066633679014 0.47634576594544387 1.8650072180403345 -10.707036053853997 5.828085770755695 26.06506815955092 -0.42127933524117767 1
bicycle_rack 18 1 0.2747418474407093 667.2481 858.54974 766.39307 937.08295 1.22775372662367 6.252906324764658 1.317251418520513 -7.33561971658591 8.83241145886657 45.491214635798165 0.11486456764320874 1
moped_scooter 19 1 0.1292731117471982 360.96762 891.6988 471.40112 972.633 1.2887392535728783 0.7522637452742416 1.8712024879234814 -10.238576394770849 6.412360135705905 28.1477319546634 -0.21959319842863945 1
rider 20 0 -1.3375400789234635 1047.9835 813.62427 1129.3263 966.50665 1.5443259782736718 0.761155481705958 0.7076697076337259 1.4271505528771702 3.707490521384278 16.685509378382548 -1.2522154132055852 1
