bicycle 8 2 1.714230801549462 943.7109 902.36505 987.32904 994.9432 1.0872193198692035 0.44534402391341116 1.8360533658580078 0.0813379964435538 5.741097974112844 24.142172425022082 -4.565585393387127 1
bicycle 1606 2 -0.7075016488425268 1809.6118 861.267 1935.0 1152.4442 1.2062939943969633 0.5090687785610699 1.5921636460956687 4.924808165474521 2.375584451630118 7.06601956341188 -0.09881170793834593 1
bicycle 16 1 -0.0624761784178921 317.4402 898.14777 424.6054 975.39264 1.2104066633679014 0.47634576594544387 1.8650072180403345 -11.191027350953682 6.505902333740876 28.37015620843785 -0.43820172302222016 1
bicycle_rack 9 1 0.3556659735436924 519.92804 872.0252 693.0344 976.91925 1.2574546525506045 7.553202224281847 1.9712603235094046 -9.289870574323826 8.51400335959329 40.04062606438877 0.12768834790917172 1
Car 10 1 -1.4868376466381865 1053.7449 868.6348 1129.1106 956.04 1.6592678778917598 1.8021493131897854 4.109556267062253 3.7650649907937512 8.976843150400317 42.718638058873616 -1.3989284500954422 1
Pedestrian 11 0 1.5565916047289727 1230.6223 849.18097 1279.9813 977.23956 1.6979185523267437 0.6893914628949784 0.6841818890484512 4.244968423463679 5.000314255332382 21.62125317086046 -4.532726447484286 1
bicycle 14 2 1.6931710202791885 941.27045 898.1877 985.81714 987.4228 1.1223897143573234 0.5394125971049466 1.8554783601240639 0.0521050308683943 5.976427243400854 25.607541786563857 -4.5879795363806455 1
Cyclist 15 0 -1.0017140898479886 875.0949 819.4077 1026.759 1011.3001 1.7445900934327392 0.763770600407676 1.9451033480706412 -0.08421993948884436 4.0504664465685885 16.702254195795273 -1.0067564766251098 1
bicycle_rack 17 2 1.725298377828607 958.1049 875.5879 1040.0966 996.6761 1.1608821312453403 0.708727895975248 5.799153960270897 0.818216849430249 6.565716668173924 29.326048645705264 -4.5299934805857 1
bicycle_rack 18 1 0.2674543056922383 655.7572 872.1713 748.9354 948.5339 1.22775372662367 6.252906324764658 1.317251418520513 -8.179107221185113 9.654614372026758 47.78798774090921 0.0979427366692287 1
Pedestrian 1611 0 1.335113855941728 1479.7521 689.53265 1720.0918 1215.0 1.8602065252479898 0.6806951260312198 0.8574280048541183 2.4633550632753938 2.134071199931109 5.858178412581193 -4.550019809661233 1
bicycle 13 0 -1.589974271118135 1021.2249 889.8981 1052.4967 960.5053 1.1725887614275727 0.6529955625992108 1.9104656270889617 1.66008492343564 7.198966626895173 33.043349858706286 -1.5397768684012028 1
moped_scooter 19 1 0.10598534987661085 376.41055 904.9633 477.7604 980.5757 1.2887392535728783 0.7522637452742416 1.8712024879234814 -10.841506018025008 7.092729790348973 30.406529937970504 -0.2365143855737175 1
Pedestrian 1612 1 1.3193630560103777 1777.9382 726.39166 1935.0 1215.0 1.7005503124133405 0.6044028813429188 0.5975754881062676 3.504442041019634 2.111255416690226 5.676371100909238 -4.410725846787205 1
rider 20 0 -0.9814017903977525 903.1309 824.6071 995.3193 980.175 1.5443259782736718 0.761155481705958 0.7076697076337259 -0.13142929211116733 3.83472602852117 16.646152607464344 -0.9892971019616906 1
