bicycle 8 0 1.7134957104360176 965.1188 873.9011 1011.67126 970.69006 1.0872193198692035 0.44534402391341116 1.8360533658580078 0.42318731991684266 5.004866022506524 22.586609604392414 -4.5509555849354815 1
bicycle 13 2 -1.5941424289642252 1048.5115 860.5157 1081.7543 932.9607 1.1725887614275727 0.6529955625992108 1.9104656270889617 2.175427795744412 6.284937917833788 31.478726546706245 -1.5251442604484233 1
bicycle_rack 9 1 0.370207582445008 513.29626 853.7284 698.209 959.97485 1.2574546525506045 7.553202224281847 1.9712603235094046 -8.87862827385572 7.708872161664325 38.28317039952262 0.14231654011816275 1
Car 10 1 -1.4897283321973485 1078.8827 851.3644 1156.6946 940.28156 1.6592678778917598 1.8021493131897854 4.109556267062253 4.36326234067006 8.233974185843156 41.22938554193409 -1.3842918406078235 1
Pedestrian 11 0 1.5398742942496018 1276.3923 827.7419 1330.0714 965.9426 1.7118820172916245 0.6782458958221924 0.5705219955867586 4.540253704056402 4.45559643022174 19.882685357931003 -4.518808257354843 1
bicycle_rack 17 2 1.721418450053247 980.99243 852.55975 1066.5101 975.74146 1.1608821312453403 0.708727895975248 5.799153960270897 1.239778747466262 5.832761387605361 27.775211984456945 -4.517160308013537 1
bicycle_rack 18 1 0.27192408688154546 669.3697 859.1143 766.1507 936.17694 1.22775372662367 6.252906324764658 1.317251418520513 -7.447621203947213 8.983663999453986 46.340323449038365 0.11257098983433589 1
bicycle 14 2 1.6922641815231056 963.0194 875.7588 1010.3612 969.206 1.1223897143573234 0.5394125971049466 1.8554783601240639 0.4227508906076563 5.3174567270269435 24.05188995486335 -4.573346316985205 1
Cyclist 15 0 -1.3118908896009926 991.3434 807.14825 1101.5231 996.28534 1.7445900934327392 0.763770600407676 1.9451033480706412 0.9890494468964414 3.9249429512561016 16.847681057069035 -1.2532528139400496 1
bicycle 16 1 -0.04448174514082237 308.81436 880.55597 421.56628 961.0444 1.2104066633679014 0.47634576594544387 1.8650072180403345 -10.717392796702896 5.912432276438084 26.90383050736372 -0.42357298079196837 1
moped_scooter 19 1 0.11941238173242313 375.7577 879.99176 482.3056 958.0172 1.2887392535728783 0.7522637452742416 1.8712024879234814 -10.30744993651259 6.336449572131105 29.01878946990095 -0.22188668552565693 1
Pedestrian 1611 2 1.1358991435776584 1828.7719 625.2801 1935.0 1215.0 1.7898262274850765 0.6513570212590176 0.5788686680567146 2.6957693490009453 1.79090057394203 3.840183756837743 -4.535226094426891 1
rider 20 0 -1.3121220832263167 1006.15576 814.1714 1087.8358 965.8344 1.5443259782736718 0.761155481705958 0.7076697076337259 0.9699500936986994 3.730363496719355 16.817262119516112 -1.2545100466351007 1
