bicycle 8 1 1.72051184462115 918.5626 891.1233 961.58093 980.0049 1.0872193198692035 0.44534402391341116 1.8360533658580078 -0.3398158041957028 5.680571349860711 24.86231016556537 -4.576340521000559 1
bicycle 1606 1 -0.6455029592999454 1677.8481 853.1428 1935.0 1114.6849 1.2062939943969633 0.5090687785610699 1.5921636460956687 4.651021292989999 2.453413598261003 7.8310430404058575 -0.10956526613544715 1
bicycle 16 1 -0.06973295866551138 312.34827 896.5742 417.58093 972.2899 1.2104066633679014 0.47634576594544387 1.8650072180403345 -11.545073902090907 6.5859064361091395 28.9704399803456 -0.44895609581555296 1
bicycle_rack 9 1 0.35332670500630714 507.60117 865.66583 679.00507 968.1453 1.2574546525506045 7.553202224281847 1.9712603235094046 -9.727546203836125 8.381116878487859 40.380642387065684 0.11693443861265629 1
Car 10 1 -1.4862783156753565 1037.3837 867.2692 1111.4738 952.8858 1.6592678778917598 1.8021493131897854 4.109556267062253 3.334860149182621 9.054507772738123 43.45670736831334 -1.4096886002256146 1
bicycle 14 2 1.6934399408869796 925.40875 887.8601 968.7733 973.76526 1.1223897143573234 0.5394125971049466 1.8554783601240639 -0.2366865792466536 5.918282678530198 26.32174167007007 -4.598737180104222 1
Cyclist 15 0 -0.9387321358603934 809.4689 809.3129 969.4879 1001.73676 1.7445900934327392 0.763770600407676 1.9451033480706412 -0.7618978785795854 3.9099663607642006 16.537931434362545 -0.984769304702595 1
bicycle_rack 17 1 1.7281748395560177 938.40515 868.43243 1019.259 984.9149 1.1608821312453403 0.708727895975248 5.799153960270897 0.4280994881622187 6.524923141274676 30.02112039796528 -4.540751490323968 1
bicycle_rack 18 1 0.2655972086100675 642.7811 871.1244 734.6178 946.28534 1.22775372662367 6.252906324764658 1.317251418520513 -8.724700602215746 9.716259069489217 48.38300599765164 0.08718878623410764 1
bicycle 13 0 -1.5877714252322932 1002.2186 884.04706 1032.6183 952.6992 1.1725887614275727 0.6529955625992108 1.9104656270889617 1.2578884042879632 7.19034215126084 33.764654833253154 -1.5505340552187612 1
moped_scooter 19 1 0.09862543840101029 371.69867 901.7742 471.06357 976.0045 1.2887392535728783 0.7522637452742416 1.8712024879234814 -11.166764966388822 7.135543702169199 30.985942805817633 -0.24726795750410724 1
Pedestrian 1611 0 1.3942700381321371 1387.186 708.271 1560.2086 1138.8523 1.8602065252479898 0.6653970255380294 0.5820621959766967 2.3548134471964897 2.2653619580411415 6.92935091277106 -4.5613275856853175 1
Pedestrian 1612 0 1.3788585815771093 1649.1543 742.9116 1850.1412 1153.9362 1.659605170569477 0.688650258290425 0.5835903798830857 3.471642682073685 2.212935142038968 6.6335562244523665 -4.4221775138594275 1
Pedestrian 11 0 1.5643936330755928 1202.3734 846.9486 1250.2773 966.964 1.6979185523267437 0.7050365780733091 0.5026568445049531 4.002996347190743 5.0992731471967545 22.60024617093016 -4.543487998474967 1
rider 20 0 -0.9517042965235816 843.40076 815.0454 936.7946 971.18787 1.5443259782736718 0.761155481705958 0.7076697076337259 -0.7834171973614915 3.708956088374115 16.520686206753307 -0.9990891785539092 1
