bicycle 8 1 1.7143817715876581 956.3896 876.1084 1001.4513 969.64465 1.0872193198692035 0.44534402391341116 1.8360533658580078 0.2890619051749877 5.172982298158483 23.381094074266386 -4.556441103861531 1
bicycle 13 1 -1.5919620344944483 1037.4679 878.1351 1069.7128 949.8727 1.1725887614275727 0.6529955625992108 1.9104656270889617 1.979985902449681 6.7963906111317876 32.24301029780851 -1.5306308288159354 1
bicycle_rack 9 1 0.35964124399717845 525.718 862.69037 702.9055 967.79895 1.2574546525506045 7.553202224281847 1.9712603235094046 -8.905006151846584 8.1233535771374 39.30331021713082 0.13683162161305407 1
Car 10 1 -1.4871871592088146 1067.3942 859.5533 1144.0248 947.5536 1.6592678778917598 1.8021493131897854 4.109556267062253 4.1065579081346435 8.596146035362219 42.02522515448013 -1.3897799053640432 1
Pedestrian 11 0 1.5508104248041015 1254.0604 836.59015 1303.3057 970.33923 1.6979185523267437 0.6568455412179917 0.8098530737323483 4.428045053030483 4.721235894444435 20.898209901543666 -4.523576716403671 1
Cyclist 15 0 -1.2834460641337369 941.2037 809.7399 1055.3595 999.04443 1.7445900934327392 0.763770600407676 1.9451033480706412 0.4480873737861996 3.957642294170814 16.861611813451617 -1.2568779077937038 1
bicycle_rack 17 2 1.7242973915828008 972.1193 861.7676 1056.0876 983.3054 1.1608821312453403 0.708727895975248 5.799153960270897 1.0868537806472234 6.14561666615386 28.55668169341292 -4.5208467500048375 1
bicycle 14 2 1.6931959692336518 954.1863 875.04395 1000.0954 965.2853 1.1223897143573234 0.5394125971049466 1.8554783601240639 0.2772676345200639 5.4392320896127515 24.852146579795757 -4.578833113251228 1
bicycle 16 1 -0.053252779016611795 315.97995 893.96893 425.78897 972.96075 1.2104066633679014 0.47634576594544387 1.8650072180403345 -10.90487411173603 6.292006410602042 27.638275615036502 -0.42905809465693623 1
bicycle_rack 18 1 0.26956956871171966 665.63684 861.5147 760.48773 937.5926 1.22775372662367 6.252906324764658 1.317251418520513 -7.718968603733359 9.181079179032873 47.087356763314475 0.1070860477984028 1
moped_scooter 19 1 0.11298832581097928 378.69846 896.9149 482.61047 973.8976 1.2887392535728783 0.7522637452742416 1.8712024879234814 -10.515389631309223 6.794708913063763 29.692606338612133 -0.2273714150103472 1
Pedestrian 1611 0 1.2641443193656388 1603.2432 674.1762 1897.4924 1215.0 1.7898262274850765 0.6513570212590176 0.8438161027592045 2.62206460528345 1.9720066538012344 5.05713474628112 -4.540712464478006 1
rider 20 0 -1.283922530264529 957.9131 815.2163 1040.5436 966.6501 1.5443259782736718 0.761155481705958 0.7076697076337259 0.43360569334481514 3.7458500069872773 16.84505041513488 -1.258187376434811 1
