bicycle 8 0 1.7121289366055095 968.74695 875.08215 1017.96075 978.1136 1.0872193198692035 0.44534402391341116 1.8360533658580078 0.4711926977507619 4.807827404590645 21.297622154269266 -4.548935786542518 1
bicycle_rack 9 1 0.37321307595200026 507.87866 855.42346 699.3673 965.6971 1.2574546525506045 7.553202224281847 1.9712603235094046 -8.654557882714512 7.582206000919202 37.150552686422664 0.14433611913957645 1
Car 10 1 -1.493256681046733 1086.1741 843.9309 1165.9966 934.99817 1.6592678778917598 1.8021493131897854 4.109556267062253 4.452901014271625 7.83189369264736 39.956567999712334 -1.3822711061304425 1
moped_scooter 19 1 0.13419482876547822 351.027 890.3657 463.62976 972.60474 1.2887392535728783 0.7522637452742416 1.8712024879234814 -10.236541484187994 6.306145365467513 27.693377481489566 -0.2198671774547185 1
Cyclist 15 0 -1.3680823694119633 1051.9182 808.7957 1153.6007 997.7253 1.7445900934327392 0.763770600407676 1.9451033480706412 1.6247467978139092 3.9483915129101224 16.879395764535374 -1.2721217892956305 1
bicycle_rack 17 1 1.7191233803216397 985.30896 851.28345 1074.3496 980.8624 1.1608821312453403 0.708727895975248 5.799153960270897 1.2968887618130764 5.611703969824715 26.488403782630062 -4.515140369161387 1
bicycle 14 2 1.6912035875009268 966.2586 873.2963 1016.1458 972.01355 1.1223897143573234 0.5394125971049466 1.8554783601240639 0.470456402090496 5.0638807559147025 22.772898268953696 -4.571326048765213 1
bicycle 13 0 -1.5970362829505327 1055.0957 860.1841 1090.0419 935.8055 1.1725887614275727 0.6529955625992108 1.9104656270889617 2.235690329381753 6.07551478012479 30.192815597546748 -1.5231240757282403 1
bicycle 16 1 -0.025341161237302956 276.00372 888.3289 394.3249 972.79803 1.2104066633679014 0.47634576594544387 1.8650072180403345 -10.777896048216796 5.854295754466033 25.76376651720848 -0.4215533331253576 1
bicycle_rack 18 1 0.2762288820186894 663.8404 859.9647 764.2471 939.51324 1.22775372662367 6.252906324764658 1.317251418520513 -7.34814274430941 8.811269279731324 45.063799700167976 0.11459057772395753 1
Pedestrian 11 0 1.5160076058864753 1311.7145 820.8579 1377.0377 970.5777 1.7118820172916245 0.7471566404670609 0.5705219955867586 4.699295926678655 4.165744565036259 18.374036914728958 -4.516787691388418 1
rider 20 0 -1.3743969846961224 1063.7623 816.55585 1142.4807 967.5184 1.5443259782736718 0.761155481705958 0.7076697076337259 1.6076119780636329 3.765737657083042 16.88481791387761 -1.2794726243199896 1
