bicycle 8 0 1.7102417000052847 944.1824 860.5897 1005.5743 989.41223 1.0872193198692035 0.44534402391341116 1.8360533658580078 0.17266771447142248 3.9156599412366324 17.005392829287278 -4.5627902527242865 1
bicycle 13 0 -1.6080888697577729 1047.6617 846.93365 1089.4749 934.1546 1.1725887614275727 0.6529955625992108 1.9104656270889617 1.851032364910061 5.174434794165333 25.987510729473275 -1.5369811927170531 1
bicycle_rack 9 1 0.4078616959270852 407.43604 844.7254 638.0982 968.6238 1.2574546525506045 7.553202224281847 1.9712603235094046 -9.33675289787668 6.6472038513330105 32.792959703309634 0.13048317609762505 1
Car 10 1 -1.5061405469557378 1080.7008 818.2335 1167.6713 917.1078 1.6592678778917598 1.8021493131897854 4.109556267062253 3.954525507450389 6.569720022569848 35.80231350070483 -1.3961320072530543 1
moped_scooter 19 1 0.19233497008511496 211.38576 882.9322 350.25687 980.421 1.2887392535728783 0.7522637452742416 1.8712024879234814 -10.636408713246263 5.4329896038057655 23.435729115052162 -0.23371964845860949 1
Pedestrian 11 0 1.421117969677053 1427.5841 763.41046 1523.4166 966.8994 1.740038614720523 0.7454830790950443 0.5970576992288015 4.678479929398806 3.0367730648074747 13.639482125858141 -4.531633133968532 1
Car 12 1 -1.5158660127794135 1098.1372 796.39136 1167.5424 891.95685 2.5198554485900475 2.0981467215173804 4.9448169625501395 5.952682202560229 8.717445624497937 51.429680985070156 -1.400634659217388 1
bicycle_rack 17 1 1.7131293559025123 964.2337 831.513 1068.1943 983.2883 1.1608821312453403 0.708727895975248 5.799153960270897 0.9158322990350124 4.643630373645771 22.292114600142423 -4.528995801559826 1
bicycle 14 2 1.6876400675694372 944.9294 859.27747 1005.7042 980.10803 1.1223897143573234 0.5394125971049466 1.8554783601240639 0.19219831653461053 4.179063622735818 18.54861755040367 -4.585183742976408 1
Cyclist 15 0 -1.4777591158217787 1184.8486 786.82733 1268.4697 969.7753 1.7445900934327392 0.763770600407676 1.9451033480706412 3.0649504039681745 3.713006139721486 17.139543880291797 -1.3008061480788944 1
bicycle 16 1 0.044785971837241534 105.7153 890.6866 254.72827 993.61975 1.2104066633679014 0.47634576594544387 1.8650072180403345 -11.115663350831804 5.111668484184362 21.34115033621859 -0.43540678257848286 1
bicycle_rack 18 1 0.2943469601137295 605.93005 847.37915 721.55756 933.8662 1.22775372662367 6.252906324764658 1.317251418520513 -7.989795172626349 7.7629185083009435 40.75067658968918 0.10073757605869815 1
rider 20 0 -1.4827417652585777 1190.156 791.91925 1263.2163 939.7434 1.5443259782736718 0.761155481705958 0.7076697076337259 3.0337818443437365 3.4989863249645 17.06044681137487 -1.30675591638436 1
