bicycle 8 0 1.7219401329023967 864.42474 833.5518 939.1781 983.33844 1.0872193198692035 0.44534402391341116 1.8360533658580078 -0.5506136215572547 3.227625398261604 14.40334428415936 -4.5994547473149 1
bicycle_rack 9 1 0.4343763135606704 280.54825 811.96564 549.07764 939.9939 1.2574546525506045 7.553202224281847 1.9712603235094046 -10.559246501133824 5.466821818803371 29.79810662136225 0.09382291468002091 1
Car 10 1 -1.50576792759576 1019.26587 787.73694 1112.3479 889.7353 1.6592678778917598 1.8021493131897854 4.109556267062253 2.39265646551089 5.528766144165597 33.377624462032024 -1.434205893304528 1
Pedestrian 11 0 1.3415959433800104 1487.0161 706.51135 1613.0315 972.7185 1.7920779183145767 0.6906833395065783 0.7424448052399366 4.210710246994599 2.4009826632787474 10.740125628072231 -4.567951615784876 1
Car 12 1 -1.516718159411946 1042.4078 764.30426 1114.7804 860.9 2.5198554485900475 2.0981467215173804 4.9448169625501395 3.9061326699451633 7.336351738432086 49.0777348505982 -1.4372948557264977 1
bicycle 13 0 -1.6110102471426706 994.7365 817.93677 1041.5038 912.6211 1.1725887614275727 0.6529955625992108 1.9104656270889617 0.87364415583533 4.3133665927543205 23.37514051073744 -1.5736527090122434 1
bicycle 14 2 1.7002793514857562 864.3033 828.30963 937.5345 966.571 1.1223897143573234 0.5394125971049466 1.8554783601240639 -0.6188046461091311 3.4112103918383765 15.87875938366283 -4.621856836888213 1
Cyclist 15 0 -1.4459094422447292 1215.1002 752.3788 1304.9014 932.26263 1.7445900934327392 0.763770600407676 1.9451033480706412 3.4251279152487597 3.2849634418241043 17.026228514563467 -1.2473913077948338 1
bicycle 16 2 0.1075275894482487 0.0 858.6696 72.52207 978.3375 1.2104066633679014 0.47634576594544387 1.8650072180403345 -11.944927085272326 4.162389142718013 18.24790429585577 -0.4720687851805252 1
bicycle_rack 17 1 1.7126769885083633 898.7135 803.1965 1017.0366 969.3534 1.1608821312453403 0.708727895975248 5.799153960270897 0.06686115228237884 3.850233414659774 19.636192878116866 -4.567103336131929 1
bicycle_rack 18 1 0.31316600227253166 510.24963 818.05084 640.8559 906.28503 1.22775372662367 6.252906324764658 1.317251418520513 -9.619356794335387 6.52052763944317 37.81616524720042 0.06407718441680954 1
moped_scooter 19 0 0.24445125428086456 28.047758 862.16205 197.36241 974.8699 1.2887392535728783 0.7522637452742416 1.8712024879234814 -11.478566261335189 4.605085351043419 20.29028780985641 -0.27037882681866265 1
rider 20 0 -1.440793769644915 1222.0011 757.2174 1298.1305 904.4988 1.5443259782736718 0.761155481705958 0.7076697076337259 3.3940532041582654 3.0854717991173546 16.960242492463724 -1.2432845582491296 1
