bicycle 8 0 1.7694864075729848 629.2528 850.6726 745.5454 1063.5121 1.0872193198692035 0.44534402391341116 1.8360533658580078 -1.890829335322044 2.814526943216644 10.51863867050268 -4.691559253978758 1
bicycle 13 0 -1.599236927660529 835.9779 825.287 889.7684 939.7251 1.1725887614275727 0.6529955625992108 1.9104656270889617 -1.3156631608996356 3.9498266916191316 19.74394676973859 -1.665774838943423 1
bicycle_rack 9 1 0.4910535286554391 0.0 829.40546 321.06012 991.002 1.2574546525506045 7.553202224281847 1.9712603235094046 -13.301535969466562 5.190028567477146 24.978507913737904 0.001730228854845084 1
Car 10 1 -1.500836717817099 866.8573 789.591 972.26294 904.3283 1.6592678778917598 1.8021493131897854 4.109556267062253 -0.7582424681164747 5.16361619382658 29.72748110899505 -1.526337637229157 1
Car 12 1 -1.5109640041089873 892.2242 763.6211 971.0067 867.4952 2.5198554485900475 2.0981467215173804 4.9448169625501395 -0.8385172175961259 6.974347919574869 45.50609820874604 -1.5293883992537782 1
Cyclist 15 0 -1.2486083815163933 1183.0443 744.5211 1307.2454 929.72864 1.7445900934327392 0.763770600407676 1.9451033480706412 3.1517047362773436 3.143956029844901 16.458849901188913 -1.0594087689738996 1
rider 20 0 -1.2447918972420173 1199.6534 748.5977 1287.8223 901.88806 1.5443259782736718 0.761155481705958 0.7076697076337259 3.0937078310190564 2.9385527298439147 16.360174549027043 -1.0578988053310039 1
bicycle 14 1 1.734627170269393 654.8317 844.10394 760.26965 1031.1779 1.1223897143573234 0.5394125971049466 1.8554783601240639 -2.0160568439182383 3.0285240888825995 12.07575539458647 1.5692020660315515 1
bicycle_rack 17 1 1.734498734595138 700.24066 810.54205 861.2588 1027.7828 1.1608821312453403 0.708727895975248 5.799153960270897 -1.762866416985511 3.4948209940106585 15.886680549465858 -4.659199518748861 1
bicycle_rack 18 1 0.34893741940820333 278.59122 828.4658 444.16055 932.51245 1.22775372662367 6.252906324764658 1.317251418520513 -13.100441154869879 6.160263187279353 33.091614085085325 -0.028015669324276793 1
Pedestrian 11 0 1.1698559234414416 1570.8285 660.86145 1818.4016 1065.972 1.7255185937468076 0.7780981584542906 0.7669762775398137 3.3228552934240243 1.8998058338448556 6.84413010289426 -4.66134535543366 1
