bicycle 101 0 -1.7261159660081606 1262.6273 760.6337 1403.3828 953.2736 1.2025487345784636 0.7674832523233814 2.0832321651914945 2.9110960683818567 2.381064433589736 11.91386972813089 -1.4864665723339232 1
bicycle 1529 1 2.0826305684586206 0.0 660.8191 178.22026 972.56244 1.255992676450539 0.6453056683677164 2.146472982780139 -4.690152726257778 1.4590933730826903 7.365608666609069 1.5156166031570342 1
bicycle_rack 102 1 0.3537417908077864 187.18277 772.85297 390.6667 888.16034 1.4805961737512836 2.737183149893569 2.2014102410312364 -10.840479146313132 4.029912518962552 24.329469098342113 -0.06542196064137351 1
moped_scooter 103 1 -0.13508040715594494 91.58584 767.499 248.44156 878.4017 1.2888184816961332 0.5882752165615754 1.8013743476847968 -10.62301921735398 3.278817979889047 20.105613713888662 -0.6211584352426984 1
Pedestrian 104 0 -2.897776340572028 555.7609 735.254 624.62537 859.63837 1.6077542164167407 0.5631578995499714 0.7860708265275456 -4.984074451288736 3.1127363870392335 20.112169874589895 -3.1406964042406584 1
Pedestrian 1531 2 -2.8520569994866665 473.41418 719.7384 555.9297 861.7009 1.756799242487991 0.7260199752484243 0.8512156568069302 -5.770020888825659 3.0073068264513316 19.354804769758186 -3.141786542125849 1
Cyclist 106 0 -1.7890750137415117 767.8681 699.3891 932.53986 997.27014 1.7553172709451372 0.6820140431685877 2.236028328048907 -0.8380706266357287 2.3398502895804763 10.565786979748554 -1.8682285728703956 1
Cyclist 1849 2 -0.4184108076032327 1243.616 751.2666 1437.2952 924.4529 1.7759744264528043 0.6778371675380315 1.9752072403091423 4.190535920905854 3.2185452639529664 16.56960242271146 -0.17069986602220366 1
Pedestrian 107 1 0.26858170215000754 449.92255 684.3286 569.72314 888.8278 1.7669247988908416 0.7816420019831087 0.8624819730091251 -4.075928187965861 2.3215595880088316 13.555075318323254 -0.023511557632107438 1
rider 105 0 -1.8291135731986956 789.69446 715.09686 915.492 959.73126 1.5830146684283812 0.6958625461086755 0.8306079355455707 -0.7788936751904305 2.250249909368341 10.556271254670737 -1.9027650328411578 1
rider 1850 2 -0.41218257372455225 1283.315 750.826 1377.3456 905.3718 1.6044485409321858 0.6698174403772602 0.8112815885620911 4.082139520068541 3.033753000603519 16.57460640107865 -0.17069986602220366 1
bicycle 1532 1 -1.9980535606488017 1591.2021 735.85236 1935.0 1215.0 1.2411789660174075 0.6745311308706086 1.8082953979811296 2.7810898854657076 1.684037975564113 5.041474671674971 -1.4939504625963729 1
Cyclist 1530 0 3.0593215982724566 212.48506 705.8778 405.99225 870.00037 1.7383453078415636 0.8549052047593766 2.01677269923256 -7.639343546981606 2.734191370754038 17.5361343333458 -3.6347072066813286 1
moped_scooter 108 2 0.3829069644356262 105.55201 765.2479 282.5368 877.21375 1.5817668122475719 0.7805455187600057 2.2796261520368244 -11.693629349734826 3.7723503904548004 22.8496968642273 -0.09010669791944315 1
rider 1533 0 3.0486669324099522 260.75378 708.3176 371.13828 855.1555 1.5976184975343568 0.6691461668960619 1.127101689056315 -7.541936728782163 2.6039144723772902 17.475573204095287 -3.6419408578569574 1
