bicycle 101 0 -1.783216767989535 1369.4865 751.8617 1559.7834 985.1033 1.2025487345784636 0.7674832523233814 2.0832321651914945 3.283501511941809 2.1394232454670106 9.958608923927308 -1.4647263521632725 1
bicycle_rack 102 1 0.3815246102447161 166.00783 771.3874 388.30316 894.8789 1.4805961737512836 2.737183149893569 2.2014102410312364 -10.280570621351593 3.843165786572936 22.703112766933007 -0.043677330473628206 1
moped_scooter 103 1 -0.09679924224639058 52.393383 778.9571 223.53258 900.93445 1.2888184816961332 0.5882752165615754 1.8013743476847968 -10.141788916012306 3.2667993676123883 18.449231150201694 -0.5994223603960684 1
Cyclist 106 0 -1.5138707212666556 798.29614 697.3063 899.2058 973.78064 1.7553172709451372 0.6203583097874289 2.236028328048907 -0.8052183264519942 2.3522163642974463 11.205089477921728 -1.5856092401449127 1
Cyclist 1530 2 -2.9205135096830066 0.0 708.7333 83.20684 893.827 1.6284380438513286 0.5984549221154942 2.01677269923256 -9.65530844660117 2.470894871406175 14.383829082101423 -3.5116903020039585 1
Pedestrian 1531 0 -2.7489118868070714 332.08383 710.6112 424.8485 872.383 1.756799242487991 0.6149459571859663 0.8018494265569496 -6.573541051787632 2.743068761207014 16.891344451431294 -3.120044071507402 1
Pedestrian 107 1 0.19940521830043026 552.1186 690.2515 670.8937 927.5512 1.7113236203218838 0.6769646691928636 0.7562497724548651 -2.635242076110108 2.221592560145372 11.32661996902008 -0.029187271911421453 1
rider 105 0 -1.5821202370922731 804.3126 708.7593 900.83606 934.8349 1.5830146684283812 0.6958625461086755 0.7750043521076186 -0.8172919403416796 2.234109262048187 11.19506399769723 -1.654995621940251 1
moped_scooter 108 2 0.41668816270237646 75.022575 771.5976 266.91537 892.5534 1.5817668122475719 0.7805455187600057 2.2796261520368244 -11.150840826312443 3.7030614522478107 21.157139610048766 -0.06836344301289876 1
Pedestrian 104 0 -2.8026725427724273 428.9899 732.2613 510.0393 871.2401 1.6077542164167407 0.5631578995499714 0.7860708265275456 -5.924121030042194 2.9236010075284664 18.038148384523378 -3.119996216664303 1
