human_depiction 637 1 1.558983715644373 198.11913 841.6054 262.5493 1032.3154 1.4069377056993229 0.451538629581149 0.29530769373302446 -5.765504173211057 3.1501985826863805 11.796485917648736 1.1043784811714548 1
human_depiction 638 1 1.500882602495283 295.25357 831.7463 375.0689 1019.39514 1.4069377056993229 0.5739433683000806 0.29530769373302446 -5.0445665601032506 3.1095934379614585 12.048783331637528 1.1043784811714548 1
human_depiction 639 1 1.660302809098097 0.0 831.7386 81.305305 1033.5677 1.4069377056993229 0.6210221139611994 0.4271281815841798 -7.102778587258347 3.033879353610557 11.432376084460309 1.1043784811714548 1
moped_scooter 579 0 0.4733409581937407 1018.4775 883.3757 1507.3026 1215.0 1.3566713703267632 0.7775301960540595 1.9027494400397036 1.243823749905021 2.6164194045920013 6.395236486549079 0.6654350112929688 1
human_depiction 646 2 1.7133120447637444 0.0 848.89844 0.0 1003.2875 1.028319081096759 0.5629997692616922 0.3800494359230526 -7.752131394172844 2.7378664811511717 11.116833851892814 1.1043784811714548 1
moped_scooter 108 2 0.47273878667702085 1659.0605 811.0637 1935.0 1215.0 1.5817668122475719 0.7805455187600057 2.2796261520368244 4.5105713222604935 2.591848463841968 6.931081630728314 1.0496582927131737 1
moped_scooter 581 1 0.06479518872316453 1445.3547 856.4531 1935.0 1215.0 1.3566713703267632 0.7775301960540595 1.7570074483711728 2.569143222426443 2.2327851325134516 4.867351274209795 0.5504596042241157 1
bicycle 636 2 -2.9134737996828455 0.0 936.6587 33.2693 1181.543 1.258368635219023 0.5964419155450226 1.797204803924111 -7.2469565373927 3.4546544815860436 9.908167294748797 -3.544972335816214 1
bicycle 584 2 1.2789460310981715 1395.813 930.8589 1598.8429 1215.0 1.2423843015314782 0.5292740478475919 1.3419160093250113 2.4768485690896838 2.8221745100838436 7.039078287491805 -4.6658984818080285 1
Pedestrian 585 1 2.0548956161365233 1571.6886 835.72144 1790.4296 1206.4974 1.8198169204622656 0.8863006796690807 0.7429020101345508 4.116788755602982 3.109876358645504 8.573653606187124 -3.780633690883893 1
