bicycle 636 0 -2.867693013478247 351.76923 731.5159 677.0587 953.6942 1.258368635219023 0.5964419155450226 1.797204803924111 -2.6786906558121704 1.9276400544078867 9.077381604645174 -3.154643829339906 1
human_depiction 637 1 1.5500698856801314 845.02277 646.4562 912.1299 856.3426 1.4069377056993229 0.451538629581149 0.29530769373302446 -0.5680174329248648 1.5566910123587736 10.222814463283076 1.4945632574519414 1
human_depiction 638 1 1.4778173372676495 942.51605 650.87024 1031.2207 863.6321 1.4069377056993229 0.5739433683000806 0.29530769373302446 0.16914128196023473 1.5852894539495825 10.099502999807896 1.4945632574519414 1
human_depiction 639 1 1.6868694092938132 628.333 652.6779 710.1672 864.03864 1.4069377056993229 0.5080331243745013 0.3800494359230526 -1.9896498005965544 1.6006484502109664 10.218405652950297 1.4945632574519414 1
human_depiction 640 0 2.758749430625384 320.5408 672.30695 379.5356 934.6009 1.6184530942056319 0.37291669211672407 0.22441129256332143 -3.8905736598170417 1.9268629749375232 9.516142350391528 -3.912539099480776 1
human_depiction 642 2 1.4963055003609464 0.0 609.9998 0.0 772.94165 1.0725561493150473 0.5831856503116952 0.28051690013079983 -7.034635162068052 0.9745033618864327 10.136417685535696 0.8896203201931865 1
human_depiction 643 1 1.1158655809226636 0.0 629.292 16.489054 804.0488 1.1945811921094323 0.37307402276611623 0.28051690013079983 -6.884158799985748 1.226029148218938 10.46616396167526 0.5340588531855217 1
human_depiction 644 0 1.0903346038841042 0.0 633.4316 76.958 858.9995 1.609020248039989 0.5022919485592274 0.28051690013079983 -6.825086938521247 1.6733137738615789 10.976806244571861 0.5340588531855217 1
human_depiction 645 0 2.630495277910435 148.50572 616.7772 192.11676 835.4333 1.4310347273533595 0.24033744427504197 0.15838203589577188 -5.246230955678382 1.3779004700647646 9.919074163885007 -4.139192017339209 1
human_depiction 646 1 1.7504385670333433 522.3532 661.25977 615.81744 815.3724 1.028319081096759 0.5629997692616922 0.3800494359230526 -2.691698170275586 1.2836346337546778 10.288981702409927 1.4945632574519414 1
