bicycle 636 0 -2.887899198434681 677.7699 741.17584 1026.7539 1000.6342 1.258368635219023 0.5964419155450226 1.797204803924111 -0.5766559900804478 1.9251497616481914 8.118842655222053 -2.9588069905085947 1
human_depiction 637 1 1.4910413819081523 1222.3021 626.699 1305.9789 875.3123 1.4069377056993229 0.451538629581149 0.29530769373302446 1.7447697801786977 1.4175627012305334 8.639102952601514 -4.592862621957746 1
human_depiction 638 1 1.4143228007321476 1329.7306 632.9764 1442.3384 887.33374 1.4069377056993229 0.5739433683000806 0.29530769373302446 2.397317485604755 1.453649368432961 8.464255193459602 -4.592862621957746 1
human_depiction 639 1 1.657232219717927 965.4537 643.791 1054.5406 882.852 1.4069377056993229 0.5080331243745013 0.3800494359230526 0.2997369366286614 1.524110250504413 9.054799387206174 -4.592862621957746 1
human_depiction 640 0 2.7557470758984186 644.44885 685.87146 705.7411 975.949 1.6184530942056319 0.37291669211672407 0.22441129256332143 -1.6577663708838033 1.980122847715246 8.652718517223324 -3.7167334417130826 1
human_depiction 641 1 1.7440179649220986 17.02873 688.55914 95.717735 872.86914 1.2021396619082745 0.4276747370381617 0.17314704354372945 -6.059737021104242 1.6354909252026153 10.021412979835539 1.2001651943267908 1
human_depiction 642 0 1.5254628955370462 207.40207 634.37024 306.72186 801.14233 1.0725561493150473 0.5831856503116952 0.28051690013079983 -4.664967549209456 1.136971123955762 9.907417894249251 1.085401085052665 1
human_depiction 643 1 1.14099293776918 272.73068 652.97076 345.5886 833.3028 1.1945811921094323 0.37307402276611623 0.28051690013079983 -4.451683721432026 1.3906486195722294 10.211438887202348 0.729883648985564 1
human_depiction 644 0 1.11483752291453 311.32608 647.54193 398.6161 881.4904 1.609020248039989 0.5022919485592274 0.28051690013079983 -4.303037951736249 1.7740956230450315 10.620371060764883 0.729883648985564 1
human_depiction 645 0 2.645769585818389 467.60956 628.4491 510.0362 860.265 1.4310347273533595 0.24033744427504197 0.15838203589577188 -2.962619570537514 1.4536465413512916 9.376533122128587 -3.9434506338578035 1
human_depiction 646 1 1.7324199429806448 847.2871 650.7724 947.58374 823.1948 1.028319081096759 0.5629997692616922 0.3800494359230526 -0.3878541947891408 1.1914903352764994 9.207845656737053 -4.592862621957746 1
Pedestrian 647 0 -2.4012612552984147 30.174408 673.3191 174.34885 979.1412 1.756966257618769 0.5462732857348715 0.5219338375203407 -5.169597887348925 2.0594241401686597 9.017448966459193 -2.9218081872101447 1
