bicycle 636 0 -2.8675973691580428 403.6904 732.80396 730.6762 958.70874 1.258368635219023 0.5964419155450226 1.797204803924111 -2.327220209293144 1.9267808199259817 8.947624763498265 -3.122053127587205 1
human_depiction 637 1 1.5450212399797851 900.49695 645.028 969.5196 860.5705 1.4069377056993229 0.451538629581149 0.29530769373302446 -0.17789453348402076 1.54298100928765 9.948326473566478 1.5271412903858397 1
human_depiction 638 1 1.471425146491721 999.76953 648.394 1090.836 865.7018 1.4069377056993229 0.5739433683000806 0.29530769373302446 0.5508736113953053 1.564646674102415 9.876912351731411 1.5271412903858397 1
human_depiction 639 1 1.6850576658654735 681.06525 651.3409 763.54944 865.70825 1.4069377056993229 0.5080331243745013 0.3800494359230526 -1.6028651923576613 1.588484281113982 10.065575044169194 1.5271412903858397 1
human_depiction 640 0 2.763684306164298 368.301 671.6357 427.29272 937.8874 1.6184530942056319 0.37291669211672407 0.22441129256332143 -3.5350534232024637 1.9182503525615098 9.378793724724913 -3.8799537547518965 1
human_depiction 642 1 1.5023456324479256 0.0 611.15955 33.79937 773.8463 1.0725561493150473 0.5831856503116952 0.28051690013079983 -6.650202617530152 0.9819953702002305 10.14719631306177 0.9222022429526864 1
human_depiction 643 1 1.1213465691537812 0.0 630.2748 72.86095 804.9938 1.1945811921094323 0.37307402276611623 0.28051690013079983 -6.488181649973682 1.2330824287392979 10.471752441206261 0.5666478431400872 1
human_depiction 644 0 1.1006594013105961 30.631474 634.0461 122.17117 861.0061 1.609020248039989 0.5022919485592274 0.28051690013079983 -6.452694660519828 1.6775460838146667 10.912384974259119 0.5666478431400872 1
human_depiction 645 0 2.6347163158469162 202.24858 616.79913 245.34344 836.55585 1.4310347273533595 0.24033744427504197 0.15838203589577188 -4.868269924492975 1.378308860103961 9.871871684590172 -4.1066180468381415 1
human_depiction 646 1 1.7504651678518812 573.63684 660.2359 667.75336 816.4698 1.028319081096759 0.5629997692616922 0.3800494359230526 -2.302151140330813 1.2726380801376669 10.136628264205383 1.5271412903858397 1
Pedestrian 647 2 -2.5199439527827527 0.0 645.826 54.37272 947.44714 1.756966257618769 0.6484609424597361 0.8884875569633122 -6.156818591455369 1.8889398402953819 9.093723697445242 -3.115094047945294 1
