human_depiction 637 1 1.4640010549089748 1392.6763 625.9243 1488.563 899.8893 1.4069377056993229 0.451538629581149 0.29530769373302446 2.516961932799592 1.4124815331345517 7.871435880265443 -4.509699998365807 1
human_depiction 638 1 1.3723709031188527 1531.4629 628.26184 1663.0323 910.15656 1.4069377056993229 0.5739433683000806 0.29530769373302446 3.253380985930159 1.424658976298995 7.671124370090307 -4.509699998365807 1
human_depiction 639 1 1.630009180873535 1128.9841 633.50073 1224.1311 891.3484 1.4069377056993229 0.5080331243745013 0.3800494359230526 1.2154275257632838 1.456710673961143 8.413079268229593 -4.509699998365807 1
human_depiction 640 0 2.750053066790487 779.04205 680.99896 843.01416 986.53973 1.6184530942056319 0.37291669211672407 0.22441129256332143 -0.8280826859499999 1.9349335907257958 8.218679151139154 -3.633549526150521 1
human_depiction 641 2 1.7521342852947972 165.0901 681.6322 241.55756 867.40814 1.2021396619082745 0.4276747370381617 0.17314704354372945 -5.018218161091913 1.583502861968281 9.908429209107597 1.2833324349083814 1
human_depiction 642 0 1.5300103199757336 346.898 622.162 445.08426 792.2336 1.0725561493150473 0.5831856503116952 0.28051690013079983 -3.6573678796964173 1.0553144525115723 9.674380468118878 1.168571225064098 1
human_depiction 643 1 1.1460908184034373 407.65103 651.0227 480.13776 836.16455 1.1945811921094323 0.37307402276611623 0.28051690013079983 -3.4396813775709276 1.3723314606855956 9.944158918729107 0.8130735060850478 1
human_depiction 644 1 1.1205608584262783 442.482 645.07 529.6666 885.3151 1.609020248039989 0.5022919485592274 0.28051690013079983 -3.2824050763339723 1.7521618349324246 10.336354546516887 0.8130735060850478 1
human_depiction 645 0 2.648106503813668 597.1409 622.6403 640.36896 864.49304 1.4310347273533595 0.24033744427504197 0.15838203589577188 -2.059876697169015 1.417688291473559 8.991227133675224 -3.860290821296968 1
human_depiction 646 1 1.709795816719935 1002.7297 642.1009 1108.967 826.905 1.028319081096759 0.5629997692616922 0.3800494359230526 0.5490682247246561 1.1301607850372468 8.60935770253825 -4.509699998365807 1
Pedestrian 647 0 -2.4313169176787426 106.17779 675.0813 298.9423 987.09314 1.756966257618769 0.5845936570067037 0.8514593644197193 -4.519314890616684 2.0696184417675374 8.930946659093083 -2.899775808100821 1
bicycle 636 0 -2.909220079931359 820.85364 744.18475 1199.6334 1033.8662 1.258368635219023 0.5964419155450226 1.797204803924111 0.25054235122990787 1.8945618847560943 7.451722518833917 -2.875610668608106 1
