bicycle 1577 2 -2.1683464164729136 0.0 746.41016 0.0 916.8291 1.13998600100689 0.43245508092813184 2.0566654496858656 -8.26658878007067 2.105853776922265 11.337204473617875 -2.798373253412846 1
human_depiction 637 1 1.4206300880854128 1581.1107 610.3407 1693.499 912.4548 1.4069377056993229 0.451538629581149 0.29530769373302446 3.232467024448507 1.3391545084053664 7.167509349308989 -4.438879242692222 1
human_depiction 638 1 1.3319049867687953 1727.2023 611.2924 1882.7202 924.82416 1.4069377056993229 0.5739433683000806 0.29530769373302446 3.8984699825679923 1.3458936609785153 6.93042487698784 -4.438879242692222 1
human_depiction 639 1 1.6036647269274917 1276.047 622.29425 1378.9524 901.532 1.4069377056993229 0.5080331243745013 0.3800494359230526 1.9107764470435185 1.3938291219100096 7.7864844185931394 -4.438879242692222 1
human_depiction 640 0 2.7343418153503225 906.75946 667.4252 975.41644 992.9212 1.6184530942056319 0.37291669211672407 0.22441129256332143 -0.10689388778313641 1.8438126254284348 7.70835848227558 -3.5627098729633664 1
human_depiction 641 1 1.7614128115222036 277.6262 681.3958 353.68484 870.8734 1.2021396619082745 0.4276747370381617 0.17314704354372945 -4.18274297683226 1.5734054797507149 9.696344497097762 1.3541564300045557 1
human_depiction 642 0 1.5340364211403046 458.41095 619.1038 556.86383 793.68823 1.0725561493150473 0.5831856503116952 0.28051690013079983 -2.857150710454393 1.036972280641876 9.414882347758706 1.2393975970568643 1
human_depiction 643 1 1.1484000167434187 519.74164 648.74036 592.7009 839.0991 1.1945811921094323 0.37307402276611623 0.28051690013079983 -2.6184248715617953 1.3523514378732733 9.668237894758825 0.8839170522145454 1
human_depiction 644 1 1.1203410937298914 556.7099 642.4111 644.7827 889.82513 1.609020248039989 0.5022919485592274 0.28051690013079983 -2.4168088370746474 1.7296422447602935 10.031170585966287 0.8839170522145454 1
human_depiction 645 0 2.641590230394079 716.2652 607.821 760.99274 861.07623 1.4310347273533595 0.24033744427504197 0.15838203589577188 -1.2801599511000537 1.3345516695639659 8.59385007856821 -3.78947003629586 1
Pedestrian 1911 2 2.1219128910173364 639.6831 651.2632 779.03436 897.1843 1.6576436519132827 0.6744194383191731 0.774533098032699 -1.7865599544157729 1.8543327673205352 10.67000646047168 -4.327171067861095 1
human_depiction 646 1 1.688141735041838 1139.5165 633.77765 1252.4485 830.6609 1.028319081096759 0.5629997692616922 0.3800494359230526 1.2742421459351916 1.077923499906372 8.093185104197902 -4.438879242692222 1
Pedestrian 647 0 -2.299694301436089 190.5994 671.0142 363.45435 987.09204 1.756966257618769 0.6867813137315724 0.6327275783772911 -4.053686636449792 2.0445336779033156 8.883272941931171 -2.727798160186385 1
bicycle 636 0 -2.9328856781288515 949.4345 741.0883 1359.3536 1058.9392 1.258368635219023 0.5964419155450226 1.797204803924111 0.8917525819008516 1.8411187468594592 6.921907124900347 -2.804760934183604 1
