human_depiction 637 1 1.4530956950363887 1445.6322 621.416 1545.9211 903.5114 1.4069377056993229 0.451538629581149 0.29530769373302446 2.7287350455211556 1.3895819232852658 7.652847876972987 -4.4875785622977595 1
human_depiction 638 1 1.3600530106224582 1589.9872 623.40765 1728.2872 914.48236 1.4069377056993229 0.5739433683000806 0.29530769373302446 3.4606055917059804 1.3997440962648744 7.436403318455463 -4.4875785622977595 1
human_depiction 639 1 1.6222560791052425 1173.782 630.3996 1270.982 894.0578 1.4069377056993229 0.5080331243745013 0.3800494359230526 1.4415108339302842 1.438124146688758 8.232114170920383 -4.4875785622977595 1
human_depiction 640 0 2.7447197914755814 819.6842 679.2368 885.20496 991.76294 1.6184530942056319 0.37291669211672407 0.22441129256332143 -0.587395532688039 1.9183807608240508 8.03699472573522 -3.611422262414892 1
human_depiction 641 2 1.755369527807716 200.3873 681.61774 276.60553 868.29456 1.2021396619082745 0.4276747370381617 0.17314704354372945 -4.759378159271686 1.5812195230955226 9.85481105802787 1.3054549528180903 1
human_depiction 642 0 1.531865924111859 381.29773 621.186 479.52466 792.6845 1.0725561493150473 0.5831856503116952 0.28051690013079983 -3.4053828108897672 1.049353728562218 9.591129937456621 1.1906944949333798 1
human_depiction 643 1 1.1473972182532877 442.22928 650.297 514.83594 837.0783 1.1945811921094323 0.37307402276611623 0.28051690013079983 -3.1809996444830313 1.3658803248055058 9.855937834764694 0.8352021056183814 1
human_depiction 644 1 1.1190878646434956 480.82825 643.86774 568.50806 887.16455 1.609020248039989 0.5022919485592274 0.28051690013079983 -2.977520223287275 1.741942245223465 10.205161129571225 0.8352021056183814 1
human_depiction 645 0 2.64165901811979 641.6176 620.5934 685.28284 865.6049 1.4310347273533595 0.24033744427504197 0.15838203589577188 -1.7685640886796103 1.405904689778985 8.877540566009984 -3.8381696191826875 1
human_depiction 646 1 1.7037582442668011 1044.0493 639.43317 1152.4102 828.175 1.028319081096759 0.5629997692616922 0.3800494359230526 0.7768299623413464 1.1127146835371664 8.43393461684725 -4.4875785622977595 1
Pedestrian 647 0 -2.42753724371771 132.3144 672.6834 340.33865 988.1677 1.756966257618769 0.6612343995503536 0.9008302878111761 -4.299091908319611 2.055235258432708 8.897396369976155 -2.8776429035514584 1
bicycle 636 0 -2.915866459946901 859.9498 743.23944 1247.8014 1041.3832 1.258368635219023 0.5964419155450226 1.797204803924111 0.4549394605242817 1.8775265625566546 7.282839667914773 -2.8534802049803893 1
