bicycle 1280 0 1.266598556150103 121.9917 774.0101 240.20589 898.05884 1.1979619011479958 0.730279811631104 1.7476391972716652 -9.10413025188944 3.0226575714858868 17.42393591535015 0.7851078157231148 1
human_depiction 642 0 1.4438124934713397 1203.6786 581.9712 1335.5673 812.78705 1.0725561493150473 0.5831856503116952 0.28051690013079983 1.4590754167388227 0.8730932063189197 7.110974984804976 -4.636995332944833 1
human_depiction 641 0 1.7213682658731555 978.0503 671.7527 1062.4321 902.7019 1.2021396619082745 0.4276747370381617 0.17314704354372945 0.3151558920152982 1.4554935067063024 7.960555400572577 -4.522248019002932 1
human_depiction 643 1 1.04941383937053 1280.8987 597.55457 1379.1368 849.9935 1.1945811921094323 0.37307402276611623 0.28051690013079983 1.7881743128629357 1.065197455438602 7.263137661493305 1.290811525133381 1
human_depiction 644 1 1.0069081851924044 1338.1842 598.5548 1458.1232 930.09644 1.609020248039989 0.5022919485592274 0.28051690013079983 2.1772799516461987 1.4811829325319663 7.461927476415566 1.290811525133381 1
human_depiction 645 0 2.4735794857198026 1603.0957 538.2504 1681.4983 921.0003 1.4310347273533595 0.24033744427504197 0.15838203589577188 2.6054189729308295 1.1070822310125341 5.726894588637034 -3.382647694452149 1
Pedestrian 1911 0 2.035946771463986 1361.8376 613.86554 1571.4238 997.2666 1.6576436519132827 0.6021112537968412 0.8667350797013609 2.366532909490343 1.6099534525209598 6.984395817737779 -3.9205478717560456 1
Pedestrian 900 0 -1.589294144618198 0.0 745.35486 62.063694 930.23566 1.8044109493458456 0.7305794741677909 0.6664611397589688 -9.880452146297474 3.1075050619840177 15.698644778106218 -2.151038708272748 1
Pedestrian 899 0 -1.567950673195607 0.0 766.5423 5.1631155 933.31024 1.5625049765867858 0.5385432191966645 0.5955680388927793 -9.96651534116846 3.028621435524669 15.082185639838173 -2.1518902900217154 1
Pedestrian 1578 0 -0.643728615739429 543.92084 670.7032 662.8877 931.6217 1.7921336155329401 0.6794790313505531 0.5391335837493839 -2.5956117907595333 2.1373237726159227 10.845065277117136 -0.8786454252712597 1
Pedestrian 647 0 -2.288259848554803 743.6997 659.04596 915.5131 1011.58 1.756966257618769 0.7647142350034639 0.5152421552146124 -0.6983658297740796 1.9499142994703647 7.995274034663119 -2.375386048282283 1
bicycle 1577 1 -2.1532390461750817 498.8073 754.2012 708.20624 944.3278 1.13998600100689 0.43245508092813184 2.0566654496858656 -2.6683595114641308 2.164957511254749 10.994900127182376 -2.3913265828158057 1
