bicycle 1577 1 -2.1429513438085963 350.9257 753.218 557.52814 935.1149 1.13998600100689 0.43245508092813184 2.0566654496858656 -3.870208675254741 2.1805546439479824 11.31929150989075 -2.4724032864689516 1
bicycle 1280 0 1.26875816945246 0.0 774.6315 78.25007 900.98083 1.1979619011479958 0.730279811631104 1.7476391972716652 -10.784443864043464 2.986947306024857 17.023346752762468 0.7040633886798675 1
human_depiction 640 0 2.5664480777583267 1679.2787 608.67834 1804.0485 1083.7391 1.6184530942056319 0.37291669211672407 0.22441129256332143 2.7537938006423333 1.5632024716111692 5.291098025620014 -3.2368575623431686 1
human_depiction 642 0 1.49108323172177 1014.6628 605.0042 1131.9834 816.7033 1.0725561493150473 0.5831856503116952 0.28051690013079983 0.5728894924092931 0.9717763169225665 7.7185634205983975 1.5651696800079073 1
human_depiction 641 0 1.7543475844557639 809.59454 673.539 889.33826 889.0052 1.2021396619082745 0.4276747370381617 0.17314704354372945 -0.6339865899681509 1.4822506605426389 8.502311057805102 -4.603266365816468 1
human_depiction 643 1 1.0888351328137598 1099.4214 623.5238 1187.3358 855.64825 1.1945811921094323 0.37307402276611623 0.28051690013079983 0.9592542871313721 1.187519744362848 7.89323163063753 1.2097707979430004 1
human_depiction 644 1 1.0542158881067352 1142.788 614.9945 1249.3556 917.58344 1.609020248039989 0.5022919485592274 0.28051690013079983 1.2815639955155103 1.5563692566794765 8.172101250250797 1.2097707979430004 1
human_depiction 645 0 2.5410843311764193 1357.0862 551.56464 1421.2797 890.25006 1.4310347273533595 0.24033744427504197 0.15838203589577188 1.845914651926215 1.121190661266481 6.457803244339152 -3.463682779260872 1
Pedestrian 647 0 -2.29449398555072 626.0866 661.862 808.2553 1005.1249 1.756966257618769 0.6101405711879133 0.8077394895703879 -1.3481570839740113 1.9731056556448656 8.252159336695119 -2.456433604755305 1
Pedestrian 1911 0 2.066981256568183 1189.9005 623.08936 1382.2478 957.9259 1.6576436519132827 0.6744194383191731 0.8513680827565698 1.7324102743219731 1.64870036092262 7.946083681577408 -4.001542506634106 1
Pedestrian 1578 0 -0.6361392688627837 401.2151 670.07227 518.19183 922.1942 1.7921336155329401 0.6668892489548927 0.5391335837493839 -3.7518526850674725 2.1426161449971772 11.189885521238933 -0.9596494644825142 1
