bicycle 1577 1 -2.1664617596009283 704.58594 759.31305 923.3435 964.90283 1.13998600100689 0.43245508092813184 2.0566654496858656 -1.0748810073327462 2.1608089110069537 10.430617023255923 -2.269149855145036 1
bicycle 1280 0 1.2762237983776044 328.72293 783.0899 440.19067 909.5644 1.1979619011479958 0.730279811631104 1.7476391972716652 -6.714349723540876 3.131272201801389 17.36303060553128 0.9072319585633628 1
human_depiction 642 0 1.367584983030631 1510.9246 567.17126 1684.3486 849.01416 1.0725561493150473 0.5831856503116952 0.28051690013079983 2.493266980904761 0.8528843494935426 5.885764288375476 -4.514907842778491 1
human_depiction 641 0 1.6732756244361209 1230.6017 655.4398 1328.4109 921.95807 1.2021396619082745 0.4276747370381617 0.17314704354372945 1.4746829861461839 1.3466507518243636 6.927375806023675 -4.400163052526041 1
human_depiction 643 1 0.9683625850471305 1610.5079 556.838 1739.1733 862.83606 1.1945811921094323 0.37307402276611623 0.28051690013079983 2.861076056670338 0.9288908223760953 6.005976300726019 1.4129293633476845 1
human_depiction 644 1 0.9297763395785938 1668.2611 571.4657 1825.9607 977.158 1.609020248039989 0.5022919485592274 0.28051690013079983 3.20503387894476 1.3971101370500187 6.109189532798454 1.4129293633476845 1
Pedestrian 1281 0 -1.9261874263269378 0.0 783.71124 14.089666 912.4959 1.6472652998373682 0.541093193393517 0.5729962992059143 -13.387967716173158 3.862607255412498 20.47271016858784 -2.5053289265162775 1
Pedestrian 1911 1 1.9623827626867616 1673.3231 579.2793 1935.0 1075.2163 1.6576436519132827 0.6744194383191731 0.8667350797013609 3.183382740236387 1.5051724178227266 5.530200189253717 -3.798490367561909 1
Pedestrian 900 0 -1.5697624678051785 183.40485 751.05 259.60294 927.2997 1.8044109493458456 0.7305794741677909 0.4574213254935996 -8.010224834023477 3.2020976545357103 16.201922547727364 -2.0289197678535875 1
Pedestrian 899 0 -1.5665623702574818 147.06558 777.5577 204.44608 939.8538 1.5625049765867858 0.5208222234260231 0.7053343949103299 -8.213819232788701 3.2038191905901456 15.64524183822711 -2.050012742373587 1
Pedestrian 1286 0 -1.9076767379564135 0.0 784.6126 48.962364 905.4218 1.6187618078836317 0.462466233778049 0.47359914810278675 -13.303908956448769 3.921776235824474 21.235248332934287 -2.4673548529440548 1
Pedestrian 1578 0 -0.651968096644297 747.23444 672.2675 862.1282 951.0804 1.7921336155329401 0.6542994665592362 0.4761846717710897 -1.0656902670710073 2.126371411581076 10.150180512682226 -0.7565770865548703 1
Pedestrian 647 0 -2.289277538727177 906.8829 664.07526 1128.8848 1048.8828 1.7199380650751728 0.6101405711879087 0.961020974657697 0.265391753117122 1.9276900974636813 7.36456304207087 -2.253256805339835 1
bicycle_rack 904 2 0.07091143654375653 0.0 805.66675 9.896977 860.7528 1.128913921357394 1.261692953763781 1.887915135105679 -25.534878320949456 5.884090933748956 38.323419449529226 -0.5168369877006858 1
bicycle_rack 905 2 -0.2590801582123148 0.0 804.8003 0.0 866.3879 1.3774111497121906 1.170267810626674 2.1935064082398226 -28.492818341866432 6.54478072727672 41.74175038695513 -0.858030925001182 1
