bicycle 1577 1 -2.1885186471921614 938.8451 754.57605 1195.982 997.53485 1.13998600100689 0.43245508092813184 2.0566654496858656 0.5776418138676477 2.011334404303285 9.060115508733642 -2.1248482633580923 1
bicycle 1280 0 1.2845130766083055 553.20984 781.6089 663.2098 913.93427 1.1979619011479958 0.730279811631104 1.7476391972716652 -3.9649962487118824 3.0469542567855483 16.70460318117779 1.0514662788097877 1
human_depiction 641 0 1.5733631006378737 1623.9658 603.8712 1759.893 953.454 1.2021396619082745 0.4276747370381617 0.17314704354372945 2.592490785429831 1.1298402205134963 5.314551683575852 -4.255974169633759 1
Pedestrian 1286 0 -1.7352621751002149 218.10497 779.6003 263.40027 898.3449 1.632411046690005 0.5170631890035474 0.5304432074344024 -10.541485542968001 3.933405606385617 21.877150654352537 -2.1842839174468365 1
Pedestrian 1281 0 -1.699207918776931 167.60666 782.01904 220.93889 909.3152 1.6472652998373682 0.5817338906824665 0.6678245928801585 -10.709932500911988 3.887060826465468 20.878008615961953 -2.1731829329716335 1
Pedestrian 1291 0 1.0565849786716937 0.0 807.1126 0.0 896.8736 1.4781146284465816 0.590235826743303 0.7718438584731715 -17.96465039284866 4.801540270658591 26.83845968711697 0.46671855830323095 1
Pedestrian 1282 1 -1.6662032188621674 104.14396 786.4925 152.48564 899.0703 1.603735672553267 0.5765818955159108 0.9044663103635714 -13.024869537576782 4.187864036333394 23.378428067142657 -2.174505530829518 1
Cyclist 1285 1 2.7324205301927464 452.73352 761.19385 572.6643 873.49756 1.7758425867201173 0.774158724199513 1.9052834085018309 -8.01583603051252 4.298229156404444 26.765933053014397 -3.8417435612680433 1
Pedestrian 900 0 -1.5472256822613821 406.3542 752.14966 465.57983 925.8718 1.8044109493458456 0.5981479758781016 0.45599709057263194 -5.717830964813651 3.217332666117901 16.29526825066869 -1.884692296081799 1
Pedestrian 899 0 -1.5574153225041258 366.54294 775.0715 422.5265 935.46344 1.5625049765867858 0.5427754946295308 0.7602175729191099 -6.003510507988153 3.200456444284666 15.861014389894857 -1.919257377533032 1
Pedestrian 1283 0 -1.9673003912025278 74.92063 773.5277 149.1077 905.9598 1.827446289952874 0.7236352571707085 0.765236612642801 -12.676324755569883 4.097909403335304 22.3241721464257 -2.4837291953385487 1
Pedestrian 1578 0 -0.6836322796614569 995.9162 657.5774 1142.2484 980.0333 1.7921336155329401 0.70465859614187 0.5391335837493839 0.6310901029478968 1.995106776773493 8.844568505561735 -0.612399597412794 1
Pedestrian 647 0 -2.0825895789435376 1178.8704 632.4497 1408.105 1077.5879 1.756966257618769 0.6612343995503547 0.7711420232695347 1.3972682609575968 1.7915615724220086 6.383732772139066 -1.8671082928439513 1
bicycle 1287 1 -1.495836028422985 2.4039133 817.1796 38.573364 902.2591 1.2161208529777512 0.40147256538148984 1.8968940340815925 -16.673837970166062 4.74621051983658 26.522630506982686 -2.057066197487163 1
bicycle_rack 904 2 0.08046804676748892 191.1106 809.52167 273.35614 861.3636 1.128913921357394 1.261692953763781 1.887915135105679 -19.537368807504077 6.198108603943113 40.12928448802575 -0.37261292346954233 1
bicycle_rack 905 2 -0.25062106997620587 168.20532 796.9907 260.0204 854.4324 1.3774111497121906 1.170267810626674 2.1935064082398226 -21.961352775674207 6.57129355471974 43.9734379441399 -0.7138070903425202 1
rider 1284 0 2.7310162058435528 477.89743 763.1156 552.2417 859.0593 1.5610013507159515 0.7482081917816584 1.0653704239496102 -7.987131379263246 4.093775557473962 26.77399674788446 -3.8420809044229274 1
