bicycle 1577 1 -2.177940252726691 848.685 755.33954 1088.2104 982.1282 1.13998600100689 0.43245508092813184 2.0566654496858656 -0.01163276977568161 2.061518791729566 9.597480569099416 -2.1791523170799723 1
bicycle 1280 0 1.2819369011213833 470.4179 781.09174 580.1227 910.4621 1.1979619011479958 0.730279811631104 1.7476391972716652 -4.984975103169472 3.0741212012789454 17.030839509706855 0.997188120157408 1
human_depiction 641 0 1.6278985231719183 1440.3838 622.4902 1557.2748 933.7504 1.2021396619082745 0.4276747370381617 0.17314704354372945 2.1346996749709173 1.1928481989598994 5.939115459749923 -4.310235390698658 1
Pedestrian 1281 0 -1.7137390676873419 83.97409 785.57025 151.1788 914.7697 1.6472652998373682 0.7172028816456771 0.7491059874580909 -11.773027978156843 3.944393796824692 20.864838983808802 -2.227458458722383 1
Pedestrian 1282 2 -1.7660743635257998 13.668564 792.39136 73.215775 910.8639 1.6867304812784734 0.629879725067112 0.9044663103635714 -14.352167679432256 4.366576402989473 23.380889130516053 -2.316609556558617 1
Pedestrian 647 0 -2.3018857352470268 1067.3481 635.99255 1275.7584 1053.5775 1.756966257618769 0.635687485369139 0.6927783757549082 0.9459267268842815 1.810736466411364 6.781650015443143 -2.16329662549105 1
Cyclist 1285 1 2.7883481026381016 401.7682 761.23395 519.0874 870.40485 1.7758425867201173 0.7242573741171838 1.9052834085018309 -9.163883655325623 4.353841155589093 27.39910090823269 -3.8176007714629545 1
Pedestrian 900 0 -1.5537124098767987 322.6137 754.568 385.71442 929.2297 1.8044109493458456 0.6291712264446885 0.5193797826017758 -6.623310742340419 3.251463220573894 16.332908526325532 -1.9389677885924228 1
Pedestrian 899 0 -1.55811660771864 285.68384 781.2969 340.66464 938.4485 1.5625049765867858 0.5270421019811958 0.48957877304124814 -6.8629169397013206 3.2542198644241607 15.84828142099252 -1.9667762365142047 1
Pedestrian 1286 0 -1.8359074609563941 137.24255 789.17035 191.71526 906.4765 1.5788243378090612 0.5716601442290415 0.5483489224900954 -11.525125743759835 3.9983870132578376 21.630894774856916 -2.325456132134931 1
Pedestrian 1283 0 -1.9858997965240652 0.0 779.72974 67.05587 914.6128 1.827446289952874 0.8006623859434203 0.8037501770291594 -13.833199678301977 4.172900029456411 22.096731014836294 -2.545238895687228 1
Pedestrian 1578 0 -0.6663632092955305 899.6714 664.67566 1022.723 965.4047 1.7921336155329401 0.5661709897896274 0.5391335837493839 -0.0027686662659696243 2.052635239940301 9.404061537639757 -0.6666576210425075 1
rider 1284 0 2.784503176538438 419.02515 763.20874 483.79373 856.5422 1.5610013507159515 0.7482081917816584 0.9156853592642129 -9.310545132863366 4.14030931221889 27.3085870247995 -3.8272615310834075 1
bicycle_rack 904 2 0.07698044578284569 93.00234 808.07166 178.45029 860.946 1.128913921357394 1.261692953763781 1.887915135105679 -21.82259869459918 6.0953308401084065 39.58136353834844 -0.426887287133942 1
bicycle_rack 905 2 -0.2541355844215074 68.69836 790.07837 164.55698 848.2528 1.3774111497121906 1.170267810626674 2.1935064082398226 -24.449864152113598 6.291722243516751 43.30856802244536 -0.7680811620155312 1
