bicycle 1278 1 1.7665442901751465 87.483894 819.08124 146.21872 914.76324 1.2122638128263845 0.494576658660347 1.5621545231418885 -13.022690952883906 4.317072276082878 23.09165907520911 1.2530491062623295 1
bicycle 1279 2 1.7779961536362778 57.753597 812.66644 129.66357 918.6492 1.2122638128263845 0.5507674276668941 1.618345292148431 -12.15572777074548 3.9549438294011177 20.988933900423515 1.2530491062623295 1
bicycle 1577 1 -2.327640005109272 1413.8064 735.42694 1898.9657 1129.6072 1.13998600100689 0.43245508092813184 2.0566654496858656 2.62036101559864 1.6567329298382723 5.950221383680812 -1.912814455419957 1
bicycle 1280 0 1.2716049498021962 888.8085 779.8388 1015.5586 935.29663 1.1979619011479958 0.730279811631104 1.7476391972716652 -0.11781431585763844 2.782261858678225 14.347905716814152 1.2633938791118422 1
bicycle_rack 1288 0 -1.3195128797515334 0.0 818.5202 64.58982 946.9321 1.2122638128263845 0.8541975803022329 1.618345292148431 -11.331235774001842 3.6259245705281726 17.74004346788362 -1.8879301037961955 1
Pedestrian 1281 0 -1.7223383123056233 460.41238 777.52094 510.11005 906.1596 1.6472652998373682 0.5410931933935056 0.8168404829396929 -6.621429629277986 3.8186121092160246 20.789487470382934 -2.0306790308990865 1
Pedestrian 1291 0 1.0828475574648806 295.2172 799.2453 348.0661 888.16455 1.4781146284465816 0.590235826743303 0.7718438584731715 -11.626415942115075 4.702187504328881 27.182255756842117 0.6786746342760388 1
Pedestrian 1282 1 -2.5980428710985537 397.14145 782.7013 456.6223 899.00653 1.7293975130100758 0.558768005514429 0.6911311517055576 -8.39668451321547 4.246292204701094 23.509160937295412 -2.941087771513372 1
Pedestrian 1578 0 -0.8261108935103447 1520.9529 584.9328 1765.9271 1087.9014 1.7921336155329401 0.666424684787938 0.5391335837493839 2.602028904799693 1.649740599915562 5.740469350782539 -0.40053426307981455 1
rider 1284 1 2.5485816228983875 632.39343 759.98804 720.3917 874.60785 1.5610013507159515 0.7482081917816584 1.0653704239496102 -4.2863063982745135 3.6530039768023657 22.517733541840265 -3.9227058065276053 1
Cyclist 1285 1 2.540611722257253 611.05774 757.49994 747.1088 892.1102 1.7758425867201173 0.7866340617200843 1.9052834085018309 -4.238428922575611 3.8604478434962286 22.557304163707833 -3.9283041311743068 1
Pedestrian 900 0 -1.5087551230731195 707.42664 748.87476 769.3866 931.133 1.8044109493458456 0.6038191645139069 0.4644384748081561 -2.291575866456457 3.103482952090072 15.412621738954787 -1.6563555986502743 1
Pedestrian 899 0 -1.5580857092730378 676.8933 771.3081 727.43567 938.18097 1.5625049765867858 0.48789231662075677 0.6243926613968119 -2.58689026847723 3.0609104165936403 14.958072674004258 -1.7293345649457104 1
Pedestrian 1286 0 -1.838259042098207 498.98932 776.17413 547.3777 898.868 1.6597095243027513 0.5716601442290415 0.42550770813411953 -6.26281836063895 3.855667691233685 21.377154479475976 -2.1232518750362663 1
Pedestrian 1283 0 -1.9323011185814734 367.28232 773.7685 432.26312 906.11597 1.827446289952874 0.6722838379888998 0.7909123222337118 -8.387989673811765 4.102612233081527 22.335769919975053 -2.291545703801737 1
bicycle 1287 1 -1.4690281511499204 352.26917 811.35547 387.9357 895.96124 1.2161208529777512 0.40147256538148984 1.8968940340815925 -10.553863732985498 4.669142199584196 26.727038207321158 -1.8451094257322316 1
bicycle 902 1 -0.24258768963582605 528.3634 808.8157 600.3155 853.7868 1.128913921357394 0.49356605157851924 1.9809716485833306 -11.646073726616931 6.613257124862768 43.900853460883894 -0.501896206483817 1
bicycle_rack 1289 2 -1.305049269919941 0.0 819.1837 42.276382 960.8994 1.2122638128263845 0.9216265031100859 1.618345292148431 -10.705563087732997 3.436508432810731 16.207735031433074 -1.8887856945575903 1
bicycle_rack 904 1 0.09129916351673639 537.61835 794.8939 613.4058 843.80835 1.128913921357394 1.261692953763781 1.887915135105679 -10.470424715636167 5.839647443207375 40.666467323635196 -0.16069831441245364 1
bicycle_rack 905 2 -0.24038272757248152 519.4974 786.0443 602.5177 840.6289 1.3774111497121906 1.170267810626674 2.1935064082398226 -12.02310393655284 6.330261778379901 44.922205453032625 -0.501896206483817 1
