bicycle 1278 1 1.7541284495372775 0.0 825.8373 31.968872 922.25006 1.2122638128263845 0.494576658660347 1.5621545231418885 -14.749870070331383 4.415719603457707 23.024442204617593 1.1843770222021162 1
bicycle 1279 2 1.763821184841815 0.0 822.5473 17.504091 929.37634 1.2122638128263845 0.5507674276668941 1.618345292148431 -13.729354146563955 4.098018873614628 20.980888067495357 1.1843770222021162 1
bicycle 1577 1 -2.2669531278746438 1236.364 750.03033 1609.5933 1078.8055 1.13998600100689 0.43245508092813184 2.0566654496858656 2.0536296010632147 1.8116544947213151 6.997894503247346 -1.9815034649381797 1
bicycle 1280 0 1.281788639518474 774.5298 786.1057 892.21436 932.0664 1.1979619011479958 0.730279811631104 1.7476391972716652 -1.3362979851750332 2.9506876791310885 15.312371625325179 1.1947400058212274 1
Pedestrian 1286 0 -2.011532495477159 406.20877 785.404 466.59872 905.6133 1.605112569077258 0.5716601442290415 0.7215325507236285 -7.598991917960019 3.977695510829536 21.64799638205728 -2.3491203271854872 1
Pedestrian 1281 0 -1.7372932773663892 372.57767 787.71747 417.38513 912.3288 1.6472652998373682 0.5132953616283373 0.49846001628973813 -7.958767889880775 3.972745419579966 21.01422204943254 -2.0993322140827524 1
Pedestrian 1291 0 1.0748291959078609 184.12021 804.4708 238.53355 893.18646 1.4781146284465816 0.590235826743303 0.7718438584731715 -13.66672897707075 4.806303428831093 27.253618373849157 0.6100104720548778 1
Pedestrian 1282 1 -2.3399879345814174 297.84857 792.95013 356.88416 907.03845 1.6725081373679398 0.6014350372460457 0.6057970882423565 -9.950587233564555 4.355723990231416 23.48214654640372 -2.740800342222532 1
Pedestrian 647 1 -1.039409924090016 1639.3373 551.1763 1935.0 1197.6984 1.756966257618769 0.6995547708221831 0.5905907190300241 2.5479917599607873 1.5566281640189321 4.514759173213039 -0.5256015476856037 1
Cyclist 1285 2 2.6899186423219903 567.66425 762.2013 695.2525 886.23376 1.7758425867201173 0.6868313615554578 1.9052834085018309 -5.317902947917698 4.0743817967067715 24.174872884526504 -3.8097945160593776 1
Pedestrian 900 0 -1.528002595282266 600.0704 752.6576 672.85565 931.90735 1.8044109493458456 0.7305794741677909 0.49544941838976525 -3.4235173790495748 3.1801151641031233 15.796661804239289 -1.7414260988567105 1
Pedestrian 899 0 -1.5621621871749551 575.7842 778.296 627.4446 938.10394 1.5625049765867858 0.5098455878242667 0.4168138186852528 -3.6965466625590455 3.167090339085326 15.382323804245942 -1.798001519343159 1
Pedestrian 1283 0 -1.9143274254080842 284.35147 781.30206 346.49948 911.4882 1.827446289952874 0.749310966761613 0.4442902427565076 -9.678297148318036 4.215453658179172 22.414736343961085 -2.3219290915924 1
rider 1284 2 2.6776306770527416 583.7756 763.9927 664.60187 870.6228 1.5610013507159515 0.7107869256103051 1.0653704239496102 -5.431157540473945 3.859804468577795 24.102728138676667 -3.8271866950622933 1
bicycle 1287 1 -1.4763972015484783 243.55118 820.538 279.21777 905.4361 1.2161208529777512 0.40147256538148984 1.8968940340815925 -12.535931564128772 4.849218360648269 26.810324838866308 -1.9137728707226356 1
bicycle_rack 904 2 0.08898563746222254 429.11258 806.6334 506.22397 856.5278 1.128913921357394 1.261692953763781 1.887915135105679 -13.413729261243946 6.176246844706817 40.704216718795855 -0.22934840765055653 1
bicycle_rack 905 2 -0.24235358644981886 409.48227 804.2597 494.4444 860.26074 1.3774111497121906 1.170267810626674 2.1935064082398226 -15.260248235957016 6.882731600675054 44.81652718775062 -0.5705446276835917 1
Pedestrian 1578 0 -0.7563468387943479 1303.2092 620.87537 1508.9727 1040.5369 1.7921336155329401 0.7424279433288452 0.5391335837493839 2.019909803337323 1.77496412189142 6.8392758105109746 -0.46917099531927176 1
