Car 1274 1 1.9220858545016513 0.0 805.3923 163.21265 902.73224 1.5100621205621856 1.9855004361294726 4.742188006141902 -20.58075165488355 6.039904724129993 35.02063826624318 1.390778189946531 1
Car 1275 1 1.868320635213773 119.89928 801.5796 247.71312 888.1657 1.6814582358778358 1.8477511411783378 4.742188006141902 -21.59024658244675 6.907370141487581 41.73452568492467 1.39091054906467 1
Car 1276 1 2.0278329037583864 0.0 802.65735 42.473843 904.23987 1.6551735065421127 1.8850183896959616 4.280035668227404 -23.210714403909538 6.021010957313165 34.481177005358276 1.4353610450741758 1
bicycle 1277 2 -1.550038898987794 636.49835 796.285 664.2657 864.25354 1.3787661516467253 0.6267006409502863 2.085338704738619 -7.656293940949053 5.7291502456865455 36.877221688022786 -1.7547465054102178 1
bicycle 1280 0 1.2099654371463706 1216.8818 773.0143 1410.9766 991.7053 1.1979619011479958 0.730279811631104 1.7476391972716652 2.38672215448261 2.313280116680997 10.345953770070116 1.4366903512604612 1
Pedestrian 1286 1 -1.6906385303572629 675.8967 770.33527 727.4605 908.8113 1.6597095243027513 0.5716601442290415 0.7215325507236285 -3.346141399028974 3.5734678764366317 19.25031096676834 -1.8627416710548508 1
Pedestrian 1281 2 -1.7864076522638979 617.43 773.49677 681.1484 913.9947 1.6472652998373682 0.6630152852603963 0.6542776937838379 -3.9434599992021684 3.5670606868967805 18.886047558536596 -1.9922529570428782 1
Pedestrian 1282 2 -2.6167340161144277 561.62146 772.8833 626.35815 898.9403 1.7293975130100758 0.5303233176933844 0.7480205273476992 -5.33107832627538 3.9142922063993937 21.719796911914287 -2.857423773036582 1
Pedestrian 1283 0 -2.006011926674231 545.8071 768.0003 614.36633 907.2004 1.767331551916731 0.6315689468305007 0.8071170110026463 -5.241331804013122 3.7830812463153114 20.55266007415599 -2.2557093407804043 1
Cyclist 1285 0 2.3198877312467956 575.09344 753.1422 750.57294 948.59216 1.7758425867201173 0.7242573741171893 1.9052834085018309 -3.1369869157948087 3.225302979829665 15.901426433821218 -4.15807357419683 1
Pedestrian 900 1 -1.4828562558277478 931.3345 741.1964 1018.72125 954.51935 1.8044109493458456 0.7305794741677909 0.5715056041820921 0.1297727548821759 2.865059889752369 13.318507362526933 -1.4731127729700026 1
Pedestrian 899 0 -1.5384428632537748 930.68195 763.65247 998.10516 958.9409 1.5625049765867858 0.5537521302312913 0.5969683395063838 0.033034672417452546 2.770455332032989 12.71088496892111 -1.5358439412965879 1
rider 1284 0 2.325317479410682 601.3332 756.38885 719.6045 920.4178 1.5610013507159515 0.6883341659074992 1.0653704239496102 -3.1839800447415905 3.013271417146594 15.882564047420912 -4.155715416917943 1
bicycle 1287 2 -1.4423521247608713 591.09375 801.26526 631.3375 892.9664 1.2161208529777512 0.40147256538148984 1.8968940340815925 -5.722889514787918 4.2196946956522865 24.504011937128283 -1.6717886579525876 1
bicycle 1278 1 1.8172562346221968 311.14404 809.2089 376.46536 912.00305 1.2122638128263845 0.494576658660347 1.5621545231418885 -8.79522057324946 3.9425423866494564 21.344244861692 1.4263922849274682 1
bicycle 1279 1 1.8363175709248958 268.76614 808.3 350.49612 924.3872 1.2122638128263845 0.5507674276668941 1.618345292148431 -8.305196784809208 3.659283557554481 19.112512779082213 1.4263922849274682 1
bicycle 902 1 -0.23739867395383582 787.62366 784.2338 861.1946 829.5811 1.128913921357394 0.49356605157851924 1.9809716485833306 -3.811511478840221 5.62773001968724 41.670486075751796 -0.32861275295095393 1
bicycle_rack 1288 0 -1.2458843979726273 129.51016 811.2496 270.78152 954.289 1.2122638128263845 0.8541975803022329 1.618345292148431 -7.991780444117112 3.2863542076935905 15.782323593163948 -1.7146193106322998 1
bicycle_rack 1289 0 -1.2174631749661904 57.007175 811.9065 228.93916 972.71094 1.2122638128263845 0.9216265031100859 1.618345292148431 -7.697213596123297 3.091180106073227 14.158005705862516 -1.7154297329901353 1
bicycle_rack 1290 1 -1.17831082986374 0.0 816.401 173.35788 1001.6623 1.2122638128263845 1.0340080411231782 1.618345292148431 -7.4263513665840115 2.9212598881612304 12.470363419685011 -1.7154297329901353 1
bicycle_rack 904 1 0.0970496776768632 794.6965 797.2905 873.3618 848.1534 1.128913921357394 1.261692953763781 1.887915135105679 -3.233287869008497 5.605649293133963 38.19158687812921 0.012591382695665176 1
bicycle_rack 905 1 -0.23454508216178338 778.0139 789.0921 862.7448 845.58905 1.3774111497121906 1.170267810626674 2.1935064082398226 -4.023320348021586 6.159241053886385 42.644260461751024 -0.32861275295095393 1
Pedestrian 1291 1 1.1227265040971575 519.14795 788.3723 573.5072 886.0592 1.4781146284465816 0.590235826743303 0.7718438584731715 -6.865039604834165 4.235048240952549 24.735427358697468 0.8520015723159018 1
