Car 1274 1 1.9190479882913765 0.0 807.28064 161.30768 904.4267 1.5100621205621856 1.9855004361294726 4.742188006141902 -20.712430483649765 6.108527692123221 35.192705520708124 1.3870951366478992 1
Car 1275 1 1.8657405889956387 118.48815 807.88293 245.05704 894.63995 1.6814582358778358 1.8477511411783378 4.742188006141902 -21.801716280369842 7.130119857035889 42.029493973824394 1.387226059955005 1
Car 1276 1 2.0208149754658065 0.0 802.4979 47.404152 902.00165 1.6551735065421127 1.8850183896959616 4.280035668227404 -23.496490880612185 6.097775101768763 35.15817298435713 1.4316768735470853 1
bicycle 1277 2 -1.5507191982993827 631.87756 796.2208 659.5164 863.96967 1.3787661516467253 0.6267006409502863 2.085338704738619 -7.7964668210121575 5.7409247295371895 36.99380265915076 -1.7584301990264788 1
bicycle 1279 1 1.8336914883559334 267.29932 806.6904 348.25165 921.9076 1.2122638128263845 0.5507674276668941 1.618345292148431 -8.380182050602631 3.652083913118118 19.229374389797268 1.422707918048892 1
bicycle 1280 0 1.2184682394962225 1201.1814 772.1554 1387.3037 983.72235 1.1979619011479958 0.730279811631104 1.7476391972716652 2.3223461001543 2.33765197163133 10.658243632724083 1.433006981454679 1
bicycle_rack 1288 0 -1.2492237160414794 129.63257 813.7912 269.48596 956.0997 1.2122638128263845 0.8541975803022329 1.618345292148431 -8.055137531284569 3.328872401198435 15.893860022087804 -1.7183029864579744 1
bicycle_rack 1289 0 -1.2215456946554937 58.892853 811.7483 228.7896 971.1854 1.2122638128263845 0.9216265031100859 1.618345292148431 -7.7531555912612244 3.1042936039837175 14.274435140392843 -1.719114372654355 1
bicycle_rack 1290 1 -1.1833384951793402 0.0 813.96185 174.70747 997.02313 1.2122638128263845 1.0340080411231782 1.618345292148431 -7.475204816040414 2.914906859815184 12.59083280518837 -1.719114372654355 1
Pedestrian 1286 2 -1.6964156308997365 679.12823 766.4009 730.67035 903.9014 1.6597095243027513 0.5716601442290415 0.7215325507236285 -3.3236796523747167 3.5322563528968196 19.361271805819047 -1.866424925643683 1
Pedestrian 1281 2 -1.6861835634922682 619.0018 772.924 677.69916 913.9574 1.6472652998373682 0.6359214870677545 0.8710280793249787 -3.9942162593568673 3.5846851973823237 19.05923158546836 -1.8927625319557986 1
Pedestrian 1282 2 -2.6207971912353107 557.44543 776.9791 631.66406 905.73096 1.7293975130100758 0.7721031641724495 0.7622428712582294 -5.312062583214204 3.9835761657397266 21.68935737783564 -2.8609848681196324 1
Pedestrian 1283 0 -2.0092323768875007 545.6358 768.5199 612.8836 906.1435 1.7673315519167316 0.664789978389989 0.7063656026772511 -5.288734893869989 3.8016748403518625 20.698446561915357 -2.2593935543286956 1
Pedestrian 899 0 -1.5389326616840766 923.9717 764.28644 995.62445 956.126 1.5625049765867858 0.596509512439735 0.43417866567312013 -0.00758129175993736 2.7706609450135598 12.735549010887734 -1.5395279474356325 1
Cyclist 1285 0 2.3048049626295857 596.6873 753.64886 763.5139 942.73206 1.7758425867201173 0.6993066990760302 1.9052834085018309 -3.047418551644476 3.273026830887969 16.394967117679265 -4.162158260429827 1
Pedestrian 900 1 -1.4842956146780577 928.6811 738.0127 1014.9631 949.27234 1.8044109493458456 0.7305794741677909 0.4827733874243777 0.10006170953369464 2.834348878250888 13.34177282539452 -1.4767958742156058 1
rider 1284 0 2.310385264618833 620.57104 756.80365 735.39874 916.2016 1.5610013507159515 0.6958184191417707 1.0653704239496102 -3.083771085898572 3.057840837006804 16.333991186371897 -4.159398434817132 1
bicycle 1287 2 -1.4433956792336968 587.0767 805.68744 627.0393 897.3147 1.2161208529777512 0.40147256538148984 1.8968940340815925 -5.818071969007435 4.30881644131881 24.617886290164197 -1.6754725426496557 1
bicycle 1278 1 1.8150157494177603 308.90277 809.09393 373.68365 911.33026 1.2122638128263845 0.494576658660347 1.5621545231418885 -8.877806254895056 3.954743452645764 21.45666085385251 1.422707918048892 1
bicycle 902 1 -0.2376253189491639 782.5099 784.1959 855.8747 829.4266 1.128913921357394 0.49356605157851924 1.9809716485833306 -3.969196835258879 5.640909907439547 41.80108677062662 -0.3322958660022639 1
bicycle_rack 904 1 0.09682975124385144 789.6082 797.24207 868.01544 847.8879 1.128913921357394 1.261692953763781 1.887915135105679 -3.378246909329676 5.619291393238767 38.32432382881434 0.008908107116072594 1
bicycle_rack 905 1 -0.23477148765063202 772.9033 789.0383 857.4099 845.3863 1.3774111497121906 1.170267810626674 2.1935064082398226 -4.184794285640363 6.172269697162146 42.77411184066411 -0.3322958660022639 1
Pedestrian 1291 0 1.1190110014203314 519.45056 788.65546 573.29767 885.2289 1.4781146284465816 0.590235826743303 0.7718438584731715 -6.942438508865597 4.270682233833551 25.017353695169728 0.8483174894157015 1
