Car 1274 1 1.9253487297344942 0.0 805.59845 173.2448 903.2595 1.5100621205621856 1.9855004361294726 4.742188006141902 -20.284865856373983 6.0303013546661735 34.902905567700955 1.3988825220301924 1
Car 1275 1 1.8705779870412858 130.85855 801.8283 258.8564 888.5481 1.6814582358778358 1.8477511411783378 4.742188006141902 -21.247752645541947 6.906380039187421 41.66798633251441 1.3990180409433166 1
Car 1276 1 2.037956842222268 0.0 802.9007 40.77636 906.8149 1.6551735065421127 1.8850183896959616 4.280035668227404 -22.814197939622034 5.938728571867297 33.744982925776746 1.4434678372557315 1
bicycle 1277 2 -1.5488449396253372 647.1377 796.4353 675.1479 864.85297 1.3787661516467253 0.6267006409502863 2.085338704738619 -7.343468904728386 5.705765297475098 36.64107455320682 -1.7466407641301656 1
bicycle 1278 1 1.8215706380209447 317.21432 807.41345 383.582 911.1638 1.2122638128263845 0.494576658660347 1.5621545231418885 -8.610074061658267 3.8886866124776396 21.122004447327246 1.4344995070896114 1
bicycle 1279 1 1.8413311084101323 273.475 803.99164 356.67102 921.07184 1.2122638128263845 0.5507674276668941 1.618345292148431 -8.139313668588457 3.5750501468804203 18.89044042909369 1.4344995070896114 1
bicycle 1280 0 1.1951834352531336 1248.0433 773.1603 1453.9402 1000.9632 1.1979619011479958 0.730279811631104 1.7476391972716652 2.540427470935211 2.2764359121295974 9.965250729212633 1.4447953795432507 1
bicycle_rack 1288 0 -1.238845932679646 129.87186 813.4042 274.1672 958.89575 1.2122638128263845 0.8541975803022329 1.618345292148431 -7.851958958050197 3.2803981364552075 15.547348892187802 -1.7065136089615258 1
bicycle_rack 1289 0 -1.2092786514113336 54.586674 813.27527 230.66086 977.05664 1.2122638128263845 0.9216265031100859 1.618345292148431 -7.570156263965891 3.0748229432078285 13.921755814147858 -1.7073219106276605 1
bicycle_rack 1290 2 -1.168476490236237 0.0 818.0106 172.5712 1007.2445 1.2122638128263845 1.0340080411231782 1.618345292148431 -7.313045965900754 2.904428115186475 12.23201156984545 -1.7073219106276611 1
Pedestrian 1286 0 -1.6842354892444695 679.01965 771.74036 729.404 909.827 1.6597095243027513 0.5716601442290415 0.5850401626598896 -3.2870347159399027 3.5709110223897307 19.10288312617239 -1.8546368953353685 1
Pedestrian 1281 2 -1.8331957490200146 617.1108 773.39764 682.6874 915.80914 1.6472652998373682 0.6359214870677591 0.7355590883617649 -3.908699976154154 3.556323935428287 18.753294310986345 -2.038681269894154 1
Pedestrian 1282 2 -2.6185873320974387 572.386 772.64355 646.7237 902.4651 1.7293975130100758 0.7294361324408465 0.7764652151687664 -5.0347471997503055 3.8924012112406827 21.432335681707748 -2.8493174156748053 1
Pedestrian 1283 1 -2.003546787077242 548.37494 770.56024 629.48944 909.5201 1.7237286261355753 0.7549620854442023 0.9258633593289788 -5.0825780899217055 3.768958748183748 20.400129644109967 -2.2477200190184323 1
Cyclist 1285 0 2.335706491946713 551.0943 751.63293 736.9135 955.0237 1.7758425867201173 0.7492080491583472 1.9052834085018309 -3.2118782042295737 3.1592915704269515 15.31794162302704 -4.154165268886359 1
Pedestrian 900 2 -1.532552635413521 942.6885 740.03284 1028.9664 958.5645 1.8044109493458456 0.7305794741677909 0.7616460686629147 0.2266394791462933 2.8492507656886334 13.170535290135588 -1.5153462647171962 1
Pedestrian 899 0 -1.5397904013137849 944.23987 763.2389 1012.772 962.18524 1.5625049765867858 0.5537521302312893 0.6019480337002263 0.15057966664285483 2.7470946668542124 12.49264111693808 -1.5277375156597124 1
bicycle 1287 2 -1.4400259416764998 599.84454 809.42523 640.7505 902.8416 1.2161208529777512 0.40147256538148984 1.8968940340815925 -5.512724834196286 4.3254558797746565 24.235807323046913 -1.6636824973186173 1
bicycle 902 1 -0.23713496284856944 799.2371 783.205 873.2249 828.755 1.128913921357394 0.49356605157851924 1.9809716485833306 -3.4602752543810444 5.570070956052703 41.40717725584946 -0.3205082855327044 1
bicycle_rack 904 1 0.0972906788844753 806.2707 797.4049 885.4596 848.72296 1.128913921357394 1.261692953763781 1.887915135105679 -2.910142291971425 5.578144081248812 37.91982896493387 0.020696212217177434 1
bicycle_rack 905 1 -0.234265058978476 789.58923 789.6652 874.78796 846.4869 1.3774111497121906 1.170267810626674 2.1935064082398226 -3.6638215622975756 6.145730271847561 42.37704797532754 -0.3205082855327044 1
Pedestrian 1291 1 1.1252706205223393 527.9085 788.4167 582.64996 887.09406 1.4781146284465816 0.590235826743303 0.7718438584731715 -6.651382180808902 4.209370290804542 24.4935059557335 0.8601081794937437 1
rider 1284 0 2.352951302088067 578.26654 754.96173 706.1543 925.5559 1.5610013507159515 0.7482081917816584 1.0653704239496102 -3.259430339481149 2.9505489828272564 15.326309017693893 -4.139781061271648 1
