Car 1274 1 1.9384782102981712 27.622534 802.552 207.65799 902.1269 1.5100621205621856 1.9855004361294726 4.742188006141902 -19.056064853699382 5.8500954696264795 34.045312177572335 1.4281980871938709 1
Car 1275 1 1.8835958088764169 158.61407 799.05585 291.5769 888.0298 1.6814582358778358 1.8477511411783378 4.742188006141902 -19.79831590297381 6.679890464478534 40.44206582793711 1.4283450373855802 1
Car 1276 2 2.0895067006162025 0.0 798.072 7.954352 914.86444 1.6551735065421127 1.8850183896959616 4.280035668227404 -21.272338376254556 5.387070963616924 30.004971958672808 1.4727922932956963 1
bicycle 1277 2 -1.5433452710163251 683.3474 793.7553 712.6456 864.2936 1.3787661516467253 0.6267006409502863 2.085338704738619 -6.233173102315763 5.5049905982830145 35.46581353433858 -1.7173201003381662 1
bicycle 1278 1 1.8424680534165239 328.76254 799.03796 400.96945 908.0687 1.2122638128263845 0.494576658660347 1.5621545231418885 -7.955035791091943 3.63418751683679 19.995588143365072 1.4638255194823002 1
bicycle 1279 1 1.8663019931780382 276.6632 798.5639 368.28787 922.88495 1.2122638128263845 0.5507674276668941 1.618345292148431 -7.554879582612587 3.369979745189686 17.746313404920734 1.4638255194823002 1
bicycle 1280 0 1.1491246018868928 1348.0109 760.8434 1607.8844 1030.1177 1.1979619011479958 0.730279811631104 1.7476391972716652 2.8544841400628522 2.0503801897907046 8.471904627772634 1.4741134594723344 1
bicycle_rack 1288 0 -1.2043052435129815 110.818954 802.72076 272.03537 958.7986 1.2122638128263845 0.8541975803022329 1.618345292148431 -7.3681721415224155 3.0258706197909215 14.402093447615979 -1.6771930937163886 1
bicycle_rack 1289 0 -1.168525739608452 19.268507 806.3515 218.99823 984.5717 1.2122638128263845 0.9216265031100859 1.618345292148431 -7.131162260036909 2.864701238500361 12.764752175204567 -1.6779937282530866 1
bicycle_rack 1290 2 -1.1195690221578558 0.0 803.1795 147.80246 1010.58624 1.2122638128263845 1.0340080411231782 1.618345292148431 -6.9216001144817625 2.635546899848175 11.078863913968418 -1.6779937282530866 1
Pedestrian 1286 0 -1.6084777432314965 687.07 765.71704 737.005 903.9134 1.564164852658138 0.5716601442290415 0.7215325507236285 -3.033979065525323 3.3143164371040363 18.17496791277641 -1.7738843212812323 1
Pedestrian 1281 0 -1.8545216353334473 627.36194 763.6958 688.46533 911.44214 1.6472652998373682 0.5681869915861485 0.6000900973985477 -3.617256145574553 3.337990029310861 17.81856204551027 -2.0548048852550607 1
Pedestrian 1282 2 -2.5875922396759976 567.5156 756.79193 646.33075 890.7869 1.7293975130100758 0.7152137885303097 0.804909902989833 -4.895931986959385 3.5949850788835436 20.686002762423005 -2.8199942549934423 1
Pedestrian 1283 0 -1.7767887483741305 573.9217 752.2234 644.68475 902.2421 1.8124176054438388 0.7549620854442055 0.7615365815602246 -4.577103540962031 3.5096146629792333 19.428878598739225 -2.0081526398285754 1
rider 1284 0 2.342003530969222 429.8751 739.4788 592.1966 952.291 1.5610013507159515 0.7482081917816584 1.0653704239496102 -3.6897186674230458 2.5535941297800324 12.30949608825748 -4.2324052624781014 1
Cyclist 1285 0 2.338588671786745 399.07172 731.863 630.3961 986.2711 1.7758425867201173 0.6868313615554494 1.9052834085018309 -3.615501857753042 2.7263884502078417 12.285890328337812 -4.230798250255192 1
Pedestrian 900 1 -1.5312413369479365 980.227 722.7815 1074.1448 961.04114 1.8044109493458456 0.7305794741677909 0.9771385950745017 0.5550668394486055 2.641349419603757 12.268778547573225 -1.486029942250441 1
Pedestrian 899 0 -1.3045460959665625 1004.8602 748.4043 1098.4558 967.95593 1.5625049765867858 0.5976586726383113 0.5038716548896771 0.6906904114502774 2.5278417578207817 11.35395371618046 -1.2437883788868516 1
bicycle 1287 2 -1.430070893338042 628.48303 797.83356 672.5644 895.2705 1.2161208529777512 0.40147256538148984 1.8968940340815925 -4.771256647985727 3.990215899474996 23.02956287514627 -1.634360329707379 1
bicycle 902 1 -0.2359458027965359 840.4059 783.3469 916.6411 830.16254 1.128913921357394 0.49356605157851924 1.9809716485833306 -2.218057325794434 5.433654897693453 40.10760841983328 -0.29119218446453066 1
bicycle_rack 904 1 0.09817840883904089 847.6097 787.1938 929.46375 840.2552 1.128913921357394 1.261692953763781 1.887915135105679 -1.7659879744715856 5.178520120822167 36.63722364496764 0.05001367408294888 1
bicycle_rack 905 1 -0.23324615087808948 830.9784 779.0498 918.5825 836.94135 1.3774111497121906 1.170267810626674 2.1935064082398226 -2.3853462761870956 5.706205565855731 41.11887799374873 -0.29119218446453066 1
Pedestrian 1291 2 1.137428681977861 554.29486 779.67834 611.1958 883.1086 1.4781146284465816 0.590235826743303 0.7718438584731715 -5.902496275423003 3.9410649103045845 23.310769126931234 0.8894320821146713 1
