Car 1274 1 1.96034378487749 33.582985 796.53986 222.96399 898.2728 1.5100621205621856 1.9855004361294726 4.742188006141902 -18.225068922879405 5.581079117525534 32.99985582854004 1.4557539031836413 1
Car 1275 1 1.896120066277838 184.83359 799.2842 320.5148 889.26135 1.6814582358778358 1.8477511411783378 4.742188006141902 -18.81740518173861 6.626981267356807 39.949039926576944 1.455911593897671 1
Car 1521 2 1.8571435892288337 286.52167 796.2601 387.9758 869.48926 1.651034454765989 1.7200944152218205 4.61848759895026 -19.648850710418003 7.3427427638102944 47.28247553236435 1.4632931801745372 1
bicycle 1277 1 -1.5377327731817116 716.22516 788.56335 747.1101 861.6376 1.3787661516467253 0.6267006409502863 2.085338704738619 -5.2233809383010374 5.227376701345056 34.09320190888863 -1.6897594930423334 1
bicycle 1352 1 -1.541992501958515 720.0292 787.9507 756.1087 858.50934 1.3787661516467253 0.7904710778600554 2.3136745598300057 -5.350305157526241 5.428166605406012 35.94379814378964 -1.6897594930423334 1
bicycle 1280 0 1.0711127985562459 1491.1589 761.65015 1849.0006 1100.8026 1.1979619011479958 0.730279811631104 1.7476391972716652 3.17035932230201 1.9112001226869213 6.902625905278981 1.501671632722016 1
bicycle_rack 1288 0 -1.1614850317207495 68.224 801.2259 254.13579 973.8755 1.2122638128263845 0.8541975803022329 1.618345292148431 -6.933512525666378 2.8509094625567144 13.057189888264224 -1.6496326334822797 1
bicycle_rack 1289 1 -1.1175058325199898 0.0 806.10895 188.05385 1006.5263 1.2122638128263845 0.9216265031100859 1.618345292148431 -6.732404626498751 2.69751309591273 11.413824823445495 -1.6504260712718846 1
Pedestrian 1281 0 -1.6247839172641525 622.2418 768.5938 682.16394 926.2795 1.6472652998373682 0.6223745879714285 0.559449400109596 -3.4366217127869807 3.2769165879447026 16.609965133767076 -1.828806354012499 1
Pedestrian 1282 2 -2.5912844129398493 565.75836 759.97327 640.8558 900.4774 1.7293975130100758 0.558768005514442 0.7764652151687649 -4.672481301508773 3.528792995970634 19.53540011134351 -2.8260541174612075 1
Pedestrian 1283 1 -1.697781941382331 590.8637 754.5312 651.0481 908.7501 1.7823602364257674 0.6347326093719294 0.7755765142386255 -4.227045882979313 3.431620248354247 18.552549886118634 -1.9217995736543447 1
Pedestrian 1522 0 2.6861210098050265 1324.918 718.9698 1405.9088 869.56866 1.9987675652019106 0.6561004804229288 0.8873046486189164 5.604549222969016 3.3304407584235483 20.762663125609052 -3.333413956341137 1
Cyclist 1285 0 2.314792801922486 141.55284 717.3039 469.45816 1068.5908 1.7758425867201173 0.7242573741171927 1.9052834085018309 -3.911553344670635 2.40202170826546 9.114825342496932 -4.373766130770323 1
Pedestrian 900 0 -1.4976269392654808 1029.5132 723.18866 1129.1445 976.0467 1.8044109493458456 0.7052274122370165 0.7532412767331053 0.9128329048811986 2.5835876350702587 11.428814622701896 -1.4179249560959895 1
Pedestrian 899 0 -1.321180350144749 1096.8473 751.21765 1198.0198 995.3255 1.5625049765867858 0.5647287658330465 0.5955680388927858 1.2938346275855512 2.468585172195364 10.346337651899521 -1.1967737361042554 1
bicycle 1287 2 -1.41926004970713 652.2975 800.0489 700.53015 904.3282 1.2161208529777512 0.40147256538148984 1.8968940340815925 -4.099707045657703 3.858264114367293 21.60375439497386 -1.6067983284064253 1
bicycle 1278 1 1.8673224138443576 329.1845 798.6369 409.3991 915.6409 1.2122638128263845 0.494576658660347 1.5621545231418885 -7.366415184118984 3.4732608564830256 18.66320702085614 1.4913911395788424 1
bicycle 1279 2 1.8961488855314135 266.34323 794.06744 369.6314 928.4057 1.2122638128263845 0.5507674276668941 1.618345292148431 -7.030294650419466 3.162337826800463 16.41009562828841 1.4913911395788424 1
bicycle 902 1 -0.2357971491881811 880.05975 782.51874 959.1593 830.9181 1.128913921357394 0.49356605157851924 1.9809716485833306 -1.0751603254083197 5.250858055211122 38.61116743675877 -0.2636357937099958 1
bicycle_rack 904 1 0.09804706426862356 887.316 790.79004 972.6287 846.6166 1.128913921357394 1.261692953763781 1.887915135105679 -0.7191222758228764 5.102252947785238 35.1159465816808 0.07757141587676086 1
bicycle_rack 905 1 -0.23293072783154573 870.24756 783.15405 961.0715 843.2458 1.3774111497121906 1.170267810626674 2.1935064082398226 -1.2166259571886942 5.659226112658256 39.61051875124326 -0.2636357937099958 1
Pedestrian 1286 0 -1.6422399219312689 687.9057 764.7358 742.73584 919.6756 1.6597095243027513 0.5716601442290415 0.7215325507236285 -2.8323801782443776 3.3061668363402714 17.190118194045017 -1.8055406122497175 1
Pedestrian 1291 2 1.138541512175435 594.5287 776.47437 654.6772 886.5747 1.4781146284465816 0.590235826743303 0.7718438584731715 -4.9329205341361435 3.747154102036881 21.900448459156724 0.9169958856239591 1
rider 1284 0 2.3260841424311147 188.57 726.0114 418.33282 1017.50665 1.5610013507159515 0.7482081917816584 1.0653704239496102 -3.961451640303665 2.2167942191523347 9.071418889504365 -4.368836509274898 1
