Car 1274 1 1.9709746960385526 36.649876 803.4848 232.19247 908.7896 1.5100621205621856 1.9855004361294726 4.742188006141902 -17.66771033134116 5.654450143681098 32.245146776520336 1.4697310208513152 1
Car 1275 1 1.9034016757125147 195.09138 800.1206 334.31012 892.0481 1.6814582358778358 1.8477511411783378 4.742188006141902 -18.123292757576785 6.556451818191357 39.15390807668814 1.4698941551085722 1
Car 1521 1 1.8642520857950415 297.32996 804.144 401.024 879.321 1.651034454765989 1.7200944152218205 4.61848759895026 -18.97856849800126 7.518145070548747 46.56989389657364 1.477272342937856 1
bicycle 1277 1 -1.5339539707463654 731.159 787.32263 763.28754 862.5631 1.3787661516467253 0.6267006409502863 2.085338704738619 -4.725125487340949 5.0892377561550335 33.09267953750463 -1.6757799467443408 1
bicycle 1352 1 -1.5385483414126866 735.4104 787.84705 772.81146 860.45 1.3787661516467253 0.7904710778600554 2.3136745598300057 -4.8254462111485035 5.316008158381635 34.941778459698554 -1.6757799467443408 1
bicycle 1279 1 1.93170989167537 220.82729 800.693 337.02438 944.93317 1.2122638128263845 0.5507674276668941 1.618345292148431 -6.997390953668424 3.1203389109961264 15.406152130992474 1.505373221815515 1
bicycle 1280 1 1.0048279793247739 1600.0098 751.31165 1935.0 1160.158 1.1979619011479958 0.730279811631104 1.7476391972716652 3.265389332861142 1.7659450756333954 5.826491550189482 1.5156499430574777 1
Pedestrian 900 0 -1.518915209211052 1064.2299 714.696 1171.1433 981.3728 1.8044109493458456 0.7305794741677909 0.5302286733316842 1.1214813234942473 2.463217739946491 10.65242824244115 -1.414022199937505 1
Pedestrian 1286 0 -1.8627499943689456 674.31573 768.20795 744.5708 925.80237 1.6051125690772583 0.5716601442290415 0.7611332720166805 -2.791997226377637 3.235958428698554 16.550144688015827 -2.0298756797417967 1
Pedestrian 1281 0 -1.6302139746605173 621.3444 769.94214 681.8284 937.30835 1.6472652998373682 0.5866613571992623 0.7491059874580887 -3.301758262520691 3.2334867533777256 15.916298817981694 -1.8347579316320335 1
Pedestrian 1291 2 1.147938988205651 600.4913 775.5053 663.15674 890.9862 1.4781146284465816 0.590235826743303 0.7718438584731715 -4.605781071330229 3.6313228020034414 20.89438384625242 0.9309771090850489 1
Pedestrian 1282 1 -1.9242208826725145 556.9832 757.0229 618.7633 908.2328 1.7702046835903074 0.5161009737828486 0.7764652151687653 -4.694773576127109 3.4713478746583397 18.788116726043402 -2.169086549765423 1
Pedestrian 1522 0 2.6862491470556265 1340.0852 707.2433 1436.2745 870.16003 1.9987675652019106 0.9176656010477193 0.8873046486189164 5.529863543935782 3.0969409338355316 19.41330369321657 -3.319436502966041 1
Pedestrian 1523 0 2.6434196422306826 1407.9202 734.13776 1468.7104 873.9499 1.718078967098104 0.5740428227460238 0.5353975021454073 6.1291023884669755 3.146984378003233 19.228702157830956 -3.331199212842109 1
rider 1284 1 2.258416306157968 0.0 696.64795 198.41116 1104.5503 1.5610013507159515 0.7482081917816584 1.0653704239496102 -4.00443875611109 1.9008585232123414 6.504936406935434 -4.5765801810053475 1
Cyclist 1285 1 2.2497039798062097 0.0 691.6529 261.61682 1194.087 1.7758425867201173 0.811584736761246 1.9052834085018309 -4.006462146937571 2.112646679972123 6.547830114359266 -4.5825876757228 1
Pedestrian 899 0 -1.4012871222245804 1174.6062 733.7945 1285.2598 997.7902 1.5625049765867858 0.6196119438418243 0.4496754358892484 1.697941419816876 2.2722389642415033 9.429606004125338 -1.2231312847367555 1
Pedestrian 1283 1 -1.6567112419048282 580.35406 756.7392 640.26654 912.6999 1.7431965332542043 0.6467950383890717 0.5015845928353003 -4.139587721949734 3.32713496865029 17.627256895929108 -1.8873717163138781 1
bicycle 1287 1 -1.411383747222033 659.9191 800.20044 711.5441 909.8433 1.2161208529777512 0.40147256538148984 1.8968940340815925 -3.7765622134493015 3.7409774209551725 20.586133786023556 -1.592818082593382 1
bicycle 1278 0 1.8865415314023313 316.3739 804.1831 403.57584 928.4217 1.2122638128263845 0.494576658660347 1.5621545231418885 -7.087120055221843 3.427705283272683 17.683845159719567 1.505373221815515 1
bicycle 902 1 -0.23579399437795526 899.8265 797.2095 981.2361 847.3166 1.128913921357394 0.49356605157851924 1.9809716485833306 -0.5200106579734912 5.506085302753041 37.504599425830875 -0.249658356258867 1
bicycle_rack 1288 1 -1.1250847063966236 11.350955 800.987 221.38686 989.0092 1.2122638128263845 0.8541975803022329 1.618345292148431 -6.744463729855543 2.7284767145462077 12.041421625171445 -1.6356531644878813 1
bicycle_rack 1289 2 -1.0749903930978424 0.0 806.62524 144.53452 1027.2842 1.2122638128263845 0.9216265031100859 1.618345292148431 -6.562262989106538 2.581906085390124 10.433266899179605 -1.6364429574268475 1
bicycle_rack 904 1 0.09769572143603525 907.40857 790.30084 995.35376 848.0322 1.128913921357394 1.261692953763781 1.887915135105679 -0.20929152684736158 4.97422923603998 34.05199474823455 0.09154956485865462 1
bicycle_rack 905 1 -0.23292975097563803 889.972 781.996 983.25024 843.5893 1.3774111497121906 1.170267810626674 2.1935064082398226 -0.645045164653725 5.515755652933529 38.55581391619175 -0.249658356258867 1
