Car 1274 1 2.0229214851255355 0.0 791.09143 206.38644 907.2156 1.5100621205621856 1.9855004361294726 4.742188006141902 -16.61662706098617 4.987075191747374 28.851971352693102 1.5003908776935733 1
Car 1275 1 1.9394751274506645 174.58798 787.39795 333.14203 886.03455 1.6814582358778358 1.8477511411783378 4.742188006141902 -16.867467082676548 5.849818982690916 35.930377876897666 1.5005659360627677 1
Car 1520 1 2.0349039979960715 35.66384 741.0918 251.48659 877.8117 2.684294108656008 2.430855696444777 5.567431363767523 -20.015319117500294 5.776628688584474 36.97789190751836 1.5387817982362733 1
Car 1521 1 1.8955063210913246 289.53262 790.29047 405.72818 869.7068 1.651034454765989 1.7200944152218205 4.61848759895026 -17.664997049359503 6.697834409721533 43.273573431972295 1.5079366784884272 1
bicycle 1277 1 -1.522882859871367 758.41125 781.6844 795.3868 865.57196 1.3787661516467253 0.6267006409502863 2.085338704738619 -3.6381753884227734 4.59524535733139 29.616148870651635 -1.6451147692980772 1
bicycle 1352 1 -1.5266318359994382 761.0734 781.54456 803.8216 861.8747 1.3787661516467253 0.7904710778600554 2.3136745598300057 -3.7455624665482183 4.798564124990904 31.464607988485973 -1.6451147692980772 1
Pedestrian 900 0 -1.5535310212930395 1209.362 687.4716 1348.0469 1033.2443 1.8044109493458456 0.7305794741677909 0.7730506935502636 1.7922943013806545 2.176302140309143 8.428897315776782 -1.3440146801876642 1
Pedestrian 1286 0 -2.4533711717537976 620.2312 746.1097 699.8957 935.43945 1.6597095243027513 0.46246623377805507 0.557741685047146 -2.79249486773869 2.8114281274897706 13.8740644495435 -2.651991875638379 1
Pedestrian 1281 0 -1.8356606588362918 555.86597 747.66235 643.5391 944.31116 1.6472652998373682 0.6408489535845487 0.5594494001095942 -3.2485785345897398 2.7821640149557627 13.42523600826841 -2.073072732700353 1
Pedestrian 1291 2 1.186082692325704 583.2952 776.75055 657.09753 916.20844 1.4781146284465816 0.590235826743303 0.7718438584731715 -3.970488706269154 3.293527964324322 17.39287155636158 0.9616460965407709 1
Pedestrian 1282 1 -1.096028944238994 462.1327 750.7803 537.39526 915.0746 1.7293975130100758 0.658324412888179 0.44935130522648264 -5.071660484791558 3.137366998550782 16.447517717765272 -1.3951323729245633 1
Pedestrian 1283 1 -1.617200987161556 518.22974 747.4531 590.44836 928.7386 1.7072168138805885 0.6715138341549144 0.588113630266232 -4.081606894938933 2.9665884226140227 14.984113068404309 -1.8831443259761416 1
Pedestrian 1522 0 1.7833140252459838 1386.737 696.4038 1471.1305 919.0423 1.9987675652019106 0.6561004804229228 0.5568877669391902 4.408264996865793 2.691786257213807 14.089316528503751 -4.19664028203111 1
Pedestrian 1523 0 1.782169060679843 1440.639 723.8695 1545.3138 916.52515 1.718078967098104 0.8238576142292606 0.6727956374611924 5.106443877488889 2.701424532588011 14.355492324186622 -4.159260454541865 1
Pedestrian 899 0 -1.4651793167706333 1566.4761 686.5351 1725.5214 1074.5819 1.5625049765867858 0.5678474012757134 0.6992055405179202 3.0342105568511233 1.8532658062753278 6.608766684811023 -1.0347679312345217 1
bicycle 1287 1 -1.379846256219556 650.0376 792.96826 717.38916 925.51575 1.2161208529777512 0.40147256538148984 1.8968940340815925 -3.1488513768284405 3.2425606966356506 17.080647110644687 -1.5621513892943586 1
bicycle 1278 0 1.9671515862490416 208.59076 794.7317 331.42758 949.4509 1.2122638128263845 0.494576658660347 1.5621545231418885 -6.549483233494504 2.9189892494276695 14.239173325486046 1.5360439432714603 1
bicycle 1279 1 2.0183369075745956 88.11358 791.75397 257.0803 978.0941 1.2122638128263845 0.5507674276668941 1.618345292148431 -6.288970660076067 2.643881943609137 12.012655267906496 1.5360439432714603 1
bicycle 902 1 -0.23752874987863892 943.9896 789.0886 1034.055 844.0417 1.128913921357394 0.49356605157851924 1.9809716485833306 0.6283334791311861 4.901341683630922 33.90323078845361 -0.21899772673181195 1
bicycle_rack 904 1 0.0949746171723808 952.0093 791.7858 1050.3678 857.0192 1.128913921357394 1.261692953763781 1.887915135105679 0.828597819032476 4.605747366551789 30.414027246837374 0.12221181596889008 1
bicycle_rack 905 1 -0.23426672154412015 933.1049 781.13165 1036.0936 848.90857 1.3774111497121906 1.170267810626674 2.1935064082398226 0.5334346156229999 5.111529640456329 34.9330893199957 -0.21899772673181195 1
