Car 1274 1 2.0161183177455886 0.0 788.92377 214.7962 902.5361 1.5100621205621856 1.9855004361294726 4.742188006141902 -16.685294835008527 4.996139478520229 29.34707176889053 1.4991444517986743 1
Car 1275 1 1.9365925597559537 178.6989 790.80164 335.22357 889.00525 1.6814582358778358 1.8477511411783378 4.742188006141902 -16.94550221216725 5.972760351298026 36.25062703865437 1.4993190259636213 1
Car 1520 1 1.9976685127430756 67.13408 742.1692 267.54056 874.2418 2.684294108656008 2.430855696444777 5.567431363767523 -20.143563485267215 5.911318894989133 38.30226997813164 1.5135080614214487 1
Car 1521 1 1.8908606436010997 296.48297 786.3507 410.78067 864.5504 1.651034454765989 1.7200944152218205 4.61848759895026 -17.656702792694375 6.62126175464026 43.676955005996255 1.5066900707549267 1
bicycle 1277 1 -1.5241650316068074 758.75055 781.89734 795.1886 864.8552 1.3787661516467253 0.6267006409502863 2.085338704738619 -3.677248392202353 4.633960788557293 29.943009118382566 -1.6463614112656748 1
bicycle 1352 1 -1.5262048922399476 758.7395 781.79315 801.1079 861.3021 1.3787661516467253 0.7904710778600554 2.3136745598300057 -3.837861407896959 4.837819527282814 31.786654732583813 -1.6463614112656748 1
Pedestrian 1281 0 -1.8423400265441976 568.1781 748.7197 648.385 941.7107 1.6472652998373682 0.5866613571992644 0.5459025010132708 -3.2206752411266804 2.8076256863021807 13.633516161386305 -2.07431935998288 1
Pedestrian 1282 1 -1.3106222799544431 473.1768 750.41974 547.1052 914.37537 1.7293975130100758 0.644102068977643 0.6342417760634154 -5.000397997280639 3.1504493783515084 16.60278741516014 -1.6031596613965655 1
Pedestrian 1283 1 -1.7755086361363919 525.2698 739.8488 599.1282 922.40155 1.753044431280672 0.6197039248629048 0.6022771569234677 -4.08161355481796 2.9592047484778137 15.283217138261534 -2.0364829504018576 1
Pedestrian 1522 0 2.0063966361745393 1360.9897 701.417 1456.8876 915.6997 1.9987675652019106 0.6851632716034597 0.6787900299464431 4.423496486857971 2.7793728077101503 14.774283176686511 -3.9858776987739497 1
Pedestrian 1523 0 1.9709926457227782 1440.8562 726.53973 1510.1621 905.98517 1.718078967098104 0.5365706040235368 0.4229808459779558 5.169851135075185 2.7629268671399547 15.03608241677462 -3.9810253429324693 1
Pedestrian 900 0 -1.5382156991532434 1184.3213 689.5503 1318.7592 1026.8733 1.8044109493458456 0.7305794741677909 0.8630543163860198 1.6987600699186036 2.202016011635183 8.694403924724218 -1.345261113262764 1
Pedestrian 899 0 -1.4802238489559671 1511.5463 691.6476 1648.4698 1052.6996 1.5625049765867858 0.5427754946295327 0.5440004284952381 2.890897775118358 1.8902010802950353 6.974542390455398 -1.087286425646243 1
Pedestrian 1286 0 -2.457276291957132 619.24585 747.22675 708.883 933.0898 1.6597095243027513 0.5716601442290415 0.616597051423348 -2.833550985957992 2.8598083070062743 14.273895596888265 -2.6532414439627408 1
bicycle 1287 1 -1.3831495880850084 654.20874 793.1528 719.74396 923.0776 1.2161208529777512 0.40147256538148984 1.8968940340815925 -3.1722123647152323 3.2816000933919103 17.40809544759716 -1.5633980923768316 1
bicycle 1278 0 1.9585753382579854 224.19807 794.91187 342.6762 946.0305 1.2122638128263845 0.494576658660347 1.5621545231418885 -6.569277255953393 2.9575790731415386 14.562409332131557 1.534797076471405 1
bicycle 1279 1 2.0073450930018057 110.54457 792.0425 272.36868 973.2029 1.2122638128263845 0.5507674276668941 1.618345292148431 -6.305968725755345 2.6825551723839345 12.336209888395969 1.534797076471405 1
bicycle 902 1 -0.23729813788475226 942.2159 789.2039 1031.405 843.63257 1.128913921357394 0.49356605157851924 1.9809716485833306 0.5839050133435689 4.940606637295229 34.23537311403851 -0.22024418602078355 1
bicycle_rack 904 1 0.09532463765199335 950.1604 791.8994 1047.4695 856.4015 1.128913921357394 1.261692953763781 1.887915135105679 0.7885309033465356 4.6451120457142 30.746414193036454 0.12096528914756521 1
bicycle_rack 905 1 -0.23407342753164237 931.4331 780.25073 1033.4353 847.33984 1.3774111497121906 1.170267810626674 2.1935064082398226 0.48776542297203296 5.125425194023404 35.26833539532484 -0.22024418602078355 1
Pedestrian 1291 2 1.1819534964353229 588.45135 771.2094 660.98083 907.6339 1.4781146284465816 0.590235826743303 0.7718438584731715 -3.9935920141783794 3.2602155995868456 17.729448011047726 0.9603992961898964 1
