Car 1274 1 2.004951401787679 2.921351 793.70276 220.9723 905.29614 1.5100621205621856 1.9855004361294726 4.742188006141902 -16.895751045897036 5.179083530674326 30.06292203042634 1.492932014422263 1
Car 1275 1 1.9271942774559994 187.28943 797.68176 338.74786 894.7476 1.6814582358778358 1.8477511411783378 4.742188006141902 -17.158406169410167 6.239310648498396 37.01276736807268 1.493104174449877 1
Car 1520 1 1.9637592253013125 133.59012 750.60205 308.34863 871.71606 2.684294108656008 2.430855696444777 5.567431363767523 -20.588247573966182 6.448586480733541 41.926834000197566 1.507295762045798 1
Car 1521 1 1.8839786111227315 299.32483 794.45233 410.53076 872.09503 1.651034454765989 1.7200944152218205 4.61848759895026 -17.950471749627372 6.963254427711593 44.4892378586748 1.500476726734091 1
bicycle 1277 1 -1.5274239278620056 754.97003 785.98303 790.07587 866.8596 1.3787661516467253 0.6267006409502863 2.085338704738619 -3.8749997895625885 4.811221875006192 30.800773571996718 -1.6525749259107774 1
bicycle 1352 1 -1.530392693906915 756.487 786.1652 797.3071 863.8563 1.3787661516467253 0.7904710778600554 2.3136745598300057 -4.008684091542103 5.027043915152257 32.64563323021704 -1.6525749259107774 1
bicycle_rack 1288 2 -1.0301003432370135 0.0 800.84357 108.41915 1035.412 1.2122638128263845 0.8541975803022329 1.618345292148431 -6.449939655851168 2.46183153849335 9.794459712541197 -1.6124482759324392 1
Pedestrian 1286 0 -2.648278215865074 630.2956 754.5017 716.93304 932.25934 1.6597095243027513 0.5716601442290415 0.6532863566917618 -2.8559189255822193 2.980845044107438 14.873634707876233 -2.837981508388608 1
Pedestrian 1281 0 -1.6009089193915929 573.4001 754.93494 643.65326 936.3813 1.6472652998373682 0.6408489535845487 0.4510742073390286 -3.3782446784198297 2.917638831301351 14.308666786909168 -1.832760967287684 1
Pedestrian 1291 2 1.1721385763457273 595.5826 775.4513 665.0937 905.62555 1.4781146284465816 0.590235826743303 0.7718438584731715 -4.117037877642632 3.3984754624510893 18.58945785200301 0.9541849965345226 1
Pedestrian 1282 1 -1.2487822639146724 502.9436 753.6019 569.3111 911.6359 1.7293975130100758 0.5872126933355135 0.5489077126002211 -4.861507875640136 3.2276365700842593 17.12095251068127 -1.5254507565928332 1
Pedestrian 1283 2 -1.6859410380247304 553.234 744.18677 631.15405 922.5037 1.7823602364257667 0.739933400935179 0.610260984639235 -3.932798213799129 3.0852985059483755 15.918786354844391 -1.9281449825588497 1
Pedestrian 1522 0 2.4315800360213062 1351.1177 700.6932 1444.7781 895.40875 1.9987675652019106 0.772351645145055 0.6206644475853709 4.724758638535771 2.8444213261852513 16.204680059773477 -3.5679025231019295 1
Pedestrian 1523 2 2.402197323045312 1423.334 725.4786 1515.5648 894.2792 1.718078967098104 0.8238576142292606 0.5353975021454195 5.52495150141604 2.8458713207412654 16.28340379976209 -3.5538774841686926 1
Pedestrian 900 0 -1.5602258112761433 1159.156 697.1378 1274.5735 1013.21936 1.8044109493458456 0.6671993193408478 0.6475617899744259 1.5545096001708558 2.2617165724191906 9.088343107546796 -1.3908208284388945 1
Pedestrian 899 0 -1.4276252398213929 1394.2314 699.88776 1540.5688 1041.371 1.5625049765867858 0.5965095124397304 0.7348168211198693 2.550643024019876 1.9622377112958949 7.508663134552838 -1.1001616225074418 1
bicycle 1287 2 -1.3913435100150617 659.6549 793.54364 720.8072 916.9546 1.2161208529777512 0.40147256538148984 1.8968940340815925 -3.2933958941538704 3.384390012124485 18.278248343500735 -1.5696119122826813 1
bicycle 1278 0 1.936264914908467 258.75064 795.38153 366.5564 937.3871 1.2122638128263845 0.494576658660347 1.5621545231418885 -6.6751467586320565 3.0644318434971254 15.456070041355854 1.528582440488797 1
bicycle 1279 1 1.9815524320961566 155.97624 792.72675 301.74384 961.5954 1.2122638128263845 0.5507674276668941 1.618345292148431 -6.417794249482679 2.7840798182728257 13.185712543835818 1.528582440488797 1
bicycle 902 1 -0.23693142713116558 933.44684 791.1626 1020.47314 844.37384 1.128913921357394 0.49356605157851924 1.9809716485833306 0.36749443862171566 5.080906209789617 35.082924440785405 -0.2264567872851555 1
bicycle_rack 904 1 0.09629760947424434 940.803 792.1342 1035.3948 854.7117 1.128913921357394 1.261692953763781 1.887915135105679 0.5839905184631395 4.749484644895666 31.640873704113705 0.11475235330952493 1
bicycle_rack 905 1 -0.2335071826545296 922.52655 781.708 1021.99725 847.2386 1.3774111497121906 1.170267810626674 2.1935064082398226 0.2549302090247102 5.254449957791175 36.157686431047836 -0.2264567872851555 1
