Car 897 1 1.7253822433885029 761.3325 768.5047 834.3813 834.09546 1.6926605721368668 1.810403428303233 3.944879063390572 -5.352995259407712 6.631489297119937 49.41792914318952 -4.6657032774546385 1
Car 1274 1 2.0578357439722472 0.0 781.4461 168.77388 905.7721 1.5100621205621856 1.9855004361294726 4.742188006141902 -16.283996343797405 4.559410172618609 26.702505828356593 1.510219440355605 1
Car 1275 1 1.9664975710357542 133.16881 781.4555 309.3164 886.49445 1.6814582358778358 1.8477511411783378 4.742188006141902 -16.476044345174625 5.4509011801437275 33.58346740711942 1.5103983149461149 1
Car 1520 2 2.157911586639703 0.0 714.9125 28.966673 910.3622 2.684294108656008 2.430855696444777 5.567431363767523 -19.05650934933889 4.419273753778861 25.98743216746611 1.5251862965541854 1
Car 1521 2 1.9148265036644951 267.78973 784.1026 393.3838 867.0288 1.651034454765989 1.7200944152218205 4.61848759895026 -17.257717924774475 6.282748357364069 41.15528327283944 1.5177666742126248 1
bicycle 1277 1 -1.5136431734802829 757.0487 782.0673 798.26605 873.47534 1.3787661516467253 0.6267006409502863 2.085338704738619 -3.333062830381514 4.355801646216724 27.265463474199805 -1.6352845036206671 1
bicycle 1352 1 -1.521215306854288 765.51227 781.0078 812.4634 868.2539 1.3787661516467253 0.7904710778600554 2.3136745598300057 -3.3265018426604036 4.532954890692668 29.035545969386803 -1.6352845036206671 1
Pedestrian 1286 0 -2.345937689965106 519.1898 743.35815 632.62054 959.77185 1.591463330270885 0.5716601442290415 0.6621946367863344 -3.055630367387788 2.564565902596841 11.86857159756334 -2.5979209971884916 1
Pedestrian 1281 0 -1.8085648633869131 450.1211 735.07227 547.3108 961.95197 1.6472652998373682 0.5866613571992662 0.6678245928801587 -3.629314292662845 2.542875630623615 11.719426752153627 -2.1088818498443183 1
Pedestrian 1283 1 -1.5818317728851938 414.04492 729.62805 490.19333 934.8293 1.7667135820225852 0.6489459169372968 0.7654915888827569 -4.708012015762267 2.7676230634739865 13.823055177153336 -1.9101001922524108 1
Pedestrian 1523 1 1.316419574298715 1604.7491 698.8167 1746.6046 967.9128 1.718078967098104 0.7282940802653491 0.6478141583128718 4.829155121926242 2.2387779013980884 10.147312627664585 -4.522579392838366 1
Pedestrian 900 0 -1.6812713890344264 1308.9235 669.8135 1475.0309 1052.2958 1.8044109493458456 0.7305794741677909 0.730543359622265 2.158236067102841 2.04457134297391 7.574875469951631 -1.4037059124813325 1
Pedestrian 899 2 -1.9197210432719962 1896.4429 664.71484 1935.0 1136.1792 1.5625049765867858 0.5427754946295382 0.6614278525033152 3.804081731578524 1.7169950084997718 5.41211843235685 -1.3070633319385947 1
Pedestrian 1522 0 1.3365578649446341 1556.0035 649.6258 1705.481 983.0709 1.9987675652019106 0.6706318760131985 0.942315169187957 4.256482594898118 2.1656440509554846 9.566747365348823 -4.528002111674915 1
bicycle 1287 1 -1.3498474875477033 609.60974 792.3943 693.559 947.3822 1.2161208529777512 0.40147256538148984 1.8968940340815925 -3.0267269100436045 2.9741279472235194 14.743943766864463 -1.5523206432467243 1
bicycle 1278 0 2.038401289480964 71.50554 785.21375 235.19565 970.55115 1.2122638128263845 0.494576658660347 1.5621545231418885 -6.402145738357866 2.5755712836754574 11.93013925106569 1.5458759800776196 1
bicycle 1279 2 2.1118982630722614 0.0 782.7573 121.09133 1015.80914 1.2122638128263845 0.5507674276668941 1.618345292148431 -6.163045893646719 2.32229923497542 9.699918888694555 1.5458759800776196 1
bicycle 902 1 -0.23999410020055034 958.9577 793.6316 1055.9226 852.8558 1.128913921357394 0.49356605157851924 1.9809716485833306 0.971326675203006 4.733635940718494 31.500812052617675 -0.20916889465583033 1
bicycle_rack 904 1 0.0914352460414327 967.7844 789.9427 1074.3715 860.9086 1.128913921357394 1.261692953763781 1.887915135105679 1.1386543517481746 4.30474022465917 28.026157837243346 0.1320411852881449 1
bicycle_rack 905 1 -0.23641581339662027 947.30054 779.1531 1057.9298 851.8115 1.3774111497121906 1.170267810626674 2.1935064082398226 0.8870425010854094 4.817223475439708 32.54764279250884 -0.20916889465583033 1
Pedestrian 1291 2 1.2178837520138874 543.55615 763.0997 627.56525 923.90985 1.4781146284465816 0.590235826743303 0.7718438584731715 -3.7890705144315557 2.9151663402154266 15.064854862189481 0.9714776214558629 1
Pedestrian 1282 2 -1.2841595761510591 392.6247 745.88403 516.3654 927.56854 1.7293975130100758 0.9854383228304633 0.9044663103635714 -5.176613602967293 3.0080272306472917 15.333376527307621 -1.6097490484672423 1
