Car 897 1 1.7275920064790764 752.9355 771.1885 828.5582 839.13257 1.6926605721368668 1.810403428303233 3.944879063390572 -5.415936664519478 6.577502449519585 47.92450454493665 -4.6681256216611615 1
Car 1274 1 2.083607158144622 0.0 782.23553 121.49384 915.1902 1.5100621205621856 1.9855004361294726 4.742188006141902 -16.33555834115416 4.413004008243144 25.162753824815432 1.507797369435317 1
Car 1275 1 1.985368327261886 85.038795 782.9203 275.82004 893.97253 1.6814582358778358 1.8477511411783378 4.742188006141902 -16.5367401163131 5.31558880448598 31.96729868883976 1.5079753039140207 1
Car 1521 2 1.9207214768788408 249.61472 783.43353 381.54144 869.75006 1.651034454765989 1.7200944152218205 4.61848759895026 -16.995494070846295 6.098915922095666 39.60304439613842 1.515344250276986 1
bicycle 1287 1 -1.3266435526960223 560.95667 784.5095 660.1653 957.90344 1.2161208529777512 0.40147256538148984 1.8968940340815925 -3.0624014053065927 2.7256889039996888 13.192058402456192 -1.5547432518301643 1
bicycle 1277 1 -1.506669130762025 741.02606 784.32983 785.5035 881.4117 1.3787661516467253 0.6267006409502863 2.085338704738619 -3.398403223138972 4.240980357777147 25.785903373509502 -1.6377069940812705 1
bicycle 1352 1 -1.5148647198947829 750.9669 785.80646 800.2379 876.3766 1.3787661516467253 0.7904710778600554 2.3136745598300057 -3.474486813739028 4.5338177288128385 28.141715063435797 -1.6377069940812705 1
Pedestrian 900 0 -1.953759929921953 1395.0225 660.88275 1591.0643 1067.8905 1.8044109493458456 0.6781059204262819 0.6351757808147058 2.4766973988434944 1.9813517946754629 7.020819638366861 -1.6146242441872132 1
Pedestrian 1286 0 -2.2711436849416637 403.7574 731.5199 522.45624 975.17145 1.646060285496378 0.5716601442290415 0.5894284223165452 -3.6103272528449843 2.4479051374461434 10.848741245812052 -2.592403056264631 1
Pedestrian 1281 0 -1.3865208010522458 338.397 728.6044 440.05298 975.5458 1.6472652998373682 0.5731144581029445 0.6000900973985508 -4.048051569223841 2.4073162270991704 10.613361914219794 -1.7509000773447765 1
Pedestrian 1282 2 -1.3346895246536692 426.19794 749.5659 506.31357 927.47736 1.7293975130100758 0.658324412888182 0.5915747443318151 -5.059230425435968 3.0325873584720515 15.310234771628688 -1.6538406798263472 1
Pedestrian 1283 2 -1.3615984892808313 336.61536 737.0689 446.93048 943.5383 1.722245498389624 0.7962665065357467 0.6541608792861926 -5.041536292787349 2.746873611771952 13.275955110917742 -1.7245265217070778 1
Pedestrian 1522 0 1.8422695713660149 1635.198 602.7472 1881.7921 1087.4661 1.9987675652019106 0.7578202495547901 0.9500427476314136 3.6168119588826984 1.907435947382064 6.771900332169295 -3.950368608416855 1
rider 1353 2 2.403007076677762 1881.6193 717.0345 1935.0 952.3963 1.5781556647672363 0.7674856331601349 0.9006760255197979 7.352431279364762 2.27200610192555 10.818167535142972 -3.283249561338872 1
Cyclist 1354 2 2.4104843395548503 1815.8572 714.191 1935.0 965.6166 1.660798668348726 0.8055924418849657 1.886557114423249 7.303922993485526 2.335859534902851 10.778988686479021 -3.277162176492435 1
Pedestrian 899 2 -2.1129763753489645 1880.5386 679.40906 1935.0 1169.0319 1.5625049765867858 0.4988689522225105 0.7711942085208643 3.7047291416387296 1.76906697246036 5.264323334946704 -1.4997429428657147 1
bicycle 1278 1 2.095272905175425 0.0 790.0694 135.2637 1004.7391 1.2122638128263845 0.494576658660347 1.5621545231418885 -6.429789988370528 2.4528411893118176 10.444550431709892 1.543453053449852 1
bicycle 902 1 -0.24135107182603494 955.00714 793.01776 1056.687 855.1783 1.128913921357394 0.49356605157851924 1.9809716485833306 0.894234146565873 4.5564652045505305 30.039279847355456 -0.21159103297885462 1
bicycle_rack 904 1 0.08943900984894379 964.14233 793.70526 1076.5121 868.90076 1.128913921357394 1.261692953763781 1.887915135105679 1.0675749280065894 4.210906067753466 26.555572685417175 0.12961891379476587 1
bicycle_rack 905 1 -0.2374934234602189 942.7081 781.5121 1058.601 857.85333 1.3774111497121906 1.170267810626674 2.1935064082398226 0.8051554529547276 4.716079401256759 31.077262031128186 -0.21159103297885462 1
Pedestrian 1291 0 1.2436335677732673 494.36804 764.50226 586.67474 943.59546 1.4781146284465816 0.590235826743303 0.7718438584731715 -3.8265938848442684 2.7915360616798575 13.5842278133324 0.9690548189796506 1
Pedestrian 1523 2 1.1478705360798802 1805.8871 668.78564 1935.0 1063.9957 1.718078967098104 0.9194211481931731 0.9188444546290409 4.713519853859452 1.9432394607940653 7.145089598482773 -4.552160102476584 1
