Car 897 1 1.7273163782611878 754.4931 770.426 829.90186 838.14484 1.6926605721368668 1.810403428303233 3.944879063390572 -5.382086653271021 6.562841056624893 48.03491389078285 -4.667448858059604 1
Car 1274 1 2.080957332524402 0.0 784.39185 127.32397 916.95746 1.5100621205621856 1.9855004361294726 4.742188006141902 -16.309502222126287 4.468063299234638 25.306544295993326 1.5084740566674033 1
Car 1275 1 1.984475299140872 88.659996 783.3764 278.29718 893.9849 1.6814582358778358 1.8477511411783378 4.742188006141902 -16.54350188620773 5.340485473098559 32.10377587563174 1.5086522538201863 1
Car 1521 2 1.91962365403631 253.1546 787.47217 384.35382 873.9751 1.651034454765989 1.7200944152218205 4.61848759895026 -16.97088608420219 6.227074950928316 39.74015335400111 1.5160210361450597 1
bicycle 1287 1 -1.3284013177821203 565.4552 786.8428 663.47705 959.15607 1.2161208529777512 0.40147256538148984 1.8968940340815925 -3.052194386277074 2.7589121485267016 13.294953215646093 -1.5540664143575442 1
bicycle 1277 1 -1.5077036621163062 744.0234 784.6485 787.76715 880.3899 1.3787661516467253 0.6267006409502863 2.085338704738619 -3.3993620856210196 4.284338532076483 26.138404426281053 -1.637030189627151 1
bicycle 1352 1 -1.515363896450852 752.88776 785.8931 801.9061 876.1138 1.3787661516467253 0.7904710778600554 2.3136745598300057 -3.453827152142178 4.54688396469488 28.247497699652946 -1.637030189627151 1
Pedestrian 900 0 -1.9528879109475037 1396.7894 661.2613 1587.6904 1065.1492 1.8044109493458456 0.6781059204262883 0.5827022270732086 2.4825941530946176 1.9830835047588278 7.041918370250477 -1.613947501076536 1
Pedestrian 1286 0 -2.2732572391079255 413.8928 732.52045 522.11945 975.0916 1.6597095243027513 0.5170631890035454 0.5507940467534312 -3.5990566488969864 2.471803732056018 10.919889564901446 -2.591632560983759 1
Pedestrian 1281 0 -1.458190382952357 345.7215 730.61896 442.59015 977.9289 1.6472652998373682 0.5731144581029437 0.7084652901691236 -4.055152976151587 2.4349937579181726 10.728657823380557 -1.819565782925353 1
Pedestrian 1282 2 -1.3273135088929602 421.76526 749.9262 488.83307 927.2362 1.7293975130100758 0.5303233176933767 0.5631300565107507 -5.174870037832235 3.0351122062040683 15.315031703476127 -1.6531637772709713 1
Pedestrian 1283 2 -1.3610533254050479 332.4659 735.4355 450.61792 949.5939 1.7673315519167316 0.8301055079893848 0.8056338832566965 -5.040676219646088 2.782967408298457 13.278960741470748 -1.7238496235307519 1
Pedestrian 1522 0 1.8441103968683974 1609.8546 606.45825 1868.8009 1088.3599 1.9987675652019106 0.786883040735322 1.1002005020641679 3.587235134948769 1.9222941803744436 6.873009142534338 -3.9580369862986675 1
Pedestrian 1523 1 1.2404578744782704 1763.4591 668.5025 1935.0 1047.9066 1.718078967098104 0.7282940802653491 0.9188444546290409 4.519754453973756 1.949810637983769 7.420147685064089 -4.49562960292247 1
rider 1353 2 2.3855087137973925 1921.8611 719.2349 1935.0 951.788 1.5781556647672363 0.7674856331601349 0.9006760255197979 7.737622189038365 2.2969634900250773 10.951382041315163 -3.282572846810415 1
Cyclist 1354 2 2.3961049538079084 1850.6819 715.5781 1935.0 962.92316 1.660798668348726 0.8055924418849657 1.886557114423249 7.664962359055095 2.356861568958754 10.953001811561755 -3.27648546182875 1
Pedestrian 899 2 -2.1130583290534997 1875.9761 680.0701 1935.0 1165.6522 1.5625049765867858 0.5427754946295364 0.7931474797243871 3.7509584064098282 1.7741465480324647 5.321429489201706 -1.4990660574030792 1
bicycle 1278 1 2.090781890764932 0.0 790.231 144.30939 1002.5485 1.2122638128263845 0.494576658660347 1.5621545231418885 -6.421186477080442 2.4659553565696646 10.552345138216827 1.5441299797817147 1
bicycle 902 1 -0.24129998301187797 956.1168 793.0784 1057.4518 855.01715 1.128913921357394 0.49356605157851924 1.9809716485833306 0.9161702837460579 4.569198658322465 30.14212701104891 -0.21091432698251356 1
bicycle_rack 904 1 0.0895376073794544 965.2303 793.7608 1077.1753 868.67065 1.128913921357394 1.261692953763781 1.887915135105679 1.0871426966926347 4.223587887268109 26.65830793385548 0.13029565694573964 1
bicycle_rack 905 1 -0.23745705195940886 943.85455 781.6076 1059.3656 857.687 1.3774111497121906 1.170267810626674 2.1935064082398226 0.8278010044236843 4.728831235839739 31.180166929358382 -0.21091432698251356 1
Pedestrian 1291 0 1.2415600844174741 499.12686 764.823 590.7749 942.501 1.4781146284465816 0.590235826743303 0.7718438584731715 -3.8158552154431513 2.804473574199066 13.690269134645241 0.9697317104940937 1
