Car 897 1 1.7301601180709856 733.2601 771.04 810.1706 839.72546 1.6926605721368668 1.810403428303233 3.944879063390572 -5.9553525251848765 6.518241097481319 47.377041234449564 -4.678070569304368 1
Car 1274 1 2.092598471629108 0.0 785.0386 86.53886 922.7439 1.5100621205621856 1.9855004361294726 4.742188006141902 -16.576243722059168 4.3951431108172105 24.50476916901793 1.4978535455946793 1
Car 1275 1 1.9916690467061773 50.0633 789.5067 247.77922 904.2857 1.6814582358778358 1.8477511411783378 4.742188006141902 -16.85014043961133 5.396161128520763 31.31561580584938 1.49802761822074 1
Car 1521 2 1.92589353501678 220.49297 792.3842 356.37143 881.4837 1.651034454765989 1.7200944152218205 4.61848759895026 -17.415517317118777 6.277296693478299 38.946437320622046 1.5053989761998752 1
bicycle 1287 1 -1.3156647694903287 523.8728 787.24524 630.1215 968.79846 1.2161208529777512 0.40147256538148984 1.8968940340815925 -3.220838472385183 2.6941775624223343 12.66535302882643 -1.5646892857293997 1
bicycle 1277 1 -1.5032110807763317 719.82306 785.1119 765.743 884.4259 1.3787661516467253 0.6267006409502863 2.085338704738619 -3.673724454338695 4.198595661412922 25.256876524513505 -1.6476525412762084 1
bicycle 1352 1 -1.508221411078566 724.78143 787.7264 775.8263 880.12695 1.3787661516467253 0.7904710778600554 2.3136745598300057 -3.8833518081920664 4.520510626654869 27.670676268584195 -1.6476525412762084 1
Pedestrian 1281 0 -1.3707600964998388 296.50797 724.6609 393.60248 983.1288 1.6472652998373682 0.5189268617176592 0.4676093059917279 -4.121652782808505 2.3346072444003503 10.024594820788668 -1.7608449010512246 1
Pedestrian 1282 1 -1.3400752432696215 426.76758 760.143 491.17166 932.2166 1.6867304812784736 0.5307070410165085 0.4777959930475419 -5.144883205634446 3.0972733624682185 15.334304096919968 -1.6637876689506115 1
Pedestrian 1283 1 -1.3242493015968373 307.08057 730.98364 419.11954 951.07697 1.827446289952874 0.7699907699532412 0.7004330916934463 -5.264541307267342 2.7920201967484255 13.198972123815995 -1.7037724872547007 1
Pedestrian 1522 0 1.3917177252340123 1680.3333 561.2785 1934.6877 1161.8568 1.9987675652019106 0.6561004804229262 0.9403551505712381 3.0812851709784153 1.7870443509233636 5.528044888409031 -4.382967240885259 1
Cyclist 1354 0 2.559161923305815 1500.3755 716.8667 1827.3921 984.1726 1.660798668348726 0.8055924418849657 1.886557114423249 4.761350345576173 2.320720383999096 10.19518156839021 -3.287106387155286 1
rider 1353 0 2.567764346343697 1541.3486 720.16504 1730.6611 971.7215 1.5781556647672363 0.7674856331601349 0.9006760255197979 4.56798917437749 2.254415568449545 10.16811142448133 -3.2931937648688656 1
Pedestrian 900 0 -1.9608786358566679 1390.0211 658.2678 1587.6375 1074.3623 1.8044109493458456 0.6418472574100725 0.7007677229915983 2.4160793309654314 1.9668285454869872 6.911174663090982 -1.624568889709404 1
Pedestrian 899 1 -2.188989562424256 1844.1581 687.0253 1935.0 1131.6244 1.5625049765867858 0.5427754946295337 0.43270185887958856 3.673667711327294 1.8021780624164312 5.543807096046035 -1.6037648713252834 1
Pedestrian 1286 0 -2.2568622298153453 365.74448 729.84015 479.229 986.3555 1.6597095243027513 0.5307124278099243 0.5160944803691406 -3.7184066097791995 2.4099585852426024 10.330938726241191 -2.6023551403952156 1
bicycle 1278 1 2.1186479280629733 0.0 788.98773 74.26383 1016.70514 1.2122638128263845 0.494576658660347 1.5621545231418885 -6.551972649730185 2.3840150256440156 9.88913047276412 1.5335057135530885 1
bicycle 902 1 -0.24101281834182633 938.7757 794.8533 1042.114 858.2423 1.128913921357394 0.49356605157851924 1.9809716485833306 0.5756320897541986 4.539275542712931 29.54966645331439 -0.22153512662922337 1
bicycle_rack 904 1 0.08961606067532171 947.8819 796.8276 1062.3369 873.5206 1.128913921357394 1.261692953763781 1.887915135105679 0.7837257553204551 4.210616916474027 26.065740433402382 0.11967427873945802 1
bicycle_rack 905 1 -0.2371006678170193 926.33203 782.68567 1044.0415 860.4689 1.3774111497121906 1.170267810626674 2.1935064082398226 0.47615384851836584 4.690442638613425 30.58778278277196 -0.22153512662922337 1
Pedestrian 1291 0 1.2551526712738426 457.714 765.6823 553.6487 952.48065 1.4781146284465816 0.590235826743303 0.7718438584731715 -3.9805326060098976 2.752421649925405 13.050596649834818 0.9591080024550811 1
