Car 897 1 1.7311207832944566 723.9199 777.66205 801.528 847.39124 1.6926605721368668 1.810403428303233 3.944879063390572 -6.196971708123137 6.703650945824662 47.05575873269807 -4.68300523468962 1
Car 1274 1 2.097434321673238 0.0 788.44336 67.96866 928.78094 1.5100621205621856 1.9855004361294726 4.742188006141902 -16.732505027739908 4.426043218514362 24.222434692820535 1.4929194389054699 1
Car 1275 1 1.9985947894713203 23.955069 790.31104 227.16867 907.0392 1.6814582358778358 1.8477511411783378 4.742188006141902 -17.09162505880322 5.366628301990633 30.880867772329424 1.4930915940450142 1
bicycle 1287 1 -1.3077760540506715 500.82822 791.50995 611.651 978.28326 1.2161208529777512 0.40147256538148984 1.8968940340815925 -3.317477155963724 2.7009433403879886 12.378564654599893 -1.5696244905996763 1
bicycle 1277 1 -1.5014583070535001 709.246 789.2505 755.82715 889.8498 1.3787661516467253 0.6267006409502863 2.085338704738619 -3.8133766605544714 4.247744915775654 25.04016359870321 -1.6525875036087514 1
bicycle 1352 1 -1.5088218357836642 717.8982 790.7155 769.4349 884.4183 1.3787661516467253 0.7904710778600554 2.3136745598300057 -3.9643640562490807 4.546668899142955 27.38493711627124 -1.6525875036087514 1
Pedestrian 1281 0 -1.2310875816063285 252.03566 722.6065 365.57953 987.1461 1.6472652998373682 0.5595675590066239 0.44950475411384583 -4.238680313606783 2.2993632898234475 9.736411488371429 -1.6416862735615882 1
Pedestrian 1282 1 -1.3395883076473027 414.92322 754.06934 484.5137 933.0299 1.7293975130100758 0.5445456616039068 0.620019432152887 -5.2157801026794495 3.077361110834579 15.270522773009318 -1.6687233469779006 1
Pedestrian 1283 1 -1.2868933972894783 316.54092 741.0784 411.83423 956.57336 1.827446289952874 0.6497612938809628 0.595232300130201 -5.32447608017009 2.8909447875645817 13.3618800997488 -1.666090945369494 1
Pedestrian 1522 1 1.3376765589091546 1735.0059 526.2055 1935.0 1215.0 1.9987675652019106 0.7153031913974494 0.989024417750789 2.834233116459936 1.7372992054924705 4.5447964852108935 -4.387901278102104 1
rider 1353 1 2.61129940281899 1337.3105 717.8306 1528.2566 987.0037 1.5781556647672363 0.7674856331601349 0.9006760255197979 3.00026537791869 2.2024632199706033 9.57103173811929 -3.3681143389653103 1
Cyclist 1354 1 2.6105154359754867 1276.6367 715.5683 1609.4413 1003.51904 1.660798668348726 0.8055924418849657 1.886557114423249 3.0730452048502577 2.279446478013047 9.603340145507483 -3.3629691598107367 1
Pedestrian 900 0 -2.009899914636503 1397.6016 657.33075 1597.5624 1075.983 1.8044109493458456 0.6164951954793011 0.7270044998623507 2.451627639190428 1.962519366864956 6.89806634721177 -1.6684154671157696 1
Pedestrian 1286 0 -2.2506604314745453 338.20587 725.92847 469.22165 989.90656 1.6597095243027513 0.5716601442290415 0.6133499575154068 -3.7663259736085304 2.370070475311261 10.112483848529143 -2.6071876528019255 1
bicycle 1278 2 2.131939662590035 0.0 788.381 40.082264 1023.7511 1.2122638128263845 0.494576658660347 1.5621545231418885 -6.609635330223248 2.3472904050867482 9.591758333382863 1.5285698605197457 1
bicycle 902 1 -0.24081946893857925 930.6385 794.61304 1034.894 858.6346 1.128913921357394 0.49356605157851924 1.9809716485833306 0.42030240647774414 4.50517161423834 29.28713985371618 -0.22646936312940924 1
bicycle_rack 904 1 0.08972206592938009 939.70953 800.21265 1055.3524 877.85706 1.128913921357394 1.261692953763781 1.887915135105679 0.6455001407320038 4.2392086661088495 25.79634359307036 0.11473977679143266 1
bicycle_rack 905 1 -0.23687677769674292 918.1041 784.1999 1036.8384 862.83484 1.3774111497121906 1.170267810626674 2.1935064082398226 0.31556364214858296 4.694199277151797 30.319946099524124 -0.22646936312940924 1
Pedestrian 899 2 -2.288213711512646 1703.258 689.33466 1935.0 1140.6921 1.5625049765867858 0.6305885794435767 0.8699839289366645 3.450229407445914 1.833301967229803 5.799957392595824 -1.7515736937439292 1
Pedestrian 1291 0 1.2608481412748107 439.264 769.4117 537.25934 960.8049 1.4781146284465816 0.590235826743303 0.7718438584731715 -4.043218852523739 2.758885860411209 12.768085947500708 0.9541724172549397 1
