Car 897 1 1.733360878313185 708.8292 777.2261 787.6614 847.668 1.6926605721368668 1.810403428303233 3.944879063390572 -6.578422978702071 6.636412411228722 46.542244444769466 -4.690237363074038 1
Car 1274 2 2.1060576825530184 0.0 790.0417 37.645145 934.0781 1.5100621205621856 1.9855004361294726 4.742188006141902 -16.95876173019918 4.401486259022485 23.736240370334368 1.4856881305777923 1
Car 1275 1 2.0027745988608383 0.0 788.7499 207.08363 907.30145 1.6814582358778358 1.8477511411783378 4.742188006141902 -17.28110491255564 5.279631912378504 30.399031724225893 1.4858574741322461 1
Car 1351 2 1.8423549883021964 292.34726 792.39014 388.23267 860.5813 1.5101410629499368 1.681426112269604 3.944638615786212 -18.74175560519856 6.8136947710332265 45.29343931139712 1.4500215777796304 1
bicycle 1287 1 -1.3033556856559643 479.56296 791.8834 594.841 984.36676 1.2161208529777512 0.40147256538148984 1.8968940340815925 -3.3792354984774917 2.6672247996246807 12.045821997985259 -1.5768574101873523 1
bicycle 1277 1 -1.4980115599255652 692.09454 788.755 740.13556 891.4655 1.3787661516467253 0.6267006409502863 2.085338704738619 -4.00643076983865 4.184891869735707 24.543852624640515 -1.6598200665114256 1
bicycle 1352 1 -1.5057916815420402 701.43884 790.2711 754.39984 885.7816 1.3787661516467253 0.7904710778600554 2.3136745598300057 -4.174505932165198 4.48340680521753 26.887515391184024 -1.6598200665114256 1
Pedestrian 1286 0 -2.226618422529997 278.06177 729.7659 421.5198 1008.319 1.6597095243027513 0.5716601442290415 0.6599879572044187 -3.935575649020861 2.364297216957101 9.634533116198737 -2.614419177234116 1
Pedestrian 1281 0 -1.2594535132185685 205.50836 722.8896 328.811 1005.8527 1.673467834308767 0.5445122558699167 0.6029223241966652 -4.352444115134661 2.3116508044924684 9.406877945611358 -1.6928080672267931 1
Pedestrian 1282 2 -1.3321320938807277 393.88977 759.472 456.5612 937.98334 1.7293975130100758 0.487656285961777 0.5346853686896774 -5.4490471319470775 3.1251570509411017 15.218838083895434 -1.675956958992509 1
Pedestrian 1283 2 -1.2803735674922347 283.31714 746.367 395.96094 956.30786 1.7372741828986604 0.7375113022667324 0.7521932200773342 -5.497860860651135 2.8480755828904596 13.26356491310094 -1.673324397794074 1
rider 1353 0 2.632616940680651 1062.1215 715.7053 1265.0447 1018.3905 1.5781556647672363 0.7674856331601349 0.9006760255197979 1.1548734076263198 2.134083128284241 8.63283797791265 -3.517581142657015 1
Cyclist 1354 0 2.6153217166326335 987.36346 711.0286 1343.57 1041.5851 1.660798668348726 0.8055924418849657 1.886557114423249 1.1763314225604673 2.1998003995009325 8.626642562531604 -3.532339168550353 1
Pedestrian 900 0 -2.058605358944827 1354.8748 663.3881 1580.6182 1076.7587 1.8044109493458456 0.679875350306244 0.8844251610868876 2.3797703993950434 2.0001203923257744 7.11154029948899 -1.7356837483042118 1
Pedestrian 899 0 -2.3208381431078986 1675.5234 696.9695 1930.7056 1122.353 1.5625049765867858 0.43300913861198154 0.8699839289366645 3.4179391981146923 1.880686338490114 6.1278890350905595 -1.8120507362530416 1
bicycle 902 1 -0.24051577458453643 918.51746 794.227 1024.4501 859.3815 1.128913921357394 0.49356605157851924 1.9809716485833306 0.19641674417536958 4.445470523138396 28.82114107566635 -0.2337008569198975 1
bicycle_rack 904 1 0.08986805736664241 927.5544 799.98755 1045.3109 878.9747 1.128913921357394 1.261692953763781 1.887915135105679 0.44689917310727884 4.180116837406599 25.332021585466176 0.10750789782170678 1
bicycle_rack 905 1 -0.23651312358191717 905.8092 787.42426 1026.421 867.6254 1.3774111497121906 1.170267810626674 2.1935064082398226 0.08392825006713782 4.710291145545049 29.843552868586944 -0.2337008569198975 1
Pedestrian 1291 0 1.273801098617782 404.29727 768.1744 505.40573 966.31885 1.4781146284465816 0.590235826743303 0.7718438584731715 -4.184829423213907 2.707281846203281 12.343805701738948 0.9469389498691001 1
Car 1355 2 1.9082742279674116 174.43855 770.37244 305.9294 861.08966 2.0953261585846295 2.080214497197101 4.8519547850197435 -21.667299782503424 6.734671526039599 45.16616135129242 1.4609784467706253 1
