Car 897 1 1.7369992085773198 670.6008 778.18695 752.6894 850.90375 1.6926605721368668 1.810403428303233 3.944879063390572 -7.475527499780994 6.518805870508872 45.108437466397916 -4.7104169464855055 1
Car 1275 2 2.024087233749211 0.0 784.06635 132.2275 908.89484 1.6814582358778358 1.8477511411783378 4.742188006141902 -18.02997234929086 5.014447182194261 28.85979627695586 1.4656723339301632 1
Car 1351 2 1.8634584466152428 214.3872 785.13885 318.40903 855.4438 1.5101410629499368 1.681426112269604 3.944638615786212 -20.2023927439386 6.407462872598899 43.63343241777547 1.4298443205549232 1
bicycle 1287 1 -1.2680479698963154 373.70053 792.94794 515.12634 1012.73486 1.2161208529777512 0.40147256538148984 1.8968940340815925 -3.6481922253025667 2.524090935790143 10.686034297913059 -1.5970392043712989 1
bicycle 1277 1 -1.4861788657198576 640.1166 790.491 692.9088 899.8658 1.3787661516467253 0.6267006409502863 2.085338704738619 -4.546804481385245 4.062313541284494 23.16416613186259 -1.6800008578627863 1
bicycle 1352 1 -1.4959046820266027 652.73334 792.56287 710.1976 893.82904 1.3787661516467253 0.7904710778600554 2.3136745598300057 -4.749112438355573 4.372039078687581 25.504818030991007 -1.6800008578627863 1
Pedestrian 1286 2 -2.1744430806721997 143.31837 710.0379 295.86554 1024.5046 1.6597095243027513 0.4848176397516627 0.6599879572044187 -4.196353700194985 2.1629242094230667 8.466526143647343 -2.634597054169502 1
Pedestrian 1281 2 -1.2746554172842641 30.57674 703.44385 179.67645 1030.4302 1.6472652998373682 0.5731144581029418 0.48555829106560555 -4.552332668294163 2.0820528008285377 7.977888149954674 -1.7931908476831597 1
Pedestrian 1282 1 -1.4784387516212358 348.15076 756.61084 420.60886 947.0322 1.7293975130100758 0.5921470012212614 0.8049099029898242 -5.658042780891752 3.065015029417956 14.696620264644036 -1.8459383480952427 1
Pedestrian 1283 1 -1.1826812365689179 231.5577 732.0149 350.45364 953.7848 1.827446289952874 0.7399334009351715 0.6854044071844131 -5.8214594481162 2.785449072751197 13.020014661986663 -1.6031344039743503 1
Cyclist 1354 0 2.6256496693089284 0.0 669.8713 563.25586 1215.0 1.660798668348726 0.8055924418849657 1.886557114423249 -2.2820122025834544 1.8342540684403361 4.763232590637754 -4.104314917080206 1
rider 1353 0 2.612861765245466 44.06663 674.1831 449.421 1215.0 1.5781556647672363 0.7674856331601349 0.9006760255197979 -2.2531282935266046 1.7544133730865967 4.759648660278121 -4.112450271469902 1
Pedestrian 899 0 -2.4392805708493572 1581.4896 708.091 1784.1046 1109.6438 1.5625049765867858 0.6305885794435767 0.4748250472734771 3.037208046385922 1.9326076201731297 6.307471599702083 -1.990521540585251 1
Pedestrian 900 0 -1.9094718091276834 1246.7804 675.498 1441.4307 1084.0835 1.8044109493458456 0.6545232883754698 0.859073099156101 1.810958110480431 2.0626863071741677 7.175325437089807 -1.6622479209655907 1
bicycle 902 1 -0.23871060913056055 883.06384 805.47565 994.07104 874.4797 1.128913921357394 0.49356605157851924 1.9809716485833306 -0.41724250232060217 4.509172006104201 27.5059236795039 -0.2538786328810223 1
bicycle 903 1 -1.6774207030300765 851.0462 796.1545 876.8873 839.8173 1.1051674590261689 0.5889006133607184 2.376429818008227 -3.175332021633927 6.816566858133509 48.65217038935233 -1.7425942581672949 1
bicycle_rack 904 1 0.091178892817449 892.0144 805.40466 1016.1945 888.7801 1.128913921357394 1.261692953763781 1.887915135105679 -0.09253975220208761 4.116100569062359 24.03729646632764 0.08732907155530212 1
bicycle_rack 905 1 -0.2347130228819428 870.2094 791.26514 996.2905 875.74524 1.3774111497121906 1.170267810626674 2.1935064082398226 -0.5470634526195983 4.64616614907811 28.54051963103594 -0.2538786328810223 1
Pedestrian 1291 0 1.310672074854489 301.38516 765.11145 414.2882 988.6106 1.4781146284465816 0.590235826743303 0.7718438584731715 -4.437785634296653 2.5536843939371554 10.985677590585812 0.9267556876167271 1
Car 1355 2 1.9763345704215642 0.0 762.6253 159.1477 875.5713 2.0953261585846295 2.080214497197101 4.8519547850197435 -21.645736950958526 5.688933587722698 36.47913539541712 1.4408020539224227 1
