Car 897 1 1.7455481783081115 620.36176 780.8024 705.68524 855.48083 1.6926605721368668 1.810403428303233 3.944879063390572 -8.758238977451722 6.508183022484184 44.200006751510834 1.5499319295052718 1
Car 1275 2 2.0390175232819905 0.0 775.48706 60.05828 904.7084 1.6814582358778358 1.8477511411783378 4.742188006141902 -18.7858184041621 4.717978616315605 27.685033392272818 1.4428296168644814 1
bicycle 1277 1 -1.477811646878687 589.4592 794.3003 645.7408 908.3939 1.3787661516467253 0.6267006409502863 2.085338704738619 -5.113413073706203 4.031016161385338 22.338700359868742 -1.7028386475143924 1
bicycle 1352 1 -1.4900794592705269 606.4662 794.4784 667.00995 899.5918 1.3787661516467253 0.7904710778600554 2.3136745598300057 -5.332218999712689 4.313690597175416 24.68292099241801 -1.7028386475143924 1
Pedestrian 1286 0 -2.133080322788776 5.71419 704.252 185.2329 1056.719 1.6597095243027513 0.517063189003558 0.6599879572044187 -4.393485345526204 2.0831075061411766 7.596534059985996 -2.657431518584965 1
Pedestrian 1282 1 -1.2008728778663347 276.80957 751.2803 393.55447 945.2395 1.7293975130100758 0.7863255080829834 0.8191322469003649 -5.970529844934893 2.973382266763057 14.30021399375584 -1.5963851908283309 1
Pedestrian 1283 1 -1.1650510842232173 149.4971 739.3984 283.70285 957.2737 1.7372741828986598 0.8000481389713194 0.7236189788052185 -6.312102642146599 2.739830757261384 12.710652797197046 -1.6259745200619857 1
Pedestrian 899 0 -2.404677424970024 1480.0662 713.6749 1678.7458 1123.9496 1.5625049765867858 0.6305885794435767 0.4528717760699619 2.5506459630679044 1.949666795897365 6.182036367966409 -2.01336499380881 1
Pedestrian 900 0 -1.9676327807595946 1147.744 679.59283 1366.7931 1104.8611 1.8044109493458456 0.7305794741677909 0.8377022544552322 1.3518556698707496 2.0764804612437304 6.954266073677365 -1.7756350235945284 1
bicycle 1287 1 -1.2420064441668328 278.35406 785.05884 441.2006 1022.7492 1.2161208529777512 0.40147256538148984 1.8968940340815925 -3.929179742773316 2.378748430139989 9.898500093223328 -1.6198781419896129 1
bicycle 902 1 -0.23615131034266 843.44434 809.38794 957.57513 880.80585 1.128913921357394 0.49356605157851924 1.9809716485833306 -1.0864972907312953 4.4943284693183045 26.771629724393048 -0.2767129565464008 1
bicycle 903 1 -1.6751507609006107 813.11444 799.5262 839.2789 844.1351 1.1051674590261689 0.5889006133607184 2.376429818008227 -4.33126934436905 6.835010119132313 47.84552488183713 -1.765430795269765 1
bicycle_rack 904 1 0.09373972706618082 851.8275 807.7644 980.09064 893.5408 1.128913921357394 1.261692953763781 1.887915135105679 -0.6820986394080315 4.064460635123181 23.316052370975598 0.06449360327917764 1
bicycle_rack 905 1 -0.23216336446939997 830.5217 790.21716 959.9146 877.2288 1.3774111497121906 1.170267810626674 2.1935064082398226 -1.2399027694166798 4.547495059547341 27.81355201571251 -0.2767129565464008 1
Pedestrian 1291 0 1.3387612099334536 206.41245 761.43134 328.28958 1003.27637 1.4781146284465816 0.590235826743303 0.7718438584731715 -4.725970595064579 2.45137670313491 10.174330326882975 0.9039151960694309 1
Car 1355 2 2.023225154767454 0.0 758.7906 31.07578 887.6643 2.0953261585846295 2.080214497197101 4.8519547850197435 -22.26592873701491 5.20552476167126 32.18174924218677 1.4179692472553502 1
Car 1351 2 1.8682150663064978 160.9463 787.1603 269.907 859.83887 1.5101410629499368 1.681426112269604 3.944638615786212 -21.09925121656215 6.342964560569312 42.45750407389504 1.4070105355012892 1
