Car 897 1 1.7428275177032022 614.44653 780.0233 699.83185 854.9837 1.6926605721368668 1.810403428303233 3.944879063390572 -8.89706768420984 6.4669018767680235 44.02846039419831 1.5434372028836463 1
Car 1275 2 2.040277937301294 0.0 775.25793 44.346836 905.31647 1.6814582358778358 1.8477511411783378 4.742188006141902 -18.992126971428924 4.697872626816893 27.527067885843593 1.436333103459258 1
Car 1351 2 1.8693676767349285 146.02072 785.5431 256.11313 858.4767 1.5101410629499368 1.681426112269604 3.944638615786212 -21.396269666330607 6.271955820353977 42.241590238277254 1.40051656392815 1
bicycle 1277 1 -1.476000534430072 575.9507 794.0567 632.9949 908.9943 1.3787661516467253 0.6267006409502863 2.085338704738619 -5.271903403878656 4.009641960150118 22.182349509505887 -1.709333758730434 1
bicycle 1352 1 -1.488489694211309 593.398 794.2416 654.66534 900.0707 1.3787661516467253 0.7904710778600554 2.3136745598300057 -5.506037549066575 4.291897181468359 24.52513939254494 -1.709333758730434 1
Pedestrian 900 0 -2.0851743791645143 1121.7499 676.53625 1345.6959 1101.1554 1.8044109493458456 0.7305794741677909 0.7925964420392372 1.250865449159913 2.062179498124019 6.970054522665615 -1.907601837756195 1
Pedestrian 1282 1 -1.322804705152297 270.94962 744.4781 374.17053 941.0043 1.7293975130100758 0.7152137885303204 0.847576934721446 -6.052853838250257 2.9035850782469783 14.210319846303749 -1.7254778357624863 1
Pedestrian 1283 1 -1.1760866909158738 152.2525 728.1472 297.22763 958.06934 1.827446289952874 0.8751915615164935 0.7605478297295918 -6.214372005681949 2.7294419375607175 12.65778162072537 -1.6324702957535075 1
Pedestrian 899 0 -2.3850812205579692 1422.3574 707.181 1649.0885 1117.9327 1.5625049765867858 0.6305885794435767 0.6261996253008977 2.399610117524096 1.9308557788460097 6.275563460623956 -2.019861701854928 1
bicycle 1287 1 -1.2363987781291292 254.45251 787.263 422.24747 1029.5812 1.2161208529777512 0.40147256538148984 1.8968940340815925 -4.006446473342046 2.378454217903158 9.747441075069663 -1.626373582157896 1
bicycle 902 1 -0.23542205631933769 832.3084 809.20404 947.03406 881.06805 1.128913921357394 0.49356605157851924 1.9809716485833306 -1.274019753316849 4.475605984041351 26.641194440444963 -0.28320707235229614 1
bicycle 903 1 -1.6745752111528076 802.4172 800.9248 828.6437 845.76166 1.1051674590261689 0.5889006133607184 2.376429818008227 -4.657159396639078 6.862394009119174 47.68794945538819 -1.7719255489739307 1
bicycle_rack 904 1 0.09451080912414597 840.5173 807.6582 969.57446 893.79755 1.128913921357394 1.261692953763781 1.887915135105679 -0.8470175159128875 4.0464196119722695 23.18825256187223 0.05799917057271142 1
bicycle_rack 905 1 -0.2314447129369326 819.3804 789.952 949.40753 877.4632 1.3774111497121906 1.170267810626674 2.1935064082398226 -1.4341725821774758 4.528543008716893 27.68211283194679 -0.28320707235229614 1
Pedestrian 1286 0 -2.120825966335154 0.0 696.5248 154.8228 1057.2406 1.6597095243027513 0.5716601442290415 0.6599879572044187 -4.495679926175909 2.0358476923032827 7.447482327707481 -2.6639256793713466 1
Pedestrian 1291 0 1.3457116784970988 181.09274 760.8696 304.40045 1005.47723 1.4781146284465816 0.590235826743303 0.7718438584731715 -4.8395950918296045 2.4372048848439514 10.062560142836736 0.8974193347997832 1
