Car 897 1 1.7391339084556785 661.6049 778.49445 744.3015 851.48535 1.6926605721368668 1.810403428303233 3.944879063390572 -7.71175220255357 6.513306518994353 44.96102739722261 1.5692660227053334 1
Car 1275 2 2.0270125809189627 0.0 786.54474 120.167145 912.7952 1.6814582358778358 1.8477511411783378 4.742188006141902 -18.166828187016428 5.045764383078393 28.667075695048048 1.4621690316506748 1
bicycle 1287 1 -1.2640211703166933 359.27542 792.33704 503.88818 1015.035 1.2161208529777512 0.40147256538148984 1.8968940340815925 -3.692462548897372 2.504745594007304 10.555108023910167 -1.600541926475602 1
bicycle 1277 1 -1.4848859602963593 632.36285 795.10565 685.7103 905.65967 1.3787661516467253 0.6267006409502863 2.085338704738619 -4.63339769240283 4.120843047892181 23.02068381049519 -1.683503404798641 1
bicycle 1352 1 -1.494773159727127 645.28094 792.4066 703.2562 894.24 1.3787661516467253 0.7904710778600554 2.3136745598300057 -4.845702197144339 4.3542195809676505 25.369711775974775 -1.683503404798641 1
Pedestrian 1286 0 -2.1725210646133433 129.2463 717.8528 289.35468 1039.683 1.6597095243027513 0.5119559224008406 0.6599879572044187 -4.17869192167689 2.2005324407982445 8.317205776987546 -2.6380990929053003 1
Pedestrian 1281 2 -1.2660201310588133 10.689452 709.66925 151.81592 1040.3737 1.6472652998373682 0.5324737608139835 0.4370104709475251 -4.613229579261377 2.108354010867063 7.861385844701555 -1.796693136539439 1
Pedestrian 1282 1 -1.4967716597475622 350.62216 757.8927 411.7832 948.52747 1.7293975130100758 0.5018786298723036 0.7622428712582321 -5.659962153129457 3.0680740248228573 14.614932259734026 -1.866258181745529 1
Pedestrian 1283 1 -1.1841070810305563 229.16182 731.9431 345.3857 954.13165 1.827446289952874 0.7098760319171051 0.7004330916934431 -5.85036622265584 2.7848263056416647 13.01206762314742 -1.6066373066714346 1
Cyclist 1354 1 2.7093128267882065 0.0 652.8686 445.04095 1215.0 1.660798668348726 0.8055924418849657 1.886557114423249 -2.5386803574962404 1.759915010585816 4.293913933416532 -4.107816703861644 1
rider 1353 1 2.692776987282317 0.0 655.94794 315.69296 1215.0 1.5781556647672363 0.7674856331601349 0.9006760255197979 -2.496627204405174 1.6797554732470397 4.3049263708361325 -4.115952118337887 1
Pedestrian 899 0 -2.4275558818062493 1558.5251 702.8609 1753.47 1104.1589 1.5625049765867858 0.5397110674333226 0.5187315896804932 2.9208166655282266 1.9093159145698522 6.3050075491659054 -1.9937351876914586 1
Pedestrian 900 0 -1.8995692827267987 1217.0731 676.12146 1430.8582 1086.6266 1.8044109493458456 0.7305794741677909 0.9517865331437296 1.7169316461598236 2.068751326104994 7.208724576767015 -1.6657514513347964 1
bicycle 902 1 -0.23836300060329849 877.05084 805.36816 988.55176 874.7265 1.128913921357394 0.49356605157851924 1.9809716485833306 -0.5208777732571266 4.493051229508053 27.385872746642125 -0.2573806518240387 1
bicycle 903 1 -1.6771097961587262 845.29285 795.1145 871.1858 838.8424 1.1051674590261689 0.5889006133607184 2.376429818008227 -3.3529850015689098 6.767572253134037 48.52614295248909 -1.746096613476897 1
bicycle_rack 904 1 0.09151759647684016 885.92456 805.3404 1010.74927 889.0796 1.128913921357394 1.261692953763781 1.887915135105679 -0.18395320026089212 4.100312524464908 23.91837365994983 0.08382687401849709 1
bicycle_rack 905 1 -0.23436053054680228 864.17206 791.1025 990.7862 875.9902 1.3774111497121906 1.170267810626674 2.1935064082398226 -0.6543478831204979 4.629932490773308 28.420019418776565 -0.2573806518240387 1
Pedestrian 1291 0 1.3150263790288697 286.9941 764.54443 401.27225 990.8809 1.4781146284465816 0.590235826743303 0.7718438584731715 -4.4831361369732425 2.5368193287895386 10.851641250366548 0.9232527197849487 1
Car 1355 2 1.9856733340428923 0.0 759.4303 136.24176 874.6864 2.0953261585846295 2.080214497197101 4.8519547850197435 -21.7874695009606 5.532674571409144 35.66635652060023 1.437300270896006 1
Car 1351 2 1.8615466514245487 211.3124 786.9205 315.66074 857.7675 1.5101410629499368 1.681426112269604 3.944638615786212 -20.192289760771793 6.4401187093371375 43.43034582105083 1.426342387479746 1
