Car 897 1 1.7876537685383176 70.74207 781.2417 189.6282 871.2282 1.6926605721368668 1.810403428303233 3.944879063390572 -20.890516916629853 5.863310536272106 37.7443213093939 1.282146959182235 1
bicycle 1352 1 -1.4112185385436118 0.0 789.96344 74.57536 927.2666 1.3787661516467253 0.7904710778600554 2.3136745598300057 -12.002293260284192 3.629171401143589 19.168644953002094 -1.9706386298723337 1
Pedestrian 899 0 -2.1500370551072434 642.4279 735.184 889.6417 1215.0 1.5625049765867858 0.5866820370365482 0.7492409373173652 -0.7256850979129716 2.003162974627306 5.499873387078898 -2.2812250262861156 1
Pedestrian 900 0 -1.9823384495473362 385.52686 681.1978 619.4314 1163.6283 1.8044109493458456 0.6925513812716316 0.7362940067321309 -1.911242633868942 2.0574482202130677 6.21617470711015 -2.28062773173897 1
Pedestrian 901 1 -2.1365310261752066 1760.0176 736.95715 1892.2373 995.08124 1.7491173813224852 0.6026193804725061 0.5780104787986569 6.174018541881814 2.573271020957523 10.696937405163151 -1.6130627520915726 1
bicycle 902 1 -0.19036376812280908 337.04263 813.0961 477.94257 900.83704 1.128913921357394 0.49356605157851924 1.9809716485833306 -8.529459127385053 4.123585998521251 23.07200151046507 -0.5444698784042268 1
bicycle 903 2 -1.6359657304678112 320.05182 807.6933 348.24414 858.00433 1.1051674590261689 0.5889006133607184 2.376429818008227 -17.9265157433179 6.473958889613268 42.72740635974501 -2.033215762708477 1
bicycle_rack 904 1 -0.11898580609508136 329.4596 812.2938 491.56 921.19385 1.128913921357394 1.261692953763781 1.887915135105679 -7.338005227247535 3.7474413505237045 19.905160256625123 -0.47217634454884516 1
bicycle_rack 905 1 -0.17848372610110208 308.31424 793.8024 467.49445 904.6776 1.4446158517133305 1.170267810626674 2.1935064082398226 -9.124929440469089 4.254449608583499 23.809176162795428 -0.5444698784042268 1
Pedestrian 898 1 -1.3338796049170931 1671.8934 746.7786 1787.1523 1006.2746 1.6881599040593533 0.627427250127918 0.4573701605228928 5.373298881156992 2.5716357667646776 10.46198067532922 -0.8594093485371248 1
