Car 832 1 -1.6503073871502738 1822.7324 758.6488 1935.0 1008.2869 1.9066667369754213 2.046478683118154 4.998592555734007 11.038373424927125 3.6658094828939944 16.983833205536595 -1.0739784503059995 1
Cyclist 1524 0 1.82575715377682 1283.0024 761.9022 1424.4899 1002.4378 1.818714461846163 0.7688611314592791 1.9412831200854046 3.5792310819223765 3.1520801523247344 13.519866393183843 -4.198626646278182 1
Pedestrian 901 1 -2.062204848628682 635.931 715.01184 756.2642 1024.4225 1.7491173813224852 0.5904278850198851 0.4073295424619169 -1.5942849948499527 2.311866683969055 8.996175114749647 -2.237601883546576 1
truck 834 0 1.605493136230769 1543.5516 733.34546 1743.7687 970.74835 2.4596731868102952 2.327062379787256 6.361845584407729 10.107115604015931 4.294152224976029 21.9322888875622 -4.245866385848713 1
bicycle 836 1 -1.417530187522831 1379.2648 811.7825 1445.2393 910.65015 1.2557094419021744 0.7177180596978504 1.9975305364238725 7.266350552781777 4.392018543190671 24.04100277719666 -1.124012074528185 1
bicycle 258 0 1.6805686695290003 1500.5818 815.1386 1534.774 877.8495 1.3631788328460905 0.6437503279536867 1.8688246861328557 14.677996306540495 6.503679395133927 39.42931566383676 -4.246249445963913 1
bicycle 1525 2 -0.0572400837263064 1806.4927 851.5598 1928.5913 917.3345 0.7805706344600498 0.37984392764914243 1.5064186401219302 13.222007812842177 4.171646013209465 21.853166081625965 0.48687599519722546 1
Pedestrian 898 0 -1.3160971417782095 515.4454 717.59033 652.94635 1035.5297 1.6881599040593533 0.6391938668303914 0.4926700106302921 -2.0904377445185647 2.2202364699107036 8.334970492907104 -1.5618316682526683 1
Pedestrian 833 1 1.7973981498638887 1353.8507 775.20026 1421.7521 925.6169 1.8737715869173497 0.7094983765481896 0.862631581385476 5.78761403874025 3.9668029770889572 20.27576381420206 -4.2077365404479 1
Pedestrian 838 2 0.19010725029834297 1345.1697 809.7952 1391.6626 905.9251 1.4277046851464708 0.627437400280593 0.6195969454328653 6.600783194553637 4.476036470333596 24.23687033083918 0.4560031785467178 1
rider 1526 0 1.8143007758187624 1304.3993 768.4622 1410.8666 969.6644 1.6539187532997395 0.7688611314592791 0.7772507405757831 3.6019181715259267 3.0070514528775956 13.56919914332883 -4.209420147562548 1
