Car 832 0 -1.6489998492867912 1471.8795 746.7471 1699.44 981.2147 1.9066667369754213 2.046478683118154 4.998592555734007 7.164633904803741 3.5641584206007755 17.650508699547178 -1.2634034117745179 1
Cyclist 1524 0 1.8909701876889509 867.5877 730.89825 1053.1664 1030.3556 1.818714461846163 0.7688611314592791 1.9412831200854046 0.042988245726273376 2.6626165549952763 10.863138245155337 -4.3882578816868705 1
bicycle_rack 837 0 -1.8037928237977519 1748.2227 808.89685 1837.7557 927.62787 1.1168712980180369 0.4100787221156554 2.7024943865956192 10.87585872796133 3.698825205441521 19.628354836093987 -1.297815561188151 1
Pedestrian 901 1 -1.9789544405754858 160.26207 682.6843 323.06583 1062.7035 1.7491173813224852 0.5904278850198851 0.4560955242724242 -3.541862526521584 2.0482611015983423 7.368911951832403 -2.427002013709409 1
truck 834 0 1.5929445062503014 1213.61 711.87634 1424.5609 967.9135 2.4596731868102952 2.327062379787256 6.361845584407729 4.853528295460616 3.820942158503156 20.031416068262892 -4.452526175152514 1
bicycle 835 1 1.3035283952607806 1880.6501 807.9 1935.0 978.14514 1.14333117397895 0.6947543228927202 1.7389957609272595 8.616236439410825 2.8469411923786683 12.98697393909422 -4.393883010752988 1
bicycle 836 0 -1.4093682910795267 1071.5265 798.063 1136.5238 896.61487 1.2557094419021744 0.7177180596978504 1.9975305364238725 2.2934729777625673 4.137188606959304 23.82720258363096 -1.3134095168376354 1
bicycle 258 0 1.6820916598721576 1194.9178 803.93097 1226.334 863.84644 1.3631788328460905 0.6437503279536867 1.8688246861328557 6.8296014017461575 6.3788343253732895 40.908662074207776 -4.435671678690827 1
bicycle 1525 2 -0.06105184161792687 1468.8958 843.63086 1576.1403 903.76086 0.7805706344600498 0.37984392764914243 1.5064186401219302 8.520817899283088 4.165866783821276 22.74260890590887 0.29742349111192734 1
Pedestrian 898 0 -1.3766686303585205 0.0 683.23267 148.01923 1090.346 1.6881599040593531 0.5782363895672551 0.4926700106302921 -3.970827219920533 1.9594753037311818 6.625449585413472 -1.916594951495024 1
Pedestrian 833 0 1.8182726968108494 1025.2362 750.79395 1098.7528 909.68243 1.8737715869173497 0.7094983765481896 1.032416076312031 1.3017567372225383 3.5397852511893 19.188841785874466 -4.397177137762152 1
Pedestrian 838 2 0.19625053759769318 1043.4476 790.11554 1089.5388 886.93536 1.4277046851464708 0.627437400280593 0.6195969454328653 1.6743011783201993 4.093828921263693 23.747894345742623 0.2666372107320898 1
rider 1526 0 1.8769433819193448 905.0553 737.9282 1036.5945 983.632 1.6539187532997395 0.7688611314592791 0.7772507405757831 0.08133245232130631 2.5225382303232387 11.003991148371997 -4.398850882299312 1
