Car 832 0 -1.6664137969809283 1309.9006 735.61005 1539.8868 967.6987 1.9066667369754213 2.046478683118154 4.998592555734007 5.2102707600496085 3.395729088034979 17.46363003006346 -1.376471621952607 1
Cyclist 1524 0 1.9740255677202443 512.71375 704.37256 793.129 1113.528 1.818714461846163 0.7688611314592791 1.9412831200854046 -1.5838281199797006 2.3026578849506265 8.07671645541523 -4.502800597421855 1
bicycle 835 1 1.2772349209904075 1704.4021 794.00934 1859.2491 962.5814 1.14333117397895 0.6947543228927202 1.7389957609272595 7.038679140478529 2.7080912428758617 12.91508615492477 -4.506956605797756 1
truck 834 0 1.5289462679875703 1052.6023 691.5304 1294.5403 977.1568 2.4596731868102952 2.327062379787256 6.361845584407729 2.33567673783277 3.393128264611998 17.677200581420433 -4.622870661848465 1
bicycle 836 0 -1.3943832565921672 877.83026 785.71155 945.995 885.357 1.2557094419021744 0.7177180596978504 1.9975305364238725 -0.7457951644813636 3.8669243047140824 23.242407309837642 -1.4264599408493084 1
bicycle 258 0 1.684770929816354 1019.40234 793.8607 1051.157 854.2286 1.3631788328460905 0.6437503279536867 1.8688246861328557 1.998543756317668 6.015042229511461 40.19820672752268 -4.5487380438276155 1
bicycle 1525 2 -0.0690569835796741 1297.2545 830.51807 1401.3472 888.6662 0.7805706344600498 0.37984392764914243 1.5064186401219302 5.877762824080277 3.9459303130393364 22.696566366740083 0.184347416293686 1
bicycle_rack 837 0 -1.8190840497453475 1566.7471 798.2495 1655.4857 915.9187 1.1168712980180369 0.4100787221156554 2.7024943865956192 8.471199360959373 3.5459027204821068 19.587859085160506 -1.4109016653596345 1
Pedestrian 833 0 1.8349604696222235 828.54755 741.32117 906.93604 913.32245 1.8737715869173497 0.7094983765481896 0.8756919271490606 -1.0831751699991452 3.2726953265762937 17.46884523709049 -4.5101516659645995 1
Pedestrian 838 2 0.20449341340908164 860.71643 780.22705 908.92 880.2776 1.4277046851464708 0.627437400280593 0.6195969454328653 -1.1617687049113472 3.83377921917354 22.807342301438947 0.153599037786468 1
rider 1526 0 1.9618842750122152 572.4509 711.60065 761.71094 1044.7968 1.6539187532997395 0.7688611314592791 0.7772507405757831 -1.5777030192930783 2.1510843914515885 8.118037223544382 -4.513253591071641 1
