Car 832 0 -1.6695191010757964 1282.2429 732.8254 1514.1259 965.50366 1.9066667369754213 2.046478683118154 4.998592555734007 4.861949007111151 3.3487095683317403 17.34186900698979 -1.3961775308849924 1
Cyclist 1524 0 2.0235260499987238 369.047 688.1861 707.1701 1152.4142 1.818714461846163 0.7688611314592791 1.9412831200854046 -1.927675684769374 2.1653268484637707 7.164268761054301 -4.522502242730079 1
bicycle 835 1 1.2701421804325417 1679.5238 788.85443 1835.6427 957.6 1.14333117397895 0.6947543228927202 1.7389957609272595 6.787234654060768 2.651402552001424 12.83645692975975 -4.52666348211916 1
bicycle 836 0 -1.3983578592538013 853.7498 785.2712 922.8359 886.8615 1.2557094419021744 0.7177180596978504 1.9975305364238725 -1.0903109690626485 3.8108083378168787 22.790182730504824 -1.4461626659546796 1
bicycle_rack 837 0 -1.8263796969123303 1543.5566 792.7922 1635.1652 912.1546 1.1168712980180369 0.4100787221156554 2.7024943865956192 8.023866599732617 3.426378121462064 19.20436592302894 -1.4306107607085323 1
truck 834 0 1.5163849565008833 1031.5459 685.39777 1284.4161 980.95416 2.4596731868102952 2.327062379787256 6.361845584407729 2.0174463068036146 3.279823399576765 17.023871214213504 -4.64884358221869 1
bicycle 258 0 1.6841987880241351 990.7957 794.7774 1022.43896 855.0595 1.3631788328460905 0.6437503279536867 1.8688246861328557 1.230062276359163 6.04699066439035 40.26073570649069 -4.568443615868668 1
bicycle 1525 2 -0.0710274561577833 1268.9656 831.7655 1373.2302 889.9933 0.7805706344600498 0.37984392764914243 1.5064186401219302 5.418939845008509 3.9452309567571 22.56665883148962 0.16464077843846092 1
Pedestrian 833 0 1.8402877891650906 792.4091 739.8547 868.239 913.9857 1.8737715869173497 0.7094983765481896 0.6536660491681667 -1.480966090555375 3.2092786930302104 16.987474711808716 -4.5298575393285425 1
Pedestrian 838 2 0.20807366995947688 825.48224 779.373 874.2197 880.03326 1.4277046851464708 0.627437400280593 0.6195969454328653 -1.6827445541693464 3.803173159057248 22.644284772831863 0.13389790067402974 1
rider 1526 0 2.008446812672254 452.31613 700.76086 670.8559 1073.3064 1.6539187532997395 0.7688611314592791 0.7772507405757831 -1.9211115725629029 2.0457980043121373 7.273821926586634 -4.532955327948609 1
