Car 832 0 -1.6701318938311809 1259.0804 731.63477 1492.355 965.9401 1.9066667369754213 2.046478683118154 4.998592555734007 4.560521917255214 3.3217870942461105 17.196269654211406 -1.4108954273749061 1
Cyclist 1524 0 2.0780604024348994 209.31195 668.00586 623.3261 1200.4558 1.818714461846163 0.7688611314592791 1.9412831200854046 -2.171452917877235 2.029709244648049 6.296548148093155 -4.53721693551697 1
bicycle 836 0 -1.4061855783797754 844.073 785.713 911.9027 886.764 1.2557094419021744 0.7177180596978504 1.9975305364238725 -1.2537440309377057 3.829343404697827 22.90060942415946 -1.4608781701239861 1
truck 834 0 1.5291862898010393 999.46405 681.806 1263.8972 989.48315 2.4596731868102952 2.327062379787256 6.361845584407729 1.6962811548920549 3.2074134340904505 16.40257458799003 -4.6509497954074135 1
bicycle 835 1 1.2690620574772753 1653.9198 788.76605 1809.3538 957.6338 1.14333117397895 0.6947543228927202 1.7389957609272595 6.555757515692296 2.6483476167852102 12.818756346705674 -4.541382106149209 1
bicycle 258 0 1.6832203537473402 970.0316 794.9988 1002.0624 856.16693 1.3631788328460905 0.6437503279536867 1.8688246861328557 0.6668358054526718 5.986734224246094 39.68014296312244 -4.58316125790688 1
bicycle 1525 2 -0.06993887088648199 1244.0868 831.5599 1348.2443 889.7266 0.7805706344600498 0.37984392764914243 1.5064186401219302 5.028753413165202 3.931788204535498 22.502650931277508 0.14992245953891636 1
bicycle_rack 837 0 -1.8208847363882088 1509.973 794.7868 1597.9357 911.9827 1.1168712980180369 0.4100787221156554 2.7024943865956192 7.719438968390715 3.49636384979378 19.579256608496056 -1.445331048102782 1
Pedestrian 833 0 1.847727149039076 754.4543 736.3608 838.5782 919.43304 1.8737715869173497 0.7094983765481896 0.849571235621902 -1.7929959010399115 3.1292867080784386 16.36656053786139 -4.544575409468514 1
Pedestrian 838 1 0.2096135363403399 800.7831 778.8264 849.9513 880.0569 1.4277046851464708 0.627437400280593 0.6195969454328653 -2.040151848775832 3.779411196721085 22.499017983544604 0.11918347238915294 1
rider 1526 0 2.0595722852755207 323.26733 686.9697 581.6707 1112.5441 1.6539187532997395 0.7688611314592791 0.7772507405757831 -2.1458846455827305 1.937621510534032 6.388498863351377 -4.547670089693007 1
