Car 832 1 -1.6843218683418737 1249.0798 734.05035 1489.8733 970.6619 1.9066667369754213 2.046478683118154 4.998592555734007 4.452826540372671 3.344861408670033 17.0853986941985 -1.4293715151611361 1
Pedestrian 833 0 1.863802652291814 697.85175 732.97906 789.7238 932.0565 1.8737715869173497 0.6964380307846149 0.862631581385491 -2.1806114869916047 2.997758361743347 15.073471217995722 -4.563051464454777 1
rider 1526 1 2.2641467219737654 0.0 613.70734 178.06932 1215.0 1.6539187532997395 0.7688611314592791 0.7772507405757831 -2.6033472812957186 1.6285111692923675 3.8193548720286667 -4.61732192918975 1
Cyclist 1524 1 2.27975535560095 0.0 590.10645 272.00198 1215.0 1.818714461846163 0.7688611314592791 1.9412831200854046 -2.6110371613829506 1.7558507026859345 3.7050290388682283 -4.61732192918975 1
truck 834 0 1.3496800254391546 978.4531 672.47064 1371.2327 1022.7758 2.4596731868102952 2.327062379787256 6.361845584407729 1.6971495131472465 3.031198987097807 14.679225410417132 1.464784713106706 1
bicycle 835 1 1.258894542305014 1636.9939 793.97284 1795.3362 965.3699 1.14333117397895 0.6947543228927202 1.7389957609272595 6.356248760099011 2.6809178311070427 12.687618671816729 -4.5598591130715445 1
bicycle 836 0 -1.397615257552832 802.2006 787.4832 872.33704 890.35223 1.2557094419021744 0.7177180596978504 1.9975305364238725 -1.845617351235717 3.81685715318137 22.529924495731578 -1.4793512381240306 1
bicycle 258 0 1.6733247436483376 957.6031 801.84485 988.8382 863.06366 1.3631788328460905 0.6437503279536867 1.8688246861328557 0.3276216570313071 6.191109713467361 39.838590985231015 -4.601637022899395 1
bicycle_rack 837 0 -1.8327929893902186 1497.4264 796.9288 1588.0427 915.00543 1.1168712980180369 0.4100787221156554 2.7024943865956192 7.536481345549824 3.515944492644392 19.48955039922911 -1.4638101497613734 1
Pedestrian 838 1 0.2049321788896739 779.6517 778.3308 829.41254 880.87164 1.4277046851464708 0.627437400280593 0.6195969454328653 -2.3213178496670572 3.739864826361806 22.192426510057846 0.10071161985377652 1
