rider 247 0 1.6170783811856246 1321.7164 814.6345 1346.9917 867.96826 1.503325462332693 0.7167884312694952 0.6358283468841199 11.342452967401778 7.322582262677624 45.45850298355271 -4.421587382500325 1
Pedestrian 252 0 1.635000941120924 1277.3066 819.55914 1302.8206 875.1048 1.6862560652883705 0.772286995438641 0.762881502749928 10.817408642323555 8.151104109663677 49.19166942226858 -4.431726333570758 1
truck 834 1 0.8950548517979087 1437.4741 282.7695 1935.0 1215.0 2.4596731868102952 2.327062379787256 6.361845584407729 3.941551396066469 1.9924926477749718 5.259239625473667 1.5382056037236644 1
Cyclist 1014 0 1.6460140645931887 1215.3787 786.92456 1271.8893 914.9649 1.7232602354991824 0.7369056498364389 2.008079917225801 4.526919239497102 4.426900886639684 23.888418737203505 -4.449889337434064 1
bicycle 836 0 -1.4184643686147012 1001.28046 794.5219 1082.5929 921.1762 1.2557094419021744 0.7177180596978504 1.9975305364238725 1.032895476829001 3.4953461985589813 18.693965678408347 -1.3632676108257682 1
Cyclist 909 0 1.5529733739131677 1429.5742 830.5364 1456.3104 891.14404 1.4938938424966723 0.7251624912588659 1.8468303700523607 14.343384147356643 7.757294436984703 44.560183339442176 -4.418797385811203 1
Cyclist 254 0 1.6187751457965742 1320.8145 812.66327 1348.0831 880.2327 1.7611009183453676 0.7167884312694952 1.9369806486623902 11.420486558882752 7.633066408313287 45.736413848378504 -4.419711730249614 1
bicycle 258 1 1.655356397809168 1158.2688 821.4535 1191.971 891.00507 1.3631788328460905 0.6437503279536867 1.8688246861328557 5.13569471173659 6.204147629964371 35.84867683644042 -4.4855367143801 1
Pedestrian 833 0 2.177821447884827 309.51904 602.8908 547.84875 1138.3815 1.8737715869173497 0.6713049271315547 0.49694190000519345 -1.9684459902036149 1.796771837393938 5.561073880838073 -4.445569868172891 1
Pedestrian 838 1 0.19113810928452982 969.7649 782.43494 1028.7395 906.99713 1.4277046851464708 0.627437400280593 0.6195969454328653 0.4734784468361341 3.411365874116669 18.457270500733266 0.21678516412583182 1
Pedestrian 250 1 1.6474943392057426 1253.1627 822.37836 1276.0891 872.9835 1.5336230557640003 0.6857072756658512 0.7393217283133133 9.99780239014173 8.100196229829535 49.27717478604762 -4.435518962502404 1
rider 1015 0 1.6455007056744178 1219.4434 790.1475 1270.6929 898.18726 1.5671137389069176 0.7369056498364389 0.9630995169544826 4.554657773115299 4.277517159407652 23.967528426813104 -4.449889337434064 1
rider 911 0 1.5529794665807435 1429.7676 833.118 1455.7461 882.2829 1.3352377544222949 0.7251624912588659 0.6489253431297309 14.339648170637268 7.5959559221111235 44.549507482976615 -4.418797385811203 1
