rider 247 0 1.6090290290589548 1226.8898 801.06793 1256.1912 863.73096 1.503325462332693 0.7167884312694952 0.6358283468841199 7.209456358716946 6.079534672848755 38.45654518637086 -4.488837112654842 1
bicycle 907 2 -0.1040728614439258 1513.6057 836.89655 1685.2015 945.01 1.1306064594576755 0.4553150172951571 1.868452220625382 7.678082473036287 3.76052862197015 18.05981886293257 0.2979225083990067 1
bicycle 836 0 -1.413669024540639 883.8729 773.2044 982.36536 923.6689 1.2557094419021744 0.7177180596978504 1.9975305364238725 -0.2621672822812735 2.902682636381504 15.568129874545242 -1.430507431358004 1
moped_scooter 249 2 -1.7163740358707953 1553.6835 845.5224 1600.1222 924.033 1.120793055389803 0.5456318089243678 1.610393791217293 11.084558361670856 5.222937304759215 26.958196726572613 -1.3262706203805399 1
Pedestrian 250 0 1.6455790279527793 1151.7603 805.2671 1176.3597 859.8154 1.5336230557640003 0.6857072756658512 0.7393217283133133 6.150674938948696 7.0544850293578225 45.34090034600189 -4.502775303259782 1
Pedestrian 252 0 1.6319358008849267 1177.014 802.95386 1204.3405 862.84644 1.6862560652883705 0.772286995438641 0.762881502749928 6.945821684776201 7.129478089828642 45.26183518846118 -4.49897871046959 1
Car 908 1 -1.8925892182301771 1562.4589 717.3135 1935.0 1176.7404 1.9223383609753752 2.0535622747106395 4.999146108042289 5.6083627110682945 2.7022707562961124 9.971804458904433 -1.3802589737471285 1
truck 834 2 0.19318063263291552 0.0 0.0 1935.0 1215.0 2.4596731868102952 2.327062379787256 6.361845584407729 3.652125836517276 1.4546909836069617 1.1018974817658043 1.4709484338661727 1
Cyclist 1014 0 1.6553638132321575 1083.8969 760.4887 1166.4929 945.70795 1.7232602354991824 0.7369056498364389 2.008079917225801 1.8356899293673403 3.316620064770965 16.516909547780898 -4.517135700262296 1
bicycle 255 1 -0.25132566098206705 1464.043 843.6062 1617.4054 933.0887 1.0824220998528118 0.8762882937436578 1.8772623285734167 8.224586092043287 4.276973508272252 21.298394816241103 0.1171929592612313 1
bicycle 256 2 -0.1261282664666346 1504.2292 842.9499 1673.5192 945.3599 1.0631886997120072 0.6998266548552571 1.868452220625382 7.775978235509686 3.861873642359898 18.607897816191276 0.2697012817453952 1
Cyclist 909 0 1.5532094018476457 1316.8391 811.0692 1351.0494 889.43225 1.4938938424966723 0.7251624912588659 1.8468303700523607 8.499678518967684 5.867785598482961 34.15280512311186 -4.486059126531983 1
Cyclist 254 0 1.6110160059170848 1225.4275 798.73773 1256.7817 878.40173 1.7611009183453676 0.7167884312694952 1.9369806486623902 7.22316344684353 6.361810545717095 38.55336373651105 -4.486961480934796 1
bicycle 258 1 1.6625014090833137 1043.7355 812.16223 1081.1964 888.3416 1.3631788328460905 0.6437503279536867 1.8688246861328557 2.2115187461849093 5.557496591943348 32.521228833754236 -4.552786117684979 1
bicycle 259 2 -1.7093348867524825 1506.2772 840.6861 1547.8385 906.2369 1.1804225674273263 0.6399992469074598 1.8931490968949505 13.02641515899266 6.297369837620734 34.467576003630285 -1.347995790526562 1
bicycle_rack 910 1 0.23564298897779334 1475.6377 812.51965 1817.5994 1002.8713 1.268117789243135 1.717683497634262 2.671099978044606 6.590982666811735 3.2652548036502016 14.418695101324047 0.6643968760531638 1
Pedestrian 261 2 3.014134951004072 1541.7721 833.71857 1584.3981 905.38257 1.2730600720660716 0.7991163027486634 0.6919306761146682 11.986109289227924 5.5006294271428064 29.80155376905726 -2.8866510518996575 1
Pedestrian 838 1 0.20778218952630576 837.0927 762.3932 909.84033 913.30084 1.4277046851464708 0.627437400280593 0.6195969454328653 -0.8833453711931541 2.8537784643219855 15.154100707126432 0.14955722855487363 1
Pedestrian 253 2 -1.5018843300428721 1535.755 808.92194 1575.01 913.6697 1.8534490149795408 0.6500134584067088 0.6497611310264991 11.291696778692836 5.403779283259793 28.41794460682306 -1.1236697942900138 1
rider 1015 0 1.6547559575877813 1090.5557 764.37787 1164.4586 919.7315 1.5671137389069176 0.7369056498364389 0.9630995169544826 1.8558006840535086 3.166670424491456 16.605908848208635 -4.517135700262296 1
rider 911 0 1.5530149752264322 1317.3175 813.99713 1350.5934 877.6699 1.3352377544222949 0.7251624912588659 0.6489253431297309 8.498396803038704 5.699879956330905 34.11934760747313 -4.486059126531983 1
