rider 247 0 1.610087128937331 1249.7502 801.5768 1278.7598 863.43335 1.503325462332693 0.7167884312694952 0.6358283468841199 7.901227451543378 6.156095231196596 38.98834853838816 -4.473149965991756 1
bicycle 907 2 -0.0937063756183058 1524.1926 833.5407 1693.4401 940.2365 1.1306064594576755 0.4553150172951571 1.868452220625382 7.906529401060555 3.7577918166658706 18.325680388572128 0.313610841542316 1
bicycle 836 0 -1.4159607494203308 912.2471 773.4199 1008.09875 920.40967 1.2557094419021744 0.7177180596978504 1.9975305364238725 0.018124083780772314 2.940791022166535 15.92447270448696 -1.41482262219367 1
moped_scooter 249 2 -1.712838416408818 1575.2256 845.6544 1621.275 923.66516 1.120793055389803 0.5456318089243678 1.610393791217293 11.544761235283767 5.2516286994651145 27.13494711451201 -1.3105804986356284 1
Pedestrian 250 0 1.6462974723295334 1174.6592 809.84296 1199.1614 864.14496 1.5336230557640003 0.6857072756658512 0.7393217283133133 6.8898686647223215 7.23312512970353 45.64885058680732 -4.4870865988769 1
Pedestrian 252 0 1.6338866999758004 1198.1562 806.719 1225.3501 866.20215 1.6862560652883705 0.772286995438641 0.762881502749928 7.650399714408306 7.293607214320884 45.66049531978369 -4.483290940367718 1
Car 908 1 -1.8804765330980664 1577.4185 719.4508 1935.0 1165.0748 1.9223383609753752 2.0535622747106395 4.999146108042289 5.804967025576226 2.7374929519505695 10.235525149946346 -1.364569957819811 1
truck 834 2 0.3067149521922443 0.0 0.0 1935.0 1215.0 2.4596731868102952 2.327062379787256 6.361845584407729 3.6919546051403453 1.5089311756342396 1.5213693499366103 1.4866372967064336 1
Cyclist 1014 0 1.6534695117467981 1112.5576 762.65106 1191.591 940.1386 1.7232602354991824 0.7369056498364389 2.008079917225801 2.221260932929825 3.4072526591227805 17.22247720779254 -4.501449349142762 1
bicycle 255 1 -0.24999257421274101 1489.2124 840.8012 1641.888 929.57294 1.0824220998528118 0.8762882937436578 1.8772623285734167 8.663379345674247 4.26864322208929 21.510734109035536 0.13287948950870154 1
bicycle 256 2 -0.12088430226751085 1523.4172 842.766 1691.1779 944.2461 1.0631886997120072 0.6998266548552571 1.868452220625382 8.104014699298519 3.8948023473845153 18.83754206844958 0.2853871976447888 1
Cyclist 909 0 1.5529286891743128 1342.5653 813.9212 1376.2219 890.7965 1.4938938424966723 0.7251624912588659 1.8468303700523607 9.27475364199093 6.027040338542379 34.88046968991407 -4.470369146352864 1
Cyclist 254 0 1.6119938958158055 1248.4333 799.247 1279.4688 877.70953 1.7611009183453676 0.7167884312694952 1.9369806486623902 7.933125688317149 6.445311222160268 39.152010479976305 -4.471274329301476 1
bicycle 258 1 1.656325023704765 1076.9712 812.50464 1113.794 888.3436 1.3631788328460905 0.6437503279536867 1.8688246861328557 2.941902815030598 5.586241268975389 32.686689832954144 -4.537099052362312 1
bicycle 259 2 -1.7054444189020073 1526.6693 834.8753 1567.9563 899.8775 1.1804225674273263 0.6399992469074598 1.8931490968949505 13.538764041722372 6.176072332110124 34.583534641201574 -1.332304330665302 1
bicycle_rack 910 1 0.24300887085620565 1492.7935 812.6998 1831.1204 999.83844 1.268117789243135 1.717683497634262 2.671099978044606 6.852798177891859 3.299417480155327 14.66745518456675 0.6800830257288131 1
Pedestrian 261 2 3.0170323424062198 1564.073 834.5052 1606.7731 906.1888 1.2730600720660716 0.7991163027486634 0.6919306761146682 12.44253304284503 5.520868834244045 29.82872092027621 -2.870964870184572 1
Pedestrian 838 1 0.20452204634836468 866.4998 763.7509 937.315 911.201 1.4277046851464708 0.627437400280593 0.6195969454328653 -0.6099418685958645 2.9021396528639496 15.519264215996676 0.16524002249324488 1
Pedestrian 253 2 1.647037814403486 1549.9094 808.1467 1589.9075 913.8784 1.8534490149795408 0.6500134584067088 0.6497611310264991 11.463366314894548 5.357705467169472 28.16164665364547 -4.2495732237635275 1
rider 1015 0 1.6528916789988761 1118.6104 766.0174 1189.8196 915.73785 1.5671137389069176 0.7369056498364389 0.9630995169544826 2.2328819493223606 3.24513994663781 17.234077897849556 -4.501449349142762 1
rider 911 0 1.5528821250052776 1342.833 816.6172 1375.5312 879.02454 1.3352377544222949 0.7251624912588659 0.6489253431297309 9.273074553569353 5.8568418218365235 34.867617223874895 -4.470369146352864 1
