Car 908 1 -1.8398317029072326 1571.5508 723.72986 1935.0 1132.1459 1.9223383609753752 2.0535622747106395 4.999146108042289 6.005060151540709 2.8255444409471586 10.99838345554254 -1.3400687029240097 1
rider 247 0 1.6135468182022903 1283.09 804.6047 1311.2383 864.29346 1.503325462332693 0.7167884312694952 0.6358283468841199 9.093184486308548 6.415396173966649 40.47605852886551 -4.448651610572555 1
bicycle 255 1 -0.2432963813053577 1521.622 840.4599 1671.8038 927.69507 1.0824220998528118 0.8762882937436578 1.8772623285734167 9.319504885978574 4.337386408090298 22.001384402352816 0.15737700622170991 1
bicycle 907 2 -0.08138157760854242 1547.8312 835.0701 1713.1737 939.51874 1.1306064594576755 0.4553150172951571 1.868452220625382 8.394761068291766 3.849857033741297 18.82383753719883 0.33811126166956984 1
bicycle 836 0 -1.4187311716897106 955.7062 776.8479 1046.7975 917.3957 1.2557094419021744 0.7177180596978504 1.9975305364238725 0.47366340078053915 3.056089179059123 16.67187479026864 -1.3903278862502126 1
Pedestrian 250 1 1.6467759922233958 1211.7417 805.63 1235.857 858.806 1.5336230557640003 0.6857072756658512 0.7393217283133133 8.179927325587887 7.2170269416662425 46.58390350795338 -4.462585829430568 1
Pedestrian 252 0 1.632909902742317 1237.6672 802.274 1264.5398 860.79895 1.6862560652883705 0.772286995438641 0.762881502749928 8.991153162296893 7.242674649397398 46.379872673686236 -4.458791618501401 1
truck 834 1 0.5143068022912166 0.0 0.0 1935.0 1215.0 2.4596731868102952 2.327062379787256 6.361845584407729 3.8024287224843145 1.5978335953585139 2.458561036450684 1.5111383563924097 1
Cyclist 1014 0 1.6498585790489875 1159.6432 767.2408 1231.1031 928.0822 1.7232602354991824 0.7369056498364389 2.008079917225801 2.990062063760466 3.629544925361855 18.96504980843886 -4.476952224065032 1
bicycle 256 2 -0.10938820595406568 1548.5366 842.20746 1712.2982 941.41595 1.0631886997120072 0.6998266548552571 1.868452220625382 8.6254589438288 3.9652074026732116 19.35263216404381 0.30988369141278893 1
Cyclist 909 0 1.5518766635455075 1384.5942 814.4921 1416.5061 886.62634 1.4938938424966723 0.7251624912588659 1.8468303700523607 10.899575758556987 6.327834751102399 37.14212962611739 -4.445866403847622 1
Cyclist 254 0 1.615079877546612 1282.4043 801.87006 1312.5284 877.2092 1.7611009183453676 0.7167884312694952 1.9369806486623902 9.184828798328336 6.713309344386269 40.81859832166066 -4.446775966341292 1
bicycle 258 1 1.657817010001584 1111.8363 813.12604 1148.481 888.23444 1.3631788328460905 0.6437503279536867 1.8688246861328557 3.740825216012913 5.644150050138049 33.03217412462769 -4.512600817728893 1
bicycle_rack 910 2 0.2645306691011596 1504.4854 811.2184 1830.7975 989.433 1.268117789243135 1.717683497634262 2.671099978044606 7.221612297397155 3.368365451823175 15.337698857134251 0.7045798935195218 1
Pedestrian 261 2 3.0287431419836386 1586.7477 834.82 1629.2429 906.6349 1.2730600720660716 0.7991163027486634 0.6919306761146682 12.887321452851392 5.526256984987623 29.816242710063747 -2.846467943013599 1
Pedestrian 838 1 0.19414417387389976 920.9128 766.4291 987.4209 906.0986 1.4277046851464708 0.627437400280593 0.6195969454328653 -0.07235347692764323 3.0141354551031974 16.39603978538202 0.18973133954163957 1
Pedestrian 253 2 -1.4905288257394476 1584.9119 799.4217 1626.9017 908.931 1.8534490149795408 0.6500134584067088 0.6497611310264991 11.705200622495743 5.073217831116788 27.15016422876488 -1.0834790347147158 1
rider 1015 0 1.650460639794808 1162.8064 769.9985 1228.1218 907.1901 1.5671137389069176 0.7369056498364389 0.9630995169544826 2.953857302886546 3.4458922359090893 18.809018245131305 -4.476952224065032 1
rider 911 0 1.5518079558827562 1384.9355 817.4691 1415.8809 876.1126 1.3352377544222949 0.7251624912588659 0.6489253431297309 10.902098561865605 6.170565018197619 37.141281448439045 -4.445866403847622 1
