rider 247 0 1.6106354716986369 1066.6471 801.1759 1100.0792 873.30334 1.503325462332693 0.7167884312694952 0.6358283468841199 2.7202906657915387 5.468923612117615 33.283129550386796 -4.590999284107994 1
rider 248 1 1.654290132200357 1055.6085 823.2241 1078.7377 871.9913 1.5093050365956393 0.7147071097924309 0.691662610661527 3.5362973890133227 8.18044370315959 49.90624040115524 -4.5581545907097905 1
bicycle 255 1 -0.28154220949234543 1338.5801 844.93787 1501.7277 939.7274 1.0824220998528118 0.8762882937436578 1.8772623285734167 5.998378587493063 4.037118191549383 19.628764949166378 0.015036235004714849 1
bicycle 907 2 -0.13292023697714428 1380.9851 842.5512 1566.2013 959.84125 1.1306064594576755 0.4553150172951571 1.868452220625382 5.567113054148977 3.56535358540955 16.323665342568038 0.1957551593199338 1
moped_scooter 249 2 -1.7491405127299375 1433.7499 848.64294 1483.8611 930.4484 1.120793055389803 0.5456318089243678 1.610393791217293 8.60160015048002 5.120383591552571 25.896500788759273 -1.4284526438260705 1
Pedestrian 251 2 1.5954777658515917 1001.8781 811.2491 1021.61707 866.56165 1.774252387425403 0.6525969229842776 0.6728356770402757 1.7138672096931675 8.138323759331767 50.716239280416424 -4.6539271333694066 1
Pedestrian 838 1 0.23794901028222326 626.6695 756.0362 716.8917 936.02795 1.4277046851464708 0.627437400280593 0.6195969454328653 -2.4432976945535057 2.567371380324853 12.668228333800819 0.047420313857224006 1
Pedestrian 253 1 1.6214064160910144 1396.2566 841.7214 1432.7693 923.85406 1.4626768021185856 0.6500134584067088 0.5851676523981234 8.806882618652939 5.730687082111043 29.0516782093869 -4.367438912297413 1
Pedestrian 250 0 1.6440688529150993 999.269 816.3059 1025.309 874.5897 1.5336230557640003 0.6857072756658512 0.7393217283133133 1.449658981407879 7.013577629705804 42.410085211426335 -4.604947817880309 1
Pedestrian 252 0 1.6327855366708643 1020.31274 812.4838 1049.4365 876.8488 1.6862560652883705 0.772286995438641 0.762881502749928 2.0733428684792807 7.015114835056833 42.060223912491516 -4.601145017678977 1
Car 908 1 -1.9934598046208962 1482.5917 706.6777 1935.0 1215.0 1.9223383609753752 2.0535622747106395 4.999146108042289 4.498525598519848 2.502199056222709 8.022954225063263 -1.4824335237990538 1
Cyclist 1014 0 1.6932895806259793 845.1895 744.2415 977.8646 1024.8237 1.7232602354991824 0.7369056498364389 2.008079917225801 -0.32634849847247704 2.6914707416062704 11.098288050113629 -4.619292556436729 1
bicycle 256 1 -0.15427262901703243 1371.2992 851.1217 1553.8722 961.99677 1.0631886997120072 0.6998266548552571 1.868452220625382 5.629518620359104 3.693155164736522 16.884624237601773 0.1675477794409237 1
bicycle 836 0 -1.3788776604917725 661.52484 770.06396 787.9081 950.1173 1.2557094419021744 0.7177180596978504 1.9975305364238725 -2.0262646100343864 2.622908582300586 13.072668069582717 -1.5326540397380237 1
Cyclist 909 0 1.5755255480791561 1119.9927 808.54156 1161.0116 905.8673 1.4938938424966723 0.7251624912588659 1.8468303700523607 3.304925576114074 4.994276013769382 27.54321892590557 -4.5882401636750565 1
Cyclist 254 0 1.6122366364294702 1065.7196 798.15936 1101.144 889.2014 1.7611009183453676 0.7167884312694952 1.9369806486623902 2.768538504564263 5.788884385594178 33.75933457839549 -4.589123687476725 1
Cyclist 257 0 1.664055757046242 1053.8667 821.26843 1080.5662 881.5488 1.7121841929198378 0.7147071097924309 1.93280568464486 3.5558851619549876 8.421247286994973 50.080860763363084 -4.548245632372151 1
bicycle 258 2 1.6584440428718255 895.811 791.9468 935.18475 871.39557 1.3631788328460905 0.6437503279536867 1.8688246861328557 -0.9249361191577522 4.888865617425872 30.61120408577101 -4.654947681116264 1
bicycle 259 1 -1.7205258623816966 1355.1456 837.22845 1397.4918 904.1403 1.1804225674273263 0.6399992469074598 1.8931490968949505 9.302687737822815 6.085537407538998 33.568762355771995 -1.4501866674314194 1
bicycle 55 2 1.484396230826036 1290.6599 849.9199 1312.0023 895.68823 1.1047015382854124 0.48576301993283627 1.9860375560581018 10.705664939312744 8.346680041752904 47.11198580240064 -4.575344861089796 1
bicycle_rack 910 1 0.18382495525814097 1368.6997 812.5604 1742.5438 1029.7472 1.268117789243135 1.717683497634262 2.671099978044606 5.031942135995049 3.0368905690709136 12.656477952520913 0.5622419964895058 1
Pedestrian 261 1 3.0015468573465154 1391.7545 839.0826 1433.175 909.8715 1.2730600720660716 0.7991163027486634 0.6919306761146682 9.060153671767548 5.64107213625527 30.05025883778497 -2.988806058049101 1
rider 1015 0 1.69153414591349 860.9399 750.12646 974.3976 981.6184 1.5671137389069176 0.7369056498364389 0.9630995169544826 -0.30947696250394185 2.5474585779072045 11.1932895677741 -4.619292556436729 1
rider 911 0 1.5754671581122386 1120.5912 812.73663 1160.9133 891.67236 1.3352377544222949 0.7251624912588659 0.6489253431297309 3.2905021662797678 4.8241301964911125 27.40948418789076 -4.5882401636750565 1
