Car 908 1 -1.976275421911561 1485.039 706.3908 1935.0 1215.0 1.9223383609753752 2.0535622747106395 4.999146108042289 4.574446671366951 2.513936766843343 8.266559148028989 -1.4708503361259146 1
rider 247 0 1.6122549756005364 1081.9056 801.3554 1114.8545 872.32263 1.503325462332693 0.7167884312694952 0.6358283468841199 3.1059274930746645 5.539693306347777 33.845011852686 -4.5794175152594985 1
rider 248 1 1.6567680850544564 1069.4467 823.0768 1092.2954 871.1448 1.5093050365956393 0.7147071097924309 0.691662610661527 4.053298730413115 8.275272033116844 50.65577527254471 -4.546570823938068 1
Cyclist 1014 0 1.6868020683888734 877.1275 743.3481 1001.33435 1008.30115 1.7232602354991824 0.7369056498364389 2.008079917225801 -0.1324416278709424 2.731403963326157 11.690860360883462 -4.60771140099982 1
bicycle 255 1 -0.2785311761044269 1353.3605 844.6899 1515.0605 938.69226 1.0824220998528118 0.8762882937436578 1.8772623285734167 6.251863611266979 4.067597878254956 19.8480436142851 0.0266172672252869 1
bicycle 907 2 -0.12880446626285175 1394.5406 842.229 1577.6357 958.2149 1.1306064594576755 0.4553150172951571 1.868452220625382 5.781974041077855 3.595844930458723 16.54821120928788 0.20733729618822605 1
moped_scooter 249 2 -1.7370477651745246 1433.5725 844.48083 1482.299 925.5697 1.120793055389803 0.5456318089243678 1.610393791217293 8.63569306831336 5.067814863815292 26.043421226797665 -1.4168685864043036 1
Pedestrian 251 2 1.5940632161886379 1021.4031 813.5614 1041.0264 868.65796 1.774252387425403 0.6525969229842776 0.6728356770402757 2.3859433291790584 8.249890071305103 50.971117976234 -4.642346523595379 1
Pedestrian 838 1 0.22832629296014925 661.37537 761.424 747.87744 935.96326 1.4277046851464708 0.627437400280593 0.6195969454328653 -2.2366613660353463 2.652337403928695 13.082655959182803 0.05899949807782123 1
Pedestrian 250 0 1.6470057913959453 1012.2583 814.4345 1038.2223 872.36755 1.5336230557640003 0.6857072756658512 0.7393217283133133 1.8277810845099527 6.992680311859726 42.664459847488644 -4.5933648610893405 1
Pedestrian 252 0 1.6331150252813353 1037.3021 811.9246 1066.2123 875.7845 1.6862560652883705 0.772286995438641 0.762881502749928 2.569210326615007 7.043364920133472 42.409185714750826 -4.58956277417135 1
bicycle 256 1 -0.15438145339594117 1391.572 850.16095 1572.5951 959.8916 1.0631886997120072 0.6998266548552571 1.868452220625382 5.923479336796939 3.7155644461830706 17.097577894195556 0.17912851437646604 1
bicycle 836 0 -1.3837595929270448 689.1106 771.0784 811.1983 946.8919 1.2557094419021744 0.7177180596978504 1.9975305364238725 -1.849580781510508 2.6633405732240423 13.384906728091536 -1.5210740623022392 1
Cyclist 909 0 1.5746299379948505 1139.4573 808.07886 1179.574 903.1289 1.4938938424966723 0.7251624912588659 1.8468303700523607 3.7391231389274133 5.06425862075751 28.183763253031877 -4.576656223563397 1
Cyclist 254 0 1.6139190247808815 1080.8813 798.39575 1115.8499 887.83295 1.7611009183453676 0.7167884312694952 1.9369806486623902 3.1610148762957446 5.865003546752261 34.36540420944094 -4.577541914412932 1
Cyclist 257 0 1.666607889596376 1067.5507 820.97815 1094.0566 880.4572 1.7121841929198378 0.7147071097924309 1.93280568464486 4.064157247819726 8.499164082535513 50.7485658404269 -4.536663788416362 1
bicycle 258 2 1.6574033261435588 914.95575 792.3406 953.8462 871.06604 1.3631788328460905 0.6437503279536867 1.8688246861328557 -0.5435633194621464 4.930879400857046 30.90918315476145 -4.64336598811945 1
bicycle 259 1 -1.717253602618423 1368.743 837.61926 1410.7155 904.25726 1.1804225674273263 0.6399992469074598 1.8931490968949505 9.650298828825024 6.117974969774556 33.731047936802035 -1.4386015959010197 1
bicycle 55 2 1.4866690562502987 1305.3741 850.3557 1326.6396 896.2012 1.1047015382854124 0.48576301993283627 1.9860375560581018 11.157170142604294 8.353985845702441 47.0662585804303 -4.563760181723835 1
bicycle_rack 910 1 0.2011683266950815 1358.3679 811.627 1733.5049 1028.6897 1.268117789243135 1.717683497634262 2.671099978044606 4.953521940567528 3.030921893489885 12.67143999922206 0.5738228726402954 1
Pedestrian 261 2 3.007055461129276 1401.9076 838.9986 1442.8636 909.2451 1.2730600720660716 0.7991163027486634 0.6919306761146682 9.336741487879884 5.6756710163210995 30.300665224611542 -2.977225172651707 1
Pedestrian 253 1 -1.5181740925872984 1411.9587 821.8584 1448.4242 923.2787 1.8534490149795408 0.6500134584067088 0.5851676523981234 9.165051448088393 5.753322070097848 29.222773955060266 -1.2142628045741692 1
rider 1015 0 1.686728806364453 888.4003 749.86633 996.4126 971.123 1.5671137389069176 0.7369056498364389 0.9630995169544826 -0.1316202591237658 2.5875724898103183 11.693991003841834 -4.60771140099982 1
rider 911 0 1.5746718852111403 1139.9918 812.478 1179.1643 889.0932 1.3352377544222949 0.7251624912588659 0.6489253431297309 3.746409867617385 4.924938062788099 28.24777570077091 -4.576656223563397 1
