Car 908 1 -2.138346793062386 1377.1692 660.6194 1935.0 1215.0 1.9223383609753752 2.0535622747106395 4.999146108042289 3.4046862861196674 2.1208541052965595 5.776406028845054 -1.605748546234745 1
rider 247 0 1.6349585361760637 845.7128 775.6399 886.79913 861.62897 1.503325462332693 0.7167884312694952 0.6358283468841199 -1.7478952498171034 4.315366433426719 27.5788706673073 -4.711520173860183 1
rider 248 1 1.6550003960571757 868.0434 798.0338 894.753 853.6056 1.5093050365956393 0.7147071097924309 0.691662610661527 -2.304131242885063 6.551587244256839 43.19571019958374 -4.681476073944791 1
Cyclist 1014 0 1.8788881843456293 179.99783 646.884 605.449 1215.0 1.7232602354991824 0.7369056498364389 2.008079917225801 -1.79000102800061 1.8129881705544482 5.0879418807421075 1.5405996708574423 1
bicycle 907 2 -0.16763102080221834 1225.393 826.39465 1433.6835 956.66705 1.1306064594576755 0.4553150172951571 1.868452220625382 3.4726382635566573 3.08161532673073 14.185168219571489 0.07245482363128386 1
moped_scooter 249 2 -1.766269612403816 1261.2797 826.9943 1314.5938 912.0302 1.120793055389803 0.5456318089243678 1.610393791217293 5.309308831550216 4.523951030555477 24.372131324849693 -1.5517772407400479 1
Pedestrian 251 1 1.5964316030662151 814.9986 792.30206 836.08606 850.88794 1.774252387425403 0.6525969229842776 0.6728356770402757 -4.325504117558757 7.152269621176908 47.68594801408441 1.5059710134882183 1
Pedestrian 252 0 1.639843842047047 823.45276 790.2133 855.6447 859.97076 1.6862560652883705 0.772286995438641 0.762881502749928 -3.1186570873165653 5.970137978226833 38.366117933355696 1.5587354193215672 1
Pedestrian 838 1 0.32788991341009927 252.81264 715.02716 387.22318 953.2411 1.4277046851464708 0.627437400280593 0.6195969454328653 -4.081488279941361 2.023768820059425 9.55367620195993 -0.07585664562989347 1
Pedestrian 250 0 1.6559182845928548 794.752 792.5623 824.35864 856.7961 1.5336230557640003 0.6857072756658512 0.867595510576578 -3.895157785021852 5.892303575950682 38.437232089469646 1.5549249127056055 1
Cyclist 909 0 1.624355967909044 849.9444 776.79846 911.86426 908.989 1.4938938424966723 0.7251624912588659 1.8468303700523607 -1.0528638498798635 3.613842260934862 19.94701547194476 -4.711563429050447 1
rider 911 0 1.6243584906265633 853.35626 780.65265 910.383 887.6447 1.3352377544222949 0.7251624912588659 0.6489253431297309 -1.0521974282313014 3.445177991225185 19.933434436051023 -4.711563429050447 1
bicycle 255 1 -0.3020683704706617 1167.0988 830.95056 1345.9159 939.40375 1.0824220998528118 0.8762882937436578 1.8772623285734167 3.4354761246510765 3.568093269470531 17.50309450001664 -0.10825399904451971 1
bicycle 256 1 -0.19116893234830623 1219.7196 828.56757 1425.7632 950.8558 1.0631886997120072 0.6998266548552571 1.868452220625382 3.524945035550268 3.117750256447654 14.694809381824221 0.04425963116605036 1
bicycle 836 1 -1.3044812736679559 301.69977 739.26715 502.96405 981.4515 1.2557094419021744 0.7177180596978504 1.9975305364238725 -3.574470403759206 2.079686647153532 9.7483049338963 -1.6559343802189395 1
Cyclist 254 1 1.635443788761446 841.9077 771.91077 887.98975 882.48303 1.7611009183453676 0.7167884312694952 1.9369806486623902 -1.7475807900964213 4.546365639177096 27.363552595156694 -4.711520173860183 1
Cyclist 257 2 1.6647802189267153 865.85675 795.1611 896.91095 863.905 1.7121841929198378 0.7147071097924309 1.93280568464486 -2.2916288500938147 6.728933594495921 43.08280939545161 -4.671546266855829 1
bicycle 258 0 1.6764914588068383 678.32153 787.30865 724.433 875.4612 1.3631788328460905 0.6437503279536867 1.8688246861328557 -4.780646817961593 4.463429613075916 27.593018615334888 1.5049387933071636 1
bicycle 259 1 -1.7314555703431964 1177.312 820.80975 1222.9598 891.8239 1.1804225674273263 0.6399992469074598 1.8931490968949505 4.9423492483830564 5.37005271337955 31.033261051663622 -1.573522168678213 1
bicycle 55 2 1.4865756433158879 1098.1437 830.71564 1118.6836 874.91174 1.1047015382854124 0.48576301993283627 1.9860375560581018 4.682019657376767 7.800550045956162 47.65522020648374 -4.698676180562488 1
bicycle 260 2 -1.7850275533893554 1287.1288 828.6291 1348.3877 921.2247 1.120793055389803 0.5456318089243678 1.7900702968838944 5.455228149137566 4.37163360456636 22.962179719301883 -1.5517772407400472 1
bicycle_rack 910 1 0.12781544949062734 1222.3466 799.0014 1653.381 1058.5112 1.268117789243135 1.717683497634262 2.671099978044606 3.3629441510606712 2.642191255614754 10.457505965310581 0.4389526523600211 1
Pedestrian 261 1 2.9861354455880633 1219.4086 820.695 1263.3627 895.64655 1.2730600720660716 0.7991163027486634 0.6919306761146682 5.229285512041528 4.986163522975101 27.95024996108989 -3.1120954844765585 1
Pedestrian 253 1 -1.5262941738947906 1210.0437 788.3757 1247.6006 895.4911 1.8534490149795408 0.6500134584067088 0.5851676523981234 4.890912387841217 4.8792930021260394 27.322729258459667 -1.349164919675039 1
rider 1015 0 1.880803096849951 257.93912 644.0485 574.89307 1164.5494 1.5671137389069176 0.7369056498364389 0.9630995169544826 -1.7808807339466304 1.6378558470785198 5.031222956977036 1.5405996708574423 1
