Car 908 1 -2.178024208518857 1370.2307 653.29425 1935.0 1215.0 1.9223383609753752 2.0535622747106395 4.999146108042289 3.2838366308848914 2.0718590891673485 5.322132175781975 -1.6251873632173512 1
rider 247 0 1.640612165037636 806.786 773.53503 850.18317 863.8845 1.503325462332693 0.7167884312694952 0.6358283468841199 -2.3283746338821096 4.147169638288764 26.275383708869633 1.5522287298698516 1
rider 248 1 1.6538894894492708 840.11035 798.58234 867.63196 855.7874 1.5093050365956393 0.7147071097924309 0.691662610661527 -3.008275064797906 6.419927846118055 41.93135901523828 -4.700915955559818 1
Cyclist 1014 0 1.9699453031500898 0.0 596.64465 487.20898 1215.0 1.7232602354991824 0.7369056498364389 2.008079917225801 -1.8783931284174318 1.668860566282929 3.9007031182738023 1.5211643513125321 1
bicycle 907 2 -0.1734540412472385 1201.757 819.4298 1414.2192 951.77 1.1306064594576755 0.4553150172951571 1.868452220625382 3.1952729637916435 2.970444504863191 13.866809199045642 0.05301887764353119 1
moped_scooter 249 2 -1.7702661509097952 1236.6793 817.51263 1291.0193 903.14856 1.120793055389803 0.5456318089243678 1.610393791217293 4.841381875871473 4.31579375813287 24.00054480975384 -1.5712176144926753 1
Pedestrian 252 0 1.6419485621566654 790.6163 786.6958 823.48224 857.66125 1.6862560652883705 0.772286995438641 0.762881502749928 -3.8858540290839656 5.810113596718018 37.722189379139174 1.5392982134113167 1
Pedestrian 838 1 0.3447351144937464 182.55112 707.8478 326.44934 956.7708 1.4277046851464708 0.627437400280593 0.6195969454328653 -4.306446960877404 1.9540278793142032 9.146859539200523 -0.09529026564855192 1
bicycle 255 1 -0.3055335581026142 1140.8254 830.72375 1322.659 941.88135 1.0824220998528118 0.8762882937436578 1.8772623285734167 3.085955048448094 3.5216769853172196 17.168616220046907 -0.1276886366403629 1
bicycle 256 1 -0.19924743154814925 1198.9453 829.0641 1410.7678 954.39294 1.0631886997120072 0.6998266548552571 1.868452220625382 3.253176234860049 3.0629448443829217 14.274604610806392 0.02482514237159794 1
bicycle 836 1 -1.2891740795177251 234.81476 736.2296 448.4408 984.5617 1.2557094419021744 0.7177180596978504 1.9975305364238725 -3.8697103989868014 2.040959310584339 9.516954184724447 -1.6753676654870615 1
Cyclist 909 0 1.639073326501757 794.23517 777.3714 864.205 922.55054 1.4938938424966723 0.7251624912588659 1.8468303700523607 -1.5916799458922206 3.4516853039835933 18.271871369465522 1.5521817274639584 1
Cyclist 254 2 1.6407380602056878 803.3498 769.9389 851.9729 885.12805 1.7611009183453676 0.7167884312694952 1.9369806486623902 -2.333376768528445 4.405890638442337 26.29418194836029 1.5522287298698516 1
Cyclist 257 1 1.6638977113924636 837.64294 796.2285 869.37604 866.5449 1.7121841929198378 0.7147071097924309 1.93280568464486 -3.02597213015423 6.6509216003907365 42.133713353006854 -4.690982811034551 1
bicycle 258 0 1.6818672330644797 638.7838 785.2655 687.0527 876.09125 1.3631788328460905 0.6437503279536867 1.8688246861328557 -5.328903388851023 4.338631995825011 26.788088689395337 1.4855025654930678 1
bicycle 259 1 -1.7370003062588808 1155.37 819.4824 1202.4385 892.1601 1.1804225674273263 0.6399992469074598 1.8931490968949505 4.401704554199841 5.253299710016514 30.348118147143115 -1.5929642728417013 1
bicycle 55 2 1.481264125240962 1076.4984 837.009 1097.7366 882.32794 1.1047015382854124 0.48576301993283627 1.9860375560581018 3.927566157587236 7.877563990649427 46.7565770028685 1.565067680199943 1
bicycle 260 2 -1.7931455318214655 1268.4563 826.15753 1331.4745 920.04315 1.120793055389803 0.5456318089243678 1.7900702968838944 5.096343957619195 4.280869795259989 22.585709910862157 -1.571217614492675 1
bicycle_rack 910 1 0.11761755259731105 1198.7865 798.5331 1647.4518 1069.3163 1.268117789243135 1.717683497634262 2.671099978044606 3.125242718828997 2.587558894827189 10.035465269057978 0.41951803373569874 1
Pedestrian 261 1 2.985493210421497 1189.0687 820.3579 1233.5841 896.378 1.2730600720660716 0.7991163027486634 0.6919306761146682 4.595175814117464 4.922342955452697 27.517683900944043 -3.1322289197577993 1
Pedestrian 251 1 1.600143621631228 779.76117 792.842 801.3558 852.544 1.774252387425403 0.6525969229842776 0.6728356770402757 -5.345069713933095 7.075964196737729 46.846192668206115 1.4865366423217323 1
Pedestrian 253 1 -1.5294936809534083 1184.7969 794.2649 1222.8392 903.45374 1.8534490149795408 0.6500134584067088 0.5851676523981234 4.354082455252769 4.9317798587422805 26.828696538678226 -1.3686044450892565 1
Pedestrian 250 1 1.658577270349415 761.40393 791.55396 790.869 855.8049 1.5336230557640003 0.6857072756658512 0.6003584641947466 -4.65506085973625 5.761621774480875 37.626916163739935 1.535486477676348 1
rider 1015 0 1.9722300753215958 0.0 607.52893 438.04697 1215.0 1.5671137389069176 0.7369056498364389 0.9630995169544826 -1.8683112977726064 1.5281175233896696 3.8571974657875883 1.5211643513125321 1
rider 911 0 1.638440623455267 799.9629 782.99756 862.8101 899.7312 1.3352377544222949 0.7251624912588659 0.6489253431297309 -1.5853919542197927 3.3085115731020007 18.33385295021348 1.5521817274639584 1
