rider 247 0 1.6358624605170773 876.09375 776.4806 916.25116 860.6568 1.503325462332693 0.7167884312694952 0.6358283468841199 -1.2237014650532878 4.395402164091165 28.20634707267076 -4.690679563236538 1
rider 248 1 1.6541689035987943 900.78253 798.62823 926.9767 853.2826 1.5093050365956393 0.7147071097924309 0.691662610661527 -1.3907495467191147 6.660262831604652 43.97503988560058 -4.660631750697656 1
bicycle 907 2 -0.16629072191729322 1258.1224 826.0715 1463.193 954.3437 1.1306064594576755 0.4553150172951571 1.868452220625382 3.845282454293733 3.1205590685093227 14.478913676729917 0.09329510250976791 1
moped_scooter 249 2 -1.7644273854926829 1291.438 823.22644 1344.1953 907.096 1.120793055389803 0.5456318089243678 1.610393791217293 5.86418965162493 4.498939068036789 24.656753594755383 -1.5309323898122487 1
Pedestrian 252 0 1.640709730640996 853.72144 790.28436 885.4427 859.0477 1.6862560652883705 0.772286995438641 0.762881502749928 -2.3815638888439215 6.031839741099616 38.90864989235251 -4.7036084182881925 1
Pedestrian 253 1 1.616479160790182 1240.6265 787.27075 1277.9517 893.26526 1.8534490149795408 0.6500134584067088 0.5851676523981234 5.50698415131519 4.891847842235574 27.621530883872275 -4.469913659580394 1
Pedestrian 250 0 1.6546701128322 828.3724 794.49194 857.36914 857.60535 1.5336230557640003 0.6857072756658512 0.867595510576578 -3.0926978801992915 6.018923895943427 39.11511727133198 -4.707417610410039 1
Car 908 1 -2.1102822917321804 1392.6823 668.0067 1935.0 1215.0 1.9223383609753752 2.0535622747106395 4.999146108042289 3.540628073406098 2.170868457001458 6.10744172820177 -1.5849053512235187 1
Cyclist 1014 0 1.8373480691244382 337.33157 668.66125 679.14233 1215.0 1.7232602354991824 0.7369056498364389 2.008079917225801 -1.6456212461496034 1.9228405110812719 5.812242621503302 1.561439124835748 1
bicycle 255 1 -0.30253253508402966 1201.0265 831.1776 1378.5878 937.79724 1.0824220998528118 0.8762882937436578 1.8772623285734167 3.868880954138024 3.596354414900356 17.706700046969935 -0.08741521035436861 1
bicycle 256 1 -0.1875277682993574 1248.9286 828.3648 1451.2201 948.5867 1.0631886997120072 0.6998266548552571 1.868452220625382 3.878004471830498 3.162922244666545 15.022815473933521 0.06509820586796677 1
bicycle 836 1 -1.329034592468837 391.2372 743.1273 568.89777 967.29144 1.2557094419021744 0.7177180596978504 1.9975305364238725 -3.309282582905257 2.164300224510134 10.472697080701236 -1.6350971010171031 1
Cyclist 909 0 1.6161979014130106 895.43365 780.4711 953.5653 907.2471 1.4938938424966723 0.7251624912588659 1.8468303700523607 -0.49461679457595253 3.758590625293018 20.83837354555502 -4.6907188134646844 1
Cyclist 254 1 1.6364861637511714 872.1373 772.7454 917.2329 880.9001 1.7611009183453676 0.7167884312694952 1.9369806486623902 -1.2320500526079778 4.625375821998987 27.995539379357687 -4.690679563236538 1
Cyclist 257 2 1.6645701407389977 897.66016 795.75616 928.21313 863.548 1.7121841929198378 0.7147071097924309 1.93280568464486 -1.4037956441620683 6.821155189947939 43.73009504506567 -4.6507055092128216 1
bicycle 258 0 1.6726717011908276 716.8757 789.1442 761.62524 875.7338 1.3631788328460905 0.6437503279536867 1.8688246861328557 -4.155753933880016 4.552144474361999 28.087351603397185 1.525779221459446 1
bicycle 259 1 -1.7278283188999413 1204.1166 832.7937 1249.0883 903.83496 1.1804225674273263 0.6399992469074598 1.8931490968949505 5.552165942377916 5.674385453014035 31.37415077679118 -1.5526754644931295 1
bicycle 55 2 1.4888094146208815 1126.3573 831.00073 1146.784 875.2149 1.1047015382854124 0.48576301993283627 1.9860375560581018 5.584080821831105 7.816086489026345 47.69609473130492 -4.677830182596264 1
bicycle 260 2 -1.7766239828975277 1307.612 828.74274 1367.25 920.06055 1.120793055389803 0.5456318089243678 1.7900702968838944 5.842948215977654 4.420355187375684 23.30117880537136 -1.5309323898122482 1
bicycle_rack 910 1 0.14461574230632834 1235.5469 799.21014 1655.3177 1049.5475 1.268117789243135 1.717683497634262 2.671099978044606 3.5326886974450695 2.689857747736913 10.83501439629749 0.4597913854317093 1
Pedestrian 261 1 2.9899831889734667 1246.1141 820.9075 1289.4196 894.8528 1.2730600720660716 0.7991163027486634 0.6919306761146682 5.8085080624656795 5.0462017673221515 28.37069972316369 -3.0912567356335705 1
Pedestrian 251 1 1.6010501449850492 839.5162 792.93164 860.4188 850.77216 1.774252387425403 0.6525969229842776 0.6728356770402757 -3.589452693544196 7.236278549336436 48.259998781888655 1.52680945453361 1
Pedestrian 838 1 0.3129674222067447 320.279 718.86005 445.02115 944.5127 1.4277046851464708 0.627437400280593 0.6195969454328653 -3.881388272940996 2.081003475788511 10.067178056534416 -0.05501927447068389 1
rider 1015 0 1.8372524870349438 396.81082 672.1187 657.40234 1122.2598 1.5671137389069176 0.7369056498364389 0.9630995169544826 -1.6395837717324828 1.765355990379905 5.793030985761263 1.561439124835748 1
rider 911 0 1.61591002819089 898.8343 785.1563 952.7633 887.36554 1.3352377544222949 0.7251624912588659 0.6489253431297309 -0.49030820791634055 3.6117060127927396 20.910600352365943 -4.6907188134646844 1
