rider 247 0 1.6510761888659629 720.8483 776.57935 771.8043 881.7279 1.503325462332693 0.7167884312694952 0.6358283468841199 -3.2569664071622944 3.8402313239697374 22.700302570404425 1.5085719387537866 1
rider 248 1 1.6553495372467155 770.4859 801.6356 801.00085 864.9074 1.5093050365956393 0.7147071097924309 0.691662610661527 -4.459600011694701 6.045541613414343 38.02584488122787 1.5386046996562475 1
bicycle 907 1 -0.19702381483908057 1158.2604 829.53827 1395.0046 976.4359 1.1306064594576755 0.4553150172951571 1.868452220625382 2.5972188491432933 2.860475523364905 12.405003329695973 0.009363622965994356 1
Cyclist 909 0 1.6852837724782244 639.3218 769.8622 741.9509 964.1636 1.4938938424966723 0.7251624912588659 1.8468303700523607 -2.4742386717672287 2.9281005659885455 13.851059658353126 1.5085164844561212 1
Cyclist 254 0 1.6514068408094156 715.9197 770.77216 773.9577 905.35187 1.7611009183453676 0.7167884312694952 1.9369806486623902 -3.264918730006674 4.072074509292021 22.70232981462977 1.5085719387537866 1
moped_scooter 249 2 -1.7799340693521561 1182.2252 832.1653 1240.5541 924.6844 1.120793055389803 0.5456318089243678 1.610393791217293 3.762880412552911 4.365014159197325 22.590931772040992 -1.6148833708800694 1
Pedestrian 252 1 1.6463873497853128 716.1728 786.8342 751.63727 862.8937 1.6862560652883705 0.772286995438641 0.762881502749928 -5.363198702611125 5.553881418495253 35.307403267801284 1.4956396166063697 1
Pedestrian 838 1 0.4298176879741741 0.0 692.04095 100.24655 1003.6469 1.4277046851464708 0.627437400280593 0.6195969454328653 -4.703296871634186 1.7739422099503503 7.3578736339215975 -0.13894165835855166 1
Car 908 1 -2.32059236166202 1371.2747 618.9519 1935.0 1215.0 1.9223383609753752 2.0535622747106395 4.999146108042289 2.998462440858386 1.9170045151485333 3.930049148519247 -1.6688495820924127 1
Pedestrian 253 1 -3.108907191284548 1130.9921 793.7863 1170.894 909.5875 1.8534490149795408 0.5851676523981234 0.6500134584067088 3.208005417220111 4.745601632351091 25.268717814861986 -2.9826271413720438 1
Pedestrian 250 2 1.664119083271442 684.99316 791.6418 716.7769 860.3684 1.5336230557640003 0.6857072756658512 0.6003584641947466 -6.13952515809 5.503829415166127 35.28070938439826 1.4918251113190717 1
bicycle 255 1 -0.3240845087175953 1093.3898 832.0271 1293.0635 956.18225 1.0824220998528118 0.8762882937436578 1.8772623285734167 2.4021530237464193 3.3256644260227404 15.60424105692614 -0.17134124192582023 1
bicycle 256 1 -0.2203992997362143 1152.6613 839.1387 1387.1244 978.85657 1.0631886997120072 0.6998266548552571 1.868452220625382 2.630790227332599 2.9601916073139893 12.87412265709149 -0.018827307186108477 1
bicycle 836 0 -1.2123058022675202 0.0 729.36633 265.6172 1044.253 1.2557094419021744 0.7177180596978504 1.9975305364238725 -4.271148870009804 1.8659808730182648 7.695079253130688 -1.7190174192315593 1
Cyclist 257 0 1.6653635062280443 767.7198 798.46265 802.9346 876.22125 1.7121841929198378 0.7147071097924309 1.93280568464486 -4.4889518945382765 6.2648231461187915 38.25188641867084 1.54854537633926 1
bicycle 258 0 1.6858840433592954 561.8226 786.34174 613.97943 883.07404 1.3631788328460905 0.6437503279536867 1.8688246861328557 -6.2932248664761 4.196174690621956 25.273931846018318 1.441846187905735 1
bicycle 259 1 -1.746121375896592 1101.7572 829.5347 1151.129 905.79736 1.1804225674273263 0.6399992469074598 1.8931490968949505 3.220311849728586 5.3212558922264215 29.2949880224528 -1.6366339195707031 1
bicycle 55 2 1.4800574566861155 1012.2761 837.31537 1034.4766 884.8065 1.1047015382854124 0.48576301993283627 1.9860375560581018 1.8519291803054496 7.6064715537728755 44.76976807010147 1.5213995063689123 1
bicycle 260 2 -1.8165114869885692 1233.208 815.8857 1303.6705 916.85583 1.120793055389803 0.5456318089243678 1.7900702968838944 4.279117217422322 3.9101093955323796 20.934440738178544 -1.6148833708800692 1
bicycle_rack 910 1 0.07549591930387478 1160.3235 798.9504 1696.3375 1120.3773 1.268117789243135 1.717683497634262 2.671099978044606 2.6592271674042474 2.417385570900148 8.585322650231923 0.37586535884740413 1
Pedestrian 261 1 2.9757759443915357 1135.9707 824.1549 1182.9363 904.45184 1.2730600720660716 0.7991163027486634 0.6919306761146682 3.4608912649093515 4.813681038285203 26.161703288965654 -3.1758845994903884 1
Pedestrian 251 1 1.590482174167612 727.4888 796.7518 750.1748 859.9947 1.774252387425403 0.6525969229842776 0.6728356770402757 -6.596831629423797 6.916237679202666 44.36963689669265 1.442884443396664 1
rider 911 0 1.6845159885485035 650.84863 778.492 737.62805 933.5746 1.3352377544222949 0.7251624912588659 0.6489253431297309 -2.4734506720290566 2.7993076918325617 13.90832735734363 1.5085164844561212 1
