rider 247 0 1.6555176426813172 704.69507 769.00006 759.1014 880.62915 1.503325462332693 0.7167884312694952 0.6358283468841199 -3.2702900178742755 3.5946650218605596 21.362029839019037 1.503608126600776 1
rider 248 1 1.6548671391027796 763.06744 795.1764 794.7967 860.8726 1.5093050365956393 0.7147071097924309 0.691662610661527 -4.455865064043317 5.714878745714031 36.57609578508508 1.5336399899624564 1
bicycle 255 1 -0.33611031681039066 1098.691 833.387 1309.7374 964.8535 1.0824220998528118 0.8762882937436578 1.8772623285734167 2.385331287528949 3.228739385240753 14.7991614654535 -0.17630456000571648 1
bicycle 907 1 -0.2101744735205255 1163.512 823.88477 1415.8604 979.8479 1.1306064594576755 0.4553150172951571 1.868452220625382 2.5419532163327623 2.713485909774961 11.664109769971859 0.004400029206218958 1
bicycle 836 1 -1.1659847069936733 0.0 712.4101 188.33678 1063.9277 1.2557094419021744 0.7177180596978504 1.9975305364238725 -4.308434845794904 1.7206228216837207 6.902762639677478 -1.723980428722991 1
Cyclist 909 0 1.7112652295328155 578.4235 759.806 703.86383 985.53754 1.4938938424966723 0.7251624912588659 1.8468303700523607 -2.523373089583485 2.6593327732980447 11.97311583228574 1.5035517087676196 1
moped_scooter 249 1 -1.7867996993213953 1183.9297 838.13745 1244.8494 934.233 1.120793055389803 0.5456318089243678 1.610393791217293 3.688631684194731 4.358478796865691 21.88837564541897 -1.6198482059893142 1
Pedestrian 251 2 1.5978444242778624 708.1702 793.3093 731.7285 858.3537 1.774252387425403 0.6525969229842776 0.6728356770402757 -6.955288853854494 6.672664958829644 43.12000795794057 1.4379211555029037 1
Pedestrian 252 2 1.6453703459094566 709.7508 788.5507 745.955 866.2974 1.6862560652883705 0.772286995438641 0.762881502749928 -5.392009918505893 5.515174530750362 34.57732177939795 1.4906755989757348 1
Pedestrian 250 0 1.6632513111999296 678.2212 790.51154 710.8981 861.1775 1.5336230557640003 0.6857072756658512 0.6003584641947466 -6.117291379682649 5.370694222291462 34.31995807465516 1.486860778192809 1
Car 908 1 -2.4205027443184233 1415.7911 398.3377 1935.0 1215.0 1.9223383609753752 2.0535622747106395 4.999146108042289 2.9809730350808477 1.8270071152444438 3.221174626453159 -1.6738140116208082 1
Pedestrian 253 1 -3.1176288634840597 1136.2332 788.6918 1177.0581 907.87537 1.8534490149795408 0.5851676523981234 0.6500134584067088 3.20756139208515 4.576974442545716 24.52702445133592 -2.987590220723871 1
bicycle 256 1 -0.23466228639876557 1159.4392 836.0749 1410.1207 985.19434 1.0631886997120072 0.6998266548552571 1.868452220625382 2.587513164483617 2.8227219419278944 12.088139706232052 -0.023790623188176596 1
Cyclist 254 0 1.6557739179101165 699.1622 765.1134 761.80194 908.69604 1.7611009183453676 0.7167884312694952 1.9369806486623902 -3.261352077131075 3.848005068803783 21.267208136375974 1.503608126600776 1
Cyclist 257 0 1.6649652925827516 759.92255 792.45605 796.79254 873.6781 1.7121841929198378 0.7147071097924309 1.93280568464486 -4.455652358690085 5.914156319063005 36.52669319789611 1.5435815257217325 1
bicycle 258 0 1.697383651814724 533.8404 775.4057 589.2507 874.5818 1.3631788328460905 0.6437503279536867 1.8688246861328557 -6.521469950566114 3.9230025454411033 24.465453424275285 1.4368824244224778 1
bicycle 259 1 -1.748586211192715 1097.2616 825.4107 1148.1439 903.4754 1.1804225674273263 0.6399992469074598 1.8931490968949505 3.06583742706344 5.137650635543961 28.546745591938716 -1.6415991970817405 1
bicycle 55 2 1.4797026759794338 1005.1796 834.12805 1027.7794 882.3121 1.1047015382854124 0.48576301993283627 1.9860375560581018 1.6175425950144866 7.4037079451313605 44.01686233559798 1.5164343958381852 1
bicycle 260 2 -1.8230210132389406 1234.1318 817.5176 1307.7954 922.2436 1.120793055389803 0.5456318089243678 1.7900702968838944 4.171763381623043 3.8459025328399497 20.249769190953682 -1.6198482059893138 1
bicycle_rack 910 1 0.043170454393049285 1180.7528 788.9258 1783.6072 1143.9873 1.268117789243135 1.717683497634262 2.671099978044606 2.6561842983684705 2.2659187847744535 7.8124846068941105 0.37090202326183075 1
Pedestrian 261 1 2.9707910740199965 1135.1871 826.3157 1183.8286 909.2808 1.2730600720660716 0.7991163027486634 0.6919306761146682 3.355987540869374 4.744932049587698 25.364565714825066 -3.180848222124477 1
rider 911 0 1.7107608770014944 593.61163 767.4179 697.1421 948.1505 1.3352377544222949 0.7251624912588659 0.6489253431297309 -2.511258369207151 2.5068467729634127 11.945486117866851 1.5035517087676196 1
