Car 908 1 -2.3643800499237813 1394.5522 552.4162 1935.0 1215.0 1.9223383609753752 2.0535622747106395 4.999146108042289 2.9964318325190775 1.8739213791209006 3.5867258540033227 -1.6684100311132315 1
rider 247 0 1.6549593548983386 714.7599 775.7286 767.3297 883.8531 1.503325462332693 0.7167884312694952 0.6358283468841199 -3.2454494941861083 3.7644361559484825 22.078924842645783 1.5090114350706525 1
rider 248 1 1.6569076057474506 768.4473 796.7134 799.63544 861.2058 1.5093050365956393 0.7147071097924309 0.691662610661527 -4.4117298555381375 5.8309007290475 37.25740647215346 1.5390442754075369 1
bicycle 255 1 -0.32677271971340494 1095.5203 827.87494 1300.7117 955.1432 1.0824220998528118 0.8762882937436578 1.8772623285734167 2.388118441580489 3.225350253588303 15.196846911239138 -0.17090178918260146 1
bicycle 907 1 -0.20430510862211745 1166.0626 830.0549 1411.6902 982.3123 1.1306064594576755 0.4553150172951571 1.868452220625382 2.604890226847389 2.8065596707439777 11.97975226779549 0.009803100370566087 1
bicycle 836 0 -1.1925356087071293 0.0 722.0825 237.85864 1052.1687 1.2557094419021744 0.7177180596978504 1.9975305364238725 -4.263205185665134 1.8005188516163835 7.342593089978267 -1.718577993960451 1
Cyclist 254 0 1.6554373506066844 709.16815 768.0535 769.5576 906.73096 1.7611009183453676 0.7167884312694952 1.9369806486623902 -3.2477675465768137 3.963820783121131 22.021532071084508 1.5090114350706525 1
bicycle 258 0 1.6915514051861347 552.5889 780.9869 606.4786 879.27124 1.3631788328460905 0.6437503279536867 1.8688246861328557 -6.309080646539128 4.051091216100403 24.784265649287132 1.44228567992951 1
bicycle 259 1 -1.7472283486489624 1103.7902 825.29706 1153.8169 902.1355 1.1804225674273263 0.6399992469074598 1.8931490968949505 3.2305508976777073 5.192674518777002 28.975470229488877 -1.6361942935419274 1
bicycle_rack 910 1 0.060188945251705706 1174.9713 798.805 1741.4209 1137.2418 1.268117789243135 1.717683497634262 2.671099978044606 2.688086731765428 2.3737953100015883 8.218331519642653 0.37630481304764873 1
moped_scooter 249 2 -1.783271801357513 1187.5282 830.356 1246.9329 923.8954 1.120793055389803 0.5456318089243678 1.610393791217293 3.804673870876143 4.299633480170902 22.32127685985748 -1.6144437840224783 1
Pedestrian 252 2 1.6434178167114784 721.2607 788.8926 756.96875 865.7634 1.6862560652883705 0.772286995438641 0.762881502749928 -5.188585079217976 5.564945876893535 34.960165524574585 1.496079131115295 1
Pedestrian 250 0 1.6603928390294362 691.28595 791.7783 723.3066 861.2623 1.5336230557640003 0.6857072756658512 0.6003584641947466 -5.923626931932234 5.464602394037607 34.900197720089125 1.4922646537572382 1
Pedestrian 253 1 -3.109593702431162 1132.3934 793.2713 1172.9038 910.9024 1.8534490149795408 0.5851676523981234 0.6500134584067088 3.186921575057522 4.692852032332791 24.87841546409286 -2.982187710061993 1
bicycle 256 1 -0.2267016267533613 1159.4651 840.0456 1401.7603 984.2661 1.0631886997120072 0.6998266548552571 1.868452220625382 2.6394320182186415 2.912419343007346 12.48665427908043 -0.018387854780557156 1
Cyclist 909 0 1.6975667000861638 615.4033 765.11615 728.023 973.2492 1.4938938424966723 0.7251624912588659 1.8468303700523607 -2.471879669579525 2.7966429194093516 12.94995059670767 1.5089560660627357 1
Cyclist 257 0 1.6665468508298358 766.1417 793.52466 802.21533 872.7549 1.7121841929198378 0.7147071097924309 1.93280568464486 -4.421589908014541 6.043428999343373 37.43728468797909 1.5489848760511085 1
bicycle 55 2 1.4797990977175137 1013.2313 834.00226 1035.6206 881.7143 1.1047015382854124 0.48576301993283627 1.9860375560581018 1.868814297269502 7.4571297385584225 44.42702963709189 1.5218391176078265 1
bicycle 260 2 -1.8173230744658548 1234.652 816.2147 1306.215 918.6846 1.120793055389803 0.5456318089243678 1.7900702968838944 4.247210641830932 3.878084975162242 20.646653319884223 -1.6144437840224781 1
Pedestrian 261 1 2.975922697066296 1136.067 824.76825 1183.7527 906.3397 1.2730600720660716 0.7991163027486634 0.6919306761146682 3.416042266622196 4.771494820975114 25.764667057953975 -3.1754451193377973 1
Pedestrian 251 1 1.5931123508920666 723.95636 793.6826 747.0024 857.6939 1.774252387425403 0.6525969229842776 0.6728356770402757 -6.610967949489284 6.760641722830524 43.804785991431785 1.4433238933147159 1
rider 911 0 1.697005041099116 628.37177 772.2653 722.49207 938.5819 1.3352377544222949 0.7251624912588659 0.6489253431297309 -2.467379500468055 2.647070859713545 12.965912390034518 1.5089560660627357 1
