rider 247 0 1.7194047496697538 562.47876 744.4267 652.6596 919.1133 1.503325462332693 0.7167884312694952 0.6358283468841199 -3.227576991214194 2.6252816045841305 13.690471238770227 1.4878788102552942 1
rider 248 1 1.7006505404548504 706.2674 788.3592 749.4557 874.26227 1.5093050365956393 0.7147071097924309 0.691662610661527 -4.361846270987939 4.606354989677808 27.979249039792904 1.545999615653967 1
bicycle 255 1 -0.379998894110528 1108.1353 835.10864 1389.6343 1012.2882 1.0824220998528118 0.8762882937436578 1.8772623285734167 2.128654313387384 2.741132488495179 11.190953684716899 -0.192032287674337 1
bicycle 907 1 -0.30965136778503793 1236.1061 831.06287 1616.6136 1064.7509 1.1306064594576755 0.4553150172951571 1.868452220625382 2.4273382866941433 2.2516955614418204 7.893794734136798 -0.01132853733788064 1
Cyclist 254 0 1.7202667404221512 546.8933 738.7045 659.60284 964.3584 1.7611009183453676 0.7167884312694952 1.9369806486623902 -3.2351050890217943 2.8771013577847415 13.669634083647793 1.4878788102552942 1
bicycle 259 1 -1.7697287522298777 1100.4182 826.4827 1162.0192 918.1329 1.1804225674273263 0.6399992469074598 1.8931490968949505 2.7655636194032964 4.6140898574106615 24.501923860453505 -1.6573331607607105 1
bicycle_rack 910 1 -0.2093690803716758 1363.9843 752.36914 1935.0 1215.0 1.268117789243135 1.717683497634262 2.671099978044606 2.5384952570955956 1.718017836080978 4.008381722432916 0.3551742274778673 1
moped_scooter 249 1 -1.8192856036029421 1201.832 831.6141 1279.8186 948.44055 1.120793055389803 0.5456318089243678 1.610393791217293 3.3581827843860315 3.7326963554039967 18.074215563897425 -1.6355807680130416 1
Pedestrian 251 1 1.6288722434083824 633.46014 791.50055 661.67926 866.6148 1.774252387425403 0.6525969229842776 0.6728356770402757 -7.840769616969435 5.9827692878544605 37.39527346095917 1.422193502933908 1
Pedestrian 252 0 1.6686617297906032 647.0715 791.28217 688.14136 883.532 1.6862560652883705 0.7168167787849478 0.762881502749928 -5.736857492044729 4.985945707061095 29.2433983195603 1.474945631431964 1
bicycle 54 0 -2.196963632230475 804.4508 821.0446 840.9402 848.2106 0.7220090058633966 0.44164345238019365 1.4886842853680702 -4.697749725977538 7.4568262012554625 50.64167321397092 -2.289463414902139 1
bicycle 256 1 -0.3201553730393069 1214.1885 840.75714 1584.2599 1060.0906 1.0631886997120072 0.6998266548552571 1.868452220625382 2.4202387098969167 2.330963472357337 8.396489077491497 -0.03951836533258524 1
Cyclist 257 0 1.6932452609518374 703.2826 784.3856 753.9557 889.627 1.7121841929198378 0.7147071097924309 1.93280568464486 -4.381259532628203 4.831204179828605 28.268641866855322 1.5394820864432575 1
bicycle 258 0 1.740433890949614 428.77118 776.398 501.5621 895.24817 1.3631788328460905 0.6437503279536867 1.8688246861328557 -6.811021456900929 3.5488364255398546 20.602547874201612 1.4211532645041367 1
bicycle 55 1 1.3990870447150416 984.216 835.86884 1014.82324 889.2639 1.1047015382854124 0.48576301993283627 1.9860375560581018 1.0133519800601662 6.891435670127519 40.00107491498698 1.4244147462095667 1
bicycle 56 1 -1.7377949081003088 945.85815 835.1231 963.158 876.92773 1.0570307614851258 0.26329747128098585 1.7488976457260073 -0.22011051347816585 7.871180847433323 47.588932350984855 -1.7424201210022128 1
bicycle 57 0 -1.7580915298113557 957.8003 831.56024 979.8312 876.6142 1.1322341934931681 0.3301935621613041 2.0746891829424996 0.2361623483122675 7.947365470735058 48.2657143957185 -1.7531986059908955 1
bicycle 58 1 -1.7852349487046082 976.73 825.05286 1003.6771 878.2297 1.3665078211898436 0.3934579248489768 2.279763135102038 0.9245054535468639 7.984702302229753 48.291321448139755 -1.7660929475097746 1
bicycle 61 0 0.48553086431868436 827.4807 813.4887 884.0496 852.22217 1.1205912860475393 0.42005318471050523 1.8864556454477033 -3.489699263824048 7.4242195462892315 49.41283781366566 0.4150245968505457 1
bicycle 62 0 -3.0512901622915503 883.8175 826.75653 928.67523 857.3372 0.9284890981053218 0.46364162294910394 1.4400436965371606 -1.8089236176520171 7.611502091490799 49.240534876042396 -3.0880101232963035 1
bicycle 260 1 -1.8698418573523186 1271.7725 826.2046 1369.733 957.18823 1.120793055389803 0.5456318089243678 1.7900702968838944 3.93923146578172 3.465423799896004 16.506826086341203 -1.6355807680130414 1
Pedestrian 261 1 2.946672039672231 1143.345 828.33044 1201.5155 926.0123 1.2730600720660716 0.7991163027486634 0.6919306761146682 3.0494029401894767 4.274905943665772 21.64892007872647 -3.1965768539187325 1
Pedestrian 253 0 -2.855285405567982 1124.8337 784.5052 1181.7911 926.03394 1.8534490149795408 0.5851676523981234 0.6500134584067088 2.6842006621919787 4.124732791328196 20.882295515197182 -2.727446857021594 1
Pedestrian 250 2 1.6878590685080666 612.49316 791.7929 651.1231 874.1652 1.5336230557640003 0.6857072756658512 0.4806995147903489 -6.434661762455218 4.825519541355025 29.223539934219414 1.4711298103269859 1
