rider 248 1 1.7202599000595673 606.29877 763.5459 683.16534 913.3684 1.5093050365956393 0.7147071097924309 0.691662610661527 -3.4003519091416274 3.036784885551977 16.109132655880586 1.5122313965543066 1
moped_scooter 249 1 -1.915233937240937 1385.7423 819.3901 1517.5376 987.4795 1.120793055389803 0.5456318089243678 1.610393791217293 4.118140400128684 2.873832139004918 12.666103346793737 -1.600883732431008 1
Pedestrian 250 0 1.7461525380092762 569.173 779.1752 619.548 889.68945 1.5336230557640003 0.6108809026789487 0.7081767637515937 -5.432593124314965 3.859061396756699 22.167909738847946 1.5058233372827048 1
Pedestrian 52 0 1.380202230416582 773.4415 785.163 799.19305 839.7239 1.7214024410483155 0.7352924332493356 0.7348065203998053 -5.892967423990033 7.167190212472445 50.35386939007113 1.2637011045011004 1
Pedestrian 253 0 3.095786941898836 1282.2605 752.421 1344.4484 945.91595 1.8534490149795408 0.6265074787202959 0.5854199797783142 3.5624258829302824 3.177341780245585 15.163356335612214 -2.956646581394296 1
bicycle 54 0 -2.1900221466172702 844.1204 813.41315 884.8082 843.84393 0.7220090058633966 0.44164345238019365 1.4886842853680702 -2.9238371607995366 6.494403816465703 45.074807469742666 -2.254797723668518 1
bicycle 255 0 -0.6110828685351525 1374.8116 844.9402 1935.0 1215.0 1.0824220998528118 0.8762882937436578 1.8772623285734167 2.605689923444985 1.9841047085394472 5.536389738171491 -0.17119148099693993 1
Cyclist 257 0 1.7005198229454854 597.22125 758.38135 688.4088 944.99713 1.7121841929198378 0.7147071097924309 1.93280568464486 -3.404730744175148 3.240480959214418 16.1304722636255 1.4924987724751722 1
bicycle 258 0 1.8366758025731407 299.92108 769.9507 417.67545 931.97217 1.3631788328460905 0.6437503279536867 1.8688246861328557 -6.116021502946005 2.9384690724813396 15.275583071063705 1.45584281012195 1
bicycle 259 0 -1.8111155131488452 1205.2007 816.34863 1292.146 935.82166 1.1804225674273263 0.6399992469074598 1.8931490968949505 3.589902836955373 3.712970802748795 18.820267096035874 -1.6226330336092192 1
bicycle 55 1 1.3850748877597299 1054.3278 827.6172 1091.0973 889.3141 1.1047015382854124 0.48576301993283627 1.9860375560581018 2.55562886030464 5.912561433173883 34.453542346155935 1.4591153781738102 1
bicycle 56 1 -1.7422662319854607 1003.4107 818.40546 1022.83276 864.0689 1.0570307614851258 0.26329747128098585 1.7488976457260073 1.4852068671807332 6.735028505582688 42.99612373066863 -1.707737152574232 1
bicycle 57 0 -1.7679199680421671 1022.71796 814.626 1048.3257 864.8319 1.1322341934931681 0.3301935621613041 2.0746891829424996 2.11217481238041 6.684670617239169 42.714430053178525 -1.7185114711192069 1
bicycle 58 1 -1.79418151876291 1040.1876 811.1479 1071.1542 870.239 1.3665078211898436 0.3934579248489768 2.279763135102038 2.7049549039100733 6.869896168544791 43.03155703230329 -1.7314043206256255 1
bicycle 59 2 -1.808049534273016 1052.8309 811.047 1085.9156 868.1025 1.3100126429953605 0.4221232042863978 2.301974672692094 3.106310249385545 6.825724817446632 43.14116684654527 -1.7361701924801471 1
bicycle 61 0 0.4849792210806164 876.93463 808.06323 940.33264 851.71765 1.1205912860475393 0.42005318471050523 1.8864556454477033 -1.5539642076511007 6.585011997779196 44.01509389092141 0.44968862186211966 1
bicycle 62 0 -3.046639013522445 925.992 822.57104 976.32904 857.085 0.9284890981053218 0.46364162294910394 1.4400436965371606 -0.29400322995313766 6.769863738661243 43.89729526927743 -3.0533364383238895 1
bicycle 260 1 -1.9678622708544176 1457.7544 817.47577 1627.778 1011.49634 1.120793055389803 0.5456318089243678 1.7900702968838944 4.35666558306132 2.696590773321412 11.333936363268204 -1.6008837324310075 1
Pedestrian 261 1 2.8870877933744694 1277.6075 810.0855 1360.554 940.5698 1.2730600720660716 0.7991163027486634 0.6919306761146682 3.853372056599915 3.3234073279367298 16.150754863607567 -3.161888307228515 1
Pedestrian 251 2 1.6728614097726275 614.3443 778.2704 651.51056 873.0362 1.774252387425403 0.6525969229842776 0.6728356770402757 -6.488252175437093 4.8452418888873305 29.57217805103394 1.4568797249584042 1
Pedestrian 252 1 1.6812629815466027 618.0504 779.3231 677.16846 902.0127 1.6862560652883705 0.772286995438641 0.762881502749928 -4.610172719170399 4.003085442250457 22.01943992936087 1.4748758821909163 1
