rider 247 0 2.110829541677267 0.0 586.4657 166.1703 1215.0 1.503325462332693 0.7167884312694952 0.6358283468841199 -2.5543379345714134 1.4136355143826607 3.8251757200927763 1.5220634187103057 1
rider 248 1 1.7097791540905778 623.937 765.17224 696.7897 908.48236 1.5093050365956393 0.7147071097924309 0.691662610661527 -3.3781800104974584 3.1226485482955404 16.833340101772556 1.511726103567582 1
bicycle 255 0 -0.5930404468247971 1356.2242 836.7207 1933.7397 1194.3436 1.0824220998528118 0.8762882937436578 1.8772623285734167 2.6083529069786966 1.9906293505676365 5.819810042345353 -0.17169670873366005 1
bicycle 259 0 -1.8055148486488546 1196.7943 816.57446 1281.4658 934.0274 1.1804225674273263 0.6399992469074598 1.8931490968949505 3.528377449229583 3.7558938560358714 19.131704309632887 -1.6231384602296475 1
moped_scooter 249 1 -1.9096932728439826 1377.8085 821.52594 1505.0184 985.2616 1.120793055389803 0.5456318089243678 1.610393791217293 4.140888682622864 2.937383616055622 13.002907770153948 -1.6013891140174363 1
Pedestrian 250 0 1.741282437748238 576.6356 782.0916 625.9406 890.8777 1.5336230557640003 0.6108809026789487 0.708176763751584 -5.41833154188272 3.941594079527224 22.5347245353637 1.505318006607696 1
Pedestrian 52 0 1.3803163804491863 773.26825 784.2725 797.4886 840.6226 1.7952207708609897 0.6849307103514314 0.7582631273145364 -5.96986543781221 7.252150495772545 50.738651907445806 1.263195733462831 1
Pedestrian 251 2 1.6676242960253413 622.1978 781.279 658.4948 874.39075 1.774252387425403 0.6525969229842776 0.6728356770402757 -6.458261875517403 4.962320022056056 30.115555847498435 1.456374500496262 1
Pedestrian 252 1 1.6820350165771174 616.8519 775.60736 674.4357 894.8125 1.6862560652883705 0.772286995438641 0.762881502749928 -4.767245725152493 4.008437495452544 22.625537585230692 1.4743705804742837 1
bicycle 54 0 -2.190135943474588 843.66345 817.17664 884.0849 847.52094 0.7220090058633966 0.44164345238019365 1.4886842853680702 -2.9612621301007302 6.64847716362593 45.376993872295266 -2.255302646408368 1
Cyclist 257 0 1.6907602160964683 614.8203 760.14386 700.2469 938.4033 1.7121841929198378 0.7147071097924309 1.93280568464486 -3.3960711041248692 3.3266597245011686 16.86010762243639 1.4919934764039255 1
bicycle 258 0 1.8307691512104292 310.9736 767.8657 425.63458 926.9362 1.3631788328460905 0.6437503279536867 1.8688246861328557 -6.1152692203180345 2.938827338387501 15.516059366931053 1.4553375372748052 1
bicycle 55 1 1.3863312986706229 1051.9364 828.84814 1088.1636 889.86566 1.1047015382854124 0.48576301993283627 1.9860375560581018 2.5245586536996627 5.998192504087367 34.86729508445256 1.4586099439484865 1
Cyclist 254 2 2.10933531043341 0.0 584.24915 263.8928 1215.0 1.7611009183453676 0.7167884312694952 1.9369806486623902 -2.5719230893993843 1.682844309950735 3.8639991746303046 1.5220634187103057 1
bicycle 56 1 -1.7446051460336967 1006.13586 823.45746 1025.5979 869.099 1.0570307614851258 0.26329747128098585 1.7488976457260073 1.5720065909016787 6.911942123639465 43.21210023933737 -1.7082423296721436 1
bicycle 57 0 -1.7681705293981649 1022.413 821.10944 1047.8589 871.28143 1.1322341934931681 0.3301935621613041 2.0746891829424996 2.116014575289445 6.913734771280266 43.014156647236064 -1.7190167089053605 1
bicycle 58 1 -1.7919038282660347 1036.1975 810.99286 1066.7737 869.651 1.3665078211898436 0.3934579248489768 2.279763135102038 2.6029475420259804 6.903019836285081 43.3345518343801 -1.7319095801625803 1
bicycle 59 2 -1.8100489898779535 1055.1254 811.1187 1088.1045 867.7244 1.3100126429953605 0.4221232042863978 2.301974672692094 3.195855913394597 6.869770420491099 43.47778776404163 -1.7366754612684214 1
bicycle 61 0 0.48476181857576356 876.7241 808.02997 939.677 851.3661 1.1205912860475393 0.42005318471050523 1.8864556454477033 -1.5778220396789184 6.6224643500928675 44.32942431000861 0.4491837285808593 1
bicycle 62 0 -3.044845248951698 922.73 826.2095 972.71747 860.5133 0.9284890981053218 0.46364162294910394 1.4400436965371606 -0.3978452631203378 6.921102297483354 44.22242099487466 -3.053841466737082 1
bicycle 260 1 -1.9586714881968008 1444.2806 817.14246 1607.1829 1005.3865 1.120793055389803 0.5456318089243678 1.7900702968838944 4.349433621104718 2.734664601544835 11.651204117714475 -1.6013891140174359 1
Pedestrian 261 1 2.891428957354287 1270.8756 811.55676 1351.8976 939.56274 1.2730600720660716 0.7991163027486634 0.6919306761146682 3.8442433930129316 3.379014962943598 16.465592388131885 -3.1623935698976133 1
Pedestrian 253 0 2.969765906133815 1262.6703 755.2874 1331.6659 945.2337 1.8534490149795408 0.6911009573486825 0.5854199797783142 3.4608300878254297 3.231461489659267 15.445154728447434 -3.092988209582209 1
