rider 248 1 1.8373536658929281 396.06467 735.1797 530.02545 971.2884 1.5093050365956393 0.7147071097924309 0.691662610661527 -3.403418621889569 2.2931515383996603 10.264626990547047 1.5171930346688893 1
moped_scooter 249 0 -1.9991102371291656 1510.854 807.33264 1702.9409 1023.7207 1.120793055389803 0.5456318089243678 1.610393791217293 4.234224195509022 2.430790990369977 9.926505815567864 -1.5959212247245689 1
Pedestrian 250 0 1.7729986111780307 510.89935 768.4139 566.2851 899.79755 1.5336230557640003 0.5253650478367531 0.7586260430274343 -5.284268422779522 3.3684972856870425 18.72210607491038 1.4979069814870374 1
Pedestrian 52 0 1.389434726188472 767.27264 770.9852 792.4592 831.7755 1.7952207708609897 0.6406397124638353 0.8763724550148564 -5.721683652096282 6.450961883670206 47.14565706534841 1.2686635101153145 1
Pedestrian 252 0 1.7124134690227806 570.83734 765.26227 641.78705 906.29047 1.6585209569615258 0.772286995438641 0.715868115606341 -4.443043219225927 3.455910537460636 18.757933193954898 1.479837606128667 1
Pedestrian 48 2 1.4251053070943553 819.1926 778.56104 843.78094 832.78125 1.7337343342826845 0.7436475700600642 0.6177326892210265 -4.375236728076967 6.951562766997922 50.393746872833674 1.3385014504396402 1
Pedestrian 49 1 0.01841321498032672 786.3977 781.85693 805.8049 836.8789 1.728481090587118 0.6346011969815943 0.6241662896034846 -5.441643827182621 6.937917881718548 49.2891823046482 -0.09154387968168654 1
Pedestrian 47 1 1.462245360614546 830.0514 773.72546 854.0096 835.6488 1.9303601460253867 0.7138276131719481 0.6536021217629259 -3.8987721739600505 6.832589438274281 48.87075907498909 1.3826367649546816 1
bicycle 54 0 -2.1881099965219715 847.4698 807.6012 890.65936 839.8046 0.7220090058633966 0.44164345238019365 1.4886842853680702 -2.620228372612254 5.988963023939192 42.39285372529801 -2.2498397249612516 1
Cyclist 257 0 1.8369334228986984 364.96014 728.0504 549.6532 1024.3489 1.7121841929198378 0.7147071097924309 1.93280568464486 -3.4140204556022584 2.4913095722019074 10.311105313347015 1.5171930346688893 1
bicycle 258 0 1.906201170730771 159.95876 760.0176 322.2811 958.2954 1.3631788328460905 0.6437503279536867 1.8688246861328557 -5.995835038922694 2.585099864256545 12.559604112769739 1.4608042506789398 1
bicycle 259 0 -1.8476275364346242 1260.232 804.98956 1368.7643 944.55206 1.1804225674273263 0.6399992469074598 1.8931490968949505 3.766221623603151 3.233535642221024 16.088193208923332 -1.6176700837097995 1
bicycle 260 1 -2.058361459063099 1590.467 804.5083 1849.808 1064.2715 1.120793055389803 0.5456318089243678 1.7900702968838944 4.287471639891092 2.2620846479987042 8.600888867596412 -1.5959212247245689 1
bicycle 55 1 1.3797328800508164 1068.2648 820.759 1108.3568 886.88184 1.1047015382854124 0.48576301993283627 1.9860375560581018 2.7055074057033854 5.428527640198831 32.000377152711934 1.4640784031408218 1
bicycle 56 1 -1.7430426894828683 1011.3542 818.08124 1032.1268 866.84625 1.0570307614851258 0.26329747128098585 1.7488976457260073 1.623813907183515 6.377911050881025 40.305337335689664 -1.7027766520961125 1
bicycle 57 0 -1.7351991037997716 1035.9825 814.8855 1060.8367 868.41974 1.1322341934931681 0.3301935621613041 2.0746891829424996 2.329467846475184 6.362935615971017 40.1235168187649 -1.6772067834099234 1
bicycle 58 1 -1.7963776968661396 1049.8711 806.1298 1083.0876 868.9648 1.3665078211898436 0.3934579248489768 2.279763135102038 2.8265680979597247 6.3967995968385285 40.35134252793053 -1.7264430106485384 1
bicycle 59 1 -1.8117565273032818 1064.6764 807.8563 1100.2742 868.6147 1.3100126429953605 0.4221232042863978 2.301974672692094 3.266002194968895 6.403111785716869 40.459684003500975 -1.7312087916492387 1
bicycle 61 0 0.49491402834644294 867.67944 799.2688 934.7264 845.37164 1.1205912860475393 0.42005318471050523 1.8864556454477033 -1.672537343243543 6.0313397558617075 41.51300003936939 0.4546463231906164 1
bicycle 62 0 -3.0474672689883064 932.96216 815.61176 986.64685 852.3802 0.9284890981053218 0.46364162294910394 1.4400436965371606 -0.0374541836887862 6.214507666913054 41.15165428727875 -3.048377418871597 1
Pedestrian 261 1 2.841649530918678 1348.2234 799.5567 1452.3795 956.5453 1.2730600720660716 0.7991163027486634 0.6919306761146682 3.929755418403941 2.8891928608146347 13.432724147344315 -3.156926959689398 1
Pedestrian 251 1 1.7075452472388182 564.1388 765.19366 607.8081 873.59 1.774252387425403 0.6525969229842776 0.5862688571066166 -6.432577882565225 4.211388004960721 25.651162086402056 1.461840690463565 1
Pedestrian 253 0 2.4287865224076786 1361.2131 726.90674 1458.0221 963.6445 1.8534490149795408 0.5854199797783142 0.5102392171891952 3.712258263320328 2.7246294883987456 12.399901364767505 -3.5635126862852227 1
