rider 248 1 1.9809256115089096 91.746216 702.54706 330.85944 1078.1041 1.5093050365956393 0.7147071097924309 0.691662610661527 -3.2427197380725996 1.866945292169771 6.524080179363484 1.5196499204477436 1
Cyclist 257 0 1.9835775429781979 0.0 692.0607 373.48648 1183.0432 1.7121841929198378 0.7147071097924309 1.93280568464486 -3.236040861619028 2.0468234277301387 6.467553582882099 1.5196499204477436 1
moped_scooter 249 0 -2.064948332565327 1609.703 807.83154 1861.8151 1069.1796 1.120793055389803 0.5456318089243678 1.610393791217293 4.2622680110027895 2.242683707291223 8.360096983918845 -1.593463908615877 1
Pedestrian 250 0 1.8102294855769032 441.56967 765.2181 518.5899 914.42236 1.5336230557640003 0.6615579280647561 0.6837996700405208 -5.274628917219567 3.1087245215414754 16.421869600020162 1.4994425593892489 1
Pedestrian 251 1 1.7340578072275337 522.353 763.4415 572.45416 881.54956 1.7304787134466606 0.6525969229842776 0.6173686389900789 -6.374491920732943 3.897950856154786 23.054188878168326 1.4642972433573687 1
Pedestrian 52 0 1.3962189847011717 760.2745 774.2771 786.3319 837.64404 1.7952207708609897 0.6406397124638152 0.8763724550148564 -5.696750103152677 6.371510161899618 45.30042378608379 1.2711207766677899 1
Pedestrian 252 0 1.7378577195989637 531.74316 764.5308 607.6077 922.7519 1.6307858486346811 0.7017669147232531 0.6923614220345476 -4.298785412340465 3.202130259315829 16.45302377816769 1.4822945344727438 1
Pedestrian 47 1 1.4682679717628782 824.32324 769.762 849.011 832.21124 1.8811151015537335 0.7138276131719481 0.6536021217629259 -3.9374007177324684 6.493781686927726 47.22997208003007 1.3850937336897453 1
Pedestrian 48 1 1.4313438632645514 813.74164 774.01917 837.838 830.13855 1.7337343342826845 0.7008735419384234 0.6177326892210265 -4.405054788297915 6.61828801752503 48.60372067504228 1.3409587541067278 1
Pedestrian 49 1 0.5239029795696682 777.9096 780.33746 806.7825 837.76245 1.728481090587118 0.7625344633094676 0.6241662896034846 -5.4260861047316595 6.7727113156771 48.055154976855164 0.4114654909372406 1
bicycle_rack 51 2 -1.7975730713997093 830.4758 791.73315 859.09644 834.63214 0.9186747175465415 0.2729934960954117 2.423821129573139 -3.3236768341718803 5.797262623493108 42.53286835605263 -1.8755583181490634 1
bicycle 54 0 -2.184603412183549 845.0496 808.2812 889.9618 841.9155 0.7220090058633966 0.44164345238019365 1.4886842853680702 -2.5558921974955466 5.795864780406939 40.65758577294971 -2.247384643885878 1
bicycle 258 1 1.9634546637691854 31.004124 752.5602 238.41077 983.6775 1.3631788328460905 0.6437503279536867 1.8688246861328557 -5.9293728211101415 2.3715566378286 10.848651003878643 1.4632610387669427 1
bicycle 259 0 -1.87291635780498 1296.0065 805.5619 1423.0912 963.28577 1.1804225674273263 0.6399992469074598 1.8931490968949505 3.782422064383107 3.030114122505346 14.351038131503186 -1.615212548646974 1
bicycle 260 1 -2.1533339566521206 1735.1404 802.4412 1935.0 1135.8065 1.120793055389803 0.5456318089243678 1.7900702968838944 4.317524655133858 2.0455839076545286 6.888547414144995 -1.593463908615877 1
bicycle 55 1 1.3757631950755014 1076.8923 823.32043 1119.2284 892.7771 1.1047015382854124 0.48576301993283627 1.9860375560581018 2.7839863931640143 5.297306612293303 30.585554064598043 1.4665359756387266 1
bicycle 56 1 -1.7468354528988865 1020.18 817.1758 1042.0701 867.97473 1.0570307614851258 0.26329747128098585 1.7488976457260073 1.8012051026136624 6.145925784254422 38.69506770818218 -1.7003203294315314 1
bicycle 57 1 -1.736975903913926 1041.8142 813.0345 1067.766 868.5725 1.1322341934931681 0.3301935621613041 2.0746891829424996 2.4076807140516405 6.125663983022907 38.64271514740908 -1.6747501427898475 1
bicycle 58 1 -1.800270240045851 1058.6185 809.527 1093.5172 875.1881 1.3665078211898436 0.3934579248489768 2.279763135102038 2.9643247437803955 6.297541587864839 38.783680691315645 -1.7239862871412217 1
bicycle 59 1 -1.8156230252529384 1073.4753 811.4532 1110.5969 874.5187 1.3100126429953605 0.4221232042863978 2.301974672692094 3.410046570859364 6.340514804776699 39.15534662569481 -1.7287520231455893 1
bicycle 61 0 0.4939825452071883 871.2424 800.02106 941.34515 848.2929 1.1205912860475393 0.42005318471050523 1.8864556454477033 -1.465177404975331 5.841467893554878 39.70882997877697 0.4571012515627233 1
bicycle 62 0 -3.048837922403046 937.5959 818.2298 993.44214 856.5597 0.9284890981053218 0.46364162294910394 1.4400436965371606 0.11532246050228212 6.079839994277975 39.54698942736314 -3.0459218437004734 1
Pedestrian 253 0 2.522962458800194 1432.7467 720.466 1565.1404 994.7548 1.8534490149795408 0.5741149904994922 0.6887695455837205 3.8505639699168976 2.56293882657362 10.732431122036028 -3.415749174284568 1
Pedestrian 261 1 2.8061718490459624 1402.5095 796.7685 1523.6578 973.83234 1.2730600720660716 0.7991163027486634 0.6919306761146682 3.9906616570811306 2.6917890051583955 11.940426407938867 -3.154470213001584 1
