Pedestrian 251 1 1.7909125146265552 435.45847 762.7836 501.73346 914.0321 1.774252387425403 0.6525969229842776 0.6604689884783294 -6.106774461537144 3.5188592037388533 18.560730131600753 1.473052712153959 1
Pedestrian 52 0 1.4021600274363157 762.80853 773.04553 792.31226 841.40247 1.7952207708609897 0.7144580422765042 0.6401537996142763 -5.0948295966309844 5.942709652355904 41.456977476516556 1.2798787919264814 1
Pedestrian 252 0 1.8152588633279363 403.8724 773.0439 510.70105 981.83484 1.6169182944712588 0.713520261509146 0.5983346477473395 -4.1575915029822035 2.8748408879672613 12.371371041986459 1.4910513408020498 1
Pedestrian 47 1 1.4767333723985396 823.7637 779.19257 850.4745 842.2484 1.7333799681387765 0.7138276131719481 0.6536021217629259 -3.6033949003032175 6.248447347326993 43.37624681282331 1.3938506851774335 1
Pedestrian 48 0 1.4461263604617869 806.10236 782.21893 827.3051 843.2715 1.7337343342826845 0.5582934481995958 0.6177326892210265 -4.322760447335046 6.474149636949067 44.69850879280075 1.3497169003746468 1
Pedestrian 49 1 1.4340891558886981 783.22723 780.9191 806.942 841.1224 1.728481090587118 0.6346011969815897 0.6241662896034846 -5.0344688411757295 6.493027240251352 45.28746701149978 1.3233767932605218 1
bicycle_rack 51 2 -1.791592220124127 833.8176 798.3425 864.22534 845.25604 0.9186747175465415 0.2729934960954117 2.423821129573139 -2.964996582255138 5.621571944448464 39.34968764222136 -1.8668000408163998 1
bicycle 54 0 -2.183769635302539 855.2684 808.838 903.5876 845.1634 0.7220090058633966 0.44164345238019365 1.4886842853680702 -2.0731787397154027 5.453842656179462 37.74912383191154 -2.238634435369014 1
bicycle 259 0 -1.944126447631015 1402.954 800.0686 1584.8293 1003.4212 1.1804225674273263 0.6399992469074598 1.8931490968949505 3.9633471166529834 2.614758214694457 11.287705705146019 -1.6064535818367338 1
bicycle 55 1 1.3616487314062604 1108.062 824.3259 1157.6366 903.47723 1.1047015382854124 0.48576301993283627 1.9860375560581018 3.079632252114712 4.837779023203845 26.981619836698606 1.4752950772864581 1
bicycle 56 1 -1.7490960247973928 1035.5986 823.9704 1059.7905 880.174 1.0570307614851258 0.26329747128098585 1.7488976457260073 2.03141474635952 5.869967723236742 35.271353590165084 -1.6915656809548516 1
bicycle 57 1 -1.7430084574491254 1062.5536 821.99744 1091.6335 883.77496 1.1322341934931681 0.3301935621613041 2.0746891829424996 2.7121154206069553 5.902640832019587 35.14618014829561 -1.665994361435681 1
bicycle 58 1 -1.808285517097098 1082.0245 810.7993 1120.8491 882.66 1.3665078211898436 0.3934579248489768 2.279763135102038 3.3202291359020184 5.932884481611542 35.577121770184455 -1.7152302100638903 1
bicycle 59 1 -1.8246064892960336 1098.0746 813.8423 1139.7983 883.59686 1.3100126429953605 0.4221232042863978 2.301974672692094 3.73684613064645 5.954566825933624 35.591051197821116 -1.7199957856591186 1
bicycle 61 0 0.49505322618108466 879.8431 804.6075 955.8244 857.25354 1.1205912860475393 0.42005318471050523 1.8864556454477033 -1.0695939858980044 5.594296265265871 36.61658413695066 0.46585088652474127 1
bicycle 62 0 -3.0503153633353968 950.4948 819.1302 1011.1108 860.85846 0.9284890981053218 0.46364162294910394 1.4400436965371606 0.4788646146410517 5.699276663284616 36.42612707943695 -3.0371699353212223 1
bicycle_rack 64 2 1.8624864153849474 522.4 793.594 591.8627 856.6531 1.211149321750924 0.9408194374764873 2.6775379582132035 -10.051036737834647 5.572004861490992 37.30633017813995 -4.68386918831281 1
Pedestrian 250 0 1.9089330956924728 275.4668 762.1121 381.40634 960.5463 1.5336230557640003 0.6643283119552825 0.5127679603561401 -5.159799222708366 2.6798842369920868 12.216363949128935 1.5092940243874224 1
Pedestrian 253 0 -2.572767048311449 1634.4938 683.544 1829.3584 1078.0212 1.8534490149795408 0.7563806594053035 0.5595825883269737 3.906309797908706 2.167922459098274 7.586828412571057 -2.0972860515223406 1
Pedestrian 261 0 2.6967079738311894 1578.7098 786.7331 1763.1388 1031.7413 1.2730600720660716 0.7991163027486634 0.6919306761146682 4.104446083904292 2.258077007906099 8.701144781243473 -3.1457140285508647 1
