bicycle 259 0 -1.9113072716621344 1344.8068 801.59955 1497.8856 981.1246 1.1804225674273263 0.6399992469074598 1.8931490968949505 3.8543177510904734 2.7925287388609767 12.68334317732338 -1.6162871912525527 1
moped_scooter 249 1 -2.1675668348074355 1762.8684 797.242 1935.0 1135.6938 1.120793055389803 0.5456318089243678 1.610393791217293 4.252284160999817 1.9737926645294301 6.59014007486739 -1.594538455477056 1
Pedestrian 253 0 2.9122116425419264 1550.2593 698.26086 1680.9454 1028.7748 1.8534490149795408 0.6887695455837385 0.5741149904994922 3.8990077237316965 2.3116868382132667 8.95016834930697 -2.960129565020731 1
Pedestrian 251 2 1.75974972686789 475.4652 771.8666 532.3443 907.0847 1.774252387425403 0.6525969229842776 0.587512865180402 -6.312587194083259 3.836885316322989 20.660789246090598 1.4632230302015454 1
Pedestrian 52 0 1.3933437333844585 761.11127 778.33484 790.90204 843.9179 1.7952207708609897 0.7587490401641039 0.610626467689231 -5.3573510937563915 6.272201355362116 43.23020624236971 1.2700462513954713 1
Pedestrian 252 0 1.7739679352126314 465.23044 774.1948 553.8269 959.98584 1.658520956961526 0.7017669147232369 0.5786001889649824 -4.274813785552973 3.1063519565214692 14.182827873735373 1.4812201571472459 1
Pedestrian 47 1 1.4697460163988378 819.8709 781.74634 845.78784 843.74457 1.7662099977865444 0.7138276131719481 0.6536021217629259 -3.862931696831344 6.521427843921895 44.95058228706325 1.384019338683692 1
Pedestrian 48 0 1.4351942021024746 804.4238 784.5722 832.31506 843.54834 1.7337343342826845 0.7864215981817623 0.6177326892210265 -4.442387774441464 6.737064294632554 46.46866612760494 1.3398842126239483 1
Pedestrian 49 1 1.0282866259601247 771.66956 783.8633 801.0848 843.09656 1.728481090587118 0.6855385075388499 0.6241662896034846 -5.444000086818795 6.724898801531992 46.54664273050465 0.9118576331587644 1
bicycle_rack 51 2 -1.7938111671902854 822.74414 799.5393 852.3279 844.86804 0.9186747175465415 0.2729934960954117 2.423821129573139 -3.380830266083859 5.814626090533167 40.72720305272073 -1.8766328755420103 1
bicycle 54 0 -2.1774930675043307 832.06946 817.89545 878.38745 853.13837 0.7220090058633966 0.44164345238019365 1.4886842853680702 -2.788144580483231 5.8766792254717295 39.22295327938359 -2.248458213216488 1
bicycle 258 1 2.034749061203779 0.0 760.90063 120.854965 1040.1327 1.3631788328460905 0.6437503279536867 1.8688246861328557 -5.932395476393275 2.2878269463364127 9.203368876625074 1.4621867227677092 1
bicycle 55 1 1.36808711729277 1085.1544 826.92236 1131.096 901.4511 1.1047015382854124 0.48576301993283627 1.9860375560581018 2.8007552445643773 5.114905151686644 28.671841787807644 1.4654613166419233 1
bicycle 56 1 -1.7484279882307745 1020.41785 824.8455 1043.4342 878.4378 1.0570307614851258 0.26329747128098585 1.7488976457260073 1.7404663299526664 6.119269652824593 36.97749549879636 -1.7013944419151255 1
bicycle 57 1 -1.7424817222815818 1047.5591 821.6778 1075.4218 880.92566 1.1322341934931681 0.3301935621613041 2.0746891829424996 2.442962509995839 6.085662429132221 36.595274998556775 -1.6758243943054545 1
bicycle 58 1 -1.8055211902905908 1063.8923 813.6079 1100.9224 882.7632 1.3665078211898436 0.3934579248489768 2.279763135102038 2.9850324090211267 6.183878877176943 37.01920501012057 -1.7250605749068155 1
bicycle 59 1 -1.8225137675564818 1080.8723 813.1033 1120.8878 880.2634 1.3100126429953605 0.4221232042863978 2.301974672692094 3.4297259751842946 6.100812019176594 36.89711259689154 -1.7298263305879902 1
bicycle 61 0 0.49154645465029895 871.69684 808.0503 945.00684 858.78436 1.1205912860475393 0.42005318471050523 1.8864556454477033 -1.3501282397566479 5.848009282903712 37.99576646151425 0.45602774945062396 1
bicycle 62 0 -3.050540731163588 937.2272 824.5241 995.6691 864.7568 0.9284890981053218 0.46364162294910394 1.4400436965371606 0.13392147147805825 6.011084414144685 37.77631018202267 -3.0469956281664574 1
Pedestrian 250 0 1.8528033551689336 358.4602 770.8182 457.80573 948.867 1.5336230557640003 0.6643283119552825 0.8548313797248925 -5.188789416818109 2.950316069508308 14.06882854300944 1.4994664950968404 1
Pedestrian 261 1 2.751949648079504 1479.4784 796.4613 1628.5396 1005.1495 1.2730600720660716 0.7991163027486634 0.6919306761146682 4.019974833159364 2.488708247318819 10.19198716918188 -3.15554451127741 1
