moped_scooter 249 2 -2.196718305637998 1814.0173 800.52466 1935.0 1165.5157 1.120793055389803 0.5456318089243678 1.610393791217293 4.271563770681407 1.942199724790159 6.183382715082022 -1.5921844755588273 1
Pedestrian 52 0 1.3990005161069794 756.12726 777.80505 785.8961 844.661 1.7952207708609897 0.7292217082390258 0.7287357953895321 -5.434304815799087 6.207313614734485 42.695312325077296 1.2724001841844497 1
Pedestrian 47 1 1.472509816881817 819.155 780.36835 845.27106 843.5013 1.7826250126104288 0.7138276131719481 0.6536021217629259 -3.844107771522042 6.450970301618182 44.517494314345434 1.3863729860307452 1
Pedestrian 48 0 1.4404164188655046 799.3254 784.47296 828.75964 843.99 1.7337343342826845 0.8291956263033727 0.6177326892210265 -4.538126634724608 6.692357096881544 46.07473508838228 1.3422381808857926 1
Pedestrian 49 1 1.132137540408548 770.8353 785.62396 798.6129 845.15314 1.728481090587118 0.6488160043513609 0.6241662896034846 -5.456760360673121 6.7423674367170445 46.214599534478396 1.0146073256188384 1
bicycle_rack 51 2 -1.7930854688449136 825.08276 799.54126 854.9083 845.36145 0.9186747175465415 0.2729934960954117 2.423821129573139 -3.279956895749873 5.765794570925294 40.30803023265538 -1.8742788723776402 1
bicycle 54 0 -2.1785284049545273 836.9112 816.7632 883.7384 852.34406 0.7220090058633966 0.44164345238019365 1.4886842853680702 -2.6273499011836488 5.794775216640204 38.8195911349353 -2.246106375119591 1
bicycle 258 2 2.0587240300560183 0.0 758.9693 84.202156 1051.47 1.3631788328460905 0.6437503279536867 1.8688246861328557 -5.956290903685771 2.239910396606554 8.815878195042599 1.4645401970112917 1
bicycle 259 0 -1.9216258153927965 1361.9626 806.55286 1523.3445 993.9273 1.1804225674273263 0.6399992469074598 1.8931490968949505 3.8900388014142293 2.7839173192902384 12.241085172640819 -1.6139330015917337 1
bicycle 55 1 1.3661189193790044 1091.3733 827.63257 1137.9728 902.95544 1.1047015382854124 0.48576301993283627 1.9860375560581018 2.8979023111903137 5.091733870683996 28.397257482746213 1.4678155422539576 1
bicycle 56 1 -1.7502364235861172 1026.4564 826.3189 1049.8892 880.6686 1.0570307614851258 0.26329747128098585 1.7488976457260073 1.8713822007749479 6.095223027621765 36.52205540435453 -1.699041413493204 1
bicycle 57 1 -1.7421611198294498 1050.4637 822.66095 1078.6437 882.70874 1.1322341934931681 0.3301935621613041 2.0746891829424996 2.48740777616071 6.052181899777553 36.1550778509377 -1.6734710613204986 1
bicycle 58 1 -1.805357360684373 1066.9795 815.61414 1104.4556 885.7731 1.3665078211898436 0.3934579248489768 2.279763135102038 3.0295857949214082 6.178056194379702 36.57201428519013 -1.72270716250064 1
bicycle 59 1 -1.821526196121723 1082.7874 816.7762 1123.1161 884.8611 1.3100126429953605 0.4221232042863978 2.301974672692094 3.4466582502706924 6.148177076153688 36.537669652830644 -1.7274728750752064 1
bicycle 61 0 0.4916914058149685 874.5981 808.7921 948.72784 860.1531 1.1205912860475393 0.42005318471050523 1.8864556454477033 -1.2520377234882263 5.81518079972208 37.57132046976498 0.4583794393948013 1
bicycle 62 0 -3.0499750257632434 939.5742 825.5727 998.66296 866.2852 0.9284890981053218 0.46364162294910394 1.4400436965371606 0.1992357409848068 5.983178677020007 37.36775552875758 -3.0446433206537096 1
Pedestrian 250 0 1.8651471348950384 339.12833 769.48004 442.82785 953.06555 1.5336230557640003 0.6643283119552825 0.8548313797248925 -5.189719371949937 2.896736341816845 13.649719584924135 1.5018192285536958 1
Pedestrian 253 0 -2.8675989619549416 1553.5098 693.3082 1716.459 1044.514 1.8534490149795408 0.6887695455837385 0.6903832520305888 3.861774784648414 2.267577950161395 8.567047072886524 -2.444104210998307 1
Pedestrian 261 1 2.7392686062518403 1501.674 796.3161 1659.2306 1014.4917 1.2730600720660716 0.7991163027486634 0.6919306761146682 4.021730952537155 2.438503073297433 9.763772157365615 -3.153191075088631 1
Pedestrian 251 2 1.7715756658623718 458.09152 770.64417 518.4582 910.84155 1.774252387425403 0.6525969229842776 0.6604689884783294 -6.331861174835449 3.762937355632433 20.04248178595375 1.4655762791560534 1
Pedestrian 252 0 1.7828324337884311 454.21808 769.5368 543.8239 962.7483 1.6862560652883705 0.7017669147232369 0.46904783310245446 -4.230325708799034 3.0379768600263084 13.711488979132398 1.4835737657251582 1
