Pedestrian 251 0 1.9060751286496884 229.36702 735.9835 350.1732 961.63654 1.774252387425403 0.6671881476438496 0.936004681012622 -5.700767971036899 2.7573967567555484 12.740394524924561 1.485338677170307 1
Pedestrian 52 0 1.4034014940326924 779.74164 767.8517 808.88574 840.03687 1.691875109123247 0.6258760465012967 0.5810991357641624 -4.117442463109488 5.250686423038119 36.86353167954286 1.2921683375468858 1
Pedestrian 47 0 1.4819593250755305 832.8638 767.3512 862.6743 844.25653 1.8975301163776175 0.7138276131719481 0.6536021217629259 -2.939171539100381 5.6193910100685285 38.69050695958384 1.4061387321092154 1
Pedestrian 48 1 1.462477491302534 797.22516 774.94135 823.9609 843.6077 1.7337343342826845 0.6438415044428575 0.6177326892210265 -4.006166658778262 5.757959662926126 39.73965629213005 1.362006626462409 1
Pedestrian 252 0 2.0203749436354537 0.0 734.14325 224.10931 1087.6769 1.5504530720967258 0.7605336486527391 0.6719180827650739 -4.055238352298883 2.0985331769137745 7.141977094885998 1.5039659739517264 1
Pedestrian 49 2 -1.777147566602753 781.6462 783.42175 809.39404 849.79175 1.728481090587118 0.6241662896034846 0.7625344633094676 -4.613394919588975 6.187097768847902 41.601276343026434 -1.8875918147784703 1
bicycle_rack 51 2 -1.7882893891693896 845.8849 791.90247 879.3732 843.8529 0.9186747175465415 0.2729934960954117 2.423821129573139 -2.3458637835755844 5.003165078338906 35.373115027025975 -1.854510126656344 1
bicycle 54 0 -2.183621801500769 870.4596 810.0109 924.9339 851.1887 0.7220090058633966 0.44164345238019365 1.4886842853680702 -1.4308181626158267 4.953707428366137 33.46150909550579 -2.226355889335456 1
bicycle 259 1 -2.1181984078764327 1663.8403 788.2746 1935.0 1118.5769 1.1804225674273263 0.6399992469074598 1.8931490968949505 4.185276836913264 2.0757843699806364 7.241803184260194 -1.5941627154405695 1
bicycle 55 0 1.3351307782929513 1161.6312 825.2117 1223.0406 918.297 1.1047015382854124 0.48576301993283627 1.9860375560581018 3.5497842065387872 4.334626053995558 23.103414809619913 1.4875861365958922 1
bicycle 56 0 -1.7613555235190448 1070.609 820.7175 1098.7323 883.66895 1.0570307614851258 0.26329747128098585 1.7488976457260073 2.5904526805551704 5.296294617206668 31.491248444798536 -1.6792808662954148 1
bicycle 57 1 -1.7602568677277772 1104.4655 817.8246 1139.1095 887.6755 1.1322341934931681 0.3301935621613041 2.0746891829424996 3.3235007040969062 5.27620265034271 31.0741266076391 -1.6537079581540848 1
bicycle 58 1 -1.828289669284976 1127.3842 806.26056 1173.6704 887.86804 1.3665078211898436 0.3934579248489768 2.279763135102038 3.9484163072537517 5.306864537757612 31.3349219989456 -1.702943391052605 1
bicycle 59 1 -1.8468493094078886 1146.6025 808.4533 1196.5865 887.8089 1.3100126429953605 0.4221232042863978 2.301974672692094 4.378462498552088 5.290989789074327 31.26457083222628 -1.7077087414789807 1
bicycle 61 0 0.49352350290502744 895.85785 799.7272 981.28735 858.96674 1.1205912860475393 0.42005318471050523 1.8864556454477033 -0.5014760877416435 5.00097364895108 32.57148610915324 0.47812855076610683 1
bicycle 62 0 -3.0550616078429753 972.12976 819.5153 1040.3821 866.68805 0.9284890981053218 0.45891854622987344 1.4400436965371606 0.9754362006368442 5.175020575581586 32.31890050732028 -3.024889165009382 1
bicycle_rack 64 1 1.8785162613537683 512.386 787.05884 589.35016 855.0904 1.211149321750924 0.9408194374764873 2.6775379582132035 -9.419912956030169 5.093771671615747 34.44876001254346 -4.671590950210058 1
