Pedestrian 251 0 1.862542522279793 315.22754 741.45 404.1765 932.252 1.7450699381062416 0.6525969229842776 0.5875128651804455 -5.7800926459247846 2.8919075997664185 14.392770306614853 1.480660223358084 1
Pedestrian 52 0 1.4036197826263255 771.06146 761.1862 802.84424 836.11554 1.7952207708609897 0.6701670443889058 0.8763724550148564 -4.458054142460987 5.3248724820554045 38.21533352743467 1.2874885192723808 1
Pedestrian 47 0 1.4829283139638947 824.8744 766.4882 853.64996 837.0051 1.7990400274343128 0.7138276131719481 0.6536021217629259 -3.2717066314802516 5.6291078528165155 40.07011259113344 1.4014594853408089 1
Pedestrian 48 0 1.4586198622767004 795.65765 771.501 823.03754 837.608 1.7337343342826845 0.6866155325645338 0.6177326892210265 -4.193346315787893 5.814943275343375 41.25645197283924 1.357326739932231 1
Pedestrian 252 0 1.934947832151048 168.50377 751.4757 353.6282 1034.3767 1.511561205464176 0.7723080642606365 0.7158681156063836 -4.058680347839937 2.2821261452736614 8.719184496507667 1.499288559477872 1
bicycle_rack 51 2 -1.7890544842547809 840.46844 792.6769 872.95905 842.9422 0.9186747175465415 0.2729934960954117 2.423821129573139 -2.567539324106287 5.153827682602038 36.548172270798354 -1.859190085375214 1
bicycle 54 0 -2.1854056638312396 867.0169 802.9794 919.656 842.36316 0.7220090058633966 0.44164345238019365 1.4886842853680702 -1.583441905938382 4.938012006579692 34.68084485648666 -2.231031512915206 1
bicycle 259 0 -2.0620257881865633 1576.0492 783.9198 1873.9274 1066.2344 1.1804225674273263 0.6399992469074598 1.8931490968949505 4.137263175974031 2.1629062724141734 8.284151448354265 -1.598843034658876 1
bicycle 55 1 1.3459439618858136 1139.958 817.79614 1197.0922 905.6577 1.1047015382854124 0.48576301993283627 1.9860375560581018 3.3423120347712554 4.363109008335629 24.25046507434443 1.482905743408657 1
bicycle 56 0 -1.7572333419668476 1058.1198 813.5022 1084.6655 873.19635 1.0570307614851258 0.26329747128098585 1.7488976457260073 2.418646665631532 5.3239570919435755 32.948948823572096 -1.6839588821669746 1
bicycle 57 1 -1.756737657785427 1092.8636 813.0864 1125.8353 879.87885 1.1322341934931681 0.3301935621613041 2.0746891829424996 3.1872981096897455 5.32908950127244 32.30279390179933 -1.6583865788078997 1
bicycle 58 1 -1.8234037019671565 1113.941 801.09534 1157.9445 879.12524 1.3665078211898436 0.3934579248489768 2.279763135102038 3.78755543216064 5.339791286493644 32.56664261239805 -1.707622170116259 1
bicycle 59 1 -1.8423888600179195 1133.8082 804.4831 1181.3922 880.41644 1.3100126429953605 0.4221232042863978 2.301974672692094 4.2490082118815895 5.353275887344267 32.50003009284226 -1.7123876062950447 1
bicycle 61 0 0.49701423006406303 885.32776 792.48865 967.32275 849.0401 1.1205912860475393 0.42005318471050523 1.8864556454477033 -0.7990385168309625 4.98963766713228 33.90739493173847 0.4734532735460597 1
bicycle 62 0 -3.054146577131238 964.9722 811.0463 1030.8176 856.3377 0.9284890981053218 0.45891854622987344 1.4400436965371606 0.8236798253525839 5.137107742225965 33.50210076088174 -3.0295656134208606 1
bicycle_rack 64 1 1.8743787595639088 512.8688 780.39386 587.3076 845.9251 1.211149321750924 0.9408194374764873 2.6775379582132035 -9.707116551235343 5.035412256327511 35.4241476375654 -4.676266463621836 1
Pedestrian 250 0 2.0268348788880566 0.0 738.0475 182.64066 1031.6537 1.5336230557640003 0.6857072756658262 0.7800050067380158 -4.977750465526456 2.2113475243993985 8.543650521598513 1.499288559477872 1
Pedestrian 49 2 2.242442602333986 780.9734 771.21765 815.4741 835.2644 1.728481090587118 0.7625344633094676 0.6241662896034846 -4.6834439442648454 5.977814667751321 42.96254157708761 -4.149326200324931 1
