Pedestrian 251 0 2.0333039006708296 4.8229694 708.0004 163.11787 1017.26324 1.774252387425403 0.6370251703008949 0.5739021685446108 -5.294216642179554 2.2943917896050383 9.052384904269479 1.5041044099977166 1
Pedestrian 52 0 1.407799657992636 799.7746 766.35443 832.4203 844.3641 1.662347777198177 0.6258760465012958 0.7287357953895015 -3.290849108625166 4.90697605890883 33.868962645033996 1.310939554825313 1
Pedestrian 47 0 1.493719500388821 844.1974 769.039 872.4276 843.35034 1.700549938491008 0.6299169822835151 0.6536021217629259 -2.4827709972271985 5.208319938560642 36.023605646814104 1.424907647270588 1
Pedestrian 48 1 1.4762931255150284 801.7794 770.443 834.42114 844.6921 1.7337343342826845 0.7436475700600618 0.6177326892210265 -3.521609309457725 5.3475256397912805 36.75750333524044 1.38077811172319 1
Pedestrian 49 1 -1.6048948827635914 797.35504 777.52155 826.93896 845.8523 1.728481090587118 0.7625344633094676 0.6241662896034846 -3.9711069488578685 5.826924338410485 39.7976384582499 -1.704348161430668 1
bicycle_rack 51 2 -1.7855693555284287 868.9738 792.5351 904.61975 848.557 0.9186747175465415 0.2729934960954117 2.423821129573139 -1.6540861955062234 4.746597949149766 32.94262547766474 -1.8357383448028033 1
bicycle 54 0 -2.176341080728031 885.9056 812.3916 943.98047 856.8184 0.7220090058633966 0.44164345238019365 1.4886842853680702 -0.9754321194968533 4.724375202250622 31.193188920391133 -2.207601570465206 1
bicycle 55 0 1.312405106155877 1220.0684 829.4566 1293.4902 936.2673 1.1047015382854124 0.48576301993283627 1.9860375560581018 3.9931481753957896 4.023167875242178 20.32925010947636 1.5063596411403908 1
bicycle 56 0 -1.7693202204681502 1109.4402 822.83057 1140.7463 891.4694 1.0570307614851258 0.26329747128098585 1.7488976457260073 3.1682328341718753 5.012713694268254 29.003899772581352 -1.6605168885031363 1
bicycle 57 1 -1.768147503393573 1143.2509 825.2475 1181.4313 901.06 1.1322341934931681 0.3301935621613041 2.0746891829424996 3.8736036469702535 5.145164226510421 28.907610734065038 -1.6349415567871435 1
bicycle 58 1 -1.8390542696268133 1169.838 812.53156 1221.678 902.251 1.3665078211898436 0.3934579248489768 2.279763135102038 4.490625644873593 5.120205547184745 28.76241104211349 -1.6841763531158513 1
bicycle 59 1 -1.8578590935702852 1189.5289 815.93634 1245.2625 902.9689 1.3100126429953605 0.4221232042863978 2.301974672692094 4.912406033303507 5.1388666994658765 28.804522626970027 -1.688941359513195 1
bicycle 60 1 -1.8697965285448577 1211.1001 815.40326 1269.4843 903.4022 1.3184481259680805 0.4179615901254227 2.403186566031236 5.368447401284048 5.1545872683234 28.895756772471834 -1.686104199722192 1
bicycle 61 0 0.4967419210257789 915.6171 800.19885 1008.16125 864.7566 1.1205912860475393 0.42005318471050523 1.8864556454477033 0.0041880427143849985 4.71596774087196 30.037085121197364 0.49688135009056156 1
bicycle 62 0 -3.0576912883789444 1001.19885 826.5093 1075.3696 878.14825 0.9284890981053218 0.45891854622987344 1.4400436965371606 1.5351657779825945 4.98279603215149 29.74826898415364 -3.0061318115403277 1
bicycle 63 2 2.1273825050691153 431.64777 799.4664 522.1267 878.3799 1.1883759826898217 0.6770103813517292 1.9793352732261047 -9.09890188804824 4.598812678798973 28.173574425295577 -4.4681873382267465 1
bicycle_rack 64 1 1.90158258306304 500.14072 784.2489 587.04987 858.8346 1.211149321750924 0.9408194374764873 2.6775379582132035 -8.753756552588124 4.710789212669737 31.47843753986691 -4.652836985663011 1
