Pedestrian 48 1 1.48011454647492 818.8867 748.1069 850.5047 822.0431 1.576896231169962 0.6515804034199941 0.6177326892210265 -2.8345838867719624 4.36329704667323 33.458911692980365 1.395598005437198 1
Pedestrian 49 1 -1.6582342406470671 810.4339 762.5905 838.1573 833.42737 1.6858366684778296 0.63775751743013 0.6241662896034846 -3.425093297919728 5.160041497064191 37.36870221589102 -1.7496355952253184 1
bicycle 50 2 -1.8584850737508387 1284.7418 791.5859 1350.0862 885.25806 1.3184481259680805 0.46490874506127133 2.403186566031236 6.303259995523454 4.415941926990703 26.57682276208633 -1.6256164313926138 1
bicycle_rack 51 2 -1.783515058511684 886.84753 763.00543 925.21344 821.4754 0.9186747175465415 0.2729934960954117 2.423821129573139 -1.1380105711759083 3.838782055521423 30.411337435214598 -1.8209182090136098 1
Pedestrian 52 0 1.4056479909596353 824.10724 736.4753 859.12866 818.5868 1.6257460019619354 0.6554033784263726 0.42180189985869454 -2.455044204478915 3.934938526475611 30.665383930504994 1.32575924358175 1
Pedestrian 47 0 1.4956418431553153 861.3258 738.4288 893.99207 825.9399 1.8647000867298495 0.6831575032360284 0.4752850733234707 -1.8400610008307567 4.381631831039634 32.87309259454007 1.4397255078821787 1
Pedestrian 53 2 0.9917192265392625 481.69647 771.2835 503.72714 829.28314 1.4655346564901373 0.37160028900145553 0.44668560150437775 -12.380313761234344 5.361326357621566 39.51332725187589 0.6880875309530259 1
bicycle 54 0 -2.1831463591665963 915.20056 785.70776 979.56793 833.45953 0.7220090058633966 0.44164345238019365 1.4886842853680702 -0.2729401028234151 3.842583973214663 28.286168292872347 -2.1927953024067044 1
bicycle 55 0 1.2818001892508493 1283.7588 802.03546 1373.7357 922.2578 1.1047015382854124 0.48576301993283627 1.9860375560581018 4.320758132577839 3.320616901729804 17.703624424075002 1.5211811140579599 1
bicycle 56 0 -1.7802577232744883 1146.7133 798.0663 1181.8579 871.11676 1.0570307614851258 0.26329747128098585 1.7488976457260073 3.614724324763418 4.251149732785408 26.702006515279656 -1.6457029251917634 1
bicycle 57 1 -1.7863517706583496 1190.6113 797.504 1235.5167 880.0706 1.1322341934931681 0.3301935621613041 2.0746891829424996 4.348288339367716 4.244175571888729 25.917502392916894 -1.620125683057368 1
bicycle 58 1 -1.8594677184036779 1220.2137 784.76434 1280.4674 881.9202 1.3665078211898436 0.3934579248489768 2.279763135102038 5.00023025051296 4.267629208739403 25.984459354733424 -1.6693599756086406 1
bicycle 59 1 -1.8780721528023359 1239.658 789.29376 1304.2711 883.5758 1.3100126429953605 0.4221232042863978 2.301974672692094 5.380290161872734 4.297992810297597 26.013984231614902 -1.6741247103805776 1
bicycle 60 1 -1.8910860591325742 1262.9729 788.54504 1330.8259 883.7883 1.3184481259680805 0.4179615901254227 2.403186566031236 5.830653877737087 4.307544984262115 26.098643353201826 -1.6712871230173953 1
bicycle 61 0 0.49195228027979987 940.3276 772.1416 1042.289 842.1226 1.1205912860475393 0.42005318471050523 1.8864556454477033 0.5389219109474805 3.872657563227542 27.305775908863907 0.511686271849948 1
bicycle 62 0 -3.0671323092589233 1033.7252 796.1059 1115.6322 852.6437 0.9284890981053218 0.45891854622987344 1.4400436965371606 2.044752721486967 4.048851661517629 26.920789755129142 -2.9913234572124168 1
bicycle 63 1 2.1375140350342363 435.26804 772.4199 533.4641 855.5086 1.1883759826898217 0.6770103813517292 1.9793352732261047 -8.306636509870165 3.869671800190738 26.137260026049027 -4.453384778954787 1
bicycle_rack 64 1 1.9257909158236144 479.21854 758.33264 576.82654 837.2218 1.211149321750924 0.9408194374764873 2.6775379582132035 -8.348645571290831 3.917760330170932 28.963855066550067 -4.638030898422933 1
