Pedestrian 47 0 1.4908210562189195 855.48236 748.73444 883.9587 832.3349 1.8154550422581968 0.5943870529959577 0.6536021217629259 -2.0794461720887276 4.65486321253218 33.92320909118838 1.4295990326394725 1
Pedestrian 48 1 1.477280643313592 805.50916 751.2429 841.9046 829.571 1.7337343342826845 0.7864215981817362 0.6177326892210265 -3.193906944292312 4.696362530565062 34.69023481788856 1.385470140419426 1
Pedestrian 49 1 -1.66055499728547 803.47015 766.27795 833.77277 837.1744 1.728481090587118 0.7198900412001702 0.6241662896034846 -3.6577830591905562 5.386567341711768 38.32047196651862 -1.7557191305330826 1
bicycle_rack 51 2 -1.7836585067432627 872.40967 774.9224 909.64417 832.4884 0.9186747175465415 0.2729934960954117 2.423821129573139 -1.4871500845081331 4.185652165056412 31.35910137050838 -1.8310462402181844 1
Pedestrian 52 0 1.4045865983370263 807.2558 755.03406 848.71466 831.359 1.5410086175124085 0.8030400380517203 0.5078395620828432 -2.829494288981124 4.331899612284816 31.724181118944667 1.3156315179970166 1
bicycle 54 0 -2.1831411488009604 901.024 792.46344 963.3779 838.9906 0.7220090058633966 0.44164345238019365 1.4886842853680702 -0.5774987013960573 4.076125617690256 29.203064656931836 -2.2029138489148217 1
bicycle 55 0 1.2950151796608653 1250.3698 807.544 1332.8666 921.2747 1.1047015382854124 0.48576301993283627 1.9860375560581018 4.117565533779521 3.519034144735187 18.762097101049548 1.5110521712691622 1
bicycle 56 0 -1.7805213610281163 1132.3359 804.24835 1166.1569 874.92126 1.0570307614851258 0.26329747128098585 1.7488976457260073 3.4756552971375947 4.4883879320548425 27.728722040799504 -1.6558267371488187 1
bicycle 57 1 -1.7837718109503515 1171.9584 803.09955 1215.0509 883.3961 1.1322341934931681 0.3301935621613041 2.0746891829424996 4.142693107791921 4.447036710347925 26.77220448455586 -1.6302508002807732 1
bicycle 58 1 -1.8540596980185151 1197.6451 790.0735 1254.7594 883.78595 1.3665078211898436 0.3934579248489768 2.279763135102038 4.767469897261408 4.479667723512442 27.03113149234032 -1.6794854372208452 1
bicycle 59 1 -1.8731702340306133 1217.8137 792.5629 1279.1346 883.30194 1.3100126429953605 0.4221232042863978 2.301974672692094 5.176228266472468 4.476166241122481 27.072324176735133 -1.684250357618957 1
bicycle 60 1 -1.8839977605229572 1237.7784 790.9838 1301.8763 882.58307 1.3184481259680805 0.4179615901254227 2.403186566031236 5.578124872040112 4.469729164310526 27.157063332649134 -1.6814130624111934 1
bicycle 61 0 0.4883949179591278 932.0859 782.69214 1030.805 850.7274 1.1205912860475393 0.42005318471050523 1.8864556454477033 0.37187735386716086 4.166286964941642 28.227048767227924 0.5015686593549917 1
bicycle 62 0 -3.064355776228194 1015.75726 805.3344 1094.844 860.0355 0.9284890981053218 0.45891854622987344 1.4400436965371606 1.755950211806935 4.331253277486001 27.874212346266827 -3.0014433999384913 1
bicycle 50 2 -1.853373571675363 1262.1971 785.97345 1324.4197 875.7451 1.3184481259680805 0.46490874506127133 2.403186566031236 6.0888547110831786 4.4150035328406165 27.534747461577783 -1.6357423656125822 1
bicycle 63 1 2.1214823310883055 447.82953 787.27576 540.632 868.0208 1.1883759826898217 0.6770103813517292 1.9793352732261047 -8.481712730133651 4.259923713716494 27.245474787142946 -4.463500805492444 1
bicycle_rack 64 1 1.9152031375386809 482.10413 774.86707 575.73944 852.9815 1.211149321750924 0.9408194374764873 2.6775379582132035 -8.574256745732008 4.3365228767595845 29.79911125693885 -4.648149330795835 1
