Pedestrian 47 0 1.4953674867451519 863.2759 746.321 897.78955 831.2264 1.7826250126104286 0.7138276131719481 0.5070013211827427 -1.7595260090592062 4.449378011274618 32.54621753839777 1.441357683796705 1
Pedestrian 48 1 1.4821640199762482 818.4944 747.142 848.929 828.13226 1.7337343342826845 0.6295834950689915 0.546442642351573 -2.84374677060827 4.483353683572112 33.31328299055099 1.3970067155065329 1
Pedestrian 49 1 -1.6000131394037655 812.78143 771.1344 837.8823 840.7632 1.6547915291822692 0.6061715822420453 0.6241662896034846 -3.3966619053723894 5.340135304515767 37.34107578295806 -1.6907266430642038 1
bicycle 50 2 -1.85820143600913 1286.5696 789.9586 1352.5814 884.4898 1.3184481259680805 0.46490874506127133 2.403186566031236 6.27587786421717 4.355489720587571 26.303357771511656 -1.6239843428207648 1
bicycle_rack 51 2 -1.7831761143307026 888.6404 769.8914 927.3206 829.50195 0.9186747175465415 0.2729934960954117 2.423821129573139 -1.0885747003947313 3.957439418046345 30.13324684664796 -1.8192857818687838 1
Pedestrian 52 0 1.4031275304096043 828.1876 743.45374 867.7174 826.5867 1.5995531260745923 0.6975578183728547 0.6726864452121973 -2.3034055165299034 4.038618020171242 30.355478744601072 1.3273916214204782 1
Pedestrian 53 2 0.9937872455005954 480.8771 762.9197 503.11542 821.37756 1.4655346564901373 0.37160028900145553 0.44668560150437775 -12.277255949194714 5.102875229512634 39.124643784486366 0.6897198067867834 1
bicycle 54 0 -2.1820665702769575 915.7249 786.7658 980.7164 835.09796 0.7220090058633966 0.44164345238019365 1.4886842853680702 -0.25466131511738366 3.8311726029714097 27.990641839791916 -2.1911644069888396 1
bicycle 55 0 1.277315285255388 1292.3385 804.7584 1384.8055 927.6272 1.1047015382854124 0.48576301993283627 1.9860375560581018 4.3563985980262965 3.31658259779572 17.38718302076425 1.5228136872356752 1
bicycle 56 0 -1.7851476660305525 1156.1177 803.04193 1192.3926 877.7923 1.0570307614851258 0.26329747128098585 1.7488976457260073 3.7254182870614088 4.286884709060779 26.231658844954275 -1.6440711784823756 1
bicycle 57 1 -1.7886115937710991 1196.2505 799.9873 1241.9016 883.6288 1.1322341934931681 0.3301935621613041 2.0746891829424996 4.407644968438095 4.258653530274752 25.65893609510438 -1.6184937260971053 1
bicycle 58 1 -1.8622952814099532 1226.6539 786.205 1287.945 884.56445 1.3665078211898436 0.3934579248489768 2.279763135102038 5.067168481426226 4.2645628351092375 25.71379876001383 -1.667727963097978 1
bicycle 59 1 -1.8815019271062305 1247.05 789.231 1312.7579 884.425 1.3100126429953605 0.4221232042863978 2.301974672692094 5.466792271205672 4.270438531260812 25.773758143083803 -1.6724926679525187 1
bicycle 60 1 -1.8941763209604687 1269.8503 788.44476 1338.8801 884.71515 1.3184481259680805 0.4179615901254227 2.403186566031236 5.8988401347001655 4.2763178009749945 25.83000340677222 -1.6696550335200717 1
bicycle 61 0 0.4928683055008806 940.94525 774.9874 1043.8347 845.79376 1.1205912860475393 0.42005318471050523 1.8864556454477033 0.5532755246084802 3.9005908769753086 27.05297910101501 0.5133170110976715 1
bicycle 62 0 -3.067241870320915 1035.9471 799.1625 1118.6442 856.34094 0.9284890981053218 0.45891854622987344 1.4400436965371606 2.072130433375871 4.0750570662560435 26.666507309687844 -2.989692348679177 1
bicycle 63 1 2.1431451525964658 427.6719 777.3202 527.7649 861.9875 1.1883759826898217 0.6770103813517292 1.9793352732261047 -8.310236655415048 3.9234224671271534 25.790682681696207 -4.451754283792288 1
bicycle_rack 64 1 1.9319800804175946 470.2972 762.9559 570.74713 843.9867 1.211149321750924 0.9408194374764873 2.6775379582132035 -8.324614684953346 3.95893912523634 28.39352057706297 -4.636400017591389 1
