bicycle_rack 51 2 -1.7811890650468225 924.6416 756.31805 969.80817 825.56903 0.9186747175465415 0.2729934960954117 2.423821129573139 -0.25837691651235006 3.279609093601903 25.652942252842738 -1.7912607432751395 1
Pedestrian 52 0 1.3945091635109308 876.84143 721.2942 929.07227 814.34424 1.5100362524116624 0.8037112805270317 0.527414411716649 -0.9905050189557504 3.1645697100301895 25.32400851855139 1.3554158116907176 1
Pedestrian 47 2 1.4981305111507548 900.612 725.0282 936.40234 815.4886 1.5803406212373137 0.6007248467847088 0.8170882671781992 -0.7917579007588926 3.4529061595646304 27.529785912696724 1.4693783910553497 1
Pedestrian 48 0 1.4914349358593466 843.2963 732.38184 881.3101 816.8634 1.5336929222027682 0.6764152002543671 0.5367382368283483 -1.8732503576277644 3.5877668407877996 28.26406158931571 1.4252549659547809 1
Pedestrian 53 1 1.7045236549237628 537.4817 755.4437 560.38934 824.5012 1.5340003768839026 0.4611167001395903 0.36332983160582105 -9.43604410981867 4.540434841404357 34.228620692509665 1.435528134048306 1
bicycle 54 0 -2.1887624847531306 961.1551 772.9948 1039.6282 830.546 0.7220090058633966 0.44164345238019365 1.4886842853680702 0.5969164920852013 3.104295411130355 23.314966901773325 -2.1631657886838775 1
bicycle 55 0 1.181152387812648 1469.7164 786.7329 1621.613 954.30676 1.1047015382854124 0.48576301993283627 1.9860375560581018 4.945380466278444 2.5961088940863943 12.783682453115354 1.5502722906479707 1
bicycle 56 0 -1.8271629696669334 1257.6334 783.8302 1307.9143 875.05786 1.0570307614851258 0.26329747128098585 1.7488976457260073 4.558469504214695 3.4111936642608405 21.27163245067501 -1.6160578355982875 1
bicycle 57 1 -1.8353934199599893 1304.6901 780.7945 1368.5614 882.71 1.1322341934931681 0.3301935621613041 2.0746891829424996 5.20795351684446 3.4129246741329387 20.8373066685346 -1.5904767800495132 1
bicycle 58 1 -1.9106322455061486 1337.2383 764.16266 1420.4648 882.3756 1.3665078211898436 0.3934579248489768 2.279763135102038 5.87422925363175 3.4432104483614494 21.149248257555076 -1.6397100617561151 1
bicycle 59 1 -1.9333467890809315 1363.2758 767.8971 1452.9357 882.6556 1.3100126429953605 0.4221232042863978 2.301974672692094 6.280775949461605 3.442176158248903 21.134205595001085 -1.6444742531715235 1
bicycle 60 1 -1.9583503366598973 1404.9144 766.6585 1503.5311 885.27344 1.3184481259680805 0.4179615901254227 2.403186566031236 6.79628999924348 3.399170222654217 20.736386408870008 -1.6416358116953753 1
bicycle 61 0 0.476662739979864 996.54877 757.18054 1121.3308 842.20087 1.1205912860475393 0.42005318471050523 1.8864556454477033 1.4533651647757004 3.165292539790266 22.449196082762878 0.5413127059688461 1
bicycle 62 0 -3.097284743495399 1115.0167 785.27185 1215.1444 854.6985 0.9284890981053218 0.45891854622987344 1.4400436965371606 3.0004949955033005 3.3250414634945886 21.99271483502479 -2.961690587428361 1
bicycle 50 1 -1.919619229993647 1418.8207 761.0051 1512.277 875.4599 1.3184481259680805 0.46490874506127133 2.403186566031236 7.1466858189144 3.3673504042872056 21.304790102579563 -1.5959651408318503 1
bicycle 1302 2 -1.9383783819944038 1449.2969 764.9967 1544.6398 877.8738 1.3184481259680805 0.46490874506127133 2.403186566031236 7.724747337618145 3.461751152134903 21.671066660123977 -1.5959651408318503 1
bicycle 63 0 2.213040912814905 340.5844 776.4932 472.5255 881.9124 1.1883759826898217 0.6770103813517292 1.9793352732261047 -7.7182315903699115 3.4138887414105827 20.909030147834795 -4.423762279755996 1
bicycle 1304 1 2.205209330358004 314.3199 777.23364 444.8853 881.4821 1.1883759826898217 0.6770103813517292 1.9793352732261047 -8.185401147487095 3.448340375346037 21.141845869775935 -4.447369724477436 1
bicycle_rack 1104 1 2.288781085596385 368.8201 772.33545 526.37024 857.35114 1.0094563742578975 1.1559719284102306 2.201426925563406 -7.956842044597424 3.427398608678054 23.28736266226173 -4.323648486768079 1
bicycle_rack 1107 1 2.1505707392271862 466.8523 755.86273 578.7148 842.3549 1.211149321750924 0.9408194374764873 1.8426667807311492 -7.315232927066471 3.4935476005595003 25.043583901234395 -4.41680806676758 1
bicycle_rack 1106 1 1.7351939073361007 521.3375 756.51935 590.8538 843.4653 1.2617211615326813 0.7969514577407247 2.6035681782479996 -7.3053588195626356 3.7624611536222967 27.0778839798857 1.4716772463801746 1
Pedestrian 49 1 -1.8007524576060265 826.664 741.55646 866.3603 822.7623 1.728481090587118 0.7625344633094676 0.6241662896034846 -2.567749383699156 4.36847282683464 33.4294011368052 -1.8774130389078203 1
