bicycle 1100 2 1.2940887193566812 500.61874 766.1271 559.9189 836.3854 1.2312646377490877 0.6835059225824461 1.9528848346874286 -9.026536697609194 4.280192778027035 31.275143578534585 1.01310752319977 1
bicycle_rack 51 2 -1.7839638778013096 946.2007 751.81964 994.9564 825.74023 0.9186747175465415 0.2729934960954117 2.423821129573139 0.13028039958210708 3.055964508730447 23.968448551361746 -1.778528435607475 1
Pedestrian 52 0 1.3846011560749543 906.2633 709.8179 959.4759 817.8449 1.588084942206592 0.676964417630101 0.8763724550148564 -0.4482790729519602 2.9375322509032307 23.265627604939958 1.3653356706015547 1
Pedestrian 47 1 1.5059129250319707 906.8701 714.5144 944.90546 819.8041 1.744779007205501 0.6131697299348405 0.6536021217629259 -0.6127119507858647 3.308114153619095 25.734790055675255 1.4821087200619791 1
Pedestrian 48 0 1.495681702411378 857.21545 721.53186 892.8145 820.9741 1.7084765802321908 0.597402738887538 0.4363051158613618 -1.5274847126090267 3.4339194627142144 26.445942477205485 1.437987048296832 1
Pedestrian 53 0 1.7015737842051823 559.1353 756.64594 594.71027 839.1663 1.6961928421300732 0.668486802347555 0.5975661516791633 -8.259257110355176 4.558407763797476 32.151586185523236 1.450125782608544 1
Pedestrian 1101 1 1.2900353947620053 520.6125 731.65594 563.0394 831.043 1.9987046651778924 0.6751181243477371 0.7819385638886469 -8.887830813105841 4.296744774416289 31.680296476163566 1.016518984262368 1
bicycle 54 0 -2.190389743701245 979.6561 767.34625 1064.3884 829.18036 0.7220090058633966 0.44164345238019365 1.4886842853680702 0.8645425603795888 2.8534227541080854 21.632252448614263 -2.150445558045012 1
bicycle 55 0 1.125270837441474 1571.9805 787.1113 1768.053 984.73065 1.1047015382854124 0.48576301993283627 1.9860375560581018 5.142510005537993 2.404491894667089 10.98792154434594 1.5630044765539606 1
bicycle 56 0 -1.8475093411137056 1306.0293 787.8984 1364.3256 888.88556 1.0570307614851258 0.26329747128098585 1.7488976457260073 4.825167053632927 3.2636626845966124 19.36651527065603 -1.6033308488381248 1
bicycle 57 1 -1.860064933924969 1359.9243 782.5106 1434.2167 894.42456 1.1322341934931681 0.3301935621613041 2.0746891829424996 5.538253742289122 3.2540071198212437 19.093190396149286 -1.5777481607405335 1
bicycle 58 1 -1.9384100100762818 1397.0015 766.8592 1494.0079 897.55664 1.3665078211898436 0.3934579248489768 2.279763135102038 6.206751507854243 3.305955029424013 19.28138268435459 -1.626981007562894 1
bicycle 59 1 -1.965832821170844 1430.4116 771.8624 1536.6062 900.246 1.3100126429953605 0.4221232042863978 2.301974672692094 6.623001627455277 3.2993581656648368 19.081029724469843 -1.6317449658897836 1
bicycle 60 1 -1.986830178935742 1466.935 771.5493 1581.5084 902.8384 1.3184481259680805 0.4179615901254227 2.403186566031236 7.08297812576773 3.2943034087841294 18.93669247640476 -1.628906158505136 1
bicycle 61 0 0.4658490686547544 1026.3546 751.8533 1162.7231 844.3853 1.1205912860475393 0.42005318471050523 1.8864556454477033 1.824579937480378 2.929881982925897 20.637318916632545 0.5540314579800878 1
bicycle 62 0 -3.111211127387877 1151.3721 781.7892 1260.4265 857.43085 0.9284890981053218 0.45891854622987344 1.4400436965371606 3.310563404134939 3.0885119312927416 20.225758055046164 -2.948969250477089 1
bicycle 50 1 -1.9516875777427054 1487.0812 773.0387 1597.0082 901.0394 1.3184481259680805 0.46490874506127133 2.403186566031236 7.48847911451904 3.359146798315926 19.396012132537695 -1.5832354991052422 1
bicycle 1302 2 -1.979823230918702 1533.0137 776.1781 1649.2661 904.89886 1.3184481259680805 0.46490874506127133 2.403186566031236 8.104597819214117 3.3980448308471622 19.353026127219437 -1.5832354991052422 1
bicycle 63 0 2.233804015440448 319.2287 768.0033 465.40417 882.3838 1.1883759826898217 0.6770103813517292 1.9793352732261047 -7.263134133115764 3.12567862606407 19.19923333740564 -4.411044892674684 1
bicycle 1305 2 2.871764458150029 126.160835 783.98566 301.38068 875.23376 0.9631117585673643 0.6103340749187687 1.9815751024553365 -9.85893951567306 3.161418166452095 19.77505787034727 -3.8739112043006747 1
bicycle 1304 1 2.2437436394195798 259.20245 767.63544 408.92 882.449 1.1883759826898217 0.6770103813517292 1.9793352732261047 -7.97633964686648 3.113100967923877 19.120615453301745 -4.434652342925956 1
bicycle_rack 1104 1 2.3148987104756884 338.26523 764.1618 511.06754 855.509 1.0094563742578975 1.1559719284102306 2.201426925563406 -7.684674559292922 3.1310601742478443 21.54320882586757 -4.310926450581765 1
bicycle_rack 1107 1 2.0032382623711174 455.69052 744.70624 564.6018 836.14746 1.211149321750924 0.9408194374764873 1.8426667807311492 -7.012745164403071 3.16014927588256 23.34916959109819 -4.571717919707709 1
bicycle_rack 1106 1 1.734056715128663 510.1625 742.96844 583.45044 833.47284 1.2617211615326813 0.7969514577407247 2.6035681782479996 -7.082311842513768 3.394181065767373 25.672441371044634 1.4648798453506546 1
Pedestrian 49 1 -1.7991958534340562 842.60333 760.8045 884.0564 846.2491 1.728481090587118 0.7625344633094676 0.6241662896034846 -2.095955956318405 4.670464309255564 31.962942257081934 -1.8646766670244521 1
