bicycle 1100 1 1.3234787171152063 506.68042 792.97125 586.04846 895.40454 1.2312646377490877 0.6835059225824461 1.9528848346874286 -6.213891320485098 3.855507605218226 22.332057863056 1.0520936818656428 1
bicycle_rack 51 2 -1.7993965547207214 1018.0266 751.1281 1088.4902 854.9557 0.9186747175465415 0.2729934960954117 2.423821129573139 1.0433019447443146 2.4910586621476827 17.410366250590315 -1.739543946613795 1
Pedestrian 52 0 1.4777977191959752 998.3321 708.8467 1070.3546 859.5175 1.485372711663925 0.6868410156913478 0.6324305645623892 0.7473428837866578 2.370900365472787 15.443251573404842 1.5261528409099396 1
Pedestrian 47 0 1.5078474555282249 950.7644 689.0471 1012.4227 842.1973 1.8075893067343576 0.7138276131719481 0.6536021217629259 0.2420753222010325 2.6066406434250613 18.28303970735706 1.5210871126951089 1
Pedestrian 48 0 1.4974725138159515 904.18066 720.7866 951.3888 858.0062 1.7337343342826845 0.5778421306148067 0.6177326892210265 -0.44551737938160335 3.0182988486786133 19.698367663331492 1.4748593995958958 1
Pedestrian 53 0 1.7213194308079245 584.62866 744.0915 631.289 875.0623 1.99418596388888 0.6550567496766628 0.428823228011 -5.535984869821858 3.8822505693697265 23.448002322071 1.4894688685337463 1
Pedestrian 1101 0 1.3136122774837544 538.48224 756.03705 594.7638 878.73376 1.7785729579726708 0.7044775734334106 0.6220004684121793 -6.090338293344831 3.840723657073536 23.071561143060855 1.0555236028207546 1
Pedestrian 49 1 -1.7817889837512317 870.72595 768.63916 920.88025 872.8869 1.728481090587118 0.7625344633094676 0.6544872356430169 -1.1571223380398947 4.300591664803957 26.346810275616278 -1.8256796561742192 1
bicycle 56 0 -1.9845884939210734 1572.2128 787.69965 1695.3527 946.5409 1.0570307614851258 0.26329747128098585 1.7488976457260073 5.63974684010898 2.5263319856165576 12.621304034656509 -1.5643626688586005 1
bicycle 57 1 -2.0147760193595956 1656.8546 777.2632 1821.6788 957.00116 1.1322341934931681 0.3301935621613041 2.0746891829424996 6.3047273564135535 2.4844133915099693 12.22940096282595 -1.5387750027440013 1
bicycle 58 1 -2.097214126017275 1702.0634 751.39374 1909.4171 959.0698 1.3665078211898436 0.3934579248489768 2.279763135102038 6.909655918254175 2.5100381361171777 12.375823900792954 -1.5880065156237342 1
bicycle 59 1 -2.1320912659877056 1753.4469 757.9135 1935.0 962.0088 1.3100126429953605 0.4221232042863978 2.301974672692094 7.337816644009051 2.503285144309781 12.260187366017393 -1.592769761451111 1
bicycle 60 1 -2.1593857273469004 1807.421 756.9232 1935.0 964.7415 1.3184481259680805 0.4179615901254227 2.403186566031236 7.826157002884509 2.5041056324855617 12.224527867043253 -1.5899298373738977 1
bicycle 61 0 0.40467140692004755 1144.9388 747.1039 1352.8301 886.85956 1.1205912860475393 0.42005318471050523 1.8864556454477033 2.652347891543296 2.315320457797392 13.918716028684383 0.5929736035806665 1
bicycle 62 0 3.075436142810057 1336.7365 792.20337 1508.5726 909.19977 0.9284890981053218 0.45891854622987344 1.4400436965371606 4.10199090792267 2.467531264430983 13.368064740693432 -2.910019857747226 1
Cyclist 1103 2 1.0020805673508901 371.32755 775.1139 478.3546 883.5258 1.7216873513402624 0.8954028949581221 2.028661827016778 -9.846402298683106 4.574193232024554 27.42342254744458 0.6573655223285853 1
bicycle 54 0 -2.2206930488600314 1064.7809 776.3994 1190.024 867.7688 0.7220090058633966 0.44164345238019365 1.4886842853680702 1.6513058986041989 2.324125146572495 15.062424602697073 -2.1114983070866566 1
bicycle 63 0 2.3883280729526617 54.19798 797.3208 305.60193 978.85187 1.1883759826898217 0.6770103813517292 1.9793352732261047 -6.630860861952567 2.7874018519544723 12.822709120458287 -4.372105714990348 1
bicycle 1304 1 2.40932988202657 0.0 800.1665 223.60632 983.47095 1.1883759826898217 0.6770103813517292 1.9793352732261047 -7.326566987932851 2.8042309975525326 12.74116271950302 -4.39571320536015 1
bicycle 1305 2 3.052518494689782 0.0 838.2805 63.91993 984.7177 0.9631117585673643 0.6103340749187687 1.9815751024553365 -9.136662119117226 2.9751475571010606 13.233060006751556 -3.8349492536805476 1
bicycle_rack 1104 1 2.429623422152789 159.6747 777.7847 420.10522 912.6002 1.0094563742578975 1.1559719284102306 2.201426925563406 -6.784246074100335 2.6962215771314977 15.256867818341195 -4.271973162727132 1
bicycle_rack 1105 1 1.5756685101800028 468.9922 766.7735 518.26056 885.2014 1.2616356367381072 0.6346961271139634 3.437768336328631 -6.814724492916847 3.4972450508507604 21.82820714422088 1.2730587186958364 1
bicycle_rack 1106 1 1.8108073949660664 425.16208 754.27716 541.2516 881.03156 1.2617211615326813 0.7969514577407247 2.6035681782479996 -5.996020040365382 3.013054889422044 18.917482979116862 1.5038676385514282 1
bicycle_rack 1107 1 2.0891313923754113 346.68057 750.8201 508.2177 879.26 1.211149321750924 0.9408194374764873 1.8426667807311492 -6.035645032272142 2.728760391720475 17.0330521019728 -4.534597858482699 1
rider 1108 2 0.9967716158160911 398.1638 777.4949 460.85446 874.73505 1.625349897191674 0.7855875511120374 0.7675169727080104 -9.68914517665732 4.461930841929442 27.253190672029405 0.6551847318235033 1
