bicycle_rack 1012 1 -3.0077768284772524 650.34125 816.24835 731.473 877.4219 1.355695180818566 4.48287485410958 2.069707403964661 -8.926744580472377 8.009835882333338 49.719188980860025 -3.1854273119434033 1
bicycle 1100 1 1.3364628911083036 494.69885 766.491 579.5258 875.7035 1.2312646377490877 0.6835059225824461 1.9528848346874286 -5.839583909611887 3.2706418778882718 20.52031150167883 1.0592161174753683 1
Pedestrian 52 0 1.4595399035883205 1031.1932 676.8521 1115.9596 859.9428 1.5975002071454256 0.6925358964705541 0.7476775270573799 1.0151350100465262 2.0852963661947954 13.653954647204896 1.5337506960205132 1
Pedestrian 47 0 1.507394661026761 960.01166 670.1154 1027.4801 833.243 1.76571577371512 0.7138276131719481 0.6536021217629259 0.3559983724369565 2.281557977317832 16.718051182600686 1.5286856939713394 1
Pedestrian 48 0 1.4911442023266475 923.209 697.5101 974.0196 846.4586 1.7337343342826845 0.5725807983755328 0.48202999953591025 -0.1554238875434563 2.617278101760573 17.931019822937262 1.4824765416574617 1
Pedestrian 53 0 1.589613616496715 584.67804 720.6213 635.2682 861.77966 1.9314333838427498 0.6931361410689489 0.7176998166629619 -5.034057657850072 3.332229845396188 21.460304578300903 1.3592041554773968 1
Pedestrian 1101 0 1.3198675419579575 538.0397 733.6377 600.3919 858.6505 1.6423009487503935 0.6751181243477371 0.7819385638886469 -5.517427142225787 3.208375772019144 21.031656292146366 1.0633096847144556 1
bicycle_rack 1102 2 -1.624605356940377 1014.8289 734.27203 1089.5763 862.5536 1.0375795796102383 0.6464137852367903 3.810681809040283 1.0014476846525664 2.438946839911583 17.25382470026837 -1.5666283354134238 1
Pedestrian 49 1 -1.7748149797688793 870.7652 754.18616 922.7637 862.2426 1.728481090587118 0.7625344633094676 0.6544872356430169 -1.095866538656449 3.9525682375412305 25.31485945269757 -1.8180774267286615 1
bicycle 56 0 -2.0348310280784037 1664.8674 787.2308 1819.6003 968.7468 1.0570307614851258 0.26329747128098585 1.7488976457260073 5.778492852867949 2.362715809214114 11.152080340949945 -1.5567660738871167 1
bicycle 57 1 -2.0750945698799024 1768.7227 774.02545 1935.0 983.81537 1.1322341934931681 0.3301935621613041 2.0746891829424996 6.408735594628642 2.2929963890150686 10.597036119165836 -1.5311774413974666 1
bicycle 58 2 -2.1533363546519393 1809.0277 747.23004 1935.0 985.2406 1.3665078211898436 0.3934579248489768 2.279763135102038 7.032583266635517 2.3516757414913743 10.901424933977562 -1.5804086939487596 1
bicycle 61 0 0.3785615387158615 1185.2013 729.92206 1419.198 884.438 1.1205912860475393 0.42005318471050523 1.8864556454477033 2.824261464628332 2.048908239506351 12.512012629895798 0.6005649821005656 1
bicycle 62 0 3.0376710206434105 1399.9266 776.0402 1597.5558 907.00134 0.9284890981053218 0.45891854622987344 1.4400436965371606 4.2524045816357186 2.1714106080795994 11.904358903902505 -2.902427183967318 1
Cyclist 1103 2 1.157123064279243 471.49033 752.9895 574.8551 873.6221 1.7216873513402624 0.8954028949581221 2.028661827016778 -7.243562601214542 3.9258352101897382 24.668570118056433 0.8715156385416858 1
bicycle 54 0 -2.2331755243494675 1090.8721 760.07916 1225.8335 859.0421 0.7220090058633966 0.38807875834437755 1.4886842853680702 1.7771560021427248 2.0246642076807833 13.67099888704099 -2.103905832703688 1
bicycle 63 0 2.43642083000912 0.0 768.3667 246.99377 969.69604 1.1883759826898217 0.6770103813517292 1.9793352732261047 -6.472396241483202 2.378883526182963 11.36348698366134 -4.364514702450854 1
bicycle 1304 1 2.465046455402445 0.0 775.5591 147.05289 980.0418 1.1883759826898217 0.6770103813517292 1.9793352732261047 -7.228797108227866 2.4300036373031975 11.278341149433864 -4.388122204730139 1
bicycle_rack 1104 1 2.462937036250151 95.962364 757.9526 387.79175 903.53906 1.0094563742578975 1.1559719284102306 2.201426925563406 -6.605882692031147 2.3551855468437344 13.882654460578866 -4.264379422569149 1
bicycle_rack 1105 1 1.5877257383219479 458.06796 749.545 511.53436 873.3537 1.2616356367381072 0.6346961271139634 3.437768336328631 -6.4928595926166714 3.1132013439237296 20.476208236081067 1.2806621086295453 1
bicycle_rack 1106 1 1.8255016686422487 401.74695 727.4379 528.65515 858.43365 1.2617211615326813 0.7969514577407247 2.6035681782479996 -5.848819986762971 2.5731335708287597 17.801375564259537 1.508053246807194 1
bicycle_rack 1107 1 2.113855942524574 311.79535 731.7508 490.58414 869.0905 1.211149321750924 0.9408194374764873 1.8426667807311492 -5.840752893136563 2.4057370263796667 15.72579535203527 -4.524950898247665 1
rider 1108 2 1.145442294331491 488.8109 755.9152 553.9406 862.45496 1.625349897191674 0.7855875511120374 0.7675169727080104 -7.268505229108382 3.837921433966674 24.70741092919328 0.8593305192473384 1
