bicycle 1100 1 1.3252760424705903 509.23407 771.5748 592.8238 877.96875 1.2312646377490877 0.6835059225824461 1.9528848346874286 -5.816248420870383 3.403871539972047 21.132585253446848 1.0566992269183788 1
Pedestrian 52 0 1.4652224456511178 1017.09283 690.37256 1103.6725 859.686 1.5410086175124065 0.7556281160557197 0.6649450733703887 0.9336973351228073 2.1791217727793386 14.227000847100195 1.530757008257456 1
Pedestrian 47 0 1.508194417985705 955.2877 687.06824 1020.7769 840.9335 1.7070231823015474 0.7138276131719481 0.6536021217629259 0.3011686801485687 2.4367722886570915 17.210535760639658 1.5256917201548585 1
Pedestrian 48 0 1.494657046089577 912.105 706.5271 965.85754 851.8239 1.7337343342826845 0.6216222676100475 0.6177326892210265 -0.28163842902172814 2.765063832897661 18.55785545101726 1.4794819731615187 1
Pedestrian 53 0 1.726389533089377 580.23944 733.6178 637.60693 865.1206 1.8268457504325253 0.6826773777279149 0.9800825318965057 -5.206568538761267 3.4738367192216426 22.14000142819503 1.4954205672708007 1
Pedestrian 1101 0 1.3170024278939154 539.64954 749.6551 597.90375 873.4251 1.6842307977418647 0.6751181243477371 0.6548082828689323 -5.700020842710779 3.532890575360128 21.708987646793673 1.0602332670086132 1
bicycle_rack 1102 2 -1.6304209762473751 1018.99207 737.47644 1093.6486 862.79456 1.0375795796102383 0.6464137852367903 3.810681809040283 1.07812982258353 2.514390280174945 17.711572429600935 -1.569624501651879 1
Pedestrian 49 1 -1.776497733974199 869.09784 754.9534 920.48346 861.64655 1.728481090587118 0.7625344633094676 0.6544872356430169 -1.1437516518869268 3.9942907830314835 25.64198194155744 -1.8210728386668258 1
bicycle 56 0 -2.019437849186616 1634.7401 791.6766 1779.4359 967.1305 1.0570307614851258 0.26329747128098585 1.7488976457260073 5.718046673141925 2.442864269064262 11.550477285763451 -1.559759265270049 1
bicycle 57 1 -2.052369989086096 1725.4255 778.982 1920.7416 978.36993 1.1322341934931681 0.3301935621613041 2.0746891829424996 6.355354257727695 2.3881374296298032 11.146364374013507 -1.5341710133785533 1
bicycle 58 1 -2.1327422351451037 1768.3815 749.27686 1935.0 976.672 1.3665078211898436 0.3934579248489768 2.279763135102038 6.966031161865509 2.407902940375637 11.378735436096298 -1.5834023685110052 1
bicycle 59 1 -2.1718748836633557 1829.4586 759.4582 1935.0 984.9359 1.3100126429953605 0.4221232042863978 2.301974672692094 7.4112943674505125 2.4235601337927166 11.221022718876343 -1.5881655303220512 1
bicycle 60 1 -2.198205137769178 1884.8187 759.7407 1935.0 987.57324 1.3184481259680805 0.4179615901254227 2.403186566031236 7.935380005021624 2.4445628815237566 11.284447653566732 -1.5853254747459267 1
bicycle 61 0 0.38423392158587566 1175.443 739.38367 1401.2871 889.6969 1.1205912860475393 0.42005318471050523 1.8864556454477033 2.8002501456179965 2.1640822183585215 12.92602477348209 0.5975738515078524 1
bicycle 62 0 3.051993508794025 1375.4669 789.6578 1563.3737 915.97174 0.9284890981053218 0.45891854622987344 1.4400436965371606 4.190761589048145 2.3384182375354907 12.40572362165889 -2.905418820329981 1
Cyclist 1103 2 0.9548571437097044 426.72357 767.4003 543.1339 882.84717 1.7216873513402624 0.8954028949581221 2.028661827016778 -8.183425494627366 4.25917426803585 25.660698309713432 0.6461442470752683 1
bicycle 54 0 -2.232124502759546 1084.3317 771.7827 1219.8054 869.46564 0.7220090058633966 0.44164345238019365 1.4886842853680702 1.7712075984848548 2.177908793539529 14.0699517969751 -2.1068973989783437 1
bicycle 63 0 2.4188498408344006 0.0 783.3208 268.2852 978.4048 1.1883759826898217 0.6770103813517292 1.9793352732261047 -6.524897065050423 2.5549692269499857 11.854267109674641 -4.367505697118162 1
bicycle 1304 1 2.444663885167183 0.0 790.3541 175.41397 988.8039 1.1883759826898217 0.6770103813517292 1.9793352732261047 -7.243064090099624 2.603594382016806 11.745314208119039 -4.39111319454517 1
bicycle_rack 1104 1 2.447379828229159 126.64934 768.84576 404.22153 910.1079 1.0094563742578975 1.1559719284102306 2.201426925563406 -6.659459290499752 2.520997248865087 14.460808083820192 -4.267371491034077 1
bicycle_rack 1105 1 1.5817929379329694 464.39154 757.2092 516.08264 879.6851 1.2616356367381072 0.6346961271139634 3.437768336328631 -6.558437263725458 3.264122947596965 20.89581772667226 1.2776662390733908 1
bicycle_rack 1106 1 1.816016637232242 416.25183 742.02435 536.43097 870.2481 1.2617211615326813 0.7969514577407247 2.6035681782479996 -5.933212404762836 2.8114560118512792 18.461511316998255 1.505059832409871 1
bicycle_rack 1107 1 2.1120461077501558 309.3244 751.80585 482.55746 887.18475 1.211149321750924 0.9408194374764873 1.8426667807311492 -6.0875478280134665 2.672531147929237 16.229106627419107 -4.529998074555147 1
rider 1108 2 0.9597546504556607 444.796 770.00073 511.0977 872.95325 1.625349897191674 0.7855875511120374 0.7675169727080104 -8.300975861810668 4.170885234128111 25.689857763531688 0.647221652921937 1
