bicycle_rack 1012 1 -3.006812903893557 658.0675 822.18536 741.35254 885.5481 1.355695180818566 4.48287485410958 2.069707403964661 -8.41281808630582 8.049669384276424 48.46253348517587 -3.1786942860554257 1
bicycle 1100 1 1.4697127753418076 487.5032 758.3553 560.5523 877.8884 1.2312646377490877 0.6835059225824461 1.9528848346874286 -5.499520971713139 2.9963000674733706 18.744726367032882 1.1843308987155998 1
bicycle 61 0 0.3548763363511779 1218.6749 734.64606 1483.9805 909.96985 1.1205912860475393 0.42005318471050523 1.8864556454477033 2.8780713775648032 1.9916841148447126 11.15889725018597 0.6072924762209433 1
Pedestrian 47 0 1.5025297706178837 973.75366 659.88055 1048.7573 838.8202 1.7507085068915076 0.7138276131719481 0.6536021217629259 0.4969215184361817 2.1119648479270747 15.10321642974419 1.5354196075367486 1
Pedestrian 48 0 1.491956950326067 927.3729 692.3061 987.9959 839.0283 1.5609712965773033 0.6239778704733476 0.6177326892210265 -0.04543169070549426 2.321993084898502 16.549714988220785 1.4892117926834718 1
Pedestrian 53 0 1.5954210170586238 579.5924 713.5323 641.4779 875.10187 1.99418596388888 0.7663474844561062 0.9800825318965057 -4.591840509690871 3.1905901309441984 19.627836111186355 1.365608769356358 1
Pedestrian 1101 0 1.4208307012373 524.55927 720.20233 588.36163 861.3322 1.688259652891773 0.6751181243477371 0.7819385638886469 -5.161488343236934 2.933804202049008 19.050238470872557 1.1562421258484217 1
bicycle_rack 1102 2 -1.634505138789715 1035.8201 730.24603 1120.4276 869.2709 1.0375795796102383 0.6464137852367903 3.810681809040283 1.1932799377711143 2.296553627561467 15.962665871671437 -1.5598894951032283 1
Pedestrian 1008 2 -0.45424410312627456 536.3236 801.59894 581.3766 875.55273 1.6444868788603362 0.6406471752869589 0.8619177410580295 -9.763771572367563 5.9940133543710195 36.2861443491505 -0.7170955737426696 1
Pedestrian 52 0 1.4416327444957424 1060.7391 677.272 1144.834 873.411 1.5410086175124098 0.6182338306725356 0.5282081035358742 1.1446259566519477 1.976907858907975 12.17115261309959 1.5354011256346478 1
Pedestrian 49 1 -1.768982354857666 871.20233 761.0582 925.0791 873.6631 1.728481090587118 0.7625344633094676 0.6544872356430169 -1.0321321828408587 3.9829687093917556 24.35234810706512 -1.811340275451694 1
bicycle 56 1 -2.0845878133645566 1758.9152 795.8157 1935.0 1004.10583 1.0570307614851258 0.26329747128098585 1.7488976457260073 5.864550822107427 2.2893795502755534 9.905488171754044 -1.5500339191198125 1
bicycle 57 2 -2.132021806105673 1880.0997 783.82886 1935.0 1027.0138 1.1322341934931681 0.3301935621613041 2.0746891829424996 6.5158477339076475 2.2390921059616073 9.37102055667819 -1.5244444314352295 1
bicycle 62 0 2.9965935905732013 1467.3138 792.97 1696.441 943.03 0.9284890981053218 0.45891854622987344 1.4400436965371606 4.344404912224433 2.1580183417607453 10.54212992235438 -2.8956985740885206 1
Cyclist 1103 2 1.158977025638468 565.85876 753.42096 680.5176 890.7984 1.7216873513402624 0.8954028949581221 2.028661827016778 -4.960584825324643 3.6924611564052365 21.849023376749564 0.9357224914546602 1
bicycle 54 1 -2.246527808612392 1113.9276 767.36285 1265.3645 878.5944 0.7220090058633966 0.38807875834437755 1.4886842853680702 1.8577986611524073 1.9688114931322573 12.346563189702623 -2.097177340211626 1
bicycle 63 1 2.4852756879694917 0.0 759.6792 183.51926 985.9424 1.1883759826898217 0.6770103813517292 1.9793352732261047 -6.35921143311154 2.1970393628330482 10.14585276145076 -4.357787474724475 1
bicycle 1304 2 2.5075970324176295 0.0 761.0011 90.82905 987.59827 1.1883759826898217 0.6770103813517292 1.9793352732261047 -7.027646301846657 2.206917280952172 10.145362867722055 -4.381394988676981 1
bicycle_rack 1104 1 2.496932815724063 27.56678 753.5163 351.73633 912.4779 1.0094563742578975 1.1559719284102306 2.201426925563406 -6.499232005492934 2.212965011401844 12.75046786708279 -4.257649784183506 1
bicycle_rack 1105 1 1.606148122377571 433.81097 746.64813 496.10092 878.46436 1.2616356367381072 0.6346961271139634 3.437768336328631 -6.35745447650547 2.971660799907656 19.264996016234022 1.2874002908732693 1
bicycle_rack 1106 1 1.8507113864016524 359.04443 721.6686 504.25897 864.6065 1.2617211615326813 0.7969514577407247 2.6035681782479996 -5.713223173297944 2.4029466596758167 16.313480838352195 1.5138451806238082 1
bicycle_rack 1107 1 2.1527723787111332 242.58034 726.38074 446.57004 877.78394 1.211149321750924 0.9408194374764873 1.8426667807311492 -5.8379713883505495 2.248491336293018 14.291373016859088 -4.518222079673327 1
rider 1108 2 1.1252248033778973 589.6446 757.4893 663.068 879.2046 1.625349897191674 0.7855875511120374 0.7675169727080104 -4.861399701523836 3.5976761840682965 21.700658766857128 0.9048425393793091 1
