bicycle_rack 1012 1 -2.991499001033809 676.32135 841.59955 765.6216 909.9436 1.355695180818566 4.48287485410958 2.069707403964661 -7.353180963885845 8.373328447465935 46.179122780428166 -3.1494050667034488 1
bicycle 1100 1 1.8549160258524768 490.30072 750.229 608.47754 890.6685 1.2312646377490877 0.6835059225824461 1.9528848346874286 -4.32618014028795 2.6416811277700614 15.846717320974026 -4.694776704274843 1
bicycle 61 0 0.29146437720620433 1338.3647 756.23285 1673.7109 977.97253 1.1205912860475393 0.42005318471050523 1.8864556454477033 3.289716031553154 1.988369791827456 9.151388979407855 0.6365570953959545 1
Pedestrian 52 0 1.4026874540668681 1154.3191 684.20807 1259.8997 929.4236 1.5877795479941519 0.6182338306725356 0.5606849729994662 1.6508129407004641 1.9996297284882891 10.101972624202638 1.5646706008491886 1
Pedestrian 47 0 1.470890568294539 1058.1339 677.1846 1148.1077 879.6436 1.6862044151007027 0.7138276131719481 0.6536021217629259 1.2189561151749984 2.150642535708679 12.954080409544556 1.5647125402382267 1
Pedestrian 48 0 1.4733246276640122 993.4112 698.4198 1065.8601 875.56195 1.6155280453263712 0.6314278673035854 0.6177326892210265 0.6435820121690704 2.331274744458229 14.233284019290736 1.518510540969567 1
Pedestrian 53 0 1.6126353019460469 593.19495 699.93335 666.1821 872.35315 1.785010697068438 0.7454299577740557 0.9800825318965057 -3.6465304214096435 2.6407217300231247 16.50639823251535 1.3952112824064775 1
Pedestrian 1101 0 1.701867766946175 529.8784 720.17883 603.4783 879.9072 1.6318184865025285 0.6751181243477371 0.7819385638886469 -4.269708038773431 2.692806136020014 16.221863333106736 1.4444981244048885 1
bicycle_rack 1102 2 -1.6682295705665433 1120.2229 750.33246 1232.008 919.12067 1.0375795796102383 0.6464137852367903 3.810681809040283 1.9337134397353124 2.3691856160259848 13.958759583476171 -1.5305752059033684 1
Pedestrian 49 1 -1.764149386731007 906.3944 788.60065 963.2488 908.7816 1.728481090587118 0.7625344633094676 0.6544872356430169 -0.41133076254016554 4.289752045671857 22.997704622102013 -1.782033211061739 1
bicycle 62 0 2.9095134229867012 1646.7426 833.57806 1935.0 1028.3973 0.9284890981053218 0.45891854622987344 1.4400436965371606 4.688200322093769 2.1637740612677776 8.435900344945967 -2.866429452835611 1
Cyclist 1103 0 1.5359645978661454 694.778 698.15155 772.98975 876.7732 1.7216873513402624 0.7727915896781334 2.028661827016778 -2.5116524405284264 2.5753941649813763 16.35938045864974 1.3836243216345228 1
bicycle 54 1 -2.280194839147497 1195.226 793.28253 1382.0798 931.47144 0.7220090058633966 0.38807875834437755 1.4886842853680702 2.237302008609805 1.9748910109040372 10.380261746772353 -2.0679080826126532 1
bicycle 63 2 2.568381130107262 0.0 763.95593 108.6 1042.9845 1.1883759826898217 0.6770103813517292 1.9793352732261047 -5.956002697707323 2.07166573301799 8.454595048204954 -4.3285233812375985 1
bicycle 1011 1 2.667123872341526 581.86145 830.34814 672.712 894.8748 1.2934541974935139 0.7107993355528012 2.0962232005260737 -8.235320967819987 6.496476006730328 36.92882886488234 -3.8354763912513934 1
bicycle_rack 1104 1 2.561778439233876 0.0 757.65594 315.8202 951.57074 1.0094563742578975 1.1559719284102306 2.201426925563406 -5.9595460880420035 2.0724205805153035 10.730470999133523 -4.228375278589642 1
bicycle_rack 1105 1 1.6305959454889791 433.0465 753.8404 509.51517 902.798 1.2616356367381072 0.6346961271139634 3.437768336328631 -5.665734997271654 2.9146629903761965 17.42802624633399 1.3162796396227407 1
bicycle_rack 1106 1 1.8794520691755947 345.95554 727.49854 515.9884 890.2405 1.2617211615326813 0.7969514577407247 2.6035681782479996 -5.088855275137569 2.3507812557610492 14.561155717325331 1.5432391949341318 1
bicycle_rack 1107 1 2.1920839792028826 207.01877 738.8744 443.68738 914.0792 1.211149321750924 0.9408194374764873 1.8426667807311492 -5.31421945883329 2.2513218248834437 12.645044407219336 -4.488951192461686 1
Pedestrian 1008 1 -0.5798547592414249 626.9454 816.1876 665.5378 890.37054 1.6444868788603362 0.6406471752869589 0.6670601363978097 -7.583199599255982 6.3083486483049525 35.99848951985584 -0.7874725505760882 1
rider 1108 0 1.544607070310582 700.48224 700.707 768.8661 856.39246 1.625349897191674 0.7251094154025729 0.7675169727080104 -2.504934103988088 2.4833894920275617 16.484309317817083 1.3938020828328672 1
