bicycle_rack 1012 1 -2.9842160693631135 652.6181 828.6881 745.2229 897.4198 1.355695180818566 4.48287485410958 2.069707403964661 -7.848225992602883 7.813882824838026 45.135001481220186 -3.1563780777575783 1
bicycle 1100 0 1.860949168675057 400.4186 718.7824 540.5277 878.2371 1.2312646377490877 0.6835059225824461 1.9528848346874286 -4.447177392802926 2.1525967992986867 13.69107708129637 1.5468773246262448 1
bicycle 61 0 0.23740921512374508 1389.1753 747.86847 1790.2267 1009.3376 1.1205912860475393 0.42005318471050523 1.8864556454477033 3.2329295079757125 1.8229663262372813 7.816437995126606 0.629590019624271 1
Pedestrian 47 0 1.5312370867881926 1071.2848 649.11664 1169.7168 883.16907 1.7029054741862644 0.7138276131719481 0.6536021217629259 1.1919134715732131 1.8916202254865968 11.302438255793271 -4.646880246712428 1
Pedestrian 48 0 1.4631029063278471 987.3087 672.9844 1082.137 876.4694 1.6596772011383516 0.7444895358629501 0.5594166834982863 0.6127172650418035 2.075853093184511 12.64109128683068 1.5115352840050322 1
Pedestrian 53 1 1.6322912926109967 551.1152 657.1145 622.5208 875.57306 1.99418596388888 0.6094660343407688 0.8361578225870585 -3.558334519547069 2.3113601857948303 14.255499146448173 1.387678442395139 1
Pedestrian 1101 0 1.6561944354209548 471.90732 674.6846 554.85406 876.5754 1.7890554202205395 0.6751181243477371 0.7819385638886469 -4.158367130300368 2.267730117066363 13.926199628801571 1.3660222804884143 1
bicycle_rack 1102 2 -1.682563697182883 1123.6218 751.2931 1256.0232 944.0192 1.0375795796102383 0.6464137852367903 3.810681809040283 1.8222313567002655 2.2540868611428255 12.478081511889764 -1.5375541516317976 1
Pedestrian 52 0 1.3769244244917958 1168.3632 652.7218 1305.0951 945.02563 1.6351612669007745 0.6885530690876365 0.5497914123759551 1.5898151379317993 1.802206879185575 8.698290784771656 1.557702303764871 1
Pedestrian 49 1 -1.7597212308053036 888.11566 782.08765 947.4412 907.6784 1.728481090587118 0.7625344633094676 0.6544872356430169 -0.6442607711434379 4.082174782822058 21.99022165165851 -1.7890104550151797 1
bicycle 62 1 2.83284654866083 1755.872 842.154 1935.0 1075.316 0.9284890981053218 0.45891854622987344 1.4400436965371606 4.643598065329312 2.024930046684478 7.135155837860088 -2.8733975485471532 1
Cyclist 1103 0 1.815654133488355 559.84344 648.21606 704.9268 874.1212 1.7216873513402624 0.7202438874152566 2.028661827016778 -2.7299803616997576 1.9346962263676155 12.634435762577127 -4.680334205822307 1
bicycle 54 1 -2.312724600305944 1218.8868 791.3508 1442.7894 953.91034 0.7220090058633966 0.38807875834437755 1.4886842853680702 2.161159823604314 1.7972027294405037 8.914302799537111 -2.0748763060375786 1
bicycle 1011 2 2.681266939699749 545.9224 811.00464 641.8963 877.7705 1.2934541974935139 0.7107993355528012 2.0962232005260737 -8.634342188543211 5.792163111792536 35.20165239828608 -3.8424519353297875 1
bicycle 1129 2 -3.045685804798835 476.55557 814.8141 572.94965 872.2946 1.1733071246777391 0.6194135196948825 2.0731011176573357 -9.999480505437186 5.593992522501008 34.31206077558079 -3.329259548680143 1
bicycle_rack 1104 1 2.628267244511025 0.0 737.2933 204.42506 961.7056 1.0094563742578975 1.1559719284102306 2.201426925563406 -6.043318204715863 1.7955172540702091 9.215486693426788 -4.235344790173302 1
bicycle_rack 1105 1 1.6577238104319298 366.18884 731.4372 459.75162 889.6179 1.2616356367381072 0.6346961271139634 3.437768336328631 -5.818184116599814 2.526905053404367 16.017494860178456 1.3093035154542716 1
bicycle_rack 1106 1 1.9224077493028062 240.97375 710.86035 446.14877 890.55963 1.2617211615326813 0.7969514577407247 2.6035681782479996 -5.30950599350013 2.0887442726435967 13.072558445185923 1.5366052447969594 1
bicycle_rack 1107 1 2.243130299505098 73.91643 710.99115 361.23782 909.8102 1.211149321750924 0.9408194374764873 1.8426667807311492 -5.382443957452458 1.9007615018359187 10.97765599814867 -4.4959198349547025 1
moped_scooter 1417 1 0.9627580475537423 399.89734 760.02985 539.3858 894.56726 1.5974584459958177 0.8944248848604079 1.901930645350798 -6.766333920243406 3.538509188800859 20.551824915013107 0.644702543150403 1
moped_scooter 1007 2 0.3869332133138147 413.325 821.7948 508.82416 885.11 1.3510168297965197 0.4343029029197721 2.0431787769235457 -11.35014918170944 5.857983563702605 33.948575837510134 0.06428269963340383 1
Pedestrian 1008 2 -0.6002697396726648 610.8068 806.9255 650.93835 883.41113 1.6444868788603362 0.6406471752869589 0.6670601363978097 -7.691898537231752 5.938703433595123 34.81684222434652 -0.8177018323370022 1
rider 1108 0 1.9967926235518316 578.8115 650.16534 697.23456 851.5815 1.625349897191674 0.7251094154025729 0.7675169727080104 -2.718915266145627 1.8464562382885554 12.633272493731459 -4.498377779457577 1
rider 1418 1 0.9467275994083086 417.43292 762.1765 510.09372 881.51514 1.486114246983899 0.8944248848604079 0.8330263348364035 -6.857664928041726 3.4350712351730937 20.62457412332158 0.6257274929735281 1
