bicycle_rack 1012 1 -3.0032355127805292 694.87213 829.4819 781.15704 895.5745 1.355695180818566 4.48287485410958 2.069707403964661 -6.930127453733087 8.073539924025965 46.855528149863325 -3.15007510995221 1
Pedestrian 1008 1 -0.40411225500893994 620.4878 810.37146 655.09235 885.6652 1.6444868788603362 0.6406471752869589 0.5925233564373285 -7.620905454009208 6.06716324812826 35.22686637677459 -0.6171668280428426 1
bicycle 1100 1 1.8015501351116732 455.72812 722.3844 573.11975 869.3631 1.2312646377490877 0.6835059225824461 1.9528848346874286 -4.395569835850622 2.263578972349809 14.841276789118613 1.5136090058903249 1
bicycle 61 0 0.2687512494777131 1362.4711 751.6431 1727.0859 991.0731 1.1205912860475393 0.42005318471050523 1.8864556454477033 3.2689786498110642 1.9028252706923587 8.500294807241865 0.6358876245935652 1
Pedestrian 47 0 1.4376177796753977 1065.0273 647.2525 1163.9841 876.2125 1.7866525402247388 0.7138276131719481 0.6536021217629259 1.2267014100368532 1.9722018910853125 12.073687205042315 1.5388715508042248 1
Pedestrian 48 0 1.4687286000657231 995.47266 679.44275 1075.8116 870.73834 1.6609920026172609 0.6643799888443707 0.6177326892210265 0.663388132032757 2.165179420457248 13.496884208888327 1.5178402825373332 1
Pedestrian 53 0 1.6212505672424926 577.9706 676.895 652.1353 877.07666 1.99418596388888 0.7140536677509828 0.7533216752038463 -3.5907377756813643 2.55016923759603 15.556343812873758 1.394402144479336 1
Pedestrian 1101 0 1.6409620495781403 511.33426 683.1449 585.64215 870.3089 1.812916034239013 0.6751181243477371 0.7819385638886469 -4.188609237944788 2.423079806107659 15.215326498568759 1.372327347278882 1
bicycle_rack 1102 2 -1.6758331296240283 1127.0133 743.3426 1248.6442 920.6446 1.0375795796102383 0.6464137852367903 3.810681809040283 1.9261855350009307 2.237168610886042 13.228990549844633 -1.531245818479846 1
Pedestrian 52 0 1.3920694441808688 1160.9921 662.1619 1284.0968 930.2218 1.6351612669007745 0.6885530690876365 0.492356173302082 1.6392087819851269 1.8765908244525868 9.439947348853469 1.5640010109262423 1
Pedestrian 49 1 -1.757964398092138 895.5902 771.83936 953.5644 894.24963 1.728481090587118 0.7625344633094676 0.6544872356430169 -0.5561854351295453 3.9763956071870226 22.4773055551463 -1.7827036606135667 1
bicycle 62 1 2.875198680677532 1699.2544 838.4284 1935.0 1050.4454 0.9284890981053218 0.45891854622987344 1.4400436965371606 4.686879836262533 2.1020815109206596 7.8031845741405546 -2.8670990202358593 1
Cyclist 1103 0 1.7818033597954352 637.2785 671.9891 755.55896 869.39276 1.7216873513402624 0.7202438874152566 2.028661827016778 -2.539197397303135 2.2125604867519844 14.560555507598206 -4.674034487154227 1
bicycle 54 1 -2.2959287624537206 1211.1373 792.44305 1415.2472 941.95233 0.7220090058633966 0.38807875834437755 1.4886842853680702 2.230697346591428 1.8859239686183191 9.6420490570736 -2.0685776648653578 1
bicycle 1011 1 2.6752988353470846 566.7416 811.1047 659.95514 876.1097 1.2934541974935139 0.7107993355528012 2.0962232005260737 -8.388219409467151 5.9069872882518215 36.10803674715112 -3.836146675872052 1
bicycle_rack 1104 1 2.5925763114262317 0.0 737.8683 269.95108 942.4419 1.0094563742578975 1.1559719284102306 2.201426925563406 -5.970458063326771 1.8584768013668502 9.995650088825721 -4.229044985672086 1
bicycle_rack 1105 1 1.6427816952292904 407.57037 732.2836 491.25677 882.528 1.2616356367381072 0.6346961271139634 3.437768336328631 -5.699088404154043 2.592720718697609 16.793212179873045 1.3156092976374811 1
bicycle_rack 1106 1 1.9070220508637945 288.48315 712.65924 475.40857 880.5808 1.2617211615326813 0.7969514577407247 2.6035681782479996 -5.310817518332097 2.155720007522608 13.921046079045023 1.5425688239828856 1
bicycle_rack 1107 1 2.2179582926002652 147.27734 713.94434 406.4149 897.50867 1.211149321750924 0.9408194374764873 1.8426667807311492 -5.350919152325677 1.9759909875376922 11.842168418409186 -4.489620815825997 1
moped_scooter 1417 1 0.9813899042540211 385.76556 758.4598 512.27966 880.7397 1.5974584459958177 0.8944248848604079 1.901930645350798 -7.718006674567484 3.690658115020705 22.504813342314097 0.651010219793775 1
rider 1108 0 1.8710771767808723 656.2926 673.8979 752.24695 848.989 1.625349897191674 0.7251094154025729 0.7675169727080104 -2.4896982638740774 2.116108760468427 14.549464151881152 -4.5815862234322395 1
rider 1418 1 0.9697524016067327 407.00165 759.1714 491.93018 868.1588 1.486114246983899 0.8944248848604079 0.8330263348364035 -7.695852830770825 3.560526846966047 22.49594585726732 0.6401331136916864 1
