bicycle 1126 1 -2.4618362664979205 313.21335 862.34155 415.25272 928.9895 1.115720933859023 0.5410187557986728 1.9658563912261873 -11.776090407331989 5.885835101610579 29.49410673183229 -2.8417125436082196 1
bicycle_rack 1012 1 -2.9037974947054646 677.28595 878.97754 790.28986 961.5954 1.355695180818566 4.48287485410958 2.069707403964661 -6.18026161315935 8.74379492007633 41.160383559765336 -3.0528348516533486 1
Pedestrian 1008 1 -0.07241442991316566 716.4648 867.3545 740.41766 947.9568 1.6444868788603362 0.6056628938175004 0.47903080757305827 -5.133448609692824 7.0447629622234 32.95959837555058 -0.22692278898575857 1
Pedestrian 49 0 -1.6675806132193027 934.7512 827.2611 991.4007 974.8276 1.728481090587118 0.648816004351372 0.839279731449907 0.015827232559733742 4.386855411240152 19.196467260091637 -1.6667561266739943 1
bicycle 1100 1 2.0416229656522766 71.563354 721.3219 379.6098 1004.1947 1.2312646377490877 0.6835059225824461 1.9528848346874286 -3.9167880733277665 1.821165291642056 8.164556179193957 -4.688863404086073 1
bicycle_rack 1102 1 -1.7925647459677418 1297.8219 775.3217 1578.8713 1095.0383 1.0375795796102383 0.6464137852367903 3.810681809040283 2.5582106223587937 2.0945946269033446 8.58552933444133 -1.5029734675472637 1
Pedestrian 47 0 1.420714983502327 1256.8015 615.1015 1435.9731 1009.2251 1.7238422406958815 0.7138276131719481 0.6083975662220493 1.751243859804569 1.6810027599054722 6.8790246611202335 -4.6131882291554 1
Pedestrian 48 0 1.3973838648253962 1109.3076 651.4357 1264.6088 968.7326 1.7337343342826845 0.8100763943479453 0.3738274796720505 1.2586599176555642 1.886321612665987 8.40114781924079 1.546097763007705 1
Pedestrian 53 0 1.7598269484251547 356.17316 623.5811 514.6673 970.2477 1.9105158571607026 0.7035949044099592 0.9800825318965057 -3.0581174054558713 1.9032698691181262 8.777751275738957 1.4245834246539784 1
Pedestrian 1101 0 1.8223070720371013 202.36607 639.5189 369.46692 975.5861 1.7674682616978314 0.6751181243477371 0.7819385638886469 -3.7443813678306572 1.8534047651997794 8.346081625377709 1.4005851664872524 1
Pedestrian 52 0 1.2211535535647569 1416.8597 598.34375 1684.5049 1127.867 1.6634070617172794 0.682192433003147 0.5448553889458015 1.9367327768267608 1.5799978232515255 4.977436203840581 -4.690954944940187 1
bicycle 61 2 -0.042897968099834594 1854.6152 765.3367 1935.0 1215.0 1.1205912860475393 0.42005318471050523 1.8864556454477033 3.4710960916449602 1.5609005427639266 3.931988291348002 0.6803236620527309 1
bicycle 54 1 -2.502586601744274 1499.3037 833.9364 1935.0 1148.8058 0.7220090058633966 0.38807875834437755 1.4886842853680702 2.580231978211497 1.550959951022332 5.178702845326983 -2.0403487459989016 1
bicycle 1011 1 2.7270284568048195 568.32166 863.094 674.6582 939.7367 1.2934541974935139 0.7107993355528012 2.0962232005260737 -7.213385854622851 6.503556709222341 31.800873292414806 -3.779212242490955 1
bicycle 1004 2 2.4729104624698763 665.7665 865.3349 757.6287 936.46185 1.2513597447437852 0.6732703874015145 2.100889762454283 -5.6742601764949105 6.895643142968616 34.102007903003795 -3.9751550936026496 1
bicycle 1129 2 -2.9557241286013705 375.41925 862.06213 490.72675 929.8427 1.1733071246777391 0.6194135196948825 2.0731011176573357 -10.43670152244823 5.941126604771609 29.599654837033796 -3.2947092161470692 1
bicycle_rack 1013 1 -2.9909654606962435 725.2475 894.4745 812.48737 957.14374 1.1291479316165314 4.6042518133098564 2.1804957529090245 -6.276164386241189 10.435247035378598 49.29733466668933 -3.1175966759527807 1
bicycle_rack 1105 1 1.7462132758152644 231.3363 766.81964 397.25473 993.76495 1.2616356367381072 0.6346961271139634 3.437768336328631 -5.200187619081617 2.589347683487395 12.24400118151457 1.344585665826476 1
bicycle_rack 1106 1 2.0548349839408955 23.463682 744.6195 362.9359 1009.7758 1.2617211615326813 0.7969514577407247 2.6035681782479996 -4.788595246019337 2.1359036511197687 9.60928853542392 -4.690660914125274 1
bicycle_rack 1107 1 2.3938361472602296 0.0 721.4633 209.45476 1027.3599 1.211149321750924 0.9408194374764873 1.8426667807311492 -4.878543953434823 1.7649669900584142 7.567400178605487 -4.461974681076633 1
moped_scooter 1007 2 -0.2277039125860847 462.6708 866.444 568.64496 944.80743 1.3510168297965197 0.4343029029197721 2.0431787769235457 -9.152357016118668 6.430223124531246 30.752616295980587 -0.5169687240743834 1
moped_scooter 1417 0 1.5201329838883781 591.2989 696.9628 740.6521 974.592 1.5974584459958177 0.8944248848604079 1.901930645350798 -2.049177110398399 2.1374022064269846 10.172496778965321 1.3213504192729868 1
rider 1418 1 1.521870517270485 590.88916 704.5076 729.34753 939.9069 1.486114246983899 0.8944248848604079 0.8330263348364035 -2.088291516093251 2.061928417831573 10.302549686400146 1.3218834483148902 1
