bicycle 1126 1 -2.4618530392376954 292.861 860.6365 392.35886 925.00604 1.115720933859023 0.5410187557986728 1.9658563912261873 -12.577048261934042 5.992767346854867 30.400454562259284 -2.8541243674219094 1
bicycle_rack 1012 1 -2.982619103852232 680.1767 882.8541 780.04767 963.3997 1.355695180818566 4.48287485410958 2.069707403964661 -6.390498645651264 8.958201717167817 41.82524082281004 -3.134237004334211 1
Pedestrian 1008 1 -0.2378506029780366 685.7081 875.12415 719.8899 957.4081 1.6444868788603362 0.7961457759386779 0.5784131808537107 -5.756447627773989 7.29489663564182 33.2889589576645 -0.4090808910637629 1
Pedestrian 49 0 -1.6862810322125295 915.02673 835.49194 978.80664 978.5798 1.728481090587118 0.7625344633094676 0.6544872356430169 -0.1934187090323118 4.531675450583418 19.533477847268983 -1.6961826170450283 1
bicycle 1100 1 2.0719371268282885 134.83368 738.4418 413.21576 992.0628 1.2312646377490877 0.6835059225824461 1.9528848346874286 -4.119501321095949 2.0023806009931144 9.155879162438405 -4.634043584939755 1
bicycle_rack 1102 1 -1.76222861672227 1244.8114 775.41425 1479.7843 1063.2489 1.0375795796102383 0.6464137852367903 3.810681809040283 2.348266883028811 2.168865691069392 9.319534957413122 -1.5153943099375227 1
Pedestrian 52 0 1.2631690210658313 1340.9061 643.9864 1574.3308 1095.5885 1.6149037688859198 0.6885530690876365 0.6072266514498247 1.8613723608541286 1.6913317687911296 5.680353878071614 -4.703356926006624 1
Pedestrian 47 0 1.450169450465558 1201.7916 646.8994 1357.3508 994.25977 1.7070231823015478 0.7138276131719481 0.6536021217629259 1.6311580433515291 1.826309730254644 7.750814977433652 -4.625592827999679 1
Pedestrian 48 0 1.416119754471338 1070.9319 697.45984 1208.2826 964.4311 1.5700640880354806 0.7722134426683003 0.48606837486915255 1.0856389408910427 2.028557441691833 9.191892200938407 1.533683438259923 1
Pedestrian 53 0 1.7212004895282749 409.0669 643.4777 548.60754 961.26086 1.9418921471837716 0.7245124310920196 0.9800825318965057 -3.1178290956203707 2.0696787315236405 9.743032220816279 1.4114920719017787 1
Pedestrian 1101 0 1.7747371532570142 278.72894 668.9799 419.68558 960.1309 1.7185938340341889 0.6751181243477371 0.7819385638886469 -3.829558516887318 2.0090716278498486 9.408151191470225 1.388170686323566 1
bicycle 61 1 0.03259627571160051 1715.0326 774.3886 1935.0 1215.0 1.1205912860475393 0.42005318471050523 1.8864556454477033 3.4197116186921965 1.6591178103913504 4.638128481661722 0.6679224367619039 1
bicycle 54 1 -2.443364988703573 1404.9154 836.9784 1785.6104 1105.2863 0.7220090058633966 0.38807875834437755 1.4886842853680702 2.4536039858393495 1.6733328120011735 5.958626695730778 -2.0527505095778285 1
bicycle 1011 1 2.703466690067028 540.95935 864.35815 646.5456 940.8238 1.2934541974935139 0.7107993355528012 2.0962232005260737 -7.871626860565554 6.58074039857728 32.085067174859184 -3.8203029806268383 1
bicycle 1129 1 -2.9892028344138604 413.1208 862.9223 523.4531 928.7232 1.1733071246777391 0.6194135196948825 2.0731011176573357 -10.065835472250697 6.117646173045965 30.587949130599853 -3.3071191354818064 1
bicycle_rack 1013 1 -2.990406969796806 704.9364 895.91125 793.2066 959.1573 1.1291479316165314 4.6042518133098564 2.1804957529090245 -6.864082713981839 10.401457529224306 48.85020596275828 -3.1300058882876307 1
bicycle_rack 1105 1 1.7301356483993604 248.29433 771.27325 396.93204 983.8082 1.2616356367381072 0.6346961271139634 3.437768336328631 -5.476356718527513 2.707485468349565 13.026382338754509 1.3321634065584402 1
bicycle_rack 1106 1 2.008400664517045 70.64565 742.1894 370.5055 986.8029 1.2617211615326813 0.7969514577407247 2.6035681782479996 -4.957192808750113 2.1699309135143854 10.27303374966037 1.5588149632155504 1
bicycle_rack 1107 1 2.3761100001427193 0.0 739.2058 209.26427 1032.836 1.211149321750924 0.9408194374764873 1.8426667807311492 -5.070669824739945 1.896368663805832 7.958171912351169 -4.4743748087697695 1
moped_scooter 1417 0 1.2249162001746394 553.62897 740.36694 740.4117 976.24585 1.5974584459958177 0.8944248848604079 1.901930645350798 -2.5980259483665233 2.619567410025879 12.193583239747179 1.0149902697189512 1
moped_scooter 1007 2 -0.21786536279505303 426.12234 853.3309 532.21063 930.78705 1.3510168297965197 0.4343029029197721 2.0431787769235457 -9.961526762376034 6.1840143791869515 30.93629952851415 -0.5293825983621687 1
rider 1418 1 1.2173976727718032 570.39886 746.6318 710.7259 948.8983 1.486114246983899 0.8944248848604079 0.8330263348364035 -2.6410403486328766 2.534734614866731 12.290582829271289 1.0057331097567648 1
