bicycle 1126 1 -2.4563605901689676 255.97372 857.75775 353.9884 920.3836 1.115720933859023 0.5410187557986728 1.9658563912261873 -13.633778363388416 6.034797299789926 31.06658346735264 -2.869909204291285 1
bicycle_rack 1012 1 -2.977933520310958 649.0507 875.99097 748.39075 954.4714 1.355695180818566 4.48287485410958 2.069707403964661 -7.383500524644565 8.866280390270422 42.48136357963657 -3.1500200812156973 1
Pedestrian 1008 0 -0.22692503958377266 647.2696 864.1178 675.49286 943.0215 1.6444868788603362 0.4866660508901877 0.5237500842042908 -6.718257845253521 7.055486030776267 33.49660460811912 -0.42486413509735654 1
Pedestrian 49 0 -1.7005096070147967 891.821 827.32605 954.64856 966.4643 1.728481090587118 0.7625344633094676 0.6971316577523206 -0.5186430306812131 4.511313441412964 20.155006646639613 -1.726236643882906 1
bicycle 1100 1 1.8786203389239449 223.02457 737.1741 417.21875 955.0766 1.2312646377490877 0.6835059225824461 1.9528848346874286 -4.431440136086538 2.094065134808592 10.488227106303468 1.478855835263353 1
bicycle_rack 1102 1 -1.7368992715933085 1192.614 764.0401 1391.9128 1019.4336 1.0375795796102383 0.6464137852367903 3.810681809040283 2.103440080189264 2.1538588872778814 10.08070172169663 -1.531190742978495 1
Pedestrian 47 0 1.474694303763119 1148.1277 660.6514 1284.5414 969.1271 1.6869675552209509 0.7138276131719481 0.6536021217629259 1.4526486020209888 1.9012504013919722 8.611045962497512 -4.641368537663615 1
Pedestrian 48 0 1.4381164059240112 1017.0275 687.54755 1147.8839 941.40356 1.6351411088850238 0.8130717979460139 0.5432177930197397 0.805070600212874 2.069274361385455 10.069851032116317 1.5178953289513064 1
Pedestrian 53 0 1.6907020999522882 441.4309 649.6656 565.65643 939.1243 1.99418596388888 0.7558887211150935 0.9800825318965057 -3.3272688051943433 2.1845550471699644 10.945105851821022 1.3955832603447895 1
Pedestrian 1101 0 1.739522234972216 322.50977 674.72546 444.5532 938.1077 1.7366431089812036 0.6751181243477371 0.7819385638886469 -4.0305915810963775 2.100849176866119 10.480601421754454 1.3723823943005788 1
Pedestrian 52 0 1.3065156240215514 1262.0206 649.09326 1456.6979 1047.4114 1.6351612669007745 0.6885530690876365 0.5612784601907566 1.700568294542123 1.7442080448793216 6.456475315947765 1.5640560024352412 1
bicycle 61 1 0.07607546753990913 1573.3654 777.0961 1935.0 1175.1758 1.1205912860475393 0.42005318471050523 1.8864556454477033 3.284807294767957 1.7507004296202218 5.47451856059184 0.6165078829493589 1
Cyclist 1103 0 2.2542678756480505 0.0 635.1651 412.69583 1083.2247 1.7216873513402624 0.7251094154025729 2.028661827016778 -3.427580134357065 1.7761655146183073 6.864454531516625 -4.4920233060442225 1
bicycle 54 1 -2.4033452466029965 1333.2013 819.3229 1657.0641 1049.1791 0.7220090058633966 0.38807875834437755 1.4886842853680702 2.3336189722758762 1.6911051384594928 6.70730119578517 -2.068522673981549 1
bicycle 1011 1 2.691325680461113 536.7352 863.6319 639.21423 937.9385 1.2934541974935139 0.7107993355528012 2.0962232005260737 -8.23393206984902 6.718714238757618 33.040556853221915 -3.836091627296082 1
bicycle 1129 1 -3.002505480566961 410.78323 861.75195 517.6171 925.73505 1.1733071246777391 0.6194135196948825 2.0731011176573357 -10.470633168327106 6.248803330420733 31.554284414265886 -3.3229017107887735 1
bicycle_rack 1013 1 -2.994742726722646 687.91815 891.7063 775.29065 954.07477 1.1291479316165314 4.6042518133098564 2.1804957529090245 -7.475834551057573 10.303809711002597 49.11717673280608 -3.1457875508053674 1
bicycle_rack 1105 1 1.7131532463397727 258.66165 768.8431 393.43063 969.4638 1.2616356367381072 0.6346961271139634 3.437768336328631 -5.719415773489642 2.7433145860250097 13.649759823093367 1.3163652386763989 1
bicycle_rack 1106 1 1.9846483519311207 101.048065 740.639 374.57388 969.06616 1.2617211615326813 0.7969514577407247 2.6035681782479996 -5.154281055483765 2.207100168136888 10.902509161757582 1.5430284289819909 1
bicycle_rack 1107 1 2.3305291372555725 0.0 730.88416 248.64911 993.4693 1.211149321750924 0.9408194374764873 1.8426667807311492 -5.19089097356633 1.8994391438418479 8.709241998677346 -4.490144785449804 1
moped_scooter 1417 0 1.2071077120541915 518.7269 767.0522 682.602 970.5628 1.5974584459958177 0.8944248848604079 1.901930645350798 -3.4590468324138333 3.0481794356295975 14.224428801144795 0.9685614038756456 1
moped_scooter 1007 2 -0.22233546987763553 408.1959 857.0893 512.6261 933.405 1.3510168297965197 0.4343029029197721 2.0431787769235457 -10.552404574413627 6.359635950160993 31.54316584048489 -0.5451703157330605 1
rider 1108 0 2.253974418529485 77.78211 620.5997 340.2315 1000.22034 1.625349897191674 0.7251094154025729 0.8171243549101951 -3.433218167701466 1.6069554772840566 6.880797302047592 -4.4920233060442225 1
rider 1418 1 1.2205880016048996 536.0062 771.4983 657.1552 946.28937 1.486114246983899 0.8944248848604079 0.8330263348364035 -3.493050037228972 2.9470123879152093 14.30753925474691 0.9811317032079252 1
