bicycle 1126 1 -2.454991171499495 258.70193 857.9665 356.87738 920.8315 1.115720933859023 0.5410187557986728 1.9658563912261873 -13.535744893628351 6.025416901839712 30.975532378277933 -2.866966609226118 1
bicycle_rack 1012 1 -2.9798079682737435 657.23517 882.3672 755.1715 960.6382 1.355695180818566 4.48287485410958 2.069707403964661 -7.249101303246734 9.134210972693156 42.93282440060144 -3.1470778122347087 1
Pedestrian 1008 1 -0.2331014187358541 658.09875 867.217 693.13806 948.8632 1.6444868788603362 0.7961457759386779 0.6032587741738693 -6.401122504356525 7.151053449614591 33.496737809742584 -0.4219218263031783 1
Pedestrian 49 0 -1.654282251589059 899.08453 830.697 961.63354 973.64465 1.728481090587118 0.7625344633094676 0.8819241535592202 -0.4204952748971026 4.538172837805737 19.938481563021682 -1.6753687595360045 1
bicycle 1100 1 1.9243418672232462 197.2354 744.88824 413.79184 975.6414 1.2312646377490877 0.6835059225824461 1.9528848346874286 -4.315709618094035 2.1138291975548986 10.006068636782869 1.517139417270533 1
bicycle_rack 1102 1 -1.7468070673915392 1209.1376 771.8975 1418.0667 1035.93 1.0375795796102383 0.6464137852367903 3.810681809040283 2.2053604259446073 2.2020711415633905 9.929178833172276 -1.5282459755605973 1
Pedestrian 47 0 1.4664517853198324 1162.803 660.5421 1304.7623 982.82196 1.705231781576222 0.7138276131719481 0.6536021217629259 1.5035674160930415 1.9124926406785185 8.342962188038141 -4.638427638832199 1
Pedestrian 48 0 1.4325746003209068 1031.3755 695.1787 1159.1157 954.8823 1.6337136282427278 0.7704966635890775 0.5432177930197695 0.8721308254964731 2.110536369689983 9.855268739534715 1.5208385417886263 1
Pedestrian 53 0 1.6974280082918767 433.9093 655.4706 562.0892 952.7529 1.99418596388888 0.7558887211150593 0.9800825318965057 -3.2886695068855705 2.2239685317897813 10.691718671802398 1.3990222175216354 1
Pedestrian 1101 0 1.7470276475323336 311.88763 685.0245 439.0874 949.68317 1.678366371065815 0.6751181243477371 0.7819385638886469 -3.9515722229142827 2.103996942545275 10.136849750827322 1.3753256399285938 1
Pedestrian 52 0 1.2905461962327314 1289.0012 647.27734 1490.255 1060.5614 1.6351612669007745 0.6885530690876365 0.5038432211168649 1.7583185010629878 1.7317036443076268 6.1974864519730435 1.5669962802020896 1
bicycle 61 1 0.09415917611452229 1603.7897 776.8132 1935.0 1194.4319 1.1205912860475393 0.42005318471050523 1.8864556454477033 3.3254530530424757 1.7335967932934344 5.293213754449191 0.6550910073592915 1
Cyclist 1103 1 2.310431621068853 0.0 634.9269 359.2576 1143.681 1.7216873513402624 0.8564786710597309 2.1162413307882266 -3.5378709432652777 1.7710457633031855 6.231964371112829 -4.489082668539494 1
bicycle 54 1 -2.4084573182106026 1342.8457 831.3399 1675.98 1070.2091 0.7220090058633966 0.38807875834437755 1.4886842853680702 2.341396943590062 1.7306043116609469 6.558997823395543 -2.065582430878503 1
bicycle 1011 1 2.6912562319976967 541.21857 864.42377 644.28876 939.2471 1.2934541974935139 0.7107993355528012 2.0962232005260737 -8.075564526250457 6.702111869544741 32.826253003942355 -3.833148301783702 1
bicycle 1129 1 -2.9977110035901338 407.26947 856.4511 514.96216 920.6519 1.1733071246777391 0.6194135196948825 2.0731011176573357 -10.465514539834324 6.1022941641977475 31.34450668260116 -3.3199595236646977 1
bicycle_rack 1013 1 -2.9884300049660224 682.4825 894.0195 770.401 956.33594 1.1291479316165314 4.6042518133098564 2.1804957529090245 -7.6732648419630785 10.415088411235402 49.29672660359235 -3.14284553499433 1
bicycle_rack 1105 1 1.7163128070451439 256.78708 771.22314 394.0715 974.59186 1.2616356367381072 0.6346961271139634 3.437768336328631 -5.672881119646037 2.7561849107776637 13.530559380791242 1.319310323786389 1
bicycle_rack 1106 1 1.9891891176704775 95.23872 745.5524 373.59964 978.21936 1.2617211615326813 0.7969514577407247 2.6035681782479996 -5.117929388327772 2.237342936826478 10.78100135246814 1.5459713481545974 1
bicycle_rack 1107 1 2.337519262167069 0.0 740.31146 245.65019 1013.3064 1.211149321750924 0.9408194374764873 1.8426667807311492 -5.104510685096199 1.9434864252801032 8.485971546870896 -4.487204959264588 1
moped_scooter 1417 0 1.1525978401776453 521.5669 765.12897 702.3049 979.2302 1.5974584459958177 0.8944248848604079 1.901930645350798 -3.19046308623783 2.96276444297212 13.532105832640836 0.9210564082410544 1
moped_scooter 1007 2 -0.22158978688563752 411.56747 864.4499 516.55396 941.5416 1.3510168297965197 0.4343029029197721 2.0431787769235457 -10.412340510625947 6.487641880202265 31.353318125513272 -0.542227160551217 1
rider 1108 0 2.3091432227969237 0.0 629.8764 267.41913 1052.4067 1.625349897191674 0.8317116989157731 0.8171243549101951 -3.540131308308946 1.647813820322691 6.2547022588625785 -4.489082668539494 1
rider 1418 1 1.1738342542856783 537.0117 769.88434 666.23145 953.4887 1.486114246983899 0.8944248848604079 0.8330263348364035 -3.2865629550343676 2.8680170816569444 13.653115196966684 0.9376096321852585 1
