bicycle_rack 1012 1 -2.982603996066606 646.013 862.73987 741.50323 937.2075 1.355695180818566 4.48287485410958 2.069707403964661 -7.782305713044487 8.698093061145798 43.907962877797196 -3.1580235601307427 1
Pedestrian 1008 0 -0.22341203239908336 627.38995 846.4803 659.4476 924.51746 1.6444868788603362 0.4866660508901877 0.6173689497574719 -7.196532118209823 6.712614941259661 33.85432494114135 -0.4328677423654279 1
Pedestrian 49 0 -1.680407229598336 881.1214 815.9382 934.19696 949.013 1.728481090587118 0.6772456190909045 0.5407687766849127 -0.7441939890627369 4.406941123263646 20.650185381310266 -1.716429766588795 1
bicycle 1100 1 1.9119944652430492 295.29666 733.46497 475.4214 926.8831 1.2312646377490877 0.6835059225824461 1.9528848346874286 -4.411036561586425 2.145400601589187 11.607928814843156 1.5488456778406912 1
bicycle_rack 1102 1 -1.7252877625726808 1169.2283 754.6704 1348.2892 986.4724 1.0375795796102383 0.6464137852367903 3.810681809040283 2.0242833632887653 2.1367956576922484 10.752316878812456 -1.5392010375995309 1
Pedestrian 52 0 1.3296612584201277 1222.111 651.9866 1396.0574 1014.208 1.6351612669007745 0.6885530690876365 0.5530871282223337 1.6296125464089117 1.768420336410602 7.074639108262192 1.5560579325858424 1
Pedestrian 47 0 1.4884353408103745 1120.7274 644.6584 1244.334 937.176 1.755247390460311 0.7138276131719481 0.6536021217629259 1.3717991458730323 1.8836685099278203 9.369274702099302 -4.649368297114451 1
Pedestrian 48 0 1.4524577241696224 990.57324 685.628 1106.6354 918.3954 1.597342462410015 0.7704966635890699 0.5464575711154508 0.6159542717185018 2.044441601332375 10.713222169749782 1.5098892695469721 1
Pedestrian 53 0 1.6773449442186323 459.0487 659.7352 567.69653 919.8322 1.931433383842746 0.7216918134054836 0.9492415227587748 -3.5088397395097526 2.2182700678903395 11.78004246019574 1.3878497772455671 1
Pedestrian 1101 1 1.706819509077787 372.69748 671.8968 479.43552 912.6906 1.7576080334769382 0.6751181243477371 0.7819385638886469 -4.115305001847461 2.134624710001968 11.54401313979607 1.3643762486514972 1
bicycle 61 1 0.12592297110313533 1494.1948 765.2148 1935.0 1112.2365 1.1205912860475393 0.42005318471050523 1.8864556454477033 3.204217721633643 1.7612171485591452 6.116046091924947 0.6085099763848518 1
Cyclist 1103 0 2.158557303714585 183.79114 642.7 522.703 1004.0733 1.7216873513402624 0.7251094154025729 2.028661827016778 -3.270109379675977 1.8331928535287625 8.298041002689052 -4.500022350558396 1
bicycle 54 1 -2.3705128513795577 1281.9231 816.3054 1567.8344 1022.8225 0.7220090058633966 0.38807875834437755 1.4886842853680702 2.226787176902119 1.7587504701337882 7.354820077071485 -2.0765206618240155 1
bicycle 1011 2 2.6935076392126662 521.0031 851.42865 622.4996 924.1511 1.2934541974935139 0.7107993355528012 2.0962232005260737 -8.700458600631654 6.50504134917571 33.45611803631071 -3.8440980222472936 1
bicycle 1129 1 -3.0164020756636836 422.23367 847.228 525.7663 909.14087 1.1733071246777391 0.6194135196948825 2.0731011176573357 -10.547945320871497 6.068216629402472 32.42531802127247 -3.3309049940558735 1
bicycle_rack 1013 1 -2.9934964562721307 674.0535 876.30963 760.86145 936.6422 1.1291479316165314 4.6042518133098564 2.1804957529090245 -8.019289122059115 9.856891065937006 49.59944093072696 -3.1537903654188657 1
bicycle_rack 1104 2 2.7232856383877877 0.0 755.0214 47.453976 1046.067 1.0094563742578975 1.1559719284102306 2.201426925563406 -6.062470149022354 1.7738584885079516 7.541705095043614 -4.236989446412085 1
bicycle_rack 1105 1 1.6979196229196096 278.43713 767.52673 401.17538 958.1755 1.2616356367381072 0.6346961271139634 3.437768336328631 -5.848572851464307 2.7865115690764117 14.24580151288538 1.3083540931723414 1
bicycle_rack 1106 1 1.966101467942998 133.0094 730.5878 384.90488 942.9699 1.2617211615326813 0.7969514577407247 2.6035681782479996 -5.293984691198772 2.1680389318417856 11.508559253093987 1.5349593253680478 1
bicycle_rack 1107 1 2.304002876644885 0.0 722.3742 273.3835 963.7885 1.211149321750924 0.9408194374764873 1.8426667807311492 -5.307044572756886 1.8832869795870586 9.311111395344426 -4.497227538140289 1
moped_scooter 1417 0 1.2102915206646665 507.9242 772.0185 656.7006 956.2199 1.5974584459958177 0.8944248848604079 1.901930645350798 -3.9941249031029153 3.239867296053438 15.659117804368506 0.9605495892168099 1
moped_scooter 1007 2 -0.23689747925176996 420.63156 837.8786 521.98517 911.3107 1.3510168297965197 0.4343029029197721 2.0431787769235457 -10.610147235854082 6.071085736072342 32.42070076366313 -0.5531762541331082 1
rider 1108 0 2.159235527081403 267.3413 643.9681 466.9977 955.9147 1.625349897191674 0.7251094154025729 0.7675169727080104 -3.2768652716347444 1.7369442834634046 8.298679717455839 -4.500022350558396 1
rider 1418 1 1.2102281330738967 522.19244 775.8137 633.27295 934.73364 1.486114246983899 0.8944248848604079 0.8330263348364035 -4.034254114722181 3.1326397429251926 15.71787316467903 0.9589848689032658 1
