bicycle 1126 1 -2.0573431281915124 235.09987 930.4925 314.5953 1007.48224 1.115720933859023 0.5410187557986728 1.9658563912261873 -13.291098984095742 7.194413794574123 28.934264994746048 -2.487949375731831 1
bicycle_rack 1012 1 -2.858635907068311 681.2339 948.329 806.2042 1044.718 1.355695180818566 4.48287485410958 2.069707403964661 -5.625438349462484 10.359143675017647 39.26517921441796 -3.000935445073714 1
Pedestrian 1008 0 -1.0793620874609156 779.5008 944.52423 822.34216 1031.8054 1.6444868788603362 0.6242125953561858 0.7734003923460527 -3.4422246966560204 8.614420153837923 32.135177811007935 -1.1860722226646414 1
Pedestrian 49 1 -1.7435079467885843 933.03015 896.86365 1004.10785 1053.9893 1.728481090587118 0.7625344633094676 0.6544872356430169 0.08252912914186825 5.104148868580369 18.175336927835392 -1.7389672572664376 1
bicycle 1129 1 -2.4225939776935834 288.51523 918.1287 402.62003 995.9802 1.1733071246777391 0.6194135196948825 2.0731011176573357 -11.485310983988635 6.765535244554378 27.892545242113478 -2.813205475348437 1
bicycle_rack 1102 1 -1.8594463000581591 1387.8083 816.44037 1825.5544 1215.0 1.0375795796102383 0.6464137852367903 3.810681809040283 2.6510708273026267 2.154646124677152 6.795786170541644 -1.4874990068214287 1
moped_scooter 1009 0 -1.8916990017292061 922.9011 669.17554 1317.7333 1215.0 1.640991310046836 0.8515561865731875 1.9664095543950266 0.4783951246223786 1.8369250540187245 5.5619910023545405 -1.805898680431818 1
Pedestrian 47 0 1.298378990739737 1434.136 612.6192 1730.5131 1215.0 1.765715773715121 0.7138276131719481 0.6536021217629259 1.9292010897050234 1.7298644581188647 4.7326478583443246 -4.597733937983534 1
Pedestrian 48 0 1.3028469080770684 1262.5013 701.6012 1464.6934 1103.0614 1.624620836784553 0.7068471233818244 0.6177326892210265 1.723345282529569 1.9731178688591398 6.482678375047885 1.5626759252398768 1
Pedestrian 53 0 1.9604013978767556 0.0 568.9277 229.23766 1162.9604 1.99418596388888 0.6367469518906794 0.5693707123801084 -3.0530338068948377 1.8062987758831728 5.3437398012741895 1.4413303074780437 1
rider 1010 0 -1.8950761538057896 952.10895 669.8842 1244.7607 1141.1423 1.5620380218093075 0.8727467348937346 0.7789294078511312 0.4802232757963203 1.7428758944186995 5.5300344844038065 -1.8084543463897473 1
bicycle 54 2 -2.6525766270875453 1717.9125 870.46844 1935.0 1215.0 0.7220090058633966 0.38807875834437755 1.4886842853680702 2.6307338762955923 1.441219771332749 3.6257717097015756 -2.0248980450137766 1
Pedestrian 52 1 1.0339861118903508 1722.3214 579.41876 1935.0 1215.0 1.6475684028946167 0.6608362876014012 0.41208616853761265 2.040755388179123 1.558162172528227 3.158113661493557 -4.675503912824174 1
bicycle 1128 0 2.459818477157233 335.6833 908.746 468.8411 1021.98157 1.2757723390514875 0.7573322650314714 1.827011321075816 -8.472911239611971 5.777408421161869 22.737652603783317 -4.180065016338257 1
bicycle 1011 0 2.627609061615716 554.2804 927.7988 666.5332 1015.416 1.2934541974935139 0.7107993355528012 2.0962232005260737 -6.966316888744892 7.518735883039675 29.76371501480778 -3.8854915366889418 1
bicycle 1004 1 2.292539702887336 648.0702 942.46326 738.9089 1025.8646 1.2513597447437852 0.6732703874015145 2.100889762454283 -5.65074207593035 8.206504393206739 31.680024199688248 -4.167158520266452 1
bicycle_rack 1013 1 -2.983036283658403 732.98145 952.8576 827.05347 1026.3701 1.1291479316165314 4.6042518133098564 2.1804957529090245 -5.531284429827919 11.779787416150349 46.222383598288594 -3.1021367202306394 1
bicycle_rack 1105 1 1.8036043185829294 122.15464 841.1519 348.21246 1139.2504 1.2616356367381072 0.6346961271139634 3.437768336328631 -5.020218597060607 3.04885052794997 10.611754038336445 1.361722925354718 1
bicycle_rack 1106 1 2.1325015791012323 0.0 800.36145 286.45807 1148.2505 1.2617211615326813 0.7969514577407247 2.6035681782479996 -4.666948759037514 2.362569373963539 8.066672784724235 -4.6751795327551395 1
moped_scooter 1007 0 -0.1941622741620675 428.78192 920.292 543.2435 1006.9811 1.3510168297965197 0.4343029029197721 2.0431787769235457 -9.087906989303137 7.141348562615246 28.632532619005048 -0.5015030834966803 1
