bicycle 1126 1 -2.0938179472538194 234.9118 975.9628 319.49762 1057.0481 1.115720933859023 0.5410187557986728 1.9658563912261873 -12.914373579016859 7.92389194666573 28.21103437039131 -2.523120695630928 1
bicycle_rack 1012 1 -2.862098874520803 702.74 986.2473 829.3258 1089.7189 1.355695180818566 4.48287485410958 2.069707403964661 -4.943740322222937 11.24010921884609 38.53486940417729 -2.989694533408545 1
Pedestrian 1008 0 -0.6932925992460401 814.7003 987.4873 859.6953 1073.7795 1.578474286592142 0.6242125953561858 0.7221585541736746 -2.6402651069841454 9.410950881492877 31.82852394542827 -0.7760559079713731 1
Pedestrian 49 1 -1.7537853661070522 963.8897 944.0742 1037.7377 1108.3474 1.728481090587118 0.7625344633094676 0.6544872356430169 0.45899785442540375 5.567770726693809 17.605687157016686 -1.7277202713698625 1
bicycle_rack 1102 1 -1.9084606499257117 1455.491 820.1777 1935.0 1215.0 1.0375795796102383 0.6464137852367903 3.810681809040283 2.746271869960624 2.0666562785117817 5.953330705421948 -1.4762494200027914 1
bicycle_rack 1597 2 -1.766477688294105 1420.7218 909.4496 1584.3881 1169.1823 0.9661317074435934 0.5258422304935798 1.8711235400071695 3.0739782607437305 2.7932636746518753 8.638588448642329 -1.4246073416930611 1
moped_scooter 1009 0 -1.7878350500543738 837.79266 771.04266 1085.7662 1188.7374 1.640991310046836 0.8515561865731875 1.9664095543950266 -0.06893215803526576 2.4931415933308068 7.666140801785918 -1.7968265755353927 1
Pedestrian 47 1 1.2161826171577328 1568.6233 630.0919 1935.0 1215.0 1.7238422406958818 0.7138276131719481 0.6536021217629259 2.041801900337431 1.738641173945484 3.8893719862928444 -4.583579551562536 1
Pedestrian 48 0 1.2774520220947556 1308.1665 727.44025 1540.7712 1188.2396 1.6064352538681936 0.6905050468069451 0.6177326892210265 1.729414737538994 2.015889352515861 5.661383060076816 -4.709260549050409 1
rider 1010 0 -1.7960279067544835 862.3797 770.8852 1066.0048 1121.568 1.5620380218093075 0.8727467348937346 0.7789294078511312 -0.004476510955639695 2.3442941054472692 7.535902742481257 -1.7966219311974836 1
bicycle 1129 1 -2.4153767770630927 294.30792 960.1892 410.93466 1042.4781 1.1733071246777391 0.6194135196948825 2.0731011176573357 -11.053663214049482 7.404288774499921 27.153975664876008 -2.8019660646051006 1
bicycle 1128 0 2.465283907433196 343.86267 950.2233 480.2097 1070.1298 1.2757723390514875 0.7573322650314714 1.827011321075816 -8.124532241200647 6.316661418869208 22.194331710863963 -4.168814305973456 1
bicycle 1011 0 2.631302792870875 564.6431 970.01605 679.916 1062.9315 1.2934541974935139 0.7107993355528012 2.0962232005260737 -6.546374701060453 8.198045798589186 28.95363163782213 -3.874242344789378 1
bicycle 1004 1 2.416352473639342 653.90216 979.89905 753.4831 1067.4122 1.2513597447437852 0.6732703874015145 2.100889762454283 -5.279929576789599 8.800800533740576 30.772201425312822 -4.036759322221567 1
bicycle_rack 1013 1 -2.9806246126221896 744.6068 998.65906 841.9024 1079.891 1.1291479316165314 4.6042518133098564 2.1804957529090245 -4.961245246891582 12.916477426391138 44.80802890359616 -3.09089768680229 1
bicycle_rack 1105 1 1.831962497530514 67.349495 861.0472 329.61688 1195.5038 1.2616356367381072 0.6346961271139634 3.437768336328631 -4.874462498464523 3.0941466034604286 9.856969775612088 1.3727089960882668 1
bicycle_rack 1106 1 2.1787084567896224 0.0 824.13153 250.70084 1215.0 1.2617211615326813 0.7969514577407247 2.6035681782479996 -4.5531292772387015 2.4134073012742006 7.323953830770926 -4.660682592949911 1
moped_scooter 1007 0 -0.19062903567344353 440.31696 956.91016 557.02594 1047.1482 1.3510168297965197 0.4343029029197721 2.0431787769235457 -8.653701997944653 7.719313003996801 28.011676843614296 -0.49026000388985636 1
Pedestrian 1131 2 2.0372459818374864 237.18088 1003.42163 270.69568 1064.6432 1.523508409204274 0.6174227403101015 0.65057800852382 -19.702608914534782 12.153389777072718 41.66341265490535 -4.687672484971181 1
