bicycle 1126 1 -2.1292443092841338 293.3709 978.881 383.77863 1064.2146 1.115720933859023 0.5410187557986728 1.9658563912261873 -11.208863992811692 7.6685493140703525 26.893868638714356 -2.524133178666714 1
bicycle_rack 1012 1 -2.883300176506555 819.91895 973.3331 949.9786 1082.5765 1.355695180818566 4.48287485410958 2.069707403964661 -1.7679602878828704 10.380341415357037 36.32543738155336 -2.9319318360491584 1
Pedestrian 1008 0 -0.3681981133701636 950.27954 1000.9795 1001.36694 1091.3307 1.578474286592142 0.8112482734494193 0.8225104794872423 0.2977434149265033 9.509806989281648 31.014203300488937 -0.3585981805446794 1
ride_other 1127 1 2.085586457067504 191.03757 1013.00305 246.41762 1069.0723 1.0321990938230634 0.6844351428661511 1.323641874776844 -18.665244789335123 10.970524238516921 37.61533382399206 -4.658212851321649 1
bicycle 1004 1 2.5163901979312446 728.26526 1001.55756 837.63696 1094.4175 1.2513597447437852 0.6732703874015145 2.100889762454283 -3.4277974759289793 8.76900086155721 28.888764145753278 -3.8848979579155793 1
moped_scooter 1009 0 -1.681440500586904 822.548 935.4596 943.89777 1190.6626 1.640991310046836 0.8515561865731875 1.9664095543950266 -0.7247400057188722 4.595500647902586 13.187031262545991 -1.7363438091948338 1
Pedestrian 48 2 1.0421881564379154 1743.7122 634.163 1935.0 1215.0 1.6428064197009056 0.6431975831745871 0.47842223110555193 2.027615260883475 1.663191823263187 3.031321898121912 -4.65145818176313 1
rider 1010 0 -1.6870350385799942 832.6686 944.0288 942.51733 1152.5631 1.5620380218093075 0.8727467348937346 0.7789294078511312 -0.6546518814555148 4.445351507693782 13.05497227515163 -1.737138858400626 1
bicycle 1129 1 -2.3943435408877254 355.46173 980.5332 476.29828 1070.6387 1.1733071246777391 0.6194135196948825 2.0731011176573357 -9.333903217449576 7.419985952904783 25.580802065809817 -2.7442118151835473 1
bicycle 1128 0 2.4938904700367797 386.5607 964.94183 535.1994 1097.5822 1.2757723390514875 0.7573322650314714 1.827011321075816 -6.7696940354901445 6.114366279853762 20.311902544647626 -4.111003734033459 1
bicycle 1011 0 2.640874836161537 636.44617 982.8539 758.26697 1081.9819 1.2934541974935139 0.7107993355528012 2.0962232005260737 -4.781125563636525 8.02226496059988 27.179141224854877 -3.816440488766724 1
bicycle_rack 1013 1 -2.9867980051496708 840.75525 1010.478 938.26526 1095.5269 1.1291479316165314 4.6042518133098564 2.1804957529090245 -2.044599666248513 13.115620987604306 44.08256881925427 -3.0331459265488494 1
bicycle_rack 1105 1 1.922902536716468 0.0 881.37604 317.22595 1215.0 1.2616356367381072 0.6346961271139634 3.437768336328631 -4.218563102730299 2.9117578366853394 7.875105753175735 1.4311173912703032 1
bicycle_rack 1106 1 2.3206893972030533 0.0 826.6351 182.33539 1215.0 1.2617211615326813 0.7969514577407247 2.6035681782479996 -3.9536920838405254 2.1580061555599492 5.306509928931658 -4.602830798375747 1
moped_scooter 1007 0 -0.17264132628112178 501.7152 970.912 624.58527 1066.4941 1.3510168297965197 0.4343029029197721 2.0431787769235457 -6.98960796954165 7.578762205100542 26.29075280660802 -0.43248862276628386 1
moped_scooter 1130 2 2.046516246351067 311.16238 981.2144 371.46466 1064.3411 1.6857809907585628 0.7288192504059121 1.7556698051532755 -16.14725026951929 11.191764996904677 38.99156530905793 -4.629289663946361 1
Pedestrian 49 0 -1.7453031990605479 1035.2158 959.04877 1114.6011 1136.0554 1.728481090587118 0.7625344633094676 0.6544872356430169 1.233881683187023 5.460440701813177 16.33865362055254 -1.6699270979048728 1
Pedestrian 1131 1 2.0906176552939977 243.65207 996.022 280.47107 1062.5153 1.523508409204274 0.6174227403101015 0.65057800852382 -18.005108753807118 11.168950560052252 38.51709771624066 -4.629844076086645 1
Pedestrian 1132 1 2.1558815605027712 219.0709 995.3637 256.63617 1064.1285 1.6014863113983806 0.6844351428661511 0.5452493397221241 -18.645504753435965 11.229719982702944 38.550247430262644 -4.577800254514641 1
