bicycle 1126 1 -2.140774311615531 271.56403 977.57697 359.95053 1059.0525 1.115720933859023 0.5410187557986728 1.9658563912261873 -12.074327886000889 7.889809005822136 27.950411815567534 -2.548551512018985 1
bicycle_rack 1012 1 -2.8676774262714275 760.67395 987.21857 889.0974 1094.1385 1.355695180818566 4.48287485410958 2.069707403964661 -3.3407685964091813 11.040222361598161 37.578711398857806 -2.956344890621884 1
ride_other 1127 2 2.067043527595178 181.29237 1007.2246 234.1569 1060.849 1.0321990938230634 0.6844351428661511 1.323641874776844 -19.65801343894146 11.183680967641868 39.03555804099673 -4.682659239859607 1
bicycle_rack 1102 2 -2.0671920937738273 1678.1815 831.1516 1935.0 1215.0 1.0375795796102383 0.6464137852367903 3.810681809040283 2.998217607339619 1.8778750622679876 4.161605545651041 -1.442874496571101 1
bicycle_rack 1597 2 -1.840193943278918 1576.3944 920.3932 1821.3179 1215.0 0.9661317074435934 0.5258422304935798 1.8711235400071695 3.3463454081112833 2.529683168271382 6.945426854666066 -1.3912075288186112 1
moped_scooter 1009 0 -1.7180798578970986 824.56635 883.25165 983.2224 1192.0725 1.640991310046836 0.8515561865731875 1.9664095543950266 -0.4591170247549603 3.6775398312908294 10.742453666725215 -1.7607924267607915 1
Pedestrian 48 1 1.197685523535041 1460.4257 690.5035 1784.9603 1215.0 1.6337136282427265 0.6704759575491129 0.6177326892210265 1.8633044211211292 1.8360699029373244 4.291647245304399 -4.6758877855455 1
rider 1010 0 -1.7447527565866228 839.0981 885.4906 978.1242 1137.6539 1.5620380218093075 0.8727467348937346 0.7789294078511312 -0.3906569273259121 3.5108123017160056 10.711368896979632 -1.7812078407335 1
bicycle 1129 1 -2.3988666087792048 322.72192 970.75104 440.99326 1056.8737 1.1733071246777391 0.6194135196948825 2.0731011176573357 -10.228234328878425 7.430526042070333 26.389940488624934 -2.7686211496993782 1
bicycle 1128 0 2.4814461839993887 370.00473 956.43805 511.96866 1082.1134 1.2757723390514875 0.7573322650314714 1.827011321075816 -7.377857719499527 6.209612420304144 21.282611232108284 -4.135436510581348 1
bicycle 1011 0 2.6346615392371646 610.16736 969.3971 728.1925 1064.5938 1.2934541974935139 0.7107993355528012 2.0962232005260737 -5.47591275541668 7.988686915765953 28.117171960833808 -3.840869396515279 1
bicycle 1004 1 2.3201481419418717 692.20917 986.22565 788.5697 1076.6361 1.2513597447437852 0.6732703874015145 2.100889762454283 -4.4381319234010554 8.80209862986342 30.194972146557667 -4.1089746957713205 1
bicycle_rack 1013 1 -3.008677818786589 840.09814 950.5136 931.7011 1025.876 1.1291479316165314 4.6042518133098564 2.1804957529090245 -2.2210514106648644 11.53511872505777 45.406127124445504 -3.057554097236284 1
bicycle_rack 1105 1 1.8756296549372629 11.52024 869.9757 332.50076 1215.0 1.2616356367381072 0.6346961271139634 3.437768336328631 -4.506740914210564 3.0057017271157984 8.894598167284332 1.4066500191565487 1
bicycle_rack 1106 1 2.2469151800668667 0.0 823.73206 229.95583 1215.0 1.2617211615326813 0.7969514577407247 2.6035681782479996 -4.149375031391439 2.260857561757942 6.18367422668011 -4.627281188046108 1
moped_scooter 1007 0 -0.1811631367488059 477.77426 962.7104 597.3591 1055.4344 1.3510168297965197 0.4343029029197721 2.0431787769235457 -7.678949765461954 7.627317252879603 27.138937379043497 -0.456904844774384 1
Pedestrian 1008 2 -1.1554744785013746 899.79034 997.6115 950.59656 1086.3534 1.578474286592142 0.8112482734494193 0.8225104794872423 -0.7592158632561914 9.59445703644305 31.628120210774423 -1.1794743268956451 1
Pedestrian 49 0 -1.7465636827728526 1001.75964 945.5522 1078.3436 1116.1292 1.728481090587118 0.7625344633094676 0.6544872356430169 0.8843746973454999 5.436825059836314 16.92314369995971 -1.6943528775875039 1
Pedestrian 1131 1 2.073758142759579 230.46443 991.0127 265.94357 1054.9424 1.523508409204274 0.6174227403101015 0.65057800852382 -19.024329928769212 11.37708952172316 39.90602750402498 -4.65428463809328 1
Pedestrian 1132 1 2.1332883016099142 216.34094 991.9171 252.55484 1058.0728 1.6014863113983806 0.6844351428661511 0.5452493397221241 -19.406213543168057 11.478113660772745 39.93481767746504 -4.602239319418524 1
