bicycle 1126 1 -2.1413177448952556 289.1865 983.3446 378.84702 1066.8883 1.115720933859023 0.5410187557986728 1.9658563912261873 -11.522005504299402 7.881289560158582 27.44622919390113 -2.538778145335822 1
bicycle_rack 1012 1 -2.892530466883808 814.458 959.79315 939.5924 1063.8184 1.355695180818566 4.48287485410958 2.069707403964661 -2.019873293590163 10.254739234812636 37.338790053151776 -2.9465736335408454 1
Pedestrian 49 0 -1.7462160197715528 1015.4895 948.5296 1092.9537 1121.0195 1.728481090587118 0.7625344633094676 0.6544872356430169 1.0329464413928129 5.430175915229819 16.73663093583797 -1.6845764991817465 1
ride_other 1127 2 2.0692923472178446 195.10152 1011.8227 248.48236 1066.3345 1.0321990938230634 0.6844351428661511 1.323641874776844 -19.06148138673506 11.186601420019315 38.57185722967362 -4.67287459230117 1
bicycle_rack 1102 2 -2.1206568438879723 1754.3492 833.41595 1935.0 1215.0 1.0375795796102383 0.6464137852367903 3.810681809040283 3.0572187077720314 1.8259898391209117 3.7226691461261643 -1.433095965727308 1
bicycle_rack 1597 2 -1.8678485631518793 1632.8976 927.1965 1913.1053 1215.0 0.9661317074435934 0.5258422304935798 1.8711235400071695 3.4301977421482306 2.4731180586363046 6.486671574368462 -1.381421770711664 1
moped_scooter 1009 0 -1.7005778224993333 820.29443 905.9734 962.1319 1192.1503 1.640991310046836 0.8515561865731875 1.9664095543950266 -0.5889129940767982 4.0303388480094 11.668892590831623 -1.7510036661634099 1
Pedestrian 1008 0 -0.6167784036576034 919.0127 999.2222 973.4073 1089.7733 1.578474286592142 0.8112482734494193 0.8225104794872423 -0.31733702346161036 9.567994271084407 31.34912840611054 -0.6269007324508231 1
Pedestrian 48 1 1.1419353058003585 1549.0004 671.65393 1935.0 1215.0 1.6246208367845452 0.6977543319236417 0.6177326892210265 1.956300556147649 1.7536694985084904 3.8027079905069807 -4.666109865575547 1
rider 1010 0 -1.7189143443224326 821.1279 918.5814 947.4363 1153.069 1.5620380218093075 0.8727467348937346 0.7789294078511312 -0.6098735093917446 3.9330015516090864 11.604509025222963 -1.771420912547912 1
bicycle 1129 1 -2.397005914870047 335.8615 971.4135 455.03613 1058.8516 1.1733071246777391 0.6194135196948825 2.0731011176573357 -9.8742709214414 7.374269788974489 26.08712876715023 -2.758851355381604 1
bicycle 1128 0 2.4832391095052757 382.04422 967.25433 526.5263 1096.5511 1.2757723390514875 0.7573322650314714 1.827011321075816 -7.04693014530226 6.2745492703921 20.864971298897597 -4.1256572688933275 1
bicycle 1011 0 2.6367163505153752 621.2267 978.56934 741.062 1075.8683 1.2934541974935139 0.7107993355528012 2.0962232005260737 -5.165833991963332 8.05792900624829 27.66185502468082 -3.8310916710340934 1
bicycle 1004 1 2.1309399366076445 721.14777 992.7947 806.9138 1086.4443 1.2513597447437852 0.6732703874015145 2.100889762454283 -3.891559046984618 8.822962530071152 29.68256841446522 -4.282607714885485 1
bicycle_rack 1013 1 -3.006141028328695 850.1006 974.9681 943.2652 1054.3043 1.1291479316165314 4.6042518133098564 2.1804957529090245 -1.866990275344694 12.178285378795248 44.806536662025586 -3.0477847492013206 1
bicycle_rack 1105 1 1.8910324949252921 0.0 872.539 330.7519 1215.0 1.2616356367381072 0.6346961271139634 3.437768336328631 -4.3828411498537125 2.9636718628186096 8.53102628358534 1.4164430433349335 1
bicycle_rack 1106 1 2.2703551599797853 0.0 824.634 218.85144 1215.0 1.2617211615326813 0.7969514577407247 2.6035681782479996 -4.0653675352362795 2.2256306265805326 5.883251854219809 -4.617494929384325 1
moped_scooter 1007 0 -0.17779501239697743 487.42874 969.2116 608.3733 1063.2783 1.3510168297965197 0.4343029029197721 2.0431787769235457 -7.393304552085929 7.664296314413153 26.7829957170786 -0.447132231461713 1
Pedestrian 1131 1 2.076811294178505 242.48663 996.6431 278.53683 1061.9136 1.523508409204274 0.6174227403101015 0.65057800852382 -18.3590735104488 11.35065150366466 39.18725632232467 -4.6445023232095775 1
Pedestrian 1132 1 2.1390603086605777 223.5955 992.7571 260.09586 1059.6034 1.6014863113983806 0.6844351428661511 0.5452493397221241 -19.032845844549886 11.411549253218261 39.569305888655244 -4.592457599707597 1
