bicycle 1126 1 -2.123401199265365 266.5727 997.0183 364.41974 1090.6127 1.115720933859023 0.5410187557986728 1.9658563912261873 -10.743557220581641 7.495471435645168 24.853722592384187 -2.5314147589103984 1
bicycle_rack 1012 1 -2.8540529141823034 795.0374 1016.6224 936.2443 1138.2228 1.355695180818566 4.48287485410958 2.069707403964661 -2.124153003582513 11.067138626821983 34.65824809559708 -2.915264875488509 1
Pedestrian 1008 0 -1.5272074476971833 1021.16656 1026.2483 1063.5344 1116.2883 1.578474286592142 0.8112482734494193 0.6018330878508951 1.6073346436045906 9.607886121383762 29.579076259210645 -1.4729205813119897 1
ride_other 1127 0 2.0385131165832355 138.54146 1022.04956 197.88861 1083.4523 1.0321990938230634 0.6844351428661511 1.323641874776844 -18.25796563322782 10.359716411146046 34.4540618149777 1.5512154271979979 1
moped_scooter 1009 0 -1.4837613057126686 842.49194 986.59985 924.6762 1166.8258 1.640991310046836 0.8515561865731875 1.9664095543950266 -0.94077274388767 6.386188204852053 18.620953536028157 -1.534240650132054 1
rider 1010 0 -1.479305677488281 845.9042 999.07697 922.2129 1145.3461 1.5620380218093075 0.8727467348937346 0.7789294078511312 -0.9435648463641987 6.282298198204455 18.458420366157167 -1.530379617750542 1
bicycle 1128 0 2.3051070212236433 354.26825 982.68646 510.22433 1134.7811 1.2757723390514875 0.7573322650314714 1.827011321075816 -6.396801849353231 5.863209535783124 18.18538115624594 -4.316315875101006 1
bicycle 1011 0 2.6519810765371945 639.7512 1007.5698 771.9174 1116.8805 1.2934541974935139 0.7107993355528012 2.0962232005260737 -4.267131601565969 7.945899932750082 25.075139095647952 -3.799763297174273 1
bicycle 1004 0 2.0743298847440883 742.7857 1017.1374 833.0067 1123.6019 1.2513597447437852 0.6732703874015145 2.100889762454283 -3.079217143788677 8.563727696287849 26.779665186824502 -4.323336072834621 1
bicycle 1129 1 -2.3612611054229955 322.72147 995.55396 453.25262 1095.6141 1.1733071246777391 0.6194135196948825 2.0731011176573357 -8.986398671959401 7.153336427186762 23.42666342754202 -2.727547519224866 1
bicycle_rack 1013 1 -2.9870672673290035 862.3448 1019.51514 966.7448 1112.4501 1.1291479316165314 4.6042518133098564 2.1804957529090245 -1.2105808325817116 12.624450950928239 41.1429996604785 -3.0164825182324186 1
bicycle_rack 1105 2 2.0611503741922705 0.0 892.53674 172.86758 1215.0 1.2616356367381072 0.6346961271139634 3.437768336328631 -4.079233381499493 2.6110778998883113 5.7953063034623105 1.4478212982801248 1
moped_scooter 1007 0 -0.1743717099370286 492.61505 994.6542 626.75964 1100.5524 1.3510168297965197 0.4343029029197721 2.0431787769235457 -6.460194533906283 7.464327184275244 24.09644712323625 -0.43630936096427453 1
moped_scooter 1130 0 2.139972211556765 158.94388 1003.772 244.2633 1111.5948 1.6857809907585628 0.7288192504059121 1.7556698051532755 -15.563318071824904 9.690205761235326 30.684641425707706 -4.61260586141905 1
Pedestrian 49 0 -1.7549612165921982 1070.8893 1003.6745 1158.3575 1184.475 1.5753985223529676 0.7625344633094676 0.5460583067284821 1.4907051096467485 5.3517162749707845 14.60590504762913 -1.6532515872827935 1
Pedestrian 1131 1 2.1248715337866804 209.38747 1009.55096 250.1196 1082.2327 1.523508409204274 0.6174227403101015 0.65057800852382 -17.33723291024037 10.733178932755527 35.451243515583506 -4.613158570785986 1
Pedestrian 1132 1 2.044683336211815 167.74799 1006.3353 209.00636 1080.6904 1.6014863113983806 0.6844351428661511 0.5675743286466195 -18.300457755838185 10.707717985742137 35.41700593618993 1.5677542215672653 1
rider 1133 1 2.1392920959907036 178.23332 1010.96643 229.41853 1091.9645 1.4742803521830525 0.7288192504059121 0.6041663284644017 -15.579286266477032 9.504316404671407 30.76797731816989 -4.61260586141905 1
rider 1134 1 2.131319197190546 193.69109 1009.3933 243.81728 1089.0669 1.4742803521830525 0.7288192504059121 0.6041663284644017 -15.516820327463554 9.598246436225248 31.26056453649613 -4.612605861419051 1
