bicycle 1126 1 -2.1114451635996003 286.4961 972.9062 379.73468 1062.3148 1.115720933859023 0.5410187557986728 1.9658563912261873 -10.798283874911627 7.277838888066637 25.680827745336632 -2.5094814215207046 1
bicycle_rack 1012 1 -2.854519513802173 794.9637 1003.29663 932.09503 1119.2449 1.355695180818566 4.48287485410958 2.069707403964661 -2.2415238868636616 10.991701041591503 35.66676584738609 -2.9172832582753814 1
Pedestrian 1008 0 -1.446091273624288 1000.2382 1008.5522 1039.5199 1097.6287 1.578474286592142 0.7158552832221522 0.65747899881679 1.1862406644914067 9.419291836987242 30.18026772221777 -1.406806322015038 1
ride_other 1127 0 2.0717002225502616 162.25467 1000.61176 220.60016 1059.163 1.0321990938230634 0.6844351428661511 1.323641874776844 -18.333189515209458 10.1541941179564 35.63802158869592 -4.686608210938132 1
moped_scooter 1009 0 -1.5747592778157018 835.46857 964.94073 915.1276 1161.3094 1.640991310046836 0.8515561865731875 1.9664095543950266 -0.9803947296704353 5.7342843650668645 16.994172147152177 -1.632385460297711 1
rider 1010 0 -1.4709348435500824 826.2662 977.3638 910.3513 1136.6683 1.5620380218093075 0.8727467348937346 0.7789294078511312 -1.0379686261937904 5.632821617872029 16.86579994513918 -1.5324001258569957 1
bicycle 1128 0 2.29244554944641 376.06448 959.1334 524.5542 1102.4661 1.2757723390514875 0.7573322650314714 1.827011321075816 -6.426964238636234 5.723543580094628 18.911647468474317 -4.318336257268518 1
bicycle 1011 0 2.653301020514978 636.16455 982.44305 765.2975 1087.2341 1.2934541974935139 0.7107993355528012 2.0962232005260737 -4.459090454745355 7.655014717832529 25.68422762411522 -3.8017828932556186 1
bicycle 1004 0 2.068891583794078 749.8219 992.9809 836.5196 1093.7252 1.2513597447437852 0.6732703874015145 2.100889762454283 -3.0905056678122045 8.342881583159084 27.711878882621562 -4.325357570986771 1
bicycle 1129 1 -2.376750779496491 348.07886 963.6615 473.8151 1057.6959 1.1733071246777391 0.6194135196948825 2.0731011176573357 -8.982439389403645 6.857576184694255 24.39411066208274 -2.729565573954445 1
bicycle_rack 1013 1 -2.9773452913215728 844.44385 1003.43524 949.493 1093.5236 1.1291479316165314 4.6042518133098564 2.1804957529090245 -1.708389226734086 12.242831754700363 41.48748710480898 -3.018500461470337 1
bicycle_rack 1105 1 2.003526286581427 0.0 853.3555 243.43823 1215.0 1.2616356367381072 0.6346961271139634 3.437768336328631 -4.070317671298369 2.525055631482952 6.525153891067642 1.445798447624219 1
moped_scooter 1007 0 -0.17433269561646964 501.34708 967.81036 630.99567 1068.6809 1.3510168297965197 0.4343029029197721 2.0431787769235457 -6.569924562065896 7.205186430780794 24.905210827846435 -0.43225420393571534 1
moped_scooter 1130 0 2.1081788697658617 218.94357 978.9085 294.9929 1077.0499 1.6857809907585628 0.7288192504059121 1.7556698051532755 -15.59396344959503 9.74989666234899 33.15633992865746 -4.614626273758587 1
Pedestrian 49 0 -1.7473027609284846 1058.3763 970.7717 1141.5133 1157.2224 1.728481090587118 0.7625344633094676 0.5460583067284821 1.4117597999608957 5.336676134389915 15.296585967460778 -1.655270999402623 1
Pedestrian 1131 1 2.1152850365551803 224.05498 984.49927 263.40997 1054.6395 1.523508409204274 0.6174227403101015 0.65057800852382 -17.49167922987715 10.376652963728134 36.46352693079161 -4.615179188954196 1
Pedestrian 1132 1 2.0280679807708575 196.35507 971.6141 235.33566 1042.6947 1.6014863113983806 0.6844351428661511 0.5452493397221241 -18.262195896984757 10.160993414942018 36.644614414127304 1.56573354140574 1
rider 1133 1 2.1053732148905757 239.73999 985.37476 285.98557 1059.4567 1.4742803521830525 0.7288192504059121 0.6041663284644017 -15.579800974238672 9.598836160308991 33.369001057632595 -4.614626273758587 1
rider 1134 1 2.099624156886776 250.535 984.6771 296.08786 1057.8896 1.4742803521830525 0.7288192504059121 0.6041663284644017 -15.52421233096907 9.675932672395017 33.754832565135544 -4.614626273758588 1
