bicycle 1128 0 2.317277368239344 332.01013 966.3566 495.60858 1122.7695 1.2757723390514875 0.7573322650314714 1.827011321075816 -6.369878269486303 5.498282086977039 17.50412323831994 -4.314918218026917 1
bicycle 1126 1 -1.8076811718123627 284.29858 980.06793 350.6631 1080.6244 1.115720933859023 0.5410187557986728 1.9658563912261873 -10.4498067697853 7.098385791337461 24.241789213898414 -2.2146783850110556 1
bicycle_rack 1012 1 -2.855372889919576 796.1689 997.8707 941.2197 1120.3477 1.355695180818566 4.48287485410958 2.069707403964661 -1.9910394001168044 10.361040408548174 33.690632313552065 -2.9144019487562245 1
Pedestrian 1008 0 -1.54520549218302 1037.8706 1003.27936 1069.9313 1094.5269 1.578474286592142 0.6072573067226252 0.65747899881679 1.809380952154401 9.046120906770186 29.16002975177674 -1.4832349059574836 1
ride_other 1127 0 2.1455700374827167 121.534225 1014.53284 187.05911 1077.7682 1.0321990938230634 0.6844351428661511 1.323641874776844 -18.098636398527145 9.95658739578295 33.565638003069616 -4.632129963734912 1
moped_scooter 1009 0 -1.4961900740605834 867.2913 969.6503 940.50946 1131.6371 1.640991310046836 0.8515561865731875 1.9664095543950266 -0.7588884474959395 6.5735890120664155 20.398080310102426 -1.5333768383396436 1
rider 1010 0 -1.4911693911934 868.94763 979.8481 937.5958 1111.6492 1.5620380218093075 0.8727467348937346 0.7789294078511312 -0.7797183751956618 6.482512561857485 20.323585095729523 -1.5295157831410384 1
bicycle 1011 0 2.6564317555752477 632.04376 983.1693 768.43085 1094.0093 1.2934541974935139 0.7107993355528012 2.0962232005260737 -4.230788164703986 7.343548578143749 24.33195505107264 -3.7989102109997233 1
bicycle 1004 0 2.0755885210887097 744.013 998.2562 836.66473 1105.9266 1.2513597447437852 0.6732703874015145 2.100889762454283 -2.957665458231013 8.043071586342357 26.1043505737132 -4.320417288582368 1
bicycle 1129 1 -2.352584327208682 308.12885 970.86584 440.98734 1071.4114 1.1733071246777391 0.6194135196948825 2.0731011176573357 -9.02109717637359 6.651523946342347 22.97853726873894 -2.7266847331990434 1
bicycle_rack 1013 1 -2.9842623954921756 859.0645 998.9213 964.1639 1089.5363 1.1291479316165314 4.6042518133098564 2.1804957529090245 -1.2873491007810962 11.999120640891908 41.04063973556029 -3.0156197802083273 1
moped_scooter 1007 0 -0.17069971230005232 484.787 970.79614 622.13885 1077.8915 1.3510168297965197 0.4343029029197721 2.0431787769235457 -6.412642341019235 6.944730499838258 23.55523781984006 -0.43649675973553803 1
moped_scooter 1130 0 2.16976412618087 98.354965 982.9315 193.9304 1098.4293 1.6857809907585628 0.7288192504059121 1.7556698051532755 -15.441966803217845 8.6980851543462 28.37948662576625 -4.611742067836582 1
Pedestrian 49 0 -1.7548173063090309 1073.3059 971.3503 1158.7682 1180.022 1.7323705109806917 0.6780110848176232 0.7513293687801226 1.4546955801873107 5.104160810956688 14.152275161006617 -1.6523882209934293 1
Pedestrian 1131 1 2.138037596793037 183.29732 994.45044 225.71783 1069.09 1.523508409204274 0.6174227403101015 0.65057800852382 -17.396529905616028 10.108389115463197 34.38608918181614 -4.613518235764212 1
Pedestrian 1132 1 2.1353176880092395 159.045 985.43506 202.09032 1061.9122 1.6014863113983806 0.6844351428661511 0.5675743286466195 -18.039842957572695 10.009256904477727 34.562989620135475 -4.6289135985113035 1
rider 1133 1 2.170861887243891 116.81342 989.9137 173.50383 1077.4698 1.4742803521830525 0.7288192504059121 0.6041663284644017 -15.455016117057712 8.471276961478836 28.329348951517666 -4.611742067836582 1
rider 1134 1 2.1606823294087754 137.24486 989.44006 192.3887 1075.1287 1.4742803521830525 0.7288192504059121 0.6041663284644017 -15.405682902264113 8.610003161413447 28.935687853321003 -4.611742067836582 1
