bicycle 1126 1 -1.6925410357695077 285.3797 950.30927 338.76794 1051.8983 1.115720933859023 0.5410187557986728 1.9658563912261873 -10.307577344306589 6.490278733609097 23.714935840782296 -2.1025526056798194 1
bicycle_rack 1012 1 -2.855638401568973 795.6089 955.3592 941.90045 1072.363 1.355695180818566 4.48287485410958 2.069707403964661 -1.9706699956908547 9.269628377335952 33.39663806208359 -2.914578091895952 1
Pedestrian 49 0 -1.757368240340986 1077.2007 940.8154 1161.8309 1150.5624 1.7323705109806917 0.6637642913520883 0.6668059902882357 1.450939655523206 4.722211106149473 13.79361868843402 -1.6525644538316195 1
Pedestrian 1008 0 -1.69607837557541 1044.3503 970.8116 1081.3864 1059.6903 1.578474286592142 0.65747899881679 0.48044477466090707 1.9559896903410092 8.307429104204948 28.832005930170112 -1.6283412499693088 1
ride_other 1127 0 2.149256739416016 113.40279 977.91626 180.20305 1040.577 1.0321990938230634 0.6844351428661511 1.323641874776844 -17.993017955788204 8.999330501656466 33.06337696994622 -4.632306225368478 1
moped_scooter 1009 0 -1.5075750723139512 887.12317 944.8345 954.68353 1094.8734 1.640991310046836 0.8515561865731875 1.9664095543950266 -0.5615726204083695 6.478289806244259 21.61230065114578 -1.5335531621036045 1
rider 1010 0 -1.4416593623587726 884.51086 953.6605 951.5154 1077.5859 1.5620380218093075 0.8727467348937346 0.7789294078511312 -0.6162450111245401 6.398746582392037 21.56967355721247 -1.4702215667386633 1
bicycle 1128 0 2.319374908866725 326.17737 942.1656 493.44968 1099.0306 1.2757723390514875 0.7573322650314714 1.827011321075816 -6.2857640526796095 5.124329687429067 17.151522592970682 -4.31509444416416 1
bicycle 1011 0 2.6599440720430154 625.12445 956.0397 763.74164 1066.4565 1.2934541974935139 0.7107993355528012 2.0962232005260737 -4.2603111090541 6.805233786830401 23.96970922969176 -3.799141610864584 1
bicycle 1004 0 2.075795457582042 742.76587 967.7958 836.6698 1074.2407 1.2513597447437852 0.6732703874015145 2.100889762454283 -2.929006500332427 7.410737421099847 25.763132308697255 -4.320593629711302 1
bicycle 1129 1 -2.3504724450221173 302.77554 946.3706 438.46805 1047.5752 1.1733071246777391 0.6194135196948825 2.0731011176573357 -8.889917562012535 6.159245158829554 22.49296754421585 -2.7268608475954226 1
bicycle_rack 1013 1 -2.987164815231654 862.48553 958.75885 968.7564 1045.7433 1.1291479316165314 4.6042518133098564 2.1804957529090245 -1.1574654264812279 10.692400286768013 40.415854321415225 -3.015795884790146 1
moped_scooter 1007 0 -0.24158156934616848 476.19794 937.19763 616.0916 1046.2692 1.3510168297965197 0.4343029029197721 2.0431787769235457 -6.415130572311795 6.332094714553857 23.162457920818554 -0.5117713165293678 1
moped_scooter 1130 0 2.1901332505753146 54.287334 942.6032 157.07948 1061.1985 1.6857809907585628 0.7288192504059121 1.7556698051532755 -15.442999982593609 7.6242533178105765 27.042811365165186 -4.6119183878787915 1
Pedestrian 1131 1 2.141852899784573 173.76352 958.0783 217.03682 1033.197 1.523508409204274 0.6174227403101015 0.65057800852382 -17.31764715867196 9.138010403453485 33.823329580224666 -4.614536264842108 1
Pedestrian 1132 1 2.1404318266040736 148.5175 958.02893 192.41614 1035.2596 1.6014863113983806 0.6844351428661511 0.5675743286466195 -17.979361433343435 9.246344851282682 34.007285067279355 -4.629089933966194 1
rider 1133 1 2.1913760194560616 74.3414 949.831 134.68304 1040.8383 1.4742803521830525 0.7288192504059121 0.6041663284644017 -15.446114375271447 7.407645450490872 26.97037458889468 -4.6119183878787915 1
rider 1134 1 2.1807707334863187 96.15777 950.13184 154.76712 1039.1139 1.4742803521830525 0.7288192504059121 0.6041663284644017 -15.408471176215079 7.545454092443586 27.578781743959397 -4.6119183878787915 1
