bicycle 1004 0 2.0867415953523434 729.6098 791.9861 834.3952 892.62335 1.2513597447437852 0.6732703874015145 2.100889762454283 -2.7688727733271574 3.9822467832385877 23.34280860132455 -4.31450984422705 1
bicycle 1126 1 -1.8664727899837348 183.94511 793.3779 269.14984 889.8837 1.115720933859023 0.5410187557986728 1.9658563912261873 -10.500399302078469 3.621766141859905 21.34178237024455 -2.323709084969625 1
bicycle_rack 1012 1 -2.8560129850886415 793.6533 787.54333 950.8047 885.699 1.355695180818566 4.48287485410958 2.069707403964661 -1.7486351508957267 4.9996503894670745 31.086486757779053 -2.9122044213097533 1
Pedestrian 1008 0 3.0044043193785006 1088.9272 784.53094 1126.6548 880.07196 1.578474286592142 0.65747899881679 0.5727657978812862 2.5612539771454252 4.409647490422603 26.18274112054757 -3.181269010463338 1
ride_other 1127 1 2.198548645833225 8.736752 815.2076 87.9662 877.9709 1.0321990938230634 0.6844351428661511 1.323641874776844 -17.96011187129421 4.867174422337728 29.448146923063867 -4.6322960452565285 1
moped_scooter 1009 0 -1.4871549296080189 966.5538 779.6839 1018.6577 878.3339 1.640991310046836 0.8515561865731875 1.9664095543950266 0.6261166880556477 4.759569800440947 29.107383295614866 -1.465647666678086 1
moped_scooter 1007 0 -0.22231759605357165 427.36588 767.62805 585.73193 878.98315 1.3510168297965197 0.4343029029197721 2.0431787769235457 -6.25169099338634 3.3847891944229778 20.61521758965917 -0.5167589771781793 1
Pedestrian 49 0 -1.6719297088915843 1107.9648 754.9408 1205.7281 985.617 1.7100622325360395 0.7013332616164851 0.6761256212581711 1.5352247203134268 2.768690710852794 11.826105560892483 -1.5428350690072907 1
rider 1010 0 -1.4846895715002653 967.34015 784.6517 1015.66046 871.2942 1.5620380218093075 0.8727467348937346 0.7789294078511312 0.5915601208649196 4.705681593001988 28.99391322779772 -1.4642894946943816 1
bicycle 1128 0 2.3725069674081225 217.45633 776.1274 423.87393 939.3011 1.2757723390514875 0.7573322650314714 1.827011321075816 -6.169455412870413 2.8435349833021424 14.514138081316464 -4.312604234624178 1
bicycle 1011 0 2.671680296568825 601.0789 781.0679 755.5729 888.5922 1.2934541974935139 0.7107993355528012 2.0962232005260737 -4.065632066785287 3.643851427596409 21.585912826622657 -3.7976706279048056 1
bicycle 1129 1 -2.3151140780220594 227.96841 783.583 379.96893 886.0198 1.1733071246777391 0.6194135196948825 2.0731011176573357 -8.794424989931185 3.369022097402043 19.99349721290423 -2.7295072293236267 1
bicycle_rack 1013 1 -2.9917628275663137 867.703 793.00854 981.4772 864.35175 1.1291479316165314 4.6042518133098564 2.1804957529090245 -0.838383633167111 5.61758324203446 37.505438882402736 -3.014112760194092 1
Pedestrian 1131 1 2.1830420345878077 90.95489 793.7544 140.66093 873.59796 1.523508409204274 0.6174227403101015 0.65057800852382 -17.173875870682128 4.99445335427278 30.386004348551058 -4.614574077336977 1
Pedestrian 1132 1 2.181933551131233 55.445114 788.48834 109.894775 872.0825 1.6014863113983806 0.6844351428661511 0.6903617677314233 -17.898761362280876 4.975873289791926 30.475279432560516 -4.6322960452565285 1
