bicycle 1126 1 -1.853882678094086 180.78638 746.01904 267.06134 841.5604 1.115720933859023 0.5410187557986728 1.9658563912261873 -10.20815043249462 2.8635264209115276 20.672164441278348 -2.3125671606105533 1
bicycle_rack 1012 1 -2.8580601251184374 811.48956 749.23175 972.1166 843.48785 1.355695180818566 4.48287485410958 2.069707403964661 -1.3050956756249867 4.0785853642730014 30.326552852145788 -2.9010683397812667 1
Pedestrian 1008 0 3.06981169894426 1097.1144 743.0348 1148.9722 842.69476 1.578474286592142 0.65747899881679 0.8112482734494193 2.681354128928591 3.568070051275746 24.842405881704043 -3.1058552845685465 1
Pedestrian 1131 1 2.2083808201033897 62.174644 762.7336 112.95323 845.7292 1.523508409204274 0.6174227403101015 0.5879323172258857 -16.85639905681639 4.213521854578332 28.85948897895194 -4.603439695668434 1
ride_other 1127 1 2.220277514852217 0.0 777.922 65.58738 841.7024 1.0321990938230634 0.6844351428661511 1.323641874776844 -17.66784347995423 3.98862408825881 28.202224807683418 -4.622563378628837 1
moped_scooter 1009 0 -1.508119216068412 1004.84393 742.50775 1050.1805 829.06335 1.640991310046836 0.8515561865731875 1.9664095543950266 1.438436567149485 4.2503901943094045 32.15608052713917 -1.4634160607478093 1
Pedestrian 49 0 -1.8008107912753204 1132.1208 710.48224 1243.3444 952.8263 1.6941075679925393 0.6891550732713462 0.609368912549724 1.658452821829368 2.3437349700433243 11.019639205120445 -1.651432137448508 1
rider 1010 0 -1.4963243563338033 1005.375 747.01404 1049.0697 824.9 1.5620380218093075 0.8727467348937346 0.7789294078511312 1.4075089047166223 4.195029461046357 31.805432461657265 -1.4520994848012547 1
bicycle 1128 0 2.403363249292528 171.84143 739.33704 398.9897 910.44885 1.2757723390514875 0.7573322650314714 1.827011321075816 -6.031478462029863 2.3815490259375642 13.461116923004083 -4.301067101374496 1
bicycle 1011 0 2.6824237718735198 597.5345 742.7536 760.16095 852.3158 1.2934541974935139 0.7107993355528012 2.0962232005260737 -3.8594191094504997 2.9839057281027013 20.53566322949519 -3.7865319945830445 1
bicycle 1004 0 2.09490562880997 735.645 757.47906 845.5712 858.9636 1.2513597447437852 0.6732703874015145 2.100889762454283 -2.5264081692397955 3.334965081229763 22.404604623151172 -4.300568246520546 1
bicycle 1129 1 -2.3031428389451696 223.41911 738.0777 381.7426 842.3981 1.1733071246777391 0.6194135196948825 2.0731011176573357 -8.404638029684703 2.6697473816163426 19.064348378135172 -2.7183668939817354 1
bicycle_rack 1013 1 -2.984000334740698 870.5577 756.48785 988.3744 824.5553 1.1291479316165314 4.6042518133098564 2.1804957529090245 -0.6953325165375033 4.566846039357211 36.636818659240625 -3.002977120188662 1
moped_scooter 1007 0 -0.21015461329289498 421.61212 730.5792 587.9774 844.85266 1.3510168297965197 0.4343029029197721 2.0431787769235457 -5.97548042836129 2.7867741490274307 19.63184722571492 -0.5056220420729876 1
Pedestrian 1132 1 2.2043449646887865 26.94682 751.51605 89.455055 838.3318 1.6014863113983806 0.7179226262529291 0.790824217891801 -17.659569469104014 4.11469124256137 29.256405914138558 -4.621912790694227 1
