bicycle 1126 1 -1.87463331858095 185.97931 794.0279 271.4723 889.6384 1.115720933859023 0.5410187557986728 1.9658563912261873 -10.561540246966107 3.6523790122862567 21.53031302045315 -2.3306865925188043 1
bicycle_rack 1012 1 -2.854844109804125 794.8239 797.7177 950.9592 896.7682 1.355695180818566 4.48287485410958 2.069707403964661 -1.749904857461676 5.255569651866429 31.32774434300287 -2.910644114733879 1
Pedestrian 1008 0 2.9455105551403764 1079.12 790.00586 1121.7401 884.81006 1.578474286592142 0.65747899881679 0.6363611246994558 2.462873639046638 4.545364839125023 26.51251900760346 -3.2450458436683562 1
ride_other 1127 1 2.193099784439122 23.946836 822.556 101.46092 884.7238 1.0321990938230634 0.6844351428661511 1.323641874776844 -17.94299834684259 5.073634585886744 29.889400158093828 -4.63073520886705 1
moped_scooter 1009 0 -1.477275339419936 953.0094 788.3994 1007.2094 889.91284 1.640991310046836 0.8515561865731875 1.9664095543950266 0.37579039700600453 4.868037897609062 28.492899721619743 -1.4640871903129224 1
Pedestrian 49 0 -1.6480221008953941 1103.2617 766.814 1197.3386 992.1881 1.6945362527570524 0.7013332616164851 0.6473879877032942 1.5076682189168893 2.866759527941819 12.012336079890956 -1.5231649908214988 1
rider 1010 0 -1.4765240419816859 956.3092 794.43384 1005.9995 883.3457 1.5620380218093075 0.8727467348937346 0.7789294078511312 0.3827293665587306 4.826676306159179 28.362747611676646 -1.4630307745489075 1
bicycle 1128 0 2.3715326605048914 224.32402 783.0256 426.29105 943.6808 1.2757723390514875 0.7573322650314714 1.827011321075816 -6.251764368077636 2.946438146992966 14.8110356576532 -4.311065908452958 1
bicycle 1011 0 2.676016060366792 597.2442 787.48865 750.8523 894.7907 1.2934541974935139 0.7107993355528012 2.0962232005260737 -4.156214725355569 3.7565962448596553 21.735069745970886 -3.796109961600503 1
bicycle 1004 0 2.0910611034859476 725.9928 800.51355 829.73755 900.4861 1.2513597447437852 0.6732703874015145 2.100889762454283 -2.8748289173956803 4.1609033831985665 23.677493954350094 -4.312948890277831 1
bicycle 1129 1 -2.319335336020079 239.2066 783.80634 389.30637 884.96265 1.1733071246777391 0.6194135196948825 2.0731011176573357 -8.766186861971399 3.3990943477723943 20.246132692312237 -2.7279463315421077 1
bicycle_rack 1013 1 -2.9840201789659138 858.5906 799.62213 972.18713 870.8929 1.1291479316165314 4.6042518133098564 2.1804957529090245 -1.0844615296062103 5.851833565429311 37.99784435532503 -3.0125525140873544 1
moped_scooter 1007 0 -0.22395776774481246 433.56448 776.6916 590.0433 887.38605 1.3510168297965197 0.4343029029197721 2.0431787769235457 -6.24802647456259 3.5369423090669745 20.84311239227674 -0.5151985508371137 1
Pedestrian 1131 1 2.183843345394063 92.667274 800.3259 141.95049 879.6634 1.523508409204274 0.6174227403101015 0.65057800852382 -17.285933341950827 5.159204765801284 30.638516794071535 -4.613014009772132 1
Pedestrian 1132 1 2.1776063687427216 67.75361 792.2804 121.209366 874.7812 1.6014863113983806 0.6844351428661511 0.6903617677314233 -17.910660255954486 5.1029033957674095 30.910890630825392 -4.630735208867051 1
