bicycle 1126 1 -1.762677797300552 224.08139 816.11456 291.2073 911.2114 1.115720933859023 0.5410187557986728 1.9658563912261873 -10.520690659103725 4.092803717699317 22.33013783535813 -2.2029745598470027 1
bicycle_rack 1012 1 -2.8547948917754886 794.70374 816.6963 947.68475 916.68085 1.355695180818566 4.48287485410958 2.069707403964661 -1.8262867897340112 5.76652055581949 31.97302801729472 -2.9118524995174138 1
Pedestrian 1008 0 3.104406234996888 1070.922 813.2746 1108.4069 906.4064 1.578474286592142 0.65747899881679 0.6522599564039957 2.3208358260195165 5.033313593331426 27.082587605272273 -3.0932931625392124 1
Pedestrian 1131 1 2.1764160362869944 105.492386 826.4619 153.58139 904.8425 1.523508409204274 0.6174227403101015 0.65057800852382 -17.37142614758077 5.782219819266382 31.242477912831703 -4.614222209476704 1
Pedestrian 1132 1 2.172413790902521 79.32357 821.3461 136.00577 904.0794 1.6014863113983806 0.6844351428661511 0.8352363718008378 -17.97507621788811 5.798384018449163 31.504107338793407 -4.629264836969852 1
ride_other 1127 0 2.1864825387489244 36.019794 843.24243 111.400345 905.01935 1.0321990938230634 0.6844351428661511 1.323641874776844 -18.10473851504258 5.590342102533949 30.531821605929576 -4.631944003964539 1
moped_scooter 1009 0 -1.4715116802014179 939.251 810.2433 996.72815 918.66785 1.640991310046836 0.8515561865731875 1.9664095543950266 0.1398912164253547 5.132751188366278 27.15090572429051 -1.4663593666846106 1
Pedestrian 49 0 -1.770858516738144 1089.7086 784.0242 1191.7932 1006.67487 1.7472082067555619 0.7500460149969446 0.557499948488154 1.4898629176636418 3.108431636950041 12.484338749620093 -1.6520816993328937 1
rider 1010 0 -1.4704115587189281 941.3654 813.5358 993.7736 907.57495 1.5620380218093075 0.8727467348937346 0.7789294078511312 0.1197221464477534 5.023795331841943 27.01057186335774 -1.4659791696888456 1
bicycle 1128 0 2.3607304757713137 244.56248 807.12445 439.76633 966.77936 1.2757723390514875 0.7573322650314714 1.827011321075816 -6.245773257696766 3.247983103598302 15.196199670826402 -4.312415463803527 1
bicycle 1011 0 2.6721331117544906 603.4315 811.67377 753.3392 918.5 1.2934541974935139 0.7107993355528012 2.0962232005260737 -4.190482039593249 4.187059706201556 22.24744072054034 -3.7972288160570526 1
bicycle 1004 0 2.090528086204875 725.9558 822.75 827.8476 923.02435 1.2513597447437852 0.6732703874015145 2.100889762454283 -2.9423350453288117 4.5848692827440125 24.09735608731761 -4.314157776381726 1
bicycle 1129 1 -2.3289422366959616 255.88826 802.36993 402.2852 902.0113 1.1733071246777391 0.6194135196948825 2.0731011176573357 -8.799177289666519 3.7246780369547943 20.7996620845579 -2.7291551743240454 1
bicycle_rack 1013 1 -2.9833188164821833 856.5314 820.1613 968.6919 893.141 1.1291479316165314 4.6042518133098564 2.1804957529090245 -1.1730762119263938 6.475416623580472 38.52284512086973 -3.013760852000642 1
moped_scooter 1007 0 -0.22708755537945363 438.54822 799.7521 591.4164 909.44617 1.3510168297965197 0.4343029029197721 2.0431787769235457 -6.346932745573756 3.925117910900946 21.321914123757345 -0.5164070283684763 1
