bicycle 1128 0 2.500507790237018 2.3801806 715.60175 332.2588 950.9661 1.2757723390514875 0.7573322650314714 1.827011321075816 -5.159065965939805 1.9333776900731228 9.854539698447486 -4.264964977634536 1
bicycle 1005 1 -2.3195454795474264 923.8106 775.4229 1036.1561 864.44604 1.218651355883582 0.489789530635952 2.2042625008776606 0.28542933191781494 3.810417413178498 24.768328404272502 -2.3080220253564927 1
moped_scooter 1007 0 -0.1006287960277184 412.49692 720.4036 614.9193 858.7185 1.3510168297965197 0.4343029029197721 2.0431787769235457 -4.779244089670596 2.4112692694803957 16.01169551302775 -0.390694710790487 1
ride_other 1127 2 2.2916296769883093 0.0 793.1971 1.8544415 870.6932 1.0321990938230634 0.6844351428661511 1.323641874776844 -15.993812920400828 3.7733580278263887 23.657362018885095 -4.586033634577567 1
moped_scooter 1009 2 -1.5587046224528323 1143.054 756.91064 1176.1881 827.12756 1.640991310046836 0.8515561865731875 1.9664095543950266 5.2985137936272135 5.252090666839523 39.87250486413636 -1.4265922384547025 1
Pedestrian 1008 0 2.486919467768991 1125.8152 761.9719 1209.797 885.1886 1.5143176242752443 0.7089050530820191 0.8626743277146729 2.767860949619332 3.4009008608405296 20.06076082123818 -3.6591576225139595 1
rider 1010 2 -1.5546043257416742 1142.6614 757.8245 1176.2343 820.25726 1.5620380218093075 0.8727467348937346 0.7789294078511312 5.275125983157103 5.137940370817852 39.77991361152135 -1.4227657422248305 1
bicycle 1011 0 2.766777809519906 631.2787 742.1988 831.0064 876.0277 1.2934541974935139 0.7107993355528012 2.0962232005260737 -2.562887910687532 2.672717481289786 16.74987045924025 -3.668239332924673 1
bicycle 1004 0 2.075591617896106 809.00793 759.9382 937.61957 882.76416 1.2513597447437852 0.6732703874015145 2.100889762454283 -1.0672600528594482 3.0414635399863883 18.73113701718468 -4.2645100073682505 1
bicycle 1006 0 -2.2316711782490906 157.07802 719.7188 362.67413 863.9539 1.3149125372722335 0.8177766244010091 2.1075103860232143 -7.3167632888573095 2.3564402724197286 15.583622659634257 -2.670635726450018 1
bicycle 1126 1 -1.8853676427212473 139.74245 753.6159 251.09087 871.5515 1.115720933859023 0.5410187557986728 1.9658563912261873 -8.705915984376677 2.6519625260748203 16.96343109882037 -2.359532613143483 1
Cyclist 1312 1 2.24868924331487 0.0 741.4174 127.263245 878.73193 1.7868569517060282 0.6408684308962233 1.908097924565257 -13.290693543982599 3.587998098212439 22.12747546726286 -4.575387569774066 1
bicycle_rack 1012 1 -2.9436214689851363 907.1511 761.94836 1068.738 870.9138 1.355695180818566 4.48287485410958 2.069707403964661 0.5891420020709737 4.059438737090355 27.089205270682758 -2.921876676644061 1
bicycle_rack 1013 1 -3.015441628465748 973.1817 769.7532 1097.5701 847.9953 1.1291479316165314 4.6042518133098564 2.1804957529090245 1.7286242309712723 4.577971339910993 33.14579927390251 -2.9633366973872004 1
Pedestrian 49 0 -1.9292368484635167 1343.9647 662.5743 1554.5566 1030.1238 1.7605054258961927 0.798908680973807 0.785840856085249 2.4726295171629933 1.9638078547552762 7.658236349647264 -1.6169309222770103 1
Pedestrian 1131 1 2.2763281377725395 0.0 769.0661 55.613007 868.7712 1.523508409204274 0.6174227403101015 0.65057800852382 -15.223099032473218 3.8993415967708343 24.277775438740868 -4.566921004072076 1
Pedestrian 1132 1 2.2706352979211024 0.0 747.7428 34.379578 851.0016 1.6014863113983806 0.7179226262529291 0.790824217891801 -15.913446960583837 3.664233266011882 24.673032349312958 -4.585383397245428 1
rider 1313 1 2.2476708579610456 30.966492 744.442 98.50398 851.46246 1.5128569961030298 0.6408684308962233 0.5754617768597764 -13.305624558518904 3.3140660022518498 22.203530121056673 -4.575387569774066 1
