bicycle 1128 0 2.4589237110537763 93.14088 685.5694 375.05087 884.2274 1.2757723390514875 0.7573322650314714 1.827011321075816 -5.380902069971113 1.7700456556219248 11.194978522589398 -4.272312307128294 1
bicycle 1005 1 -2.290983416439271 902.3139 743.4659 1005.7914 824.5541 1.218651355883582 0.489789530635952 2.2042625008776606 -0.1500961165429398 3.3859144399062755 26.34785092652395 -2.2966800667401643 1
bicycle 1126 1 -1.9016638626493176 158.83969 720.11566 263.81213 825.20996 1.115720933859023 0.5410187557986728 1.9658563912261873 -9.221005595005321 2.340374050157104 18.353040561703608 -2.367248683943959 1
Pedestrian 1008 0 2.9245486598122263 1158.1854 712.9638 1230.444 818.3227 1.475622178061658 0.5649121011393345 0.9399847007428948 3.3874482864614825 2.7763973612288746 21.776930657048243 -3.2043212009172586 1
ride_other 1127 1 2.259978134869015 0.0 745.8096 48.642334 815.56824 1.0321990938230634 0.6844351428661511 1.323641874776844 -16.200132775318075 3.1296916024893875 25.244270072540157 -4.5937502710303 1
moped_scooter 1009 0 -1.5491022397021377 1115.157 707.86975 1151.3635 780.4697 1.640991310046836 0.8515561865731875 1.9664095543950266 4.288543193408907 3.7618662055638374 37.19332171131811 -1.4343050737598233 1
Pedestrian 49 0 -1.8172582580303356 1282.5494 648.3303 1444.9711 958.62195 1.7605054258961927 0.798908680973807 0.6265809706129725 2.3651246847832317 1.904221224829555 8.852153146659553 -1.5561759988885135 1
rider 1010 0 -1.544624875454041 1114.4548 709.29254 1150.6682 775.05475 1.5620380218093075 0.8727467348937346 0.7789294078511312 4.255005860290689 3.6818124653618156 37.11473948258116 -1.4304785868211627 1
bicycle 1011 0 2.757292508809381 641.50995 700.996 826.47205 820.65515 1.2934541974935139 0.7107993355528012 2.0962232005260737 -2.7326228687631033 2.2558582113801102 18.072889186662717 -3.67595624248491 1
bicycle 1004 0 2.079681091040163 796.2182 717.2512 917.01434 826.7448 1.2513597447437852 0.6732703874015145 2.100889762454283 -1.3691569726384607 2.5558784029250767 20.029815674807697 -4.271753993139885 1
bicycle 1006 0 -2.2544973445881116 191.23515 680.2935 382.9806 809.15564 1.3149125372722335 0.8177766244010091 2.1075103860232143 -7.58739728723138 1.968825501448328 16.815835064403736 -2.6783533140866695 1
Cyclist 1312 1 2.1836412952075053 120.78012 701.77655 227.34822 815.8781 1.7868569517060282 0.6408684308962233 1.908097924565257 -13.515807515693512 3.16075158014639 25.73737548672066 -4.583103259315492 1
bicycle_rack 1012 1 -2.8844558330998815 891.51935 716.2285 1056.6167 810.77997 1.355695180818566 4.48287485410958 2.069707403964661 0.3486385863920748 3.2501989162109615 28.584402938985736 -2.8722596259376862 1
bicycle_rack 1013 1 -3.007248076439496 949.0174 725.327 1074.0265 795.8666 1.1291479316165314 4.6042518133098564 2.1804957529090245 1.2086732367381576 3.535585833356472 33.37928695052151 -2.97105361280936 1
moped_scooter 1007 0 -0.11116626085301534 424.8261 684.09326 612.0328 809.14764 1.3510168297965197 0.4343029029197721 2.0431787769235457 -5.115799960841994 2.0601279454155224 17.317383249175286 -0.39841055665546943 1
Pedestrian 1131 1 2.2460583827313796 40.052334 715.94415 99.12014 806.7236 1.523508409204274 0.6174227403101015 0.65057800852382 -15.612708286778116 3.1404523148439267 26.193719236849315 -4.574635315333127 1
Pedestrian 1132 1 2.243318654972125 2.0915506 710.7337 72.42792 806.0364 1.6014863113983806 0.7179226262529291 0.790824217891801 -16.272563632894066 3.1389054386678525 26.34965141177128 -4.593099959917074 1
rider 1313 1 2.186802570101422 141.34435 703.1094 197.90822 794.6707 1.5128569961030298 0.6408684308962233 0.5754617768597764 -13.543975189985286 2.868520274618636 25.59412430321936 -4.583103259315492 1
