bicycle 1128 0 2.449990555517858 123.204994 675.16547 388.7059 861.03735 1.2757723390514875 0.7573322650314714 1.827011321075816 -5.499994499411355 1.7051657363879502 11.78636511661459 -4.269800367474296 1
bicycle 1126 1 -1.9160788783512537 193.1912 695.46936 291.50992 790.04785 1.115720933859023 0.5410187557986728 1.9658563912261873 -9.553952614025654 2.0936096163867877 19.839778529110646 -2.36486223323668 1
Pedestrian 1008 0 2.8614471313164973 1148.7332 712.16797 1195.1984 814.0424 1.475622178061658 0.5649121011393345 0.5585793698429192 3.1699433690838057 2.8088049293346424 22.52629518252612 -3.281934268380138 1
ride_other 1127 1 2.2572468771243885 0.0 734.38776 57.60644 801.02325 1.0321990938230634 0.6844351428661511 1.323641874776844 -16.598293321503 2.9985236796232364 26.158278802547756 -4.5913636445827155 1
moped_scooter 1009 0 -1.525753178469097 1081.9172 699.67224 1121.1093 774.2268 1.640991310046836 0.8515561865731875 1.9664095543950266 3.3898760214874963 3.493716333795876 36.0203895484275 -1.4319196238823164 1
Pedestrian 49 0 -1.8532926712473292 1235.9519 652.7771 1396.1721 932.00464 1.658940271302789 0.798908680973807 0.7424063418655708 2.20047073831286 1.8406331184008184 9.354238247401764 -1.6222553363629295 1
rider 1010 0 -1.5217008510633254 1082.4231 701.5779 1120.5729 769.54156 1.5620380218093075 0.8727467348937346 0.7789294078511312 3.3636568684296035 3.4221385025087927 35.828526303421064 -1.428093134076057 1
bicycle 1011 0 2.7687754380418212 631.2288 690.91565 809.0904 804.5624 1.2934541974935139 0.7107993355528012 2.0962232005260737 -3.022851345326545 2.1618097990862415 18.83192874194505 -3.673569529498526 1
bicycle 1004 0 2.095583916987147 777.03 708.21814 895.793 813.0003 1.2513597447437852 0.6732703874015145 2.100889762454283 -1.6956640956498565 2.4651511187676722 20.69180240223931 -4.269367275037617 1
bicycle 1129 1 -2.30243558520723 213.6446 676.8635 386.63712 786.04834 1.1733071246777391 0.6194135196948825 2.0731011176573357 -7.723336774425773 1.804330218610626 17.451404799923445 -2.7190872701172966 1
bicycle_rack 1012 1 -2.865229372991949 864.0726 707.9008 1033.4081 801.1691 1.355695180818566 4.48287485410958 2.069707403964661 -0.1324093121302783 3.073478964383874 28.511758573457783 -2.8698733643442336 1
bicycle_rack 1013 1 -2.9857085027164607 921.13684 721.56464 1044.9753 788.502 1.1291479316165314 4.6042518133098564 2.1804957529090245 0.5926617108111707 3.5356938990397553 34.77398554000114 -2.9686669031511386 1
moped_scooter 1007 0 -0.10975181974013842 429.8355 683.63367 610.3558 804.063 1.3510168297965197 0.4343029029197721 2.0431787769235457 -5.2839940928494915 2.079424713966407 17.95092955849732 -0.3960241749909581 1
Pedestrian 1131 1 2.2427017985271007 52.628395 700.30835 109.78206 788.02826 1.523508409204274 0.6174227403101015 0.65057800852382 -15.864049063648807 2.9017627746827173 26.96630204869859 -4.572249408595366 1
Pedestrian 1132 1 2.2395097014004373 16.083857 694.9681 83.99796 786.84424 1.6014863113983806 0.7179226262529291 0.790824217891801 -16.546684444815707 2.8949397464670947 27.168610232306417 -4.590713356305466 1
