bicycle 1126 1 -1.7501623526178771 184.64803 714.0922 258.44818 810.63165 1.115720933859023 0.5410187557986728 1.9658563912261873 -9.903116341722027 2.3646509450931794 19.989404537607538 -2.2101378693864904 1
bicycle_rack 1012 1 -2.8572888262784986 830.4964 720.0318 995.3619 811.8015 1.355695180818566 4.48287485410958 2.069707403964661 -0.8504911353583543 3.3908656726865223 29.56122170655507 -2.8860513922493 1
moped_scooter 1007 0 -0.19906969184930212 424.59875 692.1565 597.74896 808.35675 1.3510168297965197 0.4343029029197721 2.0431787769235457 -5.653313260543607 2.2285903723456917 18.8390752639083 -0.4906039480269173 1
Pedestrian 1008 0 2.6777335149927226 1126.5223 716.47375 1187.6927 813.9063 1.475622178061658 0.5649121011393345 0.7963853967666976 3.1129791964250466 2.9569710906520914 23.793160156378665 -3.475355708012879 1
ride_other 1127 1 2.2318117179867816 0.0 740.32916 60.124344 804.59894 1.0321990938230634 0.6844351428661511 1.323641874776844 -17.169937294160146 3.1848466486697156 27.19603420420153 -4.614518837909213 1
moped_scooter 1009 0 -1.5156368777825784 1040.3812 709.6035 1082.4265 788.83124 1.640991310046836 0.8515561865731875 1.9664095543950266 2.302923905627323 3.6364135035597833 34.200330768484235 -1.4484020683474372 1
Pedestrian 49 0 -1.8205188102969507 1176.9672 668.85657 1300.2559 929.724 1.6934703990450064 0.6750805581608164 0.6972582334840806 1.878903781946199 2.0043115502582847 10.203676263675963 -1.6384188227891257 1
rider 1010 0 -1.503833103310896 1040.6229 713.44366 1081.467 785.6819 1.5620380218093075 0.8727467348937346 0.7789294078511312 2.2641816125550096 3.5938165704454885 33.87020852222093 -1.4370836490646566 1
bicycle 1128 0 2.4271015392114035 146.11041 696.7213 391.77692 873.22156 1.2757723390514875 0.7573322650314714 1.827011321075816 -5.778751369443104 1.9285079383438801 12.602203538378975 -4.286025802533294 1
bicycle 1011 0 2.764563049960198 616.60693 704.5346 786.94806 814.33344 1.2934541974935139 0.7107993355528012 2.0962232005260737 -3.404319880968158 2.387719470475069 19.69879444851638 -3.6897506516746548 1
bicycle 1004 0 2.096448068858167 753.70703 718.06067 868.0019 819.5348 1.2513597447437852 0.6732703874015145 2.100889762454283 -2.1362479895168978 2.662076988101858 21.54909212481865 -4.28554840512012 1
bicycle 1129 1 -2.315972582095252 211.81453 687.8253 378.71915 792.706 1.1733071246777391 0.6194135196948825 2.0731011176573357 -8.137769770873545 1.9707774295905467 18.25710108067566 -2.7352713715621406 1
bicycle_rack 1013 1 -2.993488992347479 906.74274 725.39874 1025.3666 790.5809 1.1291479316165314 4.6042518133098564 2.1804957529090245 0.19834161373681009 3.7044200321432883 35.87786846442404 -2.9879608045892625 1
Pedestrian 1131 1 2.2282540210004873 50.126347 713.3772 105.34812 798.4954 1.523508409204274 0.6174227403101015 0.65057800852382 -16.465551864819595 3.194328410726224 27.878429222184035 -4.588425018476015 1
Pedestrian 1132 1 2.2225191272936717 19.181797 714.4356 84.27372 803.30725 1.6014863113983806 0.7179226262529291 0.790824217891801 -17.17282007275826 3.3186239256010603 28.248179192350552 -4.606893700167173 1
