bicycle 1011 0 2.7825968026570416 613.3164 727.32367 840.34564 878.34155 1.2934541974935139 0.7107993355528012 2.0962232005260737 -2.296942786263998 2.360263372668207 14.751257230390328 -3.655059695550765 1
bicycle 1005 1 -2.3104554705584324 925.63153 762.68835 1047.1636 858.91345 1.218651355883582 0.489789530635952 2.2042625008776606 0.35537239500099405 3.406463711449392 22.756575993566003 -2.2948404891382372 1
bicycle 1126 2 -1.818655548412409 32.997383 747.47864 150.38719 882.5423 1.115720933859023 0.5410187557986728 1.9658563912261873 -8.662372417619466 2.407054430626627 14.862606420049056 -2.3463543463112275 1
moped_scooter 1007 0 -0.0611616341771547 353.67377 712.33044 586.46265 870.4898 1.3510168297965197 0.4343029029197721 2.0431787769235457 -4.580418027286927 2.202922227892104 13.99245196966132 -0.3775168393309378 1
Pedestrian 49 0 -2.0140212180241956 1512.5602 604.62213 1739.3375 1062.2145 1.7605054258961927 0.6271164858206737 0.642332684874803 2.6801786741135327 1.6825056808545464 6.083443586254097 -1.5990374567015684 1
Pedestrian 1008 0 1.9448299336133115 1103.4777 728.4014 1183.4342 872.2178 1.5627628896752077 0.6665494534725401 0.8505669825656629 2.1437181769800455 2.814280802331373 17.549574051570858 -4.216805393162145 1
moped_scooter 1009 0 -1.5690550008104884 1180.8286 735.0952 1210.9335 797.8473 1.640991310046836 0.8515561865731875 1.9664095543950266 6.870819312749208 4.944286622202088 43.78983773317433 -1.413419494081235 1
rider 1010 0 -1.5655825175985936 1181.165 736.0991 1211.6636 792.4479 1.5620380218093075 0.8727467348937346 0.7789294078511312 6.87318418677115 4.84565420825733 43.70386590754345 -1.4095929818531177 1
bicycle 1128 1 2.600509186664142 0.0 712.5557 209.47995 1016.4103 1.2757723390514875 0.7573322650314714 1.827011321075816 -5.010690904315674 1.7928553653495445 7.8347830263471785 -4.251665968597685 1
bicycle 1004 0 2.0844232683048576 806.4958 745.5695 953.2428 883.5938 1.2513597447437852 0.6732703874015145 2.100889762454283 -0.8623760319292939 2.6752550664414123 16.555428509650024 -4.2508052288659 1
bicycle 1006 0 -2.178814344955767 70.95354 712.6906 301.81046 877.5774 1.3149125372722335 0.8177766244010091 2.1075103860232143 -7.101381921093808 2.1684110243460535 13.685873781730487 -2.6574548292095184 1
bicycle_rack 1012 1 -2.9457523770161473 921.7754 745.2518 1097.8741 861.77625 1.355695180818566 4.48287485410958 2.069707403964661 0.9200703856363721 3.547743582234391 24.817312382196913 -2.9086956165999545 1
bicycle_rack 1013 1 -3.012516546113922 981.9529 757.00665 1118.1642 840.66693 1.1291479316165314 4.6042518133098564 2.1804957529090245 1.9009791822692057 4.036627133655921 30.444617858311553 -2.9501569386985964 1
