bicycle 1128 1 2.559762483451033 0.0 713.60455 262.55637 987.85614 1.2757723390514875 0.7573322650314714 1.827011321075816 -5.0573673876677665 1.843380775549588 8.58198358818532 -4.255937911177671 1
bicycle 1011 0 2.778068077078311 619.3166 731.67065 835.67615 875.7896 1.2934541974935139 0.7107993355528012 2.0962232005260737 -2.4039663020945325 2.4574524940223763 15.475284980582284 -3.6592277782907545 1
bicycle 1004 0 2.0827390777770125 805.99963 747.3892 946.80804 879.9371 1.2513597447437852 0.6732703874015145 2.100889762454283 -0.9402299694855264 2.751731502639023 17.22627836470011 -4.254973268551239 1
bicycle 1005 1 -2.3151378932138718 927.5547 759.77673 1046.6036 853.336 1.218651355883582 0.489789530635952 2.2042625008776606 0.3759355565268991 3.4096218404850727 23.306449849725382 -2.299009183764214 1
bicycle 1126 2 -1.8380146215995667 64.436264 746.58105 178.97523 874.6206 1.115720933859023 0.5410187557986728 1.9658563912261873 -8.783358461628167 2.4582893592931496 15.610551148568243 -2.350522004060501 1
bicycle_rack 1012 1 -2.9510760136046983 927.23755 746.03754 1096.744 858.82825 1.355695180818566 4.48287485410958 2.069707403964661 0.9781634815977296 3.6241543370418188 25.585975723259324 -2.9128641682194867 1
moped_scooter 1007 0 -0.07446664831153282 374.6051 715.29565 596.3185 866.4035 1.3510168297965197 0.4343029029197721 2.0431787769235457 -4.647601841139218 2.271724748615982 14.649075741496066 -0.3816843705369728 1
Pedestrian 49 0 -1.9762591875366047 1455.1398 620.7775 1638.9789 1030.5415 1.7605054258961927 0.6271164858206737 0.4745601708439634 2.599904259434637 1.7428112476784523 6.6728972821243255 -1.604731684849927 1
moped_scooter 1009 0 -1.5639981109812469 1166.0444 735.86255 1197.1285 800.7828 1.640991310046836 0.8515561865731875 1.9664095543950266 6.249934166051696 4.8627137891145695 42.381642539297815 -1.4175854058447086 1
rider 1010 0 -1.5597173879632578 1165.288 737.6555 1196.702 795.76715 1.5620380218093075 0.8727467348937346 0.7789294078511312 6.2342434483646745 4.793839711706692 42.40869635117977 -1.4137588986937213 1
bicycle 1006 0 -2.1978688933307504 103.5111 716.5207 325.0812 873.9266 1.3149125372722335 0.8177766244010091 2.1075103860232143 -7.16719750476184 2.2449540271571813 14.330567758260905 -2.6616233242494487 1
bicycle_rack 1013 1 -3.015322926159996 983.0207 757.45764 1113.6757 837.8765 1.1291479316165314 4.6042518133098564 2.1804957529090245 1.9292275335038975 4.147718431674948 31.58855903952169 -2.9543250749842733 1
Pedestrian 1008 0 1.9373685824574984 1117.0372 741.54755 1185.0131 871.0148 1.4756221780616587 0.5854825228454318 0.7906778517433062 2.3405791813005603 2.9495504635166707 18.40888633609002 -4.219351288885464 1
