bicycle 1128 0 2.5434546467130854 0.0 713.4156 283.0763 978.68054 1.2757723390514875 0.7573322650314714 1.827011321075816 -5.046006221551501 1.8573444122704914 8.83815084035806 -4.258504326125237 1
bicycle 1011 0 2.7760781868511377 620.27795 732.88745 832.536 874.2999 1.2934541974935139 0.7107993355528012 2.0962232005260737 -2.46237352169682 2.4924978473485284 15.774909420136785 -3.6619518741599677 1
bicycle 1005 1 -2.3165775009359932 926.4323 763.1939 1043.7705 855.53143 1.218651355883582 0.489789530635952 2.2042625008776606 0.35136063898199427 3.4984955418341466 23.66875002113857 -2.301733673859581 1
bicycle 1126 2 -1.8501323391010605 83.157104 738.2678 196.93118 862.40295 1.115720933859023 0.5410187557986728 1.9658563912261873 -8.778465995925908 2.392247054716204 15.95063664468019 -2.353245817952117 1
Cyclist 1312 2 2.301626478198512 0.0 740.15094 41.57854 895.01263 1.7868569517060282 0.6408684308962233 1.908097924565257 -13.132892094237983 3.382891746728891 19.7190000474715 -4.569101089193321 1
moped_scooter 1007 0 -0.08218494900203738 385.5127 718.79803 601.9136 866.562 1.3510168297965197 0.4343029029197721 2.0431787769235457 -4.676719918644866 2.3296017710121193 15.000361480828023 -0.38440810247335877 1
Pedestrian 49 0 -1.9696766390062366 1433.8225 623.6685 1618.2869 1023.2632 1.7605054258961927 0.6271164858206737 0.5541901135800991 2.5812547714034055 1.7550977646718597 6.877996119429431 -1.6106502670916334 1
moped_scooter 1009 0 -1.5665569009886577 1165.5905 737.2489 1197.2607 803.46027 1.640991310046836 0.8515561865731875 1.9664095543950266 6.129982619175225 4.84534596268549 41.61548727617197 -1.420308078371039 1
rider 1010 0 -1.5636821429167296 1166.9326 738.3536 1198.9365 797.6001 1.5620380218093075 0.8727467348937346 0.7789294078511312 6.169766067258444 4.753238526897601 41.61084057532175 -1.4164815745294492 1
bicycle 1004 0 2.078444298625395 810.4206 749.6902 947.40436 879.2895 1.2513597447437852 0.6732703874015145 2.100889762454283 -0.9346737706054583 2.813924722030567 17.63339649699562 -4.257697333952383 1
bicycle 1006 0 -2.2055692637199478 114.516495 717.1132 332.52417 871.45215 1.3149125372722335 0.8177766244010091 2.1075103860232143 -7.211606439324089 2.2674893362086173 14.600514320885019 -2.664347682654565 1
bicycle_rack 1012 1 -2.954543049769229 930.20776 750.5077 1096.4088 862.3762 1.355695180818566 4.48287485410958 2.069707403964661 1.0119944206109677 3.739645206102327 25.965749207655808 -2.915588561056164 1
bicycle_rack 1013 1 -3.015119627743906 978.8316 758.0649 1109.1112 838.303 1.1291479316165314 4.6042518133098564 2.1804957529090245 1.8419674252743514 4.169878028444739 31.683879340164864 -2.957049198261318 1
Pedestrian 1008 0 1.9320019032025693 1125.1781 743.93774 1185.0988 869.82056 1.475622178061658 0.5340564685802095 0.6981109540658793 2.4387322356702104 3.005385870986546 18.784059940943354 -4.222075696966065 1
rider 1313 1 2.3010446961968736 0.0 743.8696 5.240813 864.42847 1.5128569961030298 0.6408684308962233 0.5754617768597764 -13.136365282438335 3.110315837624521 19.749109249582514 -4.569101089193321 1
