bicycle 1004 0 2.0911291817834243 776.77167 766.12854 946.86847 930.00336 1.2513597447437852 0.6732703874015145 2.100889762454283 -0.9119128846277594 2.7135513636381097 14.391516924434914 -4.255336136477908 1
bicycle 1005 1 -2.442217466941265 931.5557 788.0713 1077.7518 896.3702 1.218651355883582 0.489789530635952 2.2042625008776606 0.5678812408934196 3.555633240414006 20.50242464102873 -2.4145262990515906 1
bicycle 1006 1 -2.112768020174002 0.0 736.2064 182.77731 938.32086 1.3149125372722335 0.8177766244010091 2.1075103860232143 -7.052694478829894 2.2349899469718 11.51265946380125 -2.6624032310570747 1
moped_scooter 1007 0 -0.009046375812173935 232.93138 734.0132 514.0486 924.0671 1.3510168297965197 0.4343029029197721 2.0431787769235457 -4.635125438269395 2.2602665663852317 11.879905728357022 -0.3810458059489439 1
Pedestrian 49 1 -2.164108406330051 1745.406 564.93945 1935.0 1171.7927 1.6965946390088602 0.7022348592760216 0.5135646319371574 2.819633715346657 1.5289727660793133 4.447526471187521 -1.5990790712837206 1
moped_scooter 1009 0 -1.577357667274459 1189.7234 750.99817 1217.2123 808.9431 1.640991310046836 0.8515561865731875 1.9664095543950266 7.750438251697601 5.767581920988567 47.90112412225684 -1.4169470895147405 1
rider 1010 0 -1.557881206193844 1189.7095 752.26733 1217.6544 804.01697 1.5620380218093075 0.8727467348937346 0.7789294078511312 7.7605535086039374 5.677316393938833 47.85851028299118 -1.3971242883355164 1
bicycle 1011 0 2.806051501889418 551.2898 750.93506 818.0763 932.6722 1.2934541974935139 0.7107993355528012 2.0962232005260737 -2.314995082080723 2.4265746034375093 12.61760317267808 -3.65858912877758 1
bicycle_rack 1012 1 -2.9659089434795787 938.8209 770.1176 1128.345 906.2938 1.355695180818566 4.48287485410958 2.069707403964661 1.2095720917244843 3.771892109422046 22.46352417162239 -2.91211484145368 1
bicycle_rack 1013 1 -3.0174168252889113 979.5119 779.0044 1124.6165 873.4748 1.1291479316165314 4.6042518133098564 2.1804957529090245 1.8230320643692495 4.308191385871446 28.383917811543004 -2.953277284074236 1
Pedestrian 1008 0 1.9863582355947873 1025.7372 751.21606 1129.4275 919.03094 1.53279678220531 0.7452077673128149 0.8941373383724038 1.1810057416076671 2.8554391288548335 15.088140653337053 -4.218712566020323 1
