bicycle_rack 1965 1 2.6231186761605345 1347.8425 738.6812 1935.0 1215.0 1.3647504473768128 2.65199935501785 2.0879944380465263 2.9019174152897813 1.9012888572078674 5.678994747760185 -3.1876646245065565 1
bicycle_rack 1402 1 2.7653611610640088 1212.7498 748.2335 1757.8573 1085.115 1.424280899826971 3.1137122920823836 2.0879944380465263 2.929546201655877 2.311266071500757 9.132545200905748 -3.207412985467461 1
bicycle_rack 709 1 2.855115836627059 1137.7664 760.1338 1498.3923 998.0184 1.424280899826971 3.0775000553018406 2.0879944380465263 2.7773290126454975 2.6890415404796046 12.38171916793695 -3.207412985467461 1
Cyclist 703 0 1.4154203689708726 1048.1576 773.7905 1087.1857 850.6061 1.8125651909898486 0.7453753447719642 2.0283944708983164 2.8594168670674915 5.935654342412971 40.3694465325035 1.4861334824679648 1
Cyclist 704 0 1.3037624348499948 1079.7096 772.8374 1126.2778 849.5921 1.8125651909898486 0.7453753447719642 2.0283944708983164 3.821356821520783 5.922017625381154 40.47726574351265 1.3978909318588433 1
Cyclist 113 0 -1.7046436751961678 1137.375 766.7083 1170.4407 841.4364 2.037814742539084 0.7410029357379778 1.975066500259566 5.853589249024629 6.448923970327517 45.52718637282526 -1.5767717285752934 1
bicycle_rack 111 2 -3.119617808626531 808.7076 789.1722 882.1683 854.1428 1.4753372410523355 4.037833217817664 2.180554653226177 -3.5558622092655088 6.814310105016496 46.527578456513204 -3.195894363625079 1
motor 114 2 -2.802988378407775 799.8222 801.20807 874.2585 851.6047 1.245430335921178 0.939319516687586 1.9051962363206971 -3.526790021756012 6.340229230014327 42.51832760531373 -2.885746450021994 1
motor 116 1 -1.7231439215833189 1091.3984 770.28094 1139.8516 840.80176 1.8610888213990506 1.1255979850873923 2.354197833037688 4.6913676544951555 6.414427842433755 45.633156540143524 -1.6206977137472909 1
Pedestrian 705 2 1.6803685965771553 1257.3401 773.904 1295.7129 849.391 1.7800307389249916 0.8648559283141966 0.8428764768723215 7.99569169755737 5.611010561501498 37.912960828360355 -4.394966518121718 1
rider 707 0 1.4165123974140652 1055.9205 775.6997 1085.8854 843.6754 1.6968386869545737 0.6464438137080756 1.1047146437294524 2.961277342810059 5.835653193313271 40.46641867659751 1.4895608254092698 1
rider 708 0 1.3179736351032765 1083.8369 774.44574 1117.5393 837.5374 1.5636908563619065 0.6464438137080756 1.138001601377619 3.777774115350953 5.683564560922601 40.58469611804653 1.4107898912699461 1
rider 117 0 -1.7041254250340396 1138.6533 768.3135 1167.1703 832.98676 1.8579231942260648 0.7410029357379778 0.960392178228226 5.836817420587733 6.275708938273402 45.583502470800745 -1.5767717285752934 1
rider 118 1 -1.72298407773143 1093.4989 771.8348 1136.6409 830.837 1.6420344637149769 1.1255979850873923 1.3105496907023697 4.690969863675189 6.199507516059276 45.70109349360625 -1.6206977137472909 1
Cyclist 1966 2 1.2343401812899144 1288.555 750.3655 1401.616 909.6086 1.7244436693165353 0.7272653731978368 2.1254106409479663 4.838286548224082 3.410261732325722 19.002909394592397 1.483650754573795 1
rider 1967 2 1.2545294732919579 1304.3491 755.5101 1380.9069 890.9297 1.6059249880050879 0.7133550024266457 0.8591277761510618 4.850079656575253 3.310145216162791 19.059990921138354 1.5037050229042261 1
bicycle 1968 2 2.443609004478644 1734.1332 770.6762 1935.0 1215.0 1.2918627431545333 0.48505929633914213 1.8753683765766196 3.163135060517384 1.717102491224908 4.083446230544527 -3.1805012454301576 1
bicycle_rack 112 2 -0.3301407559016667 1255.1244 763.3876 1494.4038 879.51843 1.3422283247735827 9.608069178919651 2.1187664378272415 8.957009694567489 4.919327279463631 33.759510742583004 -0.07079780923057055 1
Car 120 0 -0.002884975599385803 569.39154 781.5479 789.5202 872.80206 1.5252772210660888 1.922992096523858 4.3455961202415745 -5.811327543296731 4.912670385927718 30.986363707194187 -0.18827608399173834 1
moped_scooter 710 1 -1.3633145960559714 1471.8739 777.2102 1556.4058 869.77734 1.212210230465975 0.8589136364408153 2.2630659487011533 9.142433961630772 3.8460895745906125 24.673982701640302 -1.0084691778228911 1
truck 711 0 1.0765429525572563 90.611725 717.99927 387.189 897.1404 3.101964993330931 2.5934080949677036 7.364717788808803 -15.773245875016977 5.320309719174011 32.42855781479999 0.623834534000594 1
