bicycle_rack 1965 1 2.68777126872214 1308.2435 743.9083 1935.0 1183.8857 1.3647504473768128 2.65199935501785 2.0879944380465263 2.9593372621872316 2.010356684708069 6.745390311375914 -3.1819801024116394 1
bicycle_rack 1402 1 2.801181884136284 1191.2073 759.8586 1661.1332 1059.5945 1.424280899826971 3.1137122920823836 2.0879944380465263 2.930022787712152 2.488816700333475 10.178920172750857 -3.2017284812178453 1
bicycle_rack 709 1 2.86755388079925 1138.9633 764.845 1469.9287 984.9568 1.424280899826971 3.0775000553018406 2.0879944380465263 2.8909355049974135 2.8193205843061326 13.308415876542071 -3.2017284812178453 1
Cyclist 703 0 1.4208522944859374 1049.6373 775.5694 1086.3718 848.5669 1.8125651909898486 0.7453753447719642 2.0283944708983164 3.0189621696361093 6.196274192164166 42.468863878839 1.4918193990587416 1
Cyclist 704 0 1.3110557181469378 1078.534 774.587 1122.5009 847.809 1.8125651909898486 0.7453753447719642 2.0283944708983164 3.9363610211893074 6.165360336241885 42.42395898109814 1.4035770830528285 1
Cyclist 113 0 -1.7038845772357103 1144.9202 766.85834 1177.8851 841.4024 2.037814742539084 0.7410029357379778 1.975066500259566 6.095680517546159 6.463263189853832 45.631159144502206 -1.5710848754140219 1
bicycle_rack 111 2 -3.120289481928772 818.5328 789.90393 891.57526 854.5515 1.4753372410523355 4.037833217817664 2.180554653226177 -3.2749876853211806 6.863396789123444 46.762514595532814 -3.1902097802891642 1
motor 114 2 -2.803600411507821 809.8325 801.7689 883.22345 851.5371 1.245430335921178 0.939319516687586 1.9051962363206971 -3.301815889629262 6.425650571132147 43.09899485776586 -2.8800611037211556 1
motor 116 0 -1.7240945756359913 1101.3317 772.6068 1150.005 843.40625 1.8610888213990506 1.1255979850873923 2.354197833037688 4.985523065235442 6.476055059915649 45.522463943594865 -1.6150114446017882 1
Pedestrian 705 2 1.6910602549975469 1250.1703 775.6302 1287.2826 848.80457 1.7974902087834306 0.8648559283141966 0.8428764768723215 8.12086904995216 5.83139869414292 39.48439984106962 -4.389280826877538 1
rider 707 0 1.4248723524198053 1052.7163 777.4964 1081.012 842.35913 1.6968386869545737 0.6464438137080756 1.1047146437294524 2.9890496143645335 6.082484100883349 42.40368620483909 1.4952462712995715 1
rider 708 0 1.32448336600828 1083.4558 775.9901 1115.3962 836.1861 1.5636908563619065 0.6464438137080756 1.138001601377619 3.9236112763328004 5.922633181988226 42.53111497592404 1.4164757122182068 1
rider 117 0 -1.703573430967373 1146.5033 768.51685 1174.9401 832.9862 1.8579231942260648 0.7410029357379778 0.960392178228226 6.092771815586089 6.294666797551251 45.71776598995681 -1.5710848754140219 1
rider 118 0 -1.7239587334598712 1103.4797 774.6893 1146.8141 833.92834 1.6420344637149769 1.1255979850873923 1.3105496907023697 4.98430525309025 6.274461351075855 45.568542911194704 -1.6150114446017882 1
Cyclist 1966 2 1.2581910059637615 1266.0114 757.9613 1365.3594 903.04895 1.7244436693165353 0.7272653731978368 2.1254106409479663 4.9095135453155425 3.677453512544576 20.86032301348391 1.4893362823158505 1
rider 1967 2 1.2800107464168073 1277.1581 761.71716 1345.0531 884.36804 1.6059249880050879 0.7133550024266457 0.8591277761510618 4.911908042645281 3.5718348220704415 21.03693152561278 1.5093910221274878 1
bicycle 1968 1 2.5528533869925845 1588.5939 773.627 1935.0 1187.5605 1.2918627431545333 0.48505929633914213 1.8753683765766196 3.1888781960511405 1.8300042383894697 5.137390715312886 -3.174816696788273 1
bicycle_rack 112 1 -0.32201575011334294 1254.9568 764.496 1484.6614 877.4937 1.3422283247735827 9.608069178919651 2.1187664378272415 9.100648833672551 5.029922192076809 34.64170764750787 -0.0651129704765161 1
Car 120 0 0.02679447643915195 579.75116 784.91144 792.59296 872.5798 1.5252772210660888 1.922992096523858 4.3455961202415745 -5.83211163070904 5.084704763119044 31.983056256625737 -0.15357381514075907 1
moped_scooter 710 1 -1.3424733148833707 1446.7761 779.39417 1530.3601 868.5798 1.212210230465975 0.8589136364408153 2.2630659487011533 9.052453268748922 3.981080799382001 25.616462650376526 -1.0027868013080754 1
truck 711 0 1.0914514289303572 123.29233 723.4932 402.2582 896.50854 3.101964993330931 2.5934080949677036 7.364717788808803 -15.89814457149226 5.545489402433207 33.79742986650401 0.6517669972591436 1
