bicycle_rack 1965 1 2.5802757289700704 1381.9602 738.23096 1935.0 1215.0 1.3647504473768128 2.65199935501785 2.0879944380465263 2.9225128717816067 1.8616401008123507 5.182128196752848 -3.1894117510945916 1
bicycle_rack 1402 1 2.746750068022156 1224.5746 750.75134 1814.9634 1113.8877 1.424280899826971 3.1137122920823836 2.0879944380465263 2.9245825633504965 2.2859393909890464 8.61480942351241 -3.209160106579409 1
bicycle_rack 709 1 2.84288377663751 1145.5634 767.07654 1528.2909 1020.1282 1.424280899826971 3.0775000553018406 2.0879944380465263 2.7835170482709883 2.7014119829809005 11.827254841657766 -3.209160106579409 1
Cyclist 703 0 1.4125748906522113 1049.2542 774.81 1089.4406 853.6055 1.8125651909898486 0.7453753447719642 2.0283944708983164 2.834993100010583 5.867819779160268 39.41063128935925 1.4843859259916647 1
Cyclist 704 0 1.3012076116638913 1079.5787 770.9838 1127.3282 849.34845 1.8125651909898486 0.7453753447719642 2.0283944708983164 3.7518798783474048 5.786757573707966 39.619283185654716 1.3956243755103803 1
Cyclist 113 0 -1.7041805357521942 1133.9706 771.2371 1167.1292 846.4751 2.037814742539084 0.7410029357379778 1.975066500259566 5.728609588500028 6.572282887934687 45.347614802515594 -1.5785195732580652 1
bicycle_rack 111 2 -3.1187943472325985 804.46545 791.7121 878.53296 857.46277 1.4753372410523355 4.037833217817664 2.180554653226177 -3.6480067510512524 6.857261508585924 46.17089357086612 -3.197641508305076 1
motor 114 2 -2.8026344970464825 796.21185 804.5626 871.52765 855.6522 1.245430335921178 0.939319516687586 1.9051962363206971 -3.5753099891145896 6.3784487058078545 42.0310147069309 -2.8874938283979255 1
motor 116 2 -1.7232292599881018 1088.7933 770.09155 1137.4419 840.90424 1.8610888213990506 1.1255979850873923 2.354197833037688 4.596005190638168 6.390612591817101 45.448076068380146 -1.6224453787077586 1
Pedestrian 705 2 1.6771150011617664 1259.4526 773.33405 1298.2985 849.9164 1.7800307389249916 0.8648559283141966 0.8428764768723215 7.939573833358454 5.542221224654636 37.36804739382371 -4.396714006184574 1
rider 707 0 1.4160473714097153 1053.632 776.1996 1084.3369 845.8644 1.6968386869545737 0.6464438137080756 1.1047146437294524 2.8403629816608342 5.752667873039428 39.51012089721058 1.487813413635819 1
rider 708 0 1.3149964015974374 1085.2043 773.28894 1119.9055 838.03674 1.5636908563619065 0.6464438137080756 1.138001601377619 3.7298271081191636 5.54833198632819 39.542625534261354 1.409042364368442 1
rider 117 0 -1.704101278114558 1135.9082 773.09155 1164.5317 838.1335 1.8579231942260648 0.7410029357379778 0.960392178228226 5.731871947369009 6.405006219070422 45.40237946966107 -1.5785195732580652 1
rider 118 2 -1.7230918345480175 1090.941 771.65717 1134.2466 830.89276 1.6420344637149769 1.1255979850873923 1.3105496907023697 4.597475758384811 6.176818109464902 45.5251159053507 -1.6224453787077586 1
Cyclist 1966 2 1.2190167369343459 1306.0574 751.1006 1428.3765 920.14636 1.7244436693165353 0.7272653731978368 2.1254106409479663 4.837296037909452 3.3334187096053354 17.97484328681776 1.4819033176474745 1
rider 1967 2 1.2410961020303466 1320.5531 755.95337 1402.2308 899.0151 1.6059249880050879 0.7133550024266457 0.8591277761510618 4.823796380127684 3.229258723738968 18.070439979413994 1.501957440980385 1
bicycle_rack 112 2 -0.3340093825520692 1256.5286 764.5065 1500.9796 882.94916 1.3422283247735827 9.608069178919651 2.1187664378272415 8.908536879543005 4.904674233005723 33.291723704253656 -0.07254502886146796 1
Car 120 0 -0.013308273301137652 580.5481 786.4712 803.54846 879.60913 1.5252772210660888 1.922992096523858 4.3455961202415745 -5.481922949452728 4.972768340490509 30.552247807571913 -0.19084692453909757 1
moped_scooter 710 2 -1.367775954727343 1475.1506 778.963 1562.2004 875.2181 1.212210230465975 0.8589136364408153 2.2630659487011533 8.899270547724395 3.7883652630455025 23.819038448158498 -1.0102156443645534 1
truck 711 0 1.0791614476504636 79.66801 718.9542 382.3634 902.4148 3.101964993330931 2.5934080949677036 7.364717788808803 -15.622267889537977 5.3011467405155965 31.765987274789698 0.6221015329583355 1
