bicycle_rack 1402 1 2.6429008269609593 1271.3899 745.5856 1935.0 1215.0 1.424280899826971 3.1137122920823836 2.0879944380465263 2.73177097848141 2.048407094162951 6.100402681640591 -3.2192601260989573 1
bicycle_rack 709 1 2.785962015761948 1169.4176 762.52454 1687.3284 1096.6035 1.424280899826971 3.0775000553018406 2.0879944380465263 2.6598920872029237 2.4307820636873334 9.321495527928606 -3.2192601260989573 1
Cyclist 703 0 1.3953185430419688 1056.5166 789.38666 1104.0455 881.0493 1.8125651909898486 0.7453753447719642 2.0283944708983164 2.719612935093925 5.707912856250907 34.369196353742204 1.4742833780121893 1
Cyclist 704 0 1.3677193085762152 1097.3009 788.5359 1146.56 878.9537 1.8125651909898486 0.7453753447719642 2.0283944708983164 3.723423194365137 5.735819038508855 34.80833884539164 1.4742833780121902 1
bicycle_rack 111 2 -3.113673071855742 778.81885 806.2625 857.7714 877.4459 1.4753372410523355 4.037833217817664 2.180554653226177 -4.1242933050391555 7.029919859405052 43.71407259573555 -3.207741657255349 1
motor 114 2 -2.8003049609802617 774.32996 822.8532 855.8313 878.70325 1.245430335921178 0.939319516687586 1.9051962363206971 -3.7962138158240886 6.484969460098994 38.89623468707547 -2.8975953208989287 1
motor 116 1 -1.7194189878889523 1067.9127 788.518 1116.329 860.5372 1.8610888213990506 1.1255979850873923 2.354197833037688 3.9496021623593283 6.955371762283838 45.35101116598377 -1.6325485549796523 1
Pedestrian 705 0 1.4418699982512626 1259.1313 788.25696 1302.0094 871.37573 1.7800307389249916 0.8648559283141966 0.7555791275801202 7.2653896673722675 5.545177364478533 34.05593515003461 -4.6311292536813475 1
rider 707 0 1.3973870008453713 1063.8284 792.6943 1100.0295 873.72925 1.6968386869545737 0.6464438137080756 1.1047146437294524 2.7607987092414414 5.610143018914762 34.29653005171773 1.4777117024604491 1
rider 708 0 1.3708297896236425 1103.4093 790.87994 1140.6097 865.1191 1.5636908563619065 0.6464438137080756 1.138001601377619 3.729769060043604 5.48831810423572 34.763183888935274 1.4777117024604491 1
rider 117 2 -1.7443644965567735 1109.9628 787.8319 1139.638 853.3505 1.8579231942260648 0.7410029357379778 0.960392178228226 4.961340527601931 6.860627378888466 45.41296023353853 -1.6355466157852945 1
rider 118 1 -1.7190499759742588 1069.6898 790.7912 1112.8096 850.6875 1.6420344637149769 1.1255979850873923 1.3105496907023697 3.945813185062972 6.766039093007726 45.50175843119314 -1.6325485549796523 1
Cyclist 1966 2 1.118315023196179 1424.1156 752.2505 1617.0087 988.9848 1.7244436693165353 0.7272653731978368 2.1254106409479663 4.857070096705344 2.938555505947676 13.163343214693324 1.4718014611075918 1
rider 1967 2 1.1420626870822745 1448.3705 759.8258 1568.8718 956.3877 1.6059249880050879 0.7133550024266457 0.8591277761510618 4.852099200941748 2.847191050147282 13.30097072526783 1.491854745428332 1
Cyclist 113 2 -1.7415421857254554 1107.4048 785.70105 1142.7432 861.67004 2.037814742539084 0.7410029357379778 1.975066500259566 4.960621923020528 7.027310716706151 45.39316203489423 -1.6326928619544046 1
bicycle_rack 1965 2 2.277324006164852 1615.07 713.0225 1935.0 1215.0 1.3647504473768128 2.65199935501785 2.0879944380465263 2.8778138933901114 1.6089463738289116 2.7596835090584895 -3.199511802190074 1
bicycle_rack 112 1 -0.35316065029493443 1260.8612 779.2919 1532.1053 913.2477 1.3422283247735827 9.608069178919651 2.1187664378272415 8.62374276650019 5.0561326205284125 31.09753558751399 -0.08264557835691644 1
Car 120 0 -0.12510196122407377 581.64484 797.0492 826.4913 902.6719 1.5252772210660888 1.922992096523858 4.3455961202415745 -4.876034362056499 4.9521714659063 28.21500490534812 -0.29622877720798857 1
moped_scooter 710 2 -1.4067452645451424 1522.3848 789.7029 1613.9923 898.3913 1.212210230465975 0.8589136364408153 2.2630659487011533 8.737584479825848 3.709768632708128 21.47397771602327 -1.0203118742473298 1
truck 711 0 1.0768475016103656 0.0 724.04004 337.6125 931.5477 3.101964993330931 2.5934080949677036 7.364717788808803 -15.251986299260729 5.194139212731407 28.444257612717827 0.584656210028272 1
