bicycle_rack 709 1 2.646605446799232 1250.7166 745.7529 1935.0 1215.0 1.424280899826971 3.0775000553018406 2.0879944380465263 2.65622001314035 2.056604598476837 6.197848078269809 -3.231688154767848 1
Cyclist 703 0 1.3702506958755183 1070.0132 774.35046 1129.2667 883.37646 1.8125651909898486 0.7453753447719642 2.0283944708983164 2.6442539002371332 4.794206429195938 28.786138606982966 1.4618522114767991 1
Cyclist 704 0 1.3306738444434927 1127.8151 771.7149 1191.4961 881.2424 1.8125651909898486 0.7453753447719642 2.0283944708983164 3.7745151001361266 4.724204639851447 28.60867981260631 1.4618522114768004 1
bicycle_rack 111 2 -3.105761732142932 744.08813 798.4102 830.32 874.4812 1.4753372410523355 4.037833217817664 2.180554653226177 -4.67382175140666 6.438038438258981 40.67379702667735 -3.2201698292272702 1
motor 114 2 -2.793262739370079 741.3478 813.51135 829.78564 873.5391 1.245430335921178 0.939319516687586 1.9051962363206971 -4.216751062041313 5.8647999242241715 35.94968114744392 -2.910025128509005 1
motor 116 0 -1.7138565968504207 1040.9658 781.6911 1089.1166 853.6974 1.8610888213990506 1.1255979850873923 2.354197833037688 3.115487360951932 6.7235967889131665 45.16166394895099 -1.644980497250258 1
Pedestrian 705 0 1.3304708468909867 1266.1804 776.5724 1317.7917 869.59607 1.7800307389249916 0.8648559283141966 0.7555791275801202 6.687161492301011 4.889210381454157 30.26766617749542 1.5479120137968878 1
Pedestrian 706 1 -1.9659353814075886 400.74142 804.0387 437.37158 869.5073 1.9191137997937289 0.8673263713678983 0.7655976041263955 -17.244173777406623 7.6853781295955095 47.56099515658871 -2.313763936064522 1
rider 707 0 1.373148379575099 1077.5508 777.6345 1122.1427 874.34973 1.6968386869545737 0.6464438137080756 1.1047146437294524 2.648342247952358 4.683925399161095 28.663336150840934 1.4652815661795593 1
rider 708 0 1.3350215208904601 1134.0902 773.779 1181.1455 863.426 1.5636908563619065 0.6464438137080756 1.138001601377619 3.7568022176775835 4.478431049321927 28.677481750072467 1.4652815661795593 1
rider 117 2 -1.7722153407784507 1085.1063 778.6876 1115.3268 843.79956 1.8579231942260648 0.7410029357379778 0.960392178228226 4.235521347618316 6.604170269766699 45.63486044286603 -1.679667193218273 1
rider 118 0 -1.7138343883148748 1043.0787 783.64923 1086.3163 843.9063 1.6420344637149769 1.1255979850873923 1.3105496907023697 3.110949612840454 6.504588989754277 45.11047698059546 -1.644980497250258 1
Cyclist 1966 2 0.8652086972338864 1764.0562 702.2017 1935.0 1139.3518 1.7244436693165353 0.7272653731978368 2.1254106409479663 4.988377592270277 2.1628119057652313 7.383614617039131 1.4593711460734338 1
Cyclist 113 2 -1.7772658707653886 1081.5197 776.8887 1118.7043 852.1208 2.037814742539084 0.7410029357379778 1.975066500259566 4.2279577405229265 6.783099624570205 45.66592012280735 -1.684944530336388 1
bicycle_rack 1402 2 2.31714015168617 1491.0823 690.4325 1935.0 1215.0 1.424280899826971 3.1137122920823836 2.0879944380465263 2.79121822479409 1.6318385851451385 3.091752942873958 -3.231688154767848 1
bicycle_rack 112 1 -0.38725433652512664 1276.8721 762.07007 1599.582 907.85846 1.3422283247735827 9.608069178919651 2.1187664378272415 8.373958360696161 4.343788370478356 27.840007741285177 -0.09507416654507694 1
Car 120 1 -0.26511980721719564 570.61536 787.14606 847.27527 906.4557 1.5252772210660888 1.922992096523858 4.3455961202415745 -4.341532876159874 4.5126006376596415 25.751215431540675 -0.43214436552058455 1
moped_scooter 710 1 -1.4613950114831467 1594.547 782.29474 1690.9994 906.5771 1.212210230465975 0.8589136364408153 2.2630659487011533 8.590058405488378 3.315995132142912 18.796630341886313 -1.0327352269121242 1
truck 711 1 1.069886184949195 0.0 705.7174 306.46814 940.7212 3.101964993330931 2.5934080949677036 7.364717788808803 -14.343460986493687 4.607586529538951 24.838252694591695 0.5461941376718098 1
