bicycle_rack 709 1 2.625296733539055 1256.586 741.8 1935.0 1215.0 1.424280899826971 3.0775000553018406 2.0879944380465263 2.6095167216697335 2.0043937795344653 5.791920754463609 -3.2345821223917453 1
Cyclist 703 0 1.36359925069079 1074.1771 772.9584 1136.6312 886.68286 1.8125651909898486 0.7453753447719642 2.0283944708983164 2.6415419814177588 4.650778552592794 27.617224566941623 1.4589575090658484 1
Cyclist 704 0 1.3246852350287948 1131.1216 770.48145 1197.7898 884.1555 1.8125651909898486 0.7453753447719642 2.0283944708983164 3.7260840194064304 4.599989446161112 27.583240904875453 1.4589575090658493 1
bicycle_rack 111 2 -3.1037799039761738 735.73676 798.22864 823.7176 875.6081 1.4753372410523355 4.037833217817664 2.180554653226177 -4.797276302441643 6.358115934627053 40.02636409531367 -3.2230638276903605 1
motor 114 2 -2.7909778257156783 732.62744 813.60486 822.7625 874.7263 1.245430335921178 0.939319516687586 1.9051962363206971 -4.326440350210812 5.785256413840711 35.303554049204756 -2.9129195050241954 1
motor 116 0 -1.7134109394695451 1035.8246 781.31 1084.2334 853.7697 1.8610888213990506 1.1255979850873923 2.354197833037688 2.9455244368082547 6.6825727309955605 44.88107470101724 -1.64787538070163 1
Pedestrian 705 0 1.3210853390161355 1269.7393 775.4359 1323.0123 870.9756 1.7800307389249916 0.8648559283141966 0.7555791275801202 6.600056398307262 4.78722092636375 29.483136149435154 1.5413132061783088 1
Pedestrian 706 2 -1.9584715898189233 382.86194 803.8577 420.06134 870.2697 1.9191137997937289 0.8673263713678983 0.7655976041263955 -17.553110111280223 7.599453061684402 46.89149955679824 -2.3166587565535606 1
rider 707 0 1.3654751452455371 1083.6057 776.3068 1130.5875 877.3346 1.6968386869545737 0.6464438137080756 1.1047146437294524 2.668822750291824 4.535429493472816 27.452364241407594 1.4623871037465332 1
rider 708 0 1.3276357662305505 1139.8538 772.2335 1189.1279 865.3359 1.5636908563619065 0.6464438137080756 1.138001601377619 3.7443406800742363 4.343929430403536 27.61865015143441 1.4623871037465332 1
rider 117 1 -1.7718413545228962 1080.1006 781.0289 1110.4756 846.5803 1.8579231942260648 0.7410029357379778 0.960392178228226 4.061788289626413 6.649342754451194 45.37454453090131 -1.6825624253247948 1
rider 118 0 -1.7128535123465345 1037.211 782.4898 1080.5413 842.9227 1.6420344637149769 1.1255979850873923 1.3105496907023697 2.92578505824297 6.453781706801935 44.963838082788826 -1.64787538070163 1
Cyclist 113 1 -1.7771356644353271 1076.8197 779.46954 1114.2914 855.4582 2.037814742539084 0.7410029357379778 1.975066500259566 4.055414182751156 6.825378351228365 45.294683380242375 -1.687839765151515 1
bicycle_rack 1402 2 2.2450317049552133 1530.9999 677.812 1935.0 1215.0 1.424280899826971 3.1137122920823836 2.0879944380465263 2.746730251725222 1.5762823895234448 2.6486671907284816 -3.2345821223917453 1
bicycle_rack 112 1 -0.3914086007914716 1275.4374 761.3648 1607.9999 910.9062 1.3422283247735827 9.608069178919651 2.1187664378272415 8.225681224333664 4.272172681094769 27.222628974867163 -0.0979682497816754 1
Car 120 1 -0.28524658474917997 568.0759 785.53876 850.72394 907.59265 1.5252772210660888 1.922992096523858 4.3455961202415745 -4.24921633475988 4.435260764808043 25.276210474288234 -0.4518005109463472 1
moped_scooter 710 1 -1.4731063927604353 1609.1167 782.1849 1708.142 912.64386 1.212210230465975 0.8589136364408153 2.2630659487011533 8.4014420915392 3.226930422450864 17.963177360881772 -1.0356281036890205 1
truck 711 1 1.076238052610945 0.0 700.48584 295.05826 942.9404 3.101964993330931 2.5934080949677036 7.364717788808803 -14.172124867552554 4.46869968314546 24.025787807303118 0.5432993481878574 1
