Cyclist 703 0 1.2229547350452203 1229.6439 734.91077 1375.1665 950.10046 1.8125651909898486 0.7453753447719642 2.0283944708983164 3.3126018097653454 2.9733971591043025 14.72644227149508 1.4442143872235946 1
Cyclist 704 0 1.1730889857316829 1305.9663 731.3774 1457.5736 939.7285 1.8125651909898486 0.7453753447719642 2.0283944708983164 4.208330877612419 2.965525101349526 15.139508320934413 1.4442143872235955 1
Cyclist 113 0 -1.7631611372410931 1034.0798 774.507 1070.6144 850.23584 2.037814742539084 0.7410029357379778 1.975066500259566 2.749268044098781 6.675596438024953 45.33025366668226 -1.7025855992383572 1
bicycle_rack 111 2 -3.0808774005430903 667.16095 792.36694 775.4065 883.7641 1.4753372410523355 4.037833217817664 2.180554653226177 -5.380118605289836 5.5199085038882885 34.00255738448822 -3.237803326032391 1
bicycle_rack 112 1 -0.466418214599144 1322.0382 743.23505 1812.4598 937.1308 1.3422283247735827 9.608069178919651 2.1187664378272415 7.834224040291174 3.4083546371381783 21.21723564726931 -0.11270810865950764 1
motor 114 2 -2.7636856472221187 658.5483 810.0997 768.1527 883.725 1.245430335921178 0.939319516687586 1.9051962363206971 -4.845468368727336 4.954024183105137 29.284674067981094 -2.927660912083754 1
motor 115 2 -2.747593275398514 616.72437 795.4739 761.00385 889.12225 1.4530845156411005 0.939319516687586 2.3320177396042676 -4.814354132703435 4.554752094633798 26.485761596267178 -2.9274014961321386 1
motor 116 0 -1.699369340750557 993.16394 777.46704 1040.5311 849.8526 1.8610888213990506 1.1255979850873923 2.354197833037688 1.6483192707386007 6.559814598157574 44.832136509689896 -1.66261942689559 1
Pedestrian 706 0 -2.0498081469742377 225.14427 800.6714 272.80478 876.383 1.9191137997937289 0.8328263817588862 0.9844303096723245 -19.7452350381766 6.865761980903738 41.45628087433391 -2.4943089339018027 1
rider 707 0 1.2277571410910117 1246.2274 738.7886 1348.3212 927.6638 1.6968386869545737 0.6464438137080756 1.1047146437294524 3.292635449337061 2.8635795609232346 14.732025056901639 1.4476452044733104 1
rider 708 0 1.1810584051358775 1318.8177 735.4836 1424.1559 905.07446 1.5636908563619065 0.6464438137080756 1.138001601377619 4.145846366576038 2.731027989664711 15.181414921772626 1.4476452044733104 1
rider 117 0 -1.757879812053547 1037.1381 776.50684 1067.078 841.9896 1.8579231942260648 0.7410029357379778 0.960392178228226 2.7518532585455637 6.511170463402476 45.375861571447665 -1.6973082459897304 1
rider 118 0 -1.6993243810112912 995.07227 779.1697 1037.877 839.63684 1.6420344637149769 1.1255979850873923 1.3105496907023697 1.6490763155687245 6.347388540778403 44.907716521029776 -1.66261942689559 1
Car 120 1 -0.9018165443399057 677.2659 769.23956 964.5022 919.3616 1.5252772210660888 1.922992096523858 4.3455961202415745 -1.945824892008725 3.879413051396991 22.045944081990463 -0.9898506773245359 1
Pedestrian 705 1 0.6657446882951344 1369.6572 748.4641 1442.4896 881.413 1.7800307389249916 0.7251801694466907 0.7032007180048157 6.375638596408959 3.592764811480852 21.44192555263324 0.9547634656457529 1
truck 711 1 1.1564048766664146 0.0 639.2184 225.74635 1012.9435 3.101964993330931 2.5934080949677036 7.364717788808803 -11.140697348723995 3.280493123346983 15.641666201557673 0.5375080298514772 1
