Cyclist 703 0 0.9542247618256463 1529.0787 667.4644 1935.0 1131.014 1.8125651909898486 0.7453753447719642 2.0283944708983164 3.5756608442595574 2.0448110277532336 7.100487239657809 1.4207319845481465 1
bicycle 109 2 3.1125783258803965 654.80804 809.22107 734.1267 865.327 1.254500587521122 0.6220899660277376 1.9268067988807855 -6.645454638112358 5.9053864385255945 37.232404489269825 -3.347232831227107 1
Cyclist 113 0 -1.7521993971546337 982.80084 777.99457 1018.6323 853.94025 2.037814742539084 0.7410029357379778 1.975066500259566 1.1844747634619686 6.783695169726198 45.3248314485058 -1.7260723229575254 1
bicycle_rack 110 2 -3.0953868036380907 665.30304 806.03564 751.3871 869.28595 1.2241943646757596 1.6838549409524628 1.929354313167367 -5.951033097960551 5.621077199778467 35.34829616202191 -3.262176926542619 1
bicycle_rack 111 2 -3.058456559213106 585.207 791.334 713.16766 895.714 1.4753372410523355 4.037833217817664 2.180554653226177 -6.18590604809027 5.060624219392955 30.079629103743038 -3.2612798288594127 1
motor 114 2 -2.7364422884015243 570.49274 810.3809 698.4358 895.2902 1.245430335921178 0.939319516687586 1.9051962363206971 -5.534213754686473 4.472842615488899 25.379439260031155 -2.9511403961887983 1
motor 115 2 -2.7186905841866036 521.54156 797.371 691.9687 906.9849 1.4530845156411005 0.939319516687586 2.3320177396042676 -5.3565626204672725 4.144419316672977 22.653427645222465 -2.9508828891607255 1
motor 116 0 -1.6862906718774595 939.0015 778.5156 985.2397 850.831 1.8610888213990506 1.1255979850873923 2.354197833037688 0.008424549112945823 6.606699634049667 44.963899258312566 -1.6861033093676832 1
Pedestrian 706 0 -1.8048873058538455 75.02318 803.362 122.55792 886.97784 1.9191137997937289 0.8328263817588862 0.9844303096723245 -21.752551681509946 6.496773907599243 37.71505961141735 -2.32804354296458 1
rider 707 0 0.973691614602961 1560.3096 671.811 1827.2018 1062.7054 1.6968386869545737 0.6464438137080756 1.1047146437294524 3.4956705906777734 1.9422110086231037 7.2278548566684355 1.424164749690806 1
rider 708 1 0.8976706438232117 1697.8273 686.71655 1935.0 1041.9094 1.5636908563619065 0.6464438137080756 1.138001601377619 4.304558202073559 1.8950707176027055 7.406109657221062 1.424164749690806 1
rider 117 0 -1.747253286985198 986.1612 779.99347 1015.8118 845.7046 1.8579231942260648 0.7410029357379778 0.960392178228226 1.1992637794182093 6.612696405029201 45.31592081645081 -1.7207949496259585 1
rider 118 0 -1.6866858938301805 941.28534 780.5124 983.5535 841.094 1.6420344637149769 1.1255979850873923 1.3105496907023697 0.026173385486618454 6.391481002224168 44.92633121951435 -1.6861033093676832 1
Cyclist 704 1 0.9058491749919685 1621.2653 668.018 1935.0 1100.4858 1.8125651909898486 0.7453753447719642 2.0283944708983164 4.264583134836485 2.060430750401793 7.5374373400453685 1.4207319845481474 1
bicycle_rack 112 1 -0.5305519133040597 1339.9897 732.7946 1935.0 973.8556 1.3422283247735827 9.608069178919651 2.1187664378272415 7.332751240704464 2.967273547880697 17.619649071958552 -0.1361849397469299 1
Car 120 0 -1.2618699008890721 734.5011 772.0956 956.27185 927.2078 1.5252772210660888 1.922992096523858 4.3455961202415745 -1.5248968867926491 3.8698887082940425 21.48172190803211 -1.332736812780304 1
Pedestrian 705 1 0.9014794670758162 1477.409 735.8605 1579.1416 905.84155 1.7800307389249916 0.6728017598713723 0.8777954165892006 6.381531136100843 3.0696206150772403 16.8596643437356 1.2633227818415689 1
Pedestrian 121 1 3.030930801724316 1084.9823 789.9872 1106.8118 841.9417 1.6864757158459227 0.7013850980880335 0.6706020684397003 4.604292637170885 7.375314811572011 51.17435286048907 -3.162523451917899 1
