Cyclist 703 0 1.15127150002424 1308.1445 721.24457 1508.8276 992.9049 1.8125651909898486 0.7453753447719642 2.0283944708983164 3.459010467077257 2.639554815907278 11.781174755841716 1.436850939809693 1
Cyclist 704 1 1.1089706298750617 1376.0236 717.18536 1579.801 976.62915 1.8125651909898486 0.7453753447719642 2.0283944708983164 4.168038887288242 2.633844970756475 12.253236428651284 1.4368509398096938 1
Cyclist 113 0 -1.7593418656361581 1017.4332 777.27484 1053.6997 853.10736 2.037814742539084 0.7410029357379778 1.975066500259566 2.241893117705236 6.763928599032042 45.35337871780361 -1.7099504015551013 1
bicycle_rack 110 2 -3.10755823787706 712.26526 806.90533 791.39606 865.65686 1.2241943646757596 1.6838549409524628 1.929354313167367 -5.284525113186177 5.952277258164198 37.91005836870351 -3.246062119339225 1
bicycle_rack 111 2 -3.0736861533183375 641.2467 791.6376 755.8662 887.3142 1.4753372410523355 4.037833217817664 2.180554653226177 -5.641012236963501 5.343648670207107 32.57319679598541 -3.2451649401543277 1
bicycle_rack 112 1 -0.49042917185271007 1331.9944 742.9542 1880.5499 955.3564 1.3422283247735827 9.608069178919651 2.1187664378272415 7.683853296323293 3.2910384186006167 19.78963849111251 -0.12006985824867833 1
motor 114 2 -2.754958562736498 630.6876 810.208 746.3005 887.59607 1.245430335921178 0.939319516687586 1.9051962363206971 -5.0714082937218805 4.778805099815529 27.85928052353733 -2.9350234689109898 1
motor 115 2 -2.7343693691205164 579.7239 798.28534 733.9319 898.20435 1.4530845156411005 0.939319516687586 2.3320177396042676 -5.052328845452179 4.418043797954297 24.87341904011892 -2.9347646643310883 1
motor 116 0 -1.6957005081673242 976.79285 779.0091 1023.8583 851.4837 1.8610888213990506 1.1255979850873923 2.354197833037688 1.153617112295821 6.609277369228818 44.84796505591689 -1.669983337366927 1
Pedestrian 705 2 0.6280342684339335 1422.8031 739.18713 1488.8538 882.6028 1.7800307389249916 0.6728017598713723 0.528606019420432 6.490407279054088 3.3114572186777815 19.627304752505157 0.9473972279726168 1
Pedestrian 706 0 -2.0292956598507907 172.38261 804.1729 221.86465 882.51886 1.9191137997937289 0.8328263817588862 0.9844303096723245 -20.506771579238652 6.805641800619441 40.1338383228887 -2.5016724904615275 1
rider 707 0 1.1611641373701833 1325.3378 730.0867 1460.1145 964.49927 1.6968386869545737 0.6464438137080756 1.1047146437294524 3.4232124044180035 2.578472323849743 11.94422106922542 1.4402823678201617 1
rider 708 0 1.115327983341994 1398.3634 723.6085 1537.7543 934.50665 1.5636908563619065 0.6464438137080756 1.138001601377619 4.130957100104847 2.4130793652204945 12.261781969388194 1.4402823678201617 1
rider 117 0 -1.7538575482976635 1020.1148 779.4895 1049.9369 845.07837 1.8579231942260648 0.7410029357379778 0.960392178228226 2.232993977381147 6.60169281808667 45.36373797186758 -1.704673041837343 1
rider 118 0 -1.6958654484327458 978.9536 781.06335 1021.5862 841.58716 1.6420344637149769 1.1255979850873923 1.3105496907023697 1.1632194393228446 6.40816261622677 44.93295327396922 -1.669983337366927 1
Car 120 0 -1.0649440882696002 705.96295 773.1918 968.86664 927.50946 1.5252772210660888 1.922992096523858 4.3455961202415745 -1.6607252559668497 3.9150305974153605 21.723298579445682 -1.141244710996817 1
truck 711 1 1.193821928429809 0.0 627.348 183.37698 1063.3778 3.101964993330931 2.5934080949677036 7.364717788808803 -10.537929996431465 3.1292969027121043 13.67090137399029 0.53712285783282 1
