Cyclist 703 0 1.013357981151178 1460.8617 678.7348 1806.029 1075.762 1.8125651909898486 0.7453753447719642 2.0283944708983164 3.563502353994934 2.1448406785882956 8.17185587147757 1.424567650118263 1
bicycle_rack 110 2 -3.1000517240296186 679.545 805.9715 763.3672 867.7984 1.2241943646757596 1.6838549409524628 1.929354313167367 -5.764985254851569 5.712026603908273 36.1155892039803 -3.258342252105528 1
bicycle 109 2 3.1050565634973424 672.9378 809.0002 750.97644 864.1332 1.254500587521122 0.6220899660277376 1.9268067988807855 -6.313137616764203 5.975506135259161 37.850634693701245 -3.3433981964187 1
Cyclist 113 0 -1.753588412234557 990.6524 778.23474 1026.4197 853.855 2.037814742539084 0.7410029357379778 1.975066500259566 1.4275633687888052 6.810842427904917 45.51781754833825 -1.7222359515694152 1
bicycle_rack 111 2 -3.0630387792076235 600.5642 788.198 724.5029 889.518 1.4753372410523355 4.037833217817664 2.180554653226177 -6.059928370303783 5.0689511500594095 30.777762293640478 -3.2574451375261293 1
motor 114 2 -2.7420117278548437 587.07324 810.3139 711.3574 892.9849 1.245430335921178 0.939319516687586 1.9051962363206971 -5.427633248053105 4.557196068262229 26.06594127520848 -2.9473052229009973 1
motor 115 2 -2.7281436519261226 545.5916 797.7288 709.9129 903.6969 1.4530845156411005 0.939319516687586 2.3320177396042676 -5.212710764426772 4.24036165761186 23.43121547983938 -2.947047412194952 1
motor 116 0 -1.6890475645466216 948.8462 778.75165 995.1131 850.78656 1.8610888213990506 1.1255979850873923 2.354197833037688 0.30601829027106275 6.631289923171918 45.13366389216739 -1.6822674014801975 1
Pedestrian 706 0 -1.9414717528252532 99.143585 803.59186 149.68832 885.5701 1.9191137997937289 0.8328263817588862 0.9844303096723245 -21.493572158502914 6.5845270450805415 38.40940395743811 -2.4516489674586133 1
rider 707 0 1.0306163771068575 1485.8119 688.20337 1705.2651 1026.0372 1.6968386869545737 0.6464438137080756 1.1047146437294524 3.494599820557406 2.0744010867438814 8.326171887480417 1.4280000970716302 1
rider 708 0 0.9646864568206759 1599.4841 701.4661 1831.3278 1008.2141 1.5636908563619065 0.6464438137080756 1.138001601377619 4.264791041105536 2.031975487595492 8.536708377057463 1.4280000970716302 1
rider 117 0 -1.748230166836198 993.4364 780.362 1022.943 845.6815 1.8579231942260648 0.7410029357379778 0.960392178228226 1.4259440156363568 6.651728999700125 45.58384712237066 -1.7169585814091073 1
rider 118 0 -1.6891630470543795 950.73254 780.64746 992.9893 841.05963 1.6420344637149769 1.1255979850873923 1.3105496907023697 0.3105989062596247 6.407460712710333 45.04204572545239 -1.6822674014801975 1
Cyclist 704 1 0.9716326551780787 1537.4219 680.75214 1877.9034 1050.9933 1.8125651909898486 0.7453753447719642 2.0283944708983164 4.233179501355313 2.1769451388218535 8.698074515637375 1.4245676501182634 1
bicycle_rack 112 1 -0.5216022124918932 1339.1396 729.0639 1935.0 958.4006 1.3422283247735827 9.608069178919651 2.1187664378272415 7.427239656430348 2.9449407995692822 18.107234107409294 -0.1323502154526064 1
Car 120 0 -1.2096228544274785 733.78143 770.74786 965.3204 923.94586 1.5252772210660888 1.922992096523858 4.3455961202415745 -1.484348176996612 3.8752168444418573 21.736821520171137 -1.2778042747427691 1
Pedestrian 705 1 0.7624584767774112 1439.3524 732.6582 1538.3053 895.3995 1.7800307389249916 0.6728017598713723 0.8777954165892006 6.208131889813287 3.0889345072304715 17.62067350987096 1.1011994321441683 1
truck 711 2 1.247222049604412 0.0 574.4197 109.14684 1132.1827 3.101964993330931 2.5934080949677036 7.364717788808803 -9.84615060222269 2.8212441701618847 11.29831063639611 0.5303942477931076 1
