Cyclist 703 0 1.089117135586981 1376.0824 702.3791 1634.9702 1027.298 1.8125651909898486 0.7453753447719642 2.0283944708983164 3.5214667514181706 2.3803647709019375 9.902562800251795 1.4307824291470301 1
bicycle 109 2 3.097524518530768 694.756 809.21106 771.3227 863.2404 1.254500587521122 0.6220899660277376 1.9268067988807855 -5.890153651435187 6.069480890414611 38.57471113414246 -3.337185084779281 1
Cyclist 113 0 -1.7566052868207418 1004.32184 777.0609 1040.4127 852.8995 2.037814742539084 0.7410029357379778 1.975066500259566 1.8415908153492024 6.757184694811555 45.35093937281063 -1.7160200289134586 1
bicycle_rack 110 2 -3.1036156002026956 695.67236 806.77936 777.29816 867.1966 1.2241943646757596 1.6838549409524628 1.929354313167367 -5.524364252855735 5.829699769298401 36.923847307442024 -3.252129073622226 1
bicycle_rack 111 2 -3.0681455756674416 620.5863 791.0743 740.1114 889.95624 1.4753372410523355 4.037833217817664 2.180554653226177 -5.848252466656967 5.2213428747591015 31.584879032470415 -3.2512319283546747 1
motor 114 2 -2.7481727256208437 608.4319 810.2756 728.62946 890.48645 1.245430335921178 0.939319516687586 1.9051962363206971 -5.249864890506569 4.657379771352695 26.874424191870784 -2.9410912286589346 1
motor 115 2 -2.7304292286046485 560.9123 798.257 721.34955 901.9956 1.4530845156411005 0.939319516687586 2.3320177396042676 -5.116016848296253 4.3103990459786665 23.95536987181711 -2.940832919165801 1
motor 116 0 -1.6928688818901327 963.60846 778.82446 1010.39685 851.2164 1.8610888213990506 1.1255979850873923 2.354197833037688 0.7552321553051692 6.609789450846586 44.90554840425828 -1.6760522303261713 1
Pedestrian 705 2 0.607550796429877 1432.8173 734.4062 1527.6378 889.96674 1.7800307389249916 0.6728017598713723 0.8777954165892006 6.395208541073626 3.171082547016738 18.443338940818876 0.941326432935564 1
Pedestrian 706 0 -2.0154265015237183 133.69269 803.93207 184.56134 884.1403 1.9191137997937289 0.8328263817588862 0.9844303096723245 -21.029736829152625 6.688117067935686 39.207891062969345 -2.507741077560537 1
rider 707 0 1.0974046236603823 1403.3108 706.394 1575.188 987.1607 1.6968386869545737 0.6464438137080756 1.1047146437294524 3.49186715059377 2.2725236737965666 9.972448008209637 1.4342143605526374 1
rider 708 0 1.0496606378549909 1482.4686 709.5912 1659.4442 961.43695 1.5636908563619065 0.6464438137080756 1.138001601377619 4.169125052085134 2.1815406546264695 10.301701711672761 1.4342143605526374 1
rider 117 0 -1.7511823564444435 1007.0593 779.2845 1036.7816 844.8471 1.8579231942260648 0.7410029357379778 0.960392178228226 1.8365125503502961 6.598183713012883 45.388854473288745 -1.7107426639819974 1
rider 118 0 -1.6933661209471556 966.1854 780.8042 1008.71014 841.34015 1.6420344637149769 1.1255979850873923 1.3105496907023697 0.7781028566562013 6.4009332043783385 44.93646871712234 -1.6760522303261713 1
Cyclist 704 1 1.0457230058054878 1448.6603 699.7929 1710.1648 1008.7607 1.8125651909898486 0.7453753447719642 2.0283944708983164 4.191354026549549 2.383400002175546 10.34158639014409 1.4307824291470306 1
bicycle_rack 112 1 -0.5063772655679604 1336.007 733.279 1926.9386 952.7108 1.3422283247735827 9.608069178919651 2.1187664378272415 7.5486934123579 3.066062294815719 18.886303465647597 -0.12613693575190998 1
Car 120 0 -1.1270971984828582 718.3118 771.443 969.3157 925.886 1.5252772210660888 1.922992096523858 4.3455961202415745 -1.5596830092676284 3.879203448626777 21.647460026261204 -1.1990221523806097 1
truck 711 2 1.2242320766430033 0.0 603.45184 142.60402 1094.7516 3.101964993330931 2.5934080949677036 7.364717788808803 -10.21677449004143 2.9665712609890758 12.439042630139468 0.5366093304455162 1
