Cyclist 703 0 1.1243693835580337 1338.337 712.27954 1562.9352 1006.11304 1.8125651909898486 0.7453753447719642 2.0283944708983164 3.497839717953189 2.511623745210478 10.908186617580967 1.4346726192886008 1
bicycle_rack 112 1 -0.49716484592731 1334.3402 737.5283 1900.668 952.0353 1.3422283247735827 9.608069178919651 2.1187664378272415 7.633672301617816 3.172044399789476 19.397896901198855 -0.12224766784889907 1
Cyclist 704 1 1.079496667251756 1411.4596 710.5525 1639.5935 990.9956 1.8125651909898486 0.7453753447719642 2.0283944708983164 4.215571759549917 2.5240085335366347 11.365628975941982 1.4346726192886003 1
bicycle 109 2 3.0952547518620803 704.7397 809.26263 780.1726 862.46155 1.254500587521122 0.6220899660277376 1.9268067988807855 -5.730414221748288 6.14042553294861 39.14270294912058 -3.333295936592956 1
Cyclist 113 0 -1.7579663953969291 1012.17395 777.2303 1048.2996 852.952 2.037814742539084 0.7410029357379778 1.975066500259566 2.083366242108032 6.769335866034602 45.41952074288119 -1.712129122914979 1
bicycle_rack 110 2 -3.105942040776872 705.9347 806.8639 786.1006 866.30963 1.2241943646757596 1.6838549409524628 1.929354313167367 -5.371112389698587 5.900373187092351 37.490454361901264 -3.248239881937033 1
bicycle_rack 111 2 -3.0714078050295694 633.24725 791.4129 749.88934 888.42426 1.4753372410523355 4.037833217817664 2.180554653226177 -5.715899424518438 5.291839382002234 32.152813986078314 -3.2473427153760657 1
motor 114 2 -2.752172605461123 622.0403 810.2437 739.5502 888.81396 1.245430335921178 0.939319516687586 1.9051962363206971 -5.135960993997153 4.727309496922402 27.440120254482153 -2.937201521644232 1
motor 115 2 -2.731674703643129 570.5125 798.38104 727.87976 900.27155 1.4530845156411005 0.939319516687586 2.3320177396042676 -5.079458556922119 4.364141411321148 24.396942628537367 -2.9369428956908 1
motor 116 0 -1.6943125045679042 971.55536 778.97797 1018.41327 851.2983 1.8610888213990506 1.1255979850873923 2.354197833037688 0.99572746236907 6.618418811057086 44.945043567589764 -1.6721617950461063 1
Pedestrian 705 2 0.6254769932919717 1416.96 738.3705 1496.255 886.8149 1.7800307389249916 0.6728017598713723 0.7032007180048147 6.341072903967384 3.2697928775868546 19.15141312798479 0.9452180858811845 1
Pedestrian 706 0 -2.0227906420275126 155.67075 804.1023 205.67488 883.1513 1.9191137997937289 0.8328263817588862 0.9844303096723245 -20.763307889817593 6.7612241783366 39.77956582208463 -2.503850839823011 1
rider 707 0 1.1358720756400384 1356.4607 724.7792 1505.3907 977.8052 1.6968386869545737 0.6464438137080756 1.1047146437294524 3.456175772503813 2.476648161333315 11.085171878703541 1.4381042279917926 1
rider 708 0 1.0850948640888753 1438.2336 717.5102 1593.4269 945.62994 1.5636908563619065 0.6464438137080756 1.138001601377619 4.181976490129175 2.3041978169771618 11.35041506706946 1.4381042279917926 1
rider 117 0 -1.7525123003429794 1014.8787 779.44476 1044.6074 844.9213 1.8579231942260648 0.7410029357379778 0.960392178228226 2.0764256503609695 6.608647702114676 45.44366881653624 -1.706851761313482 1
rider 118 0 -1.6945450611481239 973.79126 781.03094 1016.2731 841.424 1.6420344637149769 1.1255979850873923 1.3105496907023697 1.0081909035869627 6.417905915460718 45.03464873825855 -1.6721617950461063 1
Car 120 0 -1.086988626404093 714.2173 772.3997 972.33167 926.31744 1.5252772210660888 1.922992096523858 4.3455961202415745 -1.5774429538181995 3.904878545538196 21.74961474675228 -1.1593892536459742 1
truck 711 2 1.2070565749381736 0.0 622.5667 172.64262 1079.5962 3.101964993330931 2.5934080949677036 7.364717788808803 -10.349967992791933 3.0861559893914503 13.156765049122033 0.5404997191944534 1
