bicycle 109 2 3.118397974739572 617.8478 821.0167 703.54663 882.0043 1.254500587521122 0.6220899660277376 1.9268067988807855 -6.953559801292993 5.858304420263542 34.589947570873235 -3.363171486606787 1
bicycle_rack 112 1 -0.5758756428520831 1351.1251 730.584 1935.0 1015.2457 1.3422283247735827 9.608069178919651 2.1187664378272415 7.039436513553603 2.792056130172214 15.605734302970419 -0.15212385057880873 1
Pedestrian 705 0 1.0091756618525167 1574.113 728.06354 1697.6787 929.38196 1.7800307389249916 0.6728017598713723 0.9476332960229561 6.418650888374969 2.799865913535187 14.267228905522536 1.4319362005743979 1
Cyclist 113 0 -1.6839398693549137 949.91284 785.1047 981.3408 860.7068 2.037814742539084 0.7410029357379778 1.975066500259566 0.12307756799846917 7.0393908253658815 45.66486819997148 -1.681244640509909 1
bicycle_rack 110 2 -3.082911814622371 617.1207 819.5231 711.28046 888.81537 1.2241943646757596 1.6838549409524628 1.929354313167367 -6.487078856491591 5.61976630279684 32.809141553365365 -3.2781157333227577 1
bicycle_rack 111 2 -3.0418299410104206 525.7193 805.3539 668.4916 921.2717 1.4753372410523355 4.037833217817664 2.180554653226177 -6.683841763902007 5.097401059770131 27.868526467037317 -3.277218689143263 1
motor 114 2 -2.715919079477333 505.99323 822.1427 647.326 915.64734 1.245430335921178 0.939319516687586 1.9051962363206971 -5.951614523715752 4.387706571769107 23.195921009493695 -2.9670812384037935 1
motor 115 1 -2.688490501171711 436.42725 812.70624 628.98285 936.3559 1.4530845156411005 0.939319516687586 2.3320177396042676 -5.789424820799819 4.081047986910437 20.260317751170103 -2.9668249594329206 1
motor 116 0 -1.6654591249457336 900.08417 792.3597 944.81323 865.50714 1.8610888213990506 1.1255979850873923 2.354197833037688 -1.183322257213302 7.032737780663748 44.94693553127806 -1.6917801402428303 1
rider 117 0 -1.6901729025085932 951.17456 787.68634 978.9904 852.9199 1.8579231942260648 0.7410029357379778 0.960392178228226 0.11241905275849565 6.890195345508745 45.70867578545133 -1.6877134388694968 1
rider 118 0 -1.6755714959422654 901.05756 793.9231 942.8158 854.8769 1.6420344637149769 1.1255979850873923 1.3105496907023697 -1.192249578390264 6.812360526692473 45.02119236688502 -1.702047271614927 1
Pedestrian 706 2 -1.5646988065391736 0.0 813.1211 16.427042 901.5457 1.9191137997937289 0.8328263817588862 0.8714882953249178 -22.964701896276196 6.469876323608178 35.565047935741575 -2.1380521923297753 1
Car 119 1 -1.5710231132274672 670.7183 796.8713 731.6364 869.91223 1.841439766635568 1.9362541254630208 4.136922758313935 -8.742512444897603 7.877445915194283 50.28422651907846 -1.7431643100555594 1
Car 120 0 -1.426387092790286 743.1302 786.454 919.5126 940.50824 1.5252772210660888 1.922992096523858 4.3455961202415745 -1.7623938458819128 4.111679316112767 21.711771071473358 -1.5073817893056911 1
Pedestrian 121 1 3.019602794411635 1077.4392 800.6423 1100.4691 855.18164 1.6864757158459227 0.7013850980880335 0.6706020684397003 4.176206364833789 7.480998098258858 48.94419535743654 -3.1784628082957154 1
