bicycle 109 2 3.126112729629537 579.05194 806.9044 670.7169 871.55975 1.254500587521122 0.6220899660277376 1.9268067988807855 -7.312737290340322 5.276561724808164 32.51890052918574 -3.3782694898253762 1
bicycle_rack 110 2 -3.058702018024692 550.1938 803.3755 654.44464 877.3505 1.2241943646757596 1.6838549409524628 1.929354313167367 -7.273591189712345 4.97445292136341 30.445203447652425 -3.2932138601347347 1
bicycle_rack 112 1 -0.6361478793218257 1373.1208 714.1426 1935.0 1053.6741 1.3422283247735827 9.608069178919651 2.1187664378272415 6.792790817144911 2.4356218942138543 13.408179208317568 -0.1672219225353755 1
Cyclist 113 0 -1.658328614765612 922.20306 767.26764 951.9342 841.7469 2.037814742539084 0.7410029357379778 1.975066500259566 -0.7512914434744188 6.499043882979157 45.83997867976919 -1.6747165845445107 1
bicycle_rack 111 1 -3.020692219789469 456.76855 785.90436 619.05664 909.98016 1.4753372410523355 4.037833217817664 2.180554653226177 -7.115045528557099 4.4583620709749505 25.547007383586593 -3.2923168417611253 1
motor 114 1 -2.6880025178793847 427.4496 808.3083 586.5505 911.413 1.245430335921178 0.939319516687586 1.9051962363206971 -6.322010330716806 3.8800689238323978 20.866832788192664 -2.9821812363034574 1
motor 115 1 -2.6530517851625466 339.07025 792.6605 559.3473 930.94244 1.4530845156411005 0.939319516687586 2.3320177396042676 -6.121848304873343 3.5382807949593014 17.938558943895465 -2.9819260695914114 1
motor 116 0 -1.630088865843025 872.782 770.07043 914.6431 841.48846 1.8610888213990506 1.1255979850873923 2.354197833037688 -2.0574688895101945 6.368150842693667 45.19855235665463 -1.6755781443829563 1
Pedestrian 705 0 0.9027310992912898 1724.8516 684.969 1892.9016 937.3614 1.7800307389249916 0.6728017598713723 0.9301738261645262 6.382557445827488 2.2545467287544865 11.301498148490381 1.4168305547808262 1
rider 117 0 -1.6514900966558668 924.1326 768.00854 950.777 832.59436 1.8579231942260648 0.7410029357379778 0.960392178228226 -0.7335385375038974 6.2910096452894555 45.81021143048309 -1.6675012834781806 1
rider 118 0 -1.6236465684259986 874.1992 771.90643 913.79895 831.8831 1.6420344637149769 1.1255979850873923 1.3105496907023697 -2.0374747516791776 6.146710532112258 45.11676087242724 -1.6687759462783212 1
Car 119 1 -1.5611991361317445 629.681 779.0316 694.1303 854.31946 1.841439766635568 1.9362541254630208 4.136922758313935 -9.553473259791543 7.001289266590362 47.84969109979136 -1.7582638110956443 1
Car 120 0 -1.6454756598390579 729.6274 769.26715 886.1489 921.1633 1.5252772210660888 1.922992096523858 4.3455961202415745 -2.3304890880174103 3.8451823475800904 21.720021839278495 -1.7523635370391675 1
Pedestrian 121 1 3.0138925012456976 1062.6952 778.7247 1086.9647 835.69183 1.6864757158459227 0.7013850980880335 0.6706020684397003 3.5377797706677323 6.520342549490339 46.62550155500386 -3.193561420242145 1
