bicycle 109 2 3.122092857450233 599.75336 813.3396 687.7981 875.7057 1.254500587521122 0.6220899660277376 1.9268067988807855 -7.165831365944318 5.573466764249691 33.753488953369974 -3.370285502488758 1
bicycle_rack 110 2 -3.0632443207290168 572.5796 815.34894 671.85974 886.81244 1.2241943646757596 1.6838549409524628 1.929354313167367 -7.169881778582852 5.393481187209763 31.766588268813173 -3.2852298098448314 1
bicycle_rack 112 1 -0.5988638027706492 1357.6147 729.78973 1935.0 1039.7196 1.3422283247735827 9.608069178919651 2.1187664378272415 6.9194441294990705 2.7186300084691144 14.712092949726197 -0.15923791984926572 1
Pedestrian 705 0 0.9644124108824064 1638.8015 716.19214 1770.7748 935.90784 1.7800307389249916 0.6728017598713723 0.8254170070139009 6.424007661666321 2.598694968395562 12.952810042224197 1.4248185859671798 1
Cyclist 113 0 -1.6611546098762164 938.263 779.53436 968.2296 854.71655 2.037814742539084 0.7410029357379778 1.975066500259566 -0.2549952133976091 6.873160606345563 45.74292848088072 -1.6667290796480343 1
bicycle_rack 111 2 -3.033526770257058 496.93106 797.15796 647.2963 916.2943 1.4753372410523355 4.037833217817664 2.180554653226177 -6.891878799092601 4.8220245233967916 26.90031631234535 -3.2843327808404976 1
motor 114 1 -2.705037095663894 473.59534 816.3007 621.8598 913.5349 1.245430335921178 0.939319516687586 1.9051962363206971 -6.130746299850539 4.169549216131465 22.22468227160718 -2.9741962035045786 1
motor 115 1 -2.674753137349806 396.9631 803.29346 600.2106 932.4872 1.4530845156411005 0.939319516687586 2.3320177396042676 -5.951122806998418 3.8331434372249 19.293887117888808 -2.973940454819303 1
motor 116 0 -1.6334264905473175 889.54944 784.80194 931.81915 857.32074 1.8610888213990506 1.1255979850873923 2.354197833037688 -1.5384262137527143 6.805138089386908 45.01162775924812 -1.6675916088734257 1
rider 117 0 -1.6541835757430423 940.0601 780.94794 966.80255 845.8601 1.8579231942260648 0.7410029357379778 0.960392178228226 -0.24397764501619382 6.687577331504757 45.772136315136194 -1.6595137908932969 1
rider 118 0 -1.6268649190226054 890.8794 786.0593 930.6931 846.60425 1.6420344637149769 1.1255979850873923 1.3105496907023697 -1.5273725797692352 6.56795413130196 45.00540974642966 -1.6607894317943703 1
Car 119 1 -1.5675716917838796 653.34265 790.051 715.91223 864.3343 1.841439766635568 1.9362541254630208 4.136922758313935 -9.071798168458052 7.507568112752118 49.098345323056236 -1.7502790296435458 1
Car 120 0 -1.5259679044568928 746.87067 780.86847 894.70795 933.24426 1.5252772210660888 1.922992096523858 4.3455961202415745 -1.9302873932044773 4.020625632039604 21.712609449034677 -1.6146364742234205 1
Pedestrian 121 1 3.0156906756486195 1072.327 791.99805 1095.9431 847.65826 1.6864757158459227 0.7013850980880335 0.6706020684397003 3.9301211505120763 7.0761259615393755 47.86920444747461 -3.185577117716038 1
