bicycle 109 2 3.118747458024584 609.96045 821.29816 697.16235 883.3625 1.254500587521122 0.6220899660277376 1.9268067988807855 -7.0031349056052905 5.791897091879189 34.03033759948559 -3.3673953618312447 1
bicycle_rack 110 2 -3.0659364646956053 582.0387 820.258 680.00323 891.25397 1.2241943646757596 1.6838549409524628 1.929354313167367 -7.054413295827753 5.542621932461548 32.088011658912805 -3.282339645068256 1
bicycle_rack 112 1 -0.5912225477272545 1356.4463 731.62897 1935.0 1034.3745 1.3422283247735827 9.608069178919651 2.1187664378272415 6.969367411432113 2.7634600828074296 15.002908981808043 -0.1563477620155902 1
Pedestrian 705 0 0.9792645197109788 1619.3463 722.8347 1745.6561 935.4843 1.7800307389249916 0.6728017598713723 0.8254170070139009 6.444899510545798 2.6871729254163554 13.395075162861454 1.4277101891712114 1
Cyclist 113 0 -1.6802667093001218 940.7218 788.0763 972.0012 864.01355 2.037814742539084 0.7410029357379778 1.975066500259566 -0.15941019526040193 7.119834141137787 45.55124083363538 -1.6837662746594666 1
bicycle_rack 111 2 -3.036380385889754 507.57007 801.2831 655.3009 919.5543 1.4753372410523355 4.037833217817664 2.180554653226177 -6.80801225877379 4.939882862067785 27.222381171825646 -3.281442610546986 1
motor 114 1 -2.708836004972912 485.59088 818.5756 631.4362 914.5512 1.245430335921178 0.939319516687586 1.9051962363206971 -6.0584583367296565 4.246758945621991 22.550003610929767 -2.9713056792226387 1
motor 115 1 -2.6795681779128078 411.47916 808.65497 611.0088 936.11414 1.4530845156411005 0.939319516687586 2.3320177396042676 -5.884986067180003 3.9444935504138545 19.614856769313683 -2.971049716434702 1
motor 116 0 -1.654096352130278 892.57025 793.8801 936.60516 867.34375 1.8610888213990506 1.1255979850873923 2.354197833037688 -1.4146718747466325 7.062303564443495 44.795612639114694 -1.6856664495727782 1
rider 117 0 -1.6884619791920994 942.2781 789.8881 970.1307 855.38666 1.8579231942260648 0.7410029357379778 0.960392178228226 -0.158453290896852 6.942974529283709 45.56882894145183 -1.6919391949985176 1
rider 118 0 -1.6561485366088866 893.43945 796.31793 934.6113 857.5608 1.6420344637149769 1.1255979850873923 1.3105496907023697 -1.4242028058818228 6.862250919271268 44.82410742723988 -1.6879109947578161 1
Car 119 1 -1.5687387670922566 660.00726 794.29767 721.9551 868.2751 1.841439766635568 1.9362541254630208 4.136922758313935 -8.945003936156008 7.7026707769968485 49.536226003767005 -1.7473886026485275 1
Car 120 0 -1.4760280344282108 741.8989 784.5927 905.62305 938.4108 1.5252772210660888 1.922992096523858 4.3455961202415745 -1.8620425416537987 4.058226849209769 21.538699550640317 -1.5622646429692892 1
Pedestrian 121 1 3.016425040288648 1075.6748 796.2834 1099.0858 851.53766 1.6864757158459227 0.7013850980880335 0.6706020684397003 4.067660695381729 7.259966119193733 48.26820302911057 -3.182686859247349 1
