bicycle 109 2 -3.109288644681406 563.6425 822.82654 679.32056 904.4567 1.254500587521122 0.6220899660277376 1.9268067988807855 -5.852717832719523 4.738544374857607 25.83594631372396 -3.332062600323213 1
bicycle_rack 110 1 -3.012212249632608 532.56793 819.36334 669.1859 914.5175 1.2241943646757596 1.6838549409524628 1.929354313167367 -5.744680257667187 4.46920228674642 24.015598946297853 -3.247006531606445 1
bicycle_rack 111 1 -2.9479335065507084 366.37033 797.85364 609.7491 972.18353 1.4753372410523355 4.037833217817664 2.180554653226177 -5.835605452205102 3.9167094150670705 18.987540207022995 -3.2461093579578244 1
bicycle_rack 112 2 -0.992794953648518 1765.2039 656.7978 1935.0 1215.0 1.3422283247735827 9.608069178919651 2.1187664378272415 7.528596620235951 1.5816919400989087 6.328591784749755 -0.12101429128023122 1
Cyclist 113 0 -1.693066204974231 969.847 782.6422 1001.4354 857.1482 2.037814742539084 0.7410029357379778 1.975066500259566 0.7436611965868989 7.023939363847559 46.24828227994787 -1.676987832404878 1
motor 114 1 -2.575900712135864 278.81982 829.0682 513.37494 984.0876 1.245430335921178 0.939319516687586 1.9051962363206971 -5.418423718241307 3.2997026791824107 14.392340316240581 -2.935968007137555 1
motor 115 1 -2.499481501009541 85.94991 807.5777 435.5341 1032.905 1.4530845156411005 0.939319516687586 2.3320177396042676 -5.348958563769151 2.9399920385807032 11.474009974830125 -2.93570928014655 1
motor 116 0 -1.6172923629059999 923.53033 792.41156 963.9396 864.07526 1.8610888213990506 1.1255979850873923 2.354197833037688 -0.551272868745267 7.114681510317378 45.69256869867798 -1.6293566030881177 1
rider 117 0 -1.6906034613160759 971.422 784.3507 998.91315 848.6674 1.8579231942260648 0.7410029357379778 0.960392178228226 0.7353532007044026 6.846978868108134 46.27450529009222 -1.674713689906473 1
rider 118 0 -1.6106464314097053 924.4294 793.99384 963.0266 853.795 1.6420344637149769 1.1255979850873923 1.3105496907023697 -0.5431778664050724 6.876832217616908 45.61200378141073 -1.6225545289809813 1
Car 119 1 -1.5375838420075882 657.4564 793.28705 733.8637 882.48114 1.841439766635568 1.9362541254630208 4.136922758313935 -7.280551692758434 6.738427314551252 41.305609114704694 -1.7120523931868632 1
Car 120 0 -1.675910206308113 721.23425 784.5121 887.0776 940.98267 1.5252772210660888 1.922992096523858 4.3455961202415745 -2.3814326299250883 4.084993264058409 21.65464875879578 -1.7854433269161976 1
Pedestrian 121 0 2.9951213246428714 1158.6447 787.3013 1187.8159 854.38947 1.6864757158459227 0.7013850980880335 0.6706020684397003 5.6167860873661715 6.0310450934046616 39.65324383859276 -3.147352498294713 1
