bicycle_rack 110 1 -3.0274848616182326 546.4549 808.4304 672.0166 896.0014 1.2241943646757596 1.6838549409524628 1.929354313167367 -6.039588457019696 4.509971216160956 25.825448323477268 -3.2572180128610713 1
bicycle_rack 111 1 -2.970016200969954 402.50513 783.5735 617.50354 938.00024 1.4753372410523355 4.037833217817664 2.180554653226177 -6.122134045094756 3.9079394429536936 20.795799073158406 -3.2563208930323153 1
bicycle_rack 112 2 -0.8668136892749126 1634.2433 676.9979 1935.0 1215.0 1.3422283247735827 9.608069178919651 2.1187664378272415 7.478063903590435 1.8008650164814057 8.262770790169743 -0.13122595976615625 1
bicycle 109 2 -3.1258187547798904 577.8367 813.47473 685.6937 889.44635 1.254500587521122 0.6220899660277376 1.9268067988807855 -6.081946514132506 4.804799370883151 27.657744287559076 -3.3422739690278322 1
Cyclist 113 0 -1.6499810510988122 963.9423 773.77527 992.93176 847.8897 2.037814742539084 0.7410029357379778 1.975066500259566 0.5208330222659864 6.736631245361311 46.1884294201575 -1.6387052628738543 1
motor 114 1 -2.6132998926764053 338.9346 816.4967 545.9781 952.1578 1.245430335921178 0.939319516687586 1.9051962363206971 -5.60063053676688 3.403540157415308 16.198638038305745 -2.9461808367352362 1
motor 115 1 -2.552546212583391 187.79665 794.52246 488.18866 985.78284 1.4530845156411005 0.939319516687586 2.3320177396042676 -5.506479266789225 3.0360460301286336 13.268378794150081 -2.945922936394643 1
motor 116 0 -1.620776494185601 913.1802 775.5864 954.1711 846.9414 1.8610888213990506 1.1255979850873923 2.354197833037688 -0.8522758187353064 6.5521177697445605 45.34127757443558 -1.639571188759032 1
rider 117 0 -1.6431212277128227 965.66943 774.7676 991.9257 839.0629 1.8579231942260648 0.7410029357379778 0.960392178228226 0.5357020859305484 6.52373540942221 46.055225311310735 -1.6314900192103308 1
rider 118 0 -1.6138381603432213 913.7485 777.02155 952.70026 836.6891 1.6420344637149769 1.1255979850873923 1.3105496907023697 -0.8587415639330609 6.325961608473525 45.356416095021714 -1.6327690867731877 1
Car 119 1 -1.5466498642765514 658.3546 780.66486 729.85645 864.15424 1.841439766635568 1.9362541254630208 4.136922758313935 -7.692147392746829 6.585004365684836 43.350013340389786 -1.7222647478938358 1
Car 120 0 -1.6904622090268018 726.145 773.05255 895.4308 926.23584 1.5252772210660888 1.922992096523858 4.3455961202415745 -2.2948843601234015 3.90965826869246 21.73506318717208 -1.7956568930972956 1
Pedestrian 121 0 3.0016368621860017 1133.9476 783.0922 1161.5671 847.01263 1.6864757158459227 0.7013850980880335 0.6706020684397003 5.1811654443605475 6.122054268731365 41.57460846514668 -3.157564359423179 1
