bicycle_rack 110 1 -2.9564329157811806 461.948 803.77484 644.5904 924.73096 1.2241943646757596 1.6838549409524628 1.929354313167367 -5.061416616802536 3.577176512894713 18.756565360544926 -3.2200028226212316 1
bicycle 1409 0 -1.6671767945398055 1032.3444 797.186 1061.3052 842.12036 1.1683668911977063 0.7335669403962218 1.8974284252669946 2.692739095355572 6.720238043301051 47.22751670620922 -1.6102221406680013 1
bicycle 109 2 -3.062618555112367 516.0664 803.69244 663.4856 905.1175 1.254500587521122 0.6220899660277376 1.9268067988807855 -5.09338693293791 3.772319590473148 20.595560209992378 -3.3050592312912763 1
Cyclist 113 0 -1.7106586800131311 989.87445 774.17566 1021.6346 846.2273 2.037814742539084 0.7410029357379778 1.975066500259566 1.4044945611137145 6.88680626685049 47.554380459204665 -1.6811327691012319 1
bicycle_rack 111 1 -2.85348955214591 165.12706 767.61597 552.98285 1009.58295 1.4753372410523355 4.037833217817664 2.180554653226177 -5.240780874368189 2.9819630855764547 13.689646729464993 -3.219105453382079 1
motor 116 0 -1.6029828103591917 943.69305 783.1615 981.6913 851.7461 1.8610888213990506 1.1255979850873923 2.354197833037688 0.030169717148285577 6.991821416705103 47.28658380235893 -1.602344791905994 1
Pedestrian 121 0 2.9694534807510284 1236.8473 780.0887 1271.784 858.2124 1.6864757158459227 0.7013850980880335 0.6706020684397003 6.670423406521777 5.258403559986656 34.0620690812081 -3.1203477094334735 1
rider 117 0 -1.7083168320000073 992.301 775.5503 1019.5433 837.94446 1.8579231942260648 0.7410029357379778 0.960392178228226 1.4155786221310611 6.699845362771052 47.54602022161855 -1.6785528144856827 1
rider 118 0 -1.596050401863876 943.98083 784.574 980.578 841.76514 1.6420344637149769 1.1255979850873923 1.3105496907023697 0.02403102803656299 6.768346143176588 47.34160010890977 -1.5955427927860821 1
motor 114 1 -2.403786948667743 0.0 806.77966 320.67392 1056.5588 1.245430335921178 0.939319516687586 1.9051962363206971 -5.042950563782015 2.43675763584482 9.118611294492844 -2.908960613351801 1
Car 119 1 -1.5181083974130332 661.37976 774.7276 751.7704 874.62964 1.841439766635568 1.9362541254630208 4.136922758313935 -6.104242732955607 5.68784580844262 36.225603341703575 -1.685046461982293 1
Car 120 0 -1.7289071888860148 677.4396 769.0412 869.30237 932.4988 1.5252772210660888 1.922992096523858 4.3455961202415745 -2.687765052585947 3.7252686097532823 20.467705879474142 -1.8594774383483417 1
