bicycle_rack 110 1 -2.992082027129336 510.1845 819.887 660.56714 923.18024 1.2241943646757596 1.6838549409524628 1.929354313167367 -5.523907350720773 4.235071864151367 22.16224934727762 -3.23635326880132 1
bicycle_rack 111 1 -2.9212120665541716 317.87848 789.9072 598.0732 982.9147 1.4753372410523355 4.037833217817664 2.180554653226177 -5.575653818163892 3.6013149772205324 17.155153979257587 -3.2354560272187625 1
bicycle 1409 0 -1.662886072677912 1002.49866 807.7511 1029.1895 849.95447 1.1683668911977063 0.7335669403962218 1.8974284252669946 1.843804901454389 7.492509043643921 50.753891588226836 -1.6265736961138824 1
bicycle 109 2 -3.096361108807659 555.2477 821.52826 680.10535 909.26215 1.254500587521122 0.6220899660277376 1.9268067988807855 -5.495618716275422 4.473842445648046 24.0060652394714 -3.3214094643058463 1
Cyclist 113 0 -1.7185020754069182 976.6306 782.4262 1009.42316 856.2151 2.037814742539084 0.7410029357379778 1.975066500259566 0.9815842880407661 7.066204776867923 46.709145488007465 -1.6974903480580161 1
motor 114 1 -2.5287469060930436 196.61465 827.0432 467.9697 1006.36053 1.245430335921178 0.939319516687586 1.9051962363206971 -5.253201001326344 3.0308043262782247 12.544906511804681 -2.9253133111896714 1
motor 115 0 -2.4288534928893837 0.0 797.83496 358.08487 1070.1704 1.4530845156411005 0.939319516687586 2.3320177396042676 -5.191402802824932 2.6440163424259 9.589223405599636 -2.92505369785046 1
motor 116 0 -1.6127187279334563 933.13446 787.17773 972.49243 857.2237 1.8610888213990506 1.1255979850873923 2.354197833037688 -0.27819507522371256 7.038612303261761 46.509495733663556 -1.6187001249182127 1
rider 117 0 -1.7155938983994334 978.39594 783.8836 1006.27765 847.54565 1.8579231942260648 0.7410029357379778 0.960392178228226 0.9676187075277265 6.886293780135267 46.77545582355853 -1.6949103860391124 1
rider 118 0 -1.6060258409327555 933.8815 788.75714 971.6131 847.2926 1.6420344637149769 1.1255979850873923 1.3105496907023697 -0.2726140377449355 6.803030760704905 46.423671252109635 -1.6118980801773222 1
Car 119 1 -1.5322864283853133 663.4447 789.58307 743.9881 882.41846 1.841439766635568 1.9362541254630208 4.136922758313935 -6.755261067496724 6.4381232237642365 39.564004986618635 -1.7013982382756767 1
Car 120 0 -1.6603822860258144 715.46747 782.0889 878.0005 938.9996 1.5252772210660888 1.922992096523858 4.3455961202415745 -2.471992387339503 4.030688648047498 21.512911334733896 -1.774787905776701 1
Pedestrian 121 0 2.987135065840008 1186.2727 786.668 1217.2474 857.2844 1.6864757158459227 0.7013850980880335 0.6706020684397003 6.055984909053112 5.80080665774988 37.681737288066174 -3.136698822494056 1
