bicycle 109 2 -3.066256367162693 521.7502 800.1438 666.6462 899.80963 1.254500587521122 0.6220899660277376 1.9268067988807855 -5.112835510825184 3.7606331983179304 20.921475135654447 -3.3059407128176943 1
bicycle_rack 110 1 -2.963583768380517 474.2911 797.06464 652.6817 915.15393 1.2241943646757596 1.6838549409524628 1.929354313167367 -5.022899334456386 3.5272518618425526 19.088814323348515 -3.220884316212725 1
bicycle 1409 0 -1.666767162090173 1030.5187 793.34174 1059.248 837.79395 1.1683668911977063 0.7335669403962218 1.8974284252669946 2.6503939700910313 6.634454600864616 47.56541569224114 -1.6111036927439648 1
Cyclist 113 0 -1.711819528251746 990.20435 766.6134 1022.1454 838.59436 2.037814742539084 0.7410029357379778 1.975066500259566 1.4127650242942646 6.625272062613227 47.38641973500951 -1.6820146459017462 1
bicycle_rack 111 1 -2.861123516971125 184.87515 765.9197 559.6246 1000.84644 1.4753372410523355 4.037833217817664 2.180554653226177 -5.254690014674837 2.9942058851226276 14.008553812271124 -3.219986954577868 1
motor 116 0 -1.6021565176646244 941.1808 777.2186 979.0917 845.4498 1.8610888213990506 1.1255979850873923 2.354197833037688 -0.05063359237643388 6.8025903044412805 47.3197795640362 -1.6032265474390313 1
Pedestrian 121 0 2.9712933052457777 1232.827 773.8663 1267.349 851.06647 1.6864757158459227 0.7013850980880335 0.6706020684397003 6.640644430133368 5.149440115976088 34.406200416389105 -3.1212292399951886 1
rider 117 0 -1.7092526755307176 992.3243 768.0194 1019.6832 830.46136 1.8579231942260648 0.7410029357379778 0.960392178228226 1.4133974950455475 6.442594709480773 47.38679011981655 -1.679434690877501 1
rider 118 0 -1.5954805394776554 941.7922 778.6274 978.42584 835.7461 1.6420344637149769 1.1255979850873923 1.3105496907023697 -0.04461808512293992 6.569569832625177 47.264587949260076 -1.5964245458427817 1
motor 114 1 -2.418162606407483 0.0 805.5542 340.1079 1046.0575 1.245430335921178 0.939319516687586 1.9051962363206971 -5.053164062620741 2.466926694120965 9.435509367896458 -2.9098422299341395 1
Car 119 1 -1.519615971374601 663.0052 769.95856 752.1954 868.17316 1.841439766635568 1.9362541254630208 4.136922758313935 -6.144282894710423 5.602092173540383 36.60305019231618 -1.685928026053712 1
Car 120 0 -1.7038176202159039 690.55414 765.70197 873.2484 926.4545 1.5252772210660888 1.922992096523858 4.3455961202415745 -2.589671856634372 3.6900781760038663 20.64571434718086 -1.8285997873439646 1
