bicycle_rack 110 1 -2.968193143709867 479.6389 795.0065 654.59155 910.9719 1.2241943646757596 1.6838549409524628 1.929354313167367 -5.058911898889554 3.535099765230787 19.397677328328474 -3.22331028712773 1
bicycle_rack 111 1 -2.8719255715394327 210.25778 761.22046 567.1056 985.65265 1.4753372410523355 4.037833217817664 2.180554653226177 -5.294565432766066 2.987012850328125 14.482609222431389 -3.222412945996046 1
bicycle 1409 0 -1.66614268118959 1026.1064 789.5623 1054.4962 833.39374 1.1683668911977063 0.7335669403962218 1.8974284252669946 2.5312356974057115 6.56703953298701 48.06619307010452 -1.6135298253973955 1
bicycle 109 2 -3.071233044392693 527.5554 800.2364 669.04974 897.74567 1.254500587521122 0.6220899660277376 1.9268067988807855 -5.168297115126681 3.816537686373615 21.38480878909995 -3.3083666508650276 1
Cyclist 113 0 -1.7128755663641249 988.10834 766.54456 1020.1388 838.59406 2.037814742539084 0.7410029357379778 1.975066500259566 1.346521319305874 6.61903130721485 47.34344205692178 -1.684441672251293 1
motor 114 1 -2.4382858062448407 14.969414 799.7281 364.76242 1026.9675 1.245430335921178 0.939319516687586 1.9051962363206971 -5.082205471747001 2.4824334461323017 9.907094479244325 -2.9122685383966087 1
motor 116 0 -1.6035331414710674 939.5115 770.87036 977.6267 838.97217 1.8610888213990506 1.1255979850873923 2.354197833037688 -0.10005060564443993 6.584240026379107 47.19141455468002 -1.6056532401518426 1
Pedestrian 121 0 2.973999657971753 1225.1719 767.90704 1259.0848 843.8292 1.6864757158459227 0.7013850980880335 0.6706020684397003 6.55398660515224 5.059915275497216 34.919432632598614 -3.123655312058859 1
rider 117 0 -1.7106720358852823 990.78876 767.9664 1018.20233 830.45325 1.8579231942260648 0.7410029357379778 0.960392178228226 1.3647327957090316 6.438068425677492 47.356474817958805 -1.6818617161079301 1
rider 118 0 -1.5966367857225354 939.8397 772.9792 976.5797 830.0392 1.6420344637149769 1.1255979850873923 1.3105496907023697 -0.10449592137735408 6.381097065282418 47.18821288088281 -1.5988512317502552 1
motor 115 2 -2.2922163715721307 0.0 766.866 183.16647 1149.1346 1.4530845156411005 0.939319516687586 2.3320177396042676 -4.955255358714338 2.1809179076285963 6.944080299568505 -2.9120078067504607 1
Car 119 1 -1.5216041826368099 663.0765 767.78925 750.9129 864.55585 1.841439766635568 1.9362541254630208 4.136922758313935 -6.232316032229482 5.586638778479635 37.02814979425389 -1.6883541916679234 1
Car 120 0 -1.7056338646240232 689.93915 763.6857 871.7776 922.5792 1.5252772210660888 1.922992096523858 4.3455961202415745 -2.6222642579301345 3.6737366891127157 20.802752178932064 -1.8310262312714662 1
