bicycle 109 1 -3.010738704599271 436.46927 798.9035 623.03467 924.61865 1.254500587521122 0.6220899660277376 1.9268067988807855 -4.767515282735127 3.240669680782432 16.619515308853597 -3.290099574165452 1
bicycle_rack 110 1 -2.895643652670519 354.2409 794.813 597.38214 948.7334 1.2241943646757596 1.6838549409524628 1.929354313167367 -4.726461449956275 3.0065774457392047 14.785657241336489 -3.205042950802848 1
bicycle 1409 0 -1.6745003575127062 1064.1364 798.81757 1096.618 848.5461 1.1683668911977063 0.7335669403962218 1.8974284252669946 3.397765057748842 6.256166421396125 42.79014471280261 -1.5952612996824478 1
Cyclist 113 0 -1.669447006874007 1008.79504 772.20746 1037.8625 843.3627 2.037814742539084 0.7410029357379778 1.975066500259566 1.9827012876043406 6.865885601854073 48.006153937929 -1.6281694844607315 1
bicycle_rack 111 1 -2.7340617389346735 0.0 745.0528 456.35995 1097.1927 1.4753372410523355 4.037833217817664 2.180554653226177 -4.96395279181586 2.427718823222337 9.770191248699886 -3.2041454399731815 1
motor 116 0 -1.5980041002290308 958.9533 779.08936 996.28156 846.827 1.8610888213990506 1.1255979850873923 2.354197833037688 0.5064977494419273 6.899019751987947 47.67487203058011 -1.5873805018188243 1
Pedestrian 121 0 2.901081273775371 1292.3376 772.95624 1334.5828 862.2687 1.6864757158459227 0.7013850980880335 0.6706020684397003 7.005007676399503 4.668487188109008 29.765690699364633 -3.150971482011447 1
rider 117 0 -1.6635477444513873 1010.3673 773.8293 1036.1549 835.45953 1.8579231942260648 0.7410029357379778 0.960392178228226 1.9853143090260508 6.687019197795236 47.991277874380685 -1.6222030866586354 1
rider 118 0 -1.5912673333226923 959.4465 781.1855 995.56085 837.7524 1.6420344637149769 1.1255979850873923 1.3105496907023697 0.5101176372818192 6.698533511444682 47.72273482533074 -1.5805785450127268 1
Car 119 2 -1.4992078676235705 646.99756 766.66895 752.3832 878.59296 1.841439766635568 1.9362541254630208 4.136922758313935 -5.559220412764523 5.099806090695774 32.21609100806122 -1.6700854158956775 1
Car 120 1 -1.8832077272282828 571.83 764.5069 833.81146 947.2121 1.5252772210660888 1.922992096523858 4.3455961202415745 -3.321250695590439 3.471297172705026 18.475563282778516 -2.0610725625581408 1
