bicycle 109 1 -2.940321160358049 313.1168 800.1774 561.2186 963.54767 1.254500587521122 0.6220899660277376 1.9268067988807855 -4.46939569886378 2.812491090394751 12.856148194600939 -3.274897837677325 1
bicycle_rack 110 0 -2.805913821700799 167.70607 797.026 518.303 1008.1975 1.2241943646757596 1.6838549409524628 1.929354313167367 -4.445217804202548 2.592885272533991 11.003734642556763 -3.1898409769649554 1
bicycle 1409 0 -1.6892484437521986 1107.3575 810.4663 1143.955 865.41003 1.1683668911977063 0.7335669403962218 1.8974284252669946 4.295600428492277 6.148802934542903 39.18411243524882 -1.580058387083987 1
Cyclist 113 0 -1.6673718179293795 1028.5844 783.4206 1057.442 854.74945 2.037814742539084 0.7410029357379778 1.975066500259566 2.6241935894180344 7.251484164677378 48.18174172471271 -1.6129610947142743 1
bicycle_rack 1410 1 -3.03238156201799 753.13586 802.1 818.8747 850.3162 1.4113675411572393 1.3391294660419448 2.023711527291292 -5.7778197222082985 7.348272477984338 49.426222688810185 -3.148751272853655 1
bicycle_rack 1411 1 -3.0267689948116043 738.7985 799.09174 820.5965 856.6136 1.4113675411572393 2.972184499992119 2.2358967370381766 -5.692553294187089 7.085487869852346 47.2204394377719 -3.1467427773456293 1
motor 116 0 -1.5976702711538953 981.3571 788.1401 1018.36755 855.7005 1.8610888213990506 1.1255979850873923 2.354197833037688 1.225757069761247 7.236478069212307 48.065690752132554 -1.5721740921571032 1
Pedestrian 121 0 2.2744280562404455 1351.1832 783.517 1409.8031 889.6771 1.6864757158459227 0.7013850980880335 0.6706020684397003 7.192518274205849 4.459411966264014 25.664775058344517 -3.735518000090906 1
Pedestrian 1412 0 -0.16175863132917812 156.3454 778.78326 196.0837 846.6095 1.8234460098296807 0.8938815055415192 0.8952156191415779 -22.92730478913433 6.381880000294796 43.6723449291013 -0.6451934930902534 1
Pedestrian 1413 0 0.09613150108402824 129.90625 787.25616 165.68301 854.92065 1.8234460098296807 0.7329137202340384 0.8415596907057328 -23.498982829326597 6.569240837862419 43.21073063238992 -0.40195681195650024 1
rider 117 0 -1.6616260638567197 1030.3694 785.02875 1055.9849 846.5233 1.8579231942260648 0.7410029357379778 0.960392178228226 2.6382970004208257 7.076722486442005 48.24467837590117 -1.6069947174146935 1
rider 118 0 -1.5905011282950499 981.2399 790.0228 1016.9677 846.2354 1.6420344637149769 1.1255979850873923 1.3105496907023697 1.2117313201260274 7.038025409756601 48.210382189737246 -1.5653721788982442 1
bicycle_rack 111 1 -2.5187357421755587 0.0 715.5304 261.67984 1215.0 1.4753372410523355 4.037833217817664 2.180554653226177 -4.785667681932144 1.9666259294200246 6.037995977037426 -3.1889432980187333 1
Car 119 1 -1.485628672133216 640.0672 767.2672 762.1816 894.88226 1.841439766635568 1.9362541254630208 4.136922758313935 -4.870654926306795 4.758841223324049 28.501938837772535 -1.6548822919678705 1
Car 120 1 -1.758494948253669 514.51196 761.96954 770.7633 972.5621 1.5252772210660888 1.922992096523858 4.3455961202415745 -3.611552971844491 3.2371111639129575 16.300162104852078 -1.976537954722869 1
Pedestrian 1414 0 1.5105635946408937 781.31305 797.84845 817.24585 855.2169 1.7079951820857453 1.1010114564712408 0.886861087245197 -5.2301312926501975 7.3487592726934885 48.24466244446723 1.4025768157015523 1
