bicycle 109 1 -2.9496403347375386 329.7764 802.5435 569.9983 961.3843 1.254500587521122 0.6220899660277376 1.9268067988807855 -4.488485978512554 2.877988078328081 13.228779915229842 -3.2767485957421334 1
bicycle 1409 0 -1.6862864546954959 1100.4137 810.287 1136.3094 864.48987 1.1683668911977063 0.7335669403962218 1.8974284252669946 4.159464883814038 6.208709172380509 39.705509937805445 -1.5819092868417879 1
Cyclist 113 0 -1.667889091486458 1026.5613 783.2512 1055.4636 854.61896 2.037814742539084 0.7410029357379778 1.975066500259566 2.558273958158631 7.2430969303259625 48.15454179096288 -1.6148126608757232 1
bicycle_rack 1410 1 -3.0333302253830237 752.0723 802.0716 817.2163 849.8787 1.4113675411572393 1.3391294660419448 2.023711527291292 -5.873933866659837 7.398741226711977 49.85835976027917 -3.1506020674596997 1
bicycle_rack 1411 1 -3.027794772445306 737.9809 799.09045 818.9561 856.0916 1.4113675411572393 2.972184499992119 2.2358967370381766 -5.784556674894601 7.1360412337133585 47.65272917111646 -3.1485935725579144 1
bicycle_rack 110 0 -2.8189848986760526 196.6058 801.63165 530.5693 1005.05756 1.2241943646757596 1.6838549409524628 1.929354313167367 -4.470384061638267 2.6805317885202466 11.433776856961444 -3.191691764957951 1
motor 116 0 -1.5974600622773045 978.2795 790.3193 1015.2745 858.0011 1.8610888213990506 1.1255979850873923 2.354197833037688 1.1265599015595418 7.308121082377016 48.06361104392066 -1.5740254172201198 1
Pedestrian 121 0 2.278182034901996 1342.723 783.8356 1400.2012 888.0459 1.6864757158459227 0.7013850980880335 0.6706020684397003 7.1678070653278025 4.5154544854248675 26.13953335091989 -3.737368619707931 1
Pedestrian 1412 0 -0.16484765743736063 158.87624 778.95544 198.27156 846.08765 1.8234460098296807 0.8938815055415192 0.8952156191415779 -23.093503684291374 6.433277977319489 44.121583388506025 -0.6470442951188681 1
Pedestrian 1413 0 -0.023877013778906386 132.16907 788.4327 165.75394 855.8725 1.8234460098296807 0.7329137202340384 0.8415596907057328 -23.64031533850647 6.6402077201043 43.51970680492093 -0.5214917944054807 1
rider 117 0 -1.661950163094577 1028.0624 784.7807 1053.7102 846.33716 1.8579231942260648 0.7410029357379778 0.960392178228226 2.5618409468521772 7.0635787811014445 48.196708894611014 -1.6088462810418067 1
rider 118 0 -1.5904771084135354 978.4232 791.9573 1014.172 848.25244 1.6420344637149769 1.1255979850873923 1.3105496907023697 1.1205274830679317 7.0975672776501835 48.1785631774045 -1.5672234986303728 1
bicycle_rack 111 1 -2.5525577558127623 0.0 720.008 294.03226 1215.0 1.4753372410523355 4.037833217817664 2.180554653226177 -4.800873434232491 2.01860760993869 6.471871100114805 -3.190794107784142 1
Car 119 1 -1.4878624092146646 641.7903 769.23425 761.8942 895.4728 1.841439766635568 1.9362541254630208 4.136922758313935 -4.920636419262045 4.833942319629674 28.86095468005412 -1.6567332176089176 1
Car 120 1 -1.7630341628275126 519.34314 765.2833 773.8202 973.9086 1.5252772210660888 1.922992096523858 4.3455961202415745 -3.610864723541874 3.2979203876673617 16.50704476879895 -1.9783888955445013 1
Pedestrian 1414 0 1.4122030993844223 780.56366 796.7204 817.3058 852.97174 1.7079951820857453 1.1010114564712408 0.6348882224614176 -5.279443141519087 7.345720692365113 48.61642479821373 1.3040331556140097 1
