bicycle 109 1 -2.9914515909649113 404.73557 798.18494 606.9746 933.5171 1.254500587521122 0.6220899660277376 1.9268067988807855 -4.674902606440479 3.0964545697637695 15.450109371149804 -3.2852741787130015 1
bicycle_rack 110 1 -2.8710346193427534 306.71765 797.55695 576.301 966.11383 1.2241943646757596 1.6838549409524628 1.929354313167367 -4.644548899131613 2.8974964728923567 13.595972382430583 -3.2002174821017855 1
bicycle 1409 0 -1.6798308092494014 1078.8973 802.1145 1112.4938 853.13904 1.1683668911977063 0.7335669403962218 1.8974284252669946 3.7501189255142884 6.239586917545116 41.8380459319546 -1.5904355279033353 1
Cyclist 113 0 -1.6688406035026873 1015.19806 772.3155 1044.1038 843.1352 2.037814742539084 0.7410029357379778 1.975066500259566 2.195639139859512 6.890744375356224 48.22395393373326 -1.6233419732785883 1
bicycle_rack 1411 2 -3.0329323817759333 734.8983 795.76416 811.9643 850.08575 1.4113675411572393 2.972184499992119 2.2358967370381766 -6.218389960316156 7.274870997980763 49.815137185236004 -3.1571193237748787 1
bicycle_rack 111 1 -2.682271448300319 0.0 738.8807 411.54865 1147.6906 1.4753372410523355 4.037833217817664 2.180554653226177 -4.909960353611263 2.2918737460261918 8.63442590459412 -3.19931992055269 1
motor 116 0 -1.5959883027098507 963.271 779.3398 1000.3672 846.9078 1.8610888213990506 1.1255979850873923 2.354197833037688 0.6420253017353951 6.918382932590594 47.78576801826716 -1.5825536190925855 1
Pedestrian 121 0 2.7721207311913156 1310.5728 779.8467 1358.0957 873.86957 1.6864757158459227 0.7013850980880335 0.6706020684397003 7.1044446140849296 4.679706382717838 28.498624571873854 -3.266753516571118 1
rider 117 0 -1.663116142438299 1017.0331 773.53217 1042.6599 834.7726 1.8579231942260648 0.7410029357379778 0.960392178228226 2.2098461761576065 6.705806469836379 48.2789189639073 -1.6173755819068965 1
rider 118 0 -1.5892387296098478 963.69025 781.2703 999.6877 837.7605 1.6420344637149769 1.1255979850873923 1.3105496907023697 0.6443281141380766 6.706032965692667 47.77092660868476 -1.5757516760500778 1
Car 119 2 -1.4979560416507904 650.23193 766.9891 759.63074 883.2472 1.841439766635568 1.9362541254630208 4.136922758313935 -5.251317088754145 5.000251688354064 31.094559829445544 -1.6652595773502505 1
Car 120 1 -1.8630234043295184 546.7096 764.2096 812.55414 954.1971 1.5252772210660888 1.922992096523858 4.3455961202415745 -3.4931441463541257 3.4092155696340676 17.85281400539887 -2.056245800615131 1
Pedestrian 1414 0 0.9238604804618713 772.34674 796.0445 814.2892 851.9253 1.7079951820857453 1.1010114564712408 0.886861087245197 -5.693340839623634 7.590594238422483 50.70066472452509 0.8120357195109285 1
