bicycle 109 1 -2.954955179503857 340.36154 801.72034 573.8126 956.25854 1.254500587521122 0.6220899660277376 1.9268067988807855 -4.545324040845347 2.912535125820275 13.583568083457836 -3.277862656873102 1
bicycle_rack 110 0 -2.831212705872602 224.57098 801.74445 542.8777 997.0149 1.2241943646757596 1.6838549409524628 1.929354313167367 -4.492561964443636 2.734124680423133 11.878083499909952 -3.192805843966367 1
bicycle 1409 0 -1.6851470608619905 1097.2231 810.1984 1132.6677 863.83594 1.1683668911977063 0.7335669403962218 1.8974284252669946 4.110883745247885 6.256961093059651 40.11395578977222 -1.583023433466945 1
Cyclist 113 0 -1.6682877215137686 1025.4741 782.8594 1054.4038 854.2261 2.037814742539084 0.7410029357379778 1.975066500259566 2.5232675660554924 7.2293793873363565 48.14622812674153 -1.6159272087001664 1
bicycle_rack 1410 1 -3.0340688335611286 751.736 802.8785 816.42456 850.3943 1.4113675411572393 1.3391294660419448 2.023711527291292 -5.932391254160527 7.465891276165403 50.19235678293947 -3.1517161504800084 1
bicycle_rack 1411 1 -3.0286020673970833 737.8511 799.0986 818.1904 855.6973 1.4113675411572393 2.972184499992119 2.2358967370381766 -5.840458103516441 7.175758331105154 47.990163507701915 -3.149707655942514 1
motor 116 0 -1.597317415642744 976.37177 789.1827 1013.423 856.93915 1.8610888213990506 1.1255979850873923 2.354197833037688 1.064166571697721 7.261135569201314 47.97598940027164 -1.5751398199188287 1
Pedestrian 121 0 2.2227202062569154 1334.286 784.32324 1390.4591 886.8492 1.6864757158459227 0.7013850980880335 0.6706020684397003 7.128273015137 4.571766509453935 26.582292056585846 -3.7984702454302597 1
Pedestrian 1412 0 -0.16347385487814486 154.27094 787.34094 193.38303 854.20215 1.8234460098296807 0.8938815055415192 0.8952156191415779 -23.4093531074167 6.720470515282807 44.455484071914846 -0.6481583830233025 1
rider 117 0 -1.6620313005213307 1026.5201 784.8956 1052.1526 846.4183 1.8579231942260648 0.7410029357379778 0.960392178228226 2.513484959519853 7.070622932847119 48.22719601146477 -1.609960827345808 1
rider 118 0 -1.5905183734107282 976.7731 791.4823 1012.6128 847.90314 1.6420344637149769 1.1255979850873923 1.3105496907023697 1.066111820630872 7.068499111385745 48.05744548766973 -1.5683378981240357 1
bicycle_rack 111 1 -2.5848392803410367 0.0 724.29974 325.26917 1215.0 1.4753372410523355 4.037833217817664 2.180554653226177 -4.8187881219028625 2.074168693164119 6.937851561337984 -3.1919081997240872 1
Car 119 1 -1.4886896425490577 642.5057 770.4734 760.578 894.8259 1.841439766635568 1.9362541254630208 4.136922758313935 -5.006154873494053 4.903602863806562 29.311779319415663 -1.6578473797939126 1
Car 120 1 -1.7690308255163463 527.84595 765.8407 779.93524 970.65424 1.5252772210660888 1.922992096523858 4.3455961202415745 -3.5854623706754327 3.33097211567239 16.78302906027678 -1.979503066761172 1
Pedestrian 1414 0 1.3128668281347509 782.5284 796.7619 819.9101 852.7015 1.7079951820857453 1.1010114564712408 0.6108908067677064 -5.2562996678063385 7.406393552648206 49.1022018006242 1.2062247926511218 1
