bicycle 1409 0 -1.7074247622905085 1162.6 806.32837 1207.0182 870.5125 1.1683668911977063 0.7335669403962218 1.8974284252669946 5.002572274047572 5.35576293319161 33.562073106633775 -1.5594598047245372 1
bicycle 109 1 -2.7389021925092476 0.0 788.60144 338.83148 1081.2609 1.254500587521122 0.6220899660277376 1.9268067988807855 -4.132285263894601 2.0987431702967707 7.294825685839607 -3.2543008032140603 1
Cyclist 113 0 -1.6642503376032947 1054.9004 780.97296 1083.6345 852.21375 2.037814742539084 0.7410029357379778 1.975066500259566 3.466554742075994 7.165237562685921 48.133648958985724 -1.592355104826647 1
bicycle_rack 1410 1 -3.020071343946782 761.2639 797.6 835.6378 851.871 1.4113675411572393 1.3391294660419448 2.023711527291292 -4.765737304618645 6.562546528880018 43.92169435060094 -3.128153816850551 1
bicycle_rack 1411 0 -3.013353569295425 743.30975 793.236 837.1409 858.30634 1.4113675411572393 2.972184499992119 2.2358967370381766 -4.725429376735454 6.276565564309182 41.71735631662901 -3.126145314507836 1
moped_scooter 1547 1 -2.794029177956479 822.7419 814.55237 879.3989 855.5744 1.237075233392338 0.5781086147155757 1.8188012707834902 -3.718611251650576 7.704309279379091 50.47073633367434 -2.867574849935944 1
motor 116 0 -1.5956995821943185 1009.4208 788.04956 1046.0973 855.28326 1.8610888213990506 1.1255979850873923 2.354197833037688 2.134918856194641 7.265351971998234 48.34785969583764 -1.5515707856400645 1
Pedestrian 121 0 -2.787617450783872 1518.9529 776.39703 1596.4437 917.2438 1.6864757158459227 0.767552431682694 0.7202275686357094 7.803938581481637 3.7218079501181194 19.564614472481246 -2.408076736076389 1
Pedestrian 1412 1 -0.13002231395664005 133.08815 772.0487 176.55179 848.4287 1.8234460098296807 0.7329137202340384 0.8952156191415779 -20.716271749469033 5.658441551695335 38.414864962694004 -0.6245960128433523 1
Pedestrian 1413 1 0.22820221125904605 99.63789 779.34265 144.15205 855.92255 1.8234460098296807 0.7329137202340384 0.8415596907057328 -21.3056680304066 5.793486100748304 37.97148135646104 -0.28312050435375546 1
rider 117 0 -1.6584235165112649 1056.5034 782.51965 1082.1189 844.05023 1.8579231942260648 0.7410029357379778 0.960392178228226 3.473137940176133 6.9822236197377565 48.131325474288715 -1.5863887564418935 1
rider 118 0 -1.5890489089933568 1010.008 789.64465 1045.554 845.70276 1.6420344637149769 1.1255979850873923 1.3105496907023697 2.1450300298701306 7.048998291216539 48.410773269546645 -1.5447689322444365 1
bicycle_rack 110 2 -2.522093974561287 0.0 774.7074 210.30122 1215.0 1.2241943646757596 1.6838549409524628 1.929354313167367 -4.104319583362045 1.8552398625142759 5.431031084131471 -3.169243590181762 1
Car 119 1 -1.450899326828285 595.18604 751.59705 757.5295 910.51416 1.841439766635568 1.9362541254630208 4.136922758313935 -4.23681267245905 3.95695098787078 22.843920233109987 -1.6342834187137032 1
Car 120 0 -1.3256269902585134 346.22104 746.2325 727.8782 1026.3646 1.5252772210660888 1.922992096523858 4.3455961202415745 -3.186702826674491 2.6934552157928904 12.21542725100916 -1.5808147179024923 1
Pedestrian 1414 0 2.6789323706066264 797.8149 796.6229 837.7146 858.57666 1.6109646252949292 0.8249467286166274 0.8545175683149033 -4.095051314972154 6.575455444020749 42.656632445511256 -3.6999599838069264 1
