bicycle 1409 0 -1.736614691738231 1202.8348 805.40405 1258.33 881.55646 1.1683668911977063 0.7335669403962218 1.8974284252669946 5.099382309762575 4.7131637730324005 28.414877506895138 -1.5590432058625305 1
Cyclist 113 0 -1.6421075017366535 1049.9631 784.83984 1077.8304 857.3997 2.037814742539084 0.7410029357379778 1.975066500259566 3.239911280347038 7.207402613894857 47.346783544878086 -1.5737846263455098 1
bicycle_rack 1543 1 -2.9820388319412463 740.9832 798.6403 823.2843 857.9388 1.4113675411572393 1.3391294660419448 2.023711527291292 -4.830056158898818 6.19524955954572 40.46602446507059 -3.100837562425334 1
bicycle_rack 1410 1 -3.003415535630524 731.28546 798.3286 816.0656 859.7266 1.4113675411572393 1.3391294660419448 2.023711527291292 -4.8638943052653385 6.0044674929412185 38.92168206284366 -3.127737239926497 1
bicycle_rack 1411 0 -2.999812139316793 715.67865 793.2518 823.9277 867.54065 1.4113675411572393 2.972184499992119 2.2358967370381766 -4.649558013872124 5.715645552266553 36.730337157533356 -3.1257287374439073 1
motor 116 0 -1.592363826060087 1004.92346 789.37933 1041.8676 857.65186 1.8610888213990506 1.1255979850873923 2.354197833037688 1.9659073294584584 7.235737515737506 47.67791780188768 -1.5511540914125705 1
Pedestrian 121 0 -2.9078335619953184 1726.9199 763.73456 1829.9452 954.2517 1.6864757158459227 0.767552431682694 0.7202275686357094 7.941647603223041 3.084385434224261 14.531093786034905 -2.407660008685268 1
Pedestrian 1413 2 0.26659657830331573 17.235767 774.65753 73.60962 863.2391 1.8234460098296807 0.7329137202340384 0.8952156191415779 -20.122999631291403 5.163213387929467 32.873026168486 -0.2827039369636217 1
rider 117 0 -1.6494114904115187 1050.8711 786.5048 1076.6224 849.0676 1.8579231942260648 0.7410029357379778 0.960392178228226 3.243567328557014 7.032015818957267 47.39516232943944 -1.5810813588538573 1
rider 118 0 -1.5855914649157103 1005.2412 791.4144 1041.2238 848.45496 1.6420344637149769 1.1255979850873923 1.3105496907023697 1.9654052964947661 7.020348957264097 47.63161690843735 -1.544352239237683 1
Pedestrian 1412 2 0.24388909032321127 64.38504 774.0383 118.605225 861.2674 1.8234460098296807 0.7329137202340384 0.8952156191415779 -19.398789980179885 5.198823579265966 33.368548466183434 -0.2827039369636217 1
Car 119 1 -1.4018061635215953 479.54712 739.10077 708.7002 946.8192 1.841439766635568 1.9362541254630208 4.136922758313935 -4.187529884489074 3.356967800858925 17.719891165301327 -1.6338668139153207 1
Car 120 1 -1.172253620046621 0.0 716.39984 614.65436 1215.0 1.5252772210660888 1.922992096523858 4.3455961202415745 -3.1170285349217 2.099836659096523 7.208220843933397 -1.580398056019247 1
moped_scooter 1547 1 -2.78678149589438 809.32104 814.4263 872.259 860.0395 1.237075233392338 0.5781086147155757 1.8188012707834902 -3.660499251306478 7.062935649220842 45.44363382673184 -2.8671582780825116 1
Pedestrian 1414 0 -2.6237786135887196 777.7153 793.44543 816.84143 862.7633 1.6109646252949292 0.7171349988490618 0.7143623196170505 -4.111629290351644 5.89240320390327 37.516420874641376 -2.7329384162474852 1
