bicycle 1409 0 -1.8119966398162557 1318.9194 817.03656 1407.3748 925.5515 1.1683668911977063 0.7335669403962218 1.8974284252669946 5.465183435297082 3.9176583236601754 20.442407642258097 -1.5507606927285598 1
Cyclist 113 0 -1.6169109695588335 1070.2222 783.2274 1097.3951 858.11505 2.037814742539084 0.7410029357379778 1.975066500259566 3.753761155951426 7.00574207569456 45.92290398802337 -1.5353517926870681 1
bicycle_rack 1543 1 -2.959535124331711 708.4626 802.2224 811.8979 876.4626 1.4113675411572393 1.3391294660419448 2.023711527291292 -4.359567353562668 5.359769494212257 32.58016353454644 -3.0925554404990896 1
bicycle_rack 1410 1 -2.9798320422055045 696.125 803.32513 803.8358 881.0065 1.4113675411572393 1.3391294660419448 2.023711527291292 -4.36235807744862 5.197452008326722 31.04051727106008 -3.1194551558948076 1
bicycle_rack 1544 2 3.0821622956512207 776.47235 818.9081 845.3891 872.9128 1.357016189160926 3.137233490393252 2.1853272133998765 -5.22705882339717 8.285049817734588 51.67926067442548 -3.3018244322764088 1
bicycle_rack 1545 1 0.1653909829562008 1251.8073 819.23566 1323.7449 875.3714 1.2806155006414246 2.106566773064744 1.7663766765660134 9.723550238734047 7.228636350445798 44.4647398491115 0.38068189825208787 1
bicycle_rack 1411 0 -2.973834016590524 670.4485 798.1502 812.3987 894.62665 1.4113675411572393 2.972184499992119 2.2358967370381766 -4.168036697872974 4.925834208992305 28.82296928930203 -3.1174466506179694 1
moped_scooter 1547 1 -2.7746612748787998 796.81696 820.9895 873.20026 876.77045 1.237075233392338 0.5781086147155757 1.8188012707834902 -3.159819855086226 6.2150295606492065 37.432113628163044 -2.858876298340622 1
motor 116 0 -1.5911820752670314 1015.00745 794.006 1053.1354 864.95245 1.8610888213990506 1.1255979850873923 2.354197833037688 2.229235752606075 7.209688389760683 46.10620602473338 -1.5428696838444778 1
Pedestrian 1414 0 -1.3539328729103541 767.24316 791.18445 810.7744 886.00745 1.764475441376361 0.7171349988490618 0.725452634013887 -3.4071443488572557 5.102189489993222 29.619323650304693 -1.4684606258984876 1
Pedestrian 1548 2 0.31571987934698087 573.05316 779.69006 627.36676 895.2208 1.7641564333319657 0.6961862448259097 0.6716575738984478 -5.839454836741295 4.3087968706685995 24.21028329464985 0.07904312001397096 1
rider 117 0 -1.6132905539769726 1071.0646 785.4641 1096.577 850.08636 1.8579231942260648 0.7410029357379778 0.960392178228226 3.7609272368324635 6.844254371998594 45.946391100899504 -1.5316179543976802 1
rider 118 0 -1.5926597434059968 1015.12177 795.7754 1052.4878 854.6754 1.6420344637149769 1.1255979850873923 1.3105496907023697 2.2347310430653695 7.0031183238076355 46.24815193876725 -1.544376858210792 1
Car 119 1 -1.243419841345312 26.320177 697.5962 574.9463 1098.5751 1.841439766635568 1.9362541254630208 4.136922758313935 -3.920474779559187 2.4186119280658276 9.754256388658993 -1.625584182328448 1
