bicycle 1409 0 -1.8594547814848645 1398.6617 802.6307 1512.6249 930.98804 1.1683668911977063 0.7335669403962218 1.8974284252669946 5.6582511301607665 3.3296978460569684 17.226690250031567 -1.5420980640545738 1
Cyclist 113 0 -1.6197570231453238 1087.2987 779.1639 1115.0354 854.8869 2.037814742539084 0.7410029357379778 1.975066500259566 4.231549480492676 6.8178442351550235 45.33453857717689 -1.5266861681659518 1
bicycle_rack 1543 1 -2.944197494752436 692.177 793.0874 807.4208 875.0579 1.4113675411572393 1.3391294660419448 2.023711527291292 -4.142183079995204 4.806211677195218 29.458336035310616 -3.083893206124219 1
bicycle_rack 1410 1 -2.967114657778997 683.1804 790.9445 803.88684 877.1792 1.4113675411572393 1.3391294660419448 2.023711527291292 -4.03259894826726 4.584052430669182 27.873462139725003 -3.110792961504642 1
bicycle_rack 1544 2 3.0874063414184145 779.9245 801.09735 852.4912 857.1086 1.357016189160926 3.137233490393252 2.1853272133998765 -4.76165450314067 7.302021509503771 48.74123709593745 -3.293162471030683 1
bicycle_rack 1545 1 0.14939355076655123 1288.233 803.3997 1364.9014 862.8601 1.2806155006414246 2.106566773064744 1.7663766765660134 10.12458466085009 6.376385847464046 41.38163458208119 0.3893435611969063 1
bicycle_rack 1411 0 -2.9553758170799713 644.26385 785.92017 806.653 893.5568 1.4113675411572393 2.972184499992119 2.2358967370381766 -3.971466223608656 4.340843541022286 25.684747772093676 -3.1087844532783437 1
moped_scooter 1546 2 -1.4853178407394467 689.3157 796.77155 738.5437 868.1936 1.3067315402728232 0.9139052218094208 1.839647420169411 -5.425563040137317 5.19727350810956 32.898507010043176 -1.648764840740048 1
motor 116 0 -1.5897390830774596 1025.6267 785.3155 1064.2037 856.87445 1.8610888213990506 1.1255979850873923 2.354197833037688 2.527009970332207 6.865675161136762 45.45704206856892 -1.5342050770536009 1
rider 117 0 -1.6161530939748259 1088.235 781.19324 1114.1615 846.5155 1.8579231942260648 0.7410029357379778 0.960392178228226 4.2447532980657146 6.656118025047267 45.41224655504794 -1.522952339079128 1
rider 118 0 -1.591314129139482 1025.8539 786.7955 1063.7249 846.34265 1.6420344637149769 1.1255979850873923 1.3105496907023697 2.537007874303232 6.649678493784926 45.58106193830731 -1.53571224576537 1
Car 119 1 -1.097976319580675 0.0 655.3958 461.91797 1215.0 1.841439766635568 1.9362541254630208 4.136922758313935 -3.7954909561506183 2.0200192885726658 6.645209595500471 -1.6169214288975602 1
moped_scooter 1547 1 -2.7685777139556396 797.4394 802.9961 880.35443 863.1787 1.237075233392338 0.5781086147155757 1.8188012707834902 -2.8197003262862848 5.405461973610701 34.46293442757921 -2.850214220129272 1
Pedestrian 1414 0 0.09028579968653735 789.1611 773.2579 821.68506 876.8433 1.764475441376361 0.5435982361901919 0.5271249052608766 -2.7626285042978447 4.424542573557904 26.53780555336593 -0.01344219021840165 1
Pedestrian 1548 0 1.312444660418315 565.8933 762.14417 624.17444 900.36096 1.7641564333319657 0.572253824748238 0.8966065369681042 -5.067535487774734 3.710036483910318 20.671924637129667 1.0720444122779194 1
