bicycle 1409 0 -1.8429344292642045 1370.8164 813.4697 1475.4232 935.4472 1.1683668911977063 0.7335669403962218 1.8974284252669946 5.600761651834535 3.58963463990142 18.243824215290587 -1.5450726807323403 1
Cyclist 113 0 -1.6188589878348392 1081.5304 788.8701 1109.1152 864.78644 2.037814742539084 0.7410029357379778 1.975066500259566 4.066842507475219 7.133653261835857 45.47286769465567 -1.529661812961869 1
bicycle_rack 1543 1 -2.948647287895465 696.3607 801.4246 807.872 881.2088 1.4113675411572393 1.3391294660419448 2.023711527291292 -4.226345991606683 5.083171068426248 30.381890093551515 -3.0868676891317515 1
bicycle_rack 1410 1 -2.9714082912898347 687.32465 802.63324 803.9364 886.5856 1.4113675411572393 1.3391294660419448 2.023711527291292 -4.126690416564189 4.916181767881616 28.791796258513234 -3.113767430741871 1
bicycle_rack 1544 2 3.085715480962637 778.52893 810.46075 849.93506 866.10803 1.357016189160926 3.137233490393252 2.1853272133998765 -4.914316204420627 7.730438193174056 49.64534063958847 -3.296136861721595 1
bicycle_rack 1545 1 0.15474040052956667 1275.8512 813.55457 1351.0015 872.27356 1.2806155006414246 2.106566773064744 1.7663766765660134 9.984345173211443 6.785918260456287 42.331265420335846 0.3863692759480921 1
bicycle_rack 1411 0 -2.960382470925235 650.9122 796.63086 806.8734 901.5525 1.4113675411572393 2.972184499992119 2.2358967370381766 -4.058741573460375 4.641257057648904 26.60712580369082 -3.1117589235314598 1
moped_scooter 1547 1 -2.7704068389786984 796.7763 813.3839 877.56415 872.27765 1.237075233392338 0.5781086147155757 1.8188012707834902 -2.9353494595430254 5.763604669245118 35.37783551082707 -2.8531886486524307 1
moped_scooter 1546 2 -1.4910692221531991 694.53076 805.8 741.9431 875.7621 1.3067315402728232 0.9139052218094208 1.839647420169411 -5.48080596417921 5.513010776955117 33.81803264782058 -1.6517397811619636 1
motor 116 0 -1.5912764702743762 1023.53815 793.5328 1061.9664 865.01874 1.8610888213990506 1.1255979850873923 2.354197833037688 2.478319813857903 7.156987011806736 45.768584802944986 -1.537180372602293 1
rider 117 0 -1.6152375732302096 1082.427 791.02924 1108.2308 856.3416 1.8579231942260648 0.7410029357379778 0.960392178228226 4.080019266222194 6.974646230392096 45.562471965121084 -1.5259279806999444 1
rider 118 0 -1.5926731473828988 1023.5162 795.86554 1061.2064 855.2951 1.6420344637149769 1.1255979850873923 1.3105496907023697 2.4784550147460793 6.962489096825357 45.86494516525564 -1.5386875432599525 1
Car 119 1 -1.1567737294350278 0.0 673.8537 507.8357 1205.7723 1.841439766635568 1.9362541254630208 4.136922758313935 -3.8347950770992534 2.1620423437512963 7.679671875040935 -1.6198960885141749 1
Pedestrian 1414 0 0.013182573886919138 785.8979 783.0906 815.23334 884.60583 1.764475441376361 0.6799485497078661 0.5271249052608531 -2.9503987241763094 4.710674685805109 27.48828181738907 -0.09374104286493967 1
Pedestrian 1548 0 1.008139944804695 574.78253 771.8997 626.94305 899.8764 1.7641564333319657 0.5846470667560411 0.46097245976640294 -5.261611904982496 3.947003599063203 21.835843349659836 0.7716854081888576 1
