bicycle 1409 0 -1.93420297286758 1517.3262 808.6389 1679.816 974.1055 1.1683668911977063 0.7335669403962218 1.8974284252669946 5.76733901061997 2.9643572311809425 13.656046565977507 -1.534597200473757 1
Cyclist 113 0 -1.6266130777099048 1095.5299 778.2163 1124.3224 855.54144 2.037814742539084 0.7410029357379778 1.975066500259566 4.402804595726154 6.691577619387162 44.38967877718389 -1.5277511017083891 1
bicycle_rack 1543 1 -2.92683774467286 668.5943 788.598 800.2283 881.6144 1.4113675411572393 1.3391294660419448 2.023711527291292 -3.919053560579291 4.33882050228462 26.009114157229455 -3.076392671523629 1
bicycle_rack 1410 1 -2.947443410850691 654.69604 787.44965 794.2899 886.45056 1.4113675411572393 1.3391294660419448 2.023711527291292 -3.8262300203963973 4.135284039593021 24.35177743121814 -3.103292461812395 1
bicycle_rack 1544 2 3.0955573660625126 776.887 802.94855 853.86273 863.2223 1.357016189160926 3.137233490393252 2.1853272133998765 -4.472632502172324 6.9750669762418145 45.476924966797704 -3.2856621623731055 1
bicycle_rack 1545 1 0.12272563998195035 1339.5477 807.9218 1422.6462 873.93365 1.2806155006414246 2.106566773064744 1.7663766765660134 10.574194554868392 6.043556783767269 37.60427813244119 0.39684358998040126 1
bicycle_rack 1411 0 -2.9335006854163206 605.27954 779.59674 798.1261 905.03754 1.4113675411572393 2.972184499992119 2.2358967370381766 -3.748189594727397 3.8588449304970016 22.1294498777924 -3.1012839510101955 1
moped_scooter 1547 1 -2.7577856024369702 787.8131 802.0563 880.0791 869.22797 1.237075233392338 0.5781086147155757 1.8188012707834902 -2.6352962860120033 4.968603247980643 30.95504816441476 -2.8427138269177847 1
moped_scooter 1546 2 -1.4692427621923483 672.31384 794.8164 728.7747 874.60455 1.3067315402728232 0.9139052218094208 1.839647420169411 -5.122976255207546 4.765046105324246 29.48688051774109 -1.64126316040291 1
motor 116 0 -1.6170515051527503 1036.0443 783.5653 1077.4207 856.18964 1.8610888213990506 1.1255979850873923 2.354197833037688 2.836571882044861 6.729091433301769 44.694642836811376 -1.5536709203277717 1
rider 117 0 -1.6155648787394292 1096.0168 779.25446 1122.4985 845.97687 1.8579231942260648 0.7410029357379778 0.960392178228226 4.394385868954482 6.4977223839990526 44.45226637954033 -1.5170287461046954 1
rider 118 0 -1.6170901365927381 1036.2764 785.9671 1075.9242 846.46 1.6420344637149769 1.1255979850873923 1.3105496907023697 2.831800641457794 6.538583552507651 44.79746114219743 -1.5539607161139986 1
bicycle 1564 2 -3.102365971648885 820.85046 797.03796 874.6579 843.3771 1.437376889550357 0.8771863357119998 1.7733797810771232 -3.813809014783421 7.287734097691107 50.353924896247605 -3.1779616935668447 1
Car 119 2 -0.7508952943014112 0.0 234.85071 166.69003 1215.0 1.841439766635568 1.9362541254630208 4.136922758313935 -3.7057984284286993 1.5556873020848019 3.1999031099000335 -1.6094204565849166 1
Pedestrian 1414 0 0.08943327407053957 800.446 769.5219 835.603 887.41 1.764475441376361 0.4816208209548093 0.502333939166732 -2.2213534262706927 4.033506532719397 23.220046605149935 -0.005941809845182222 1
Pedestrian 1548 0 1.5530512399216343 527.5334 744.6593 593.9801 916.46564 1.7641564333319657 0.6875298219723553 0.6468710898829618 -4.37669253629872 3.1042141107351537 16.327353055393026 1.291149482869126 1
