bicycle 1409 0 -1.965659703848229 1566.8191 809.16296 1750.3639 988.22174 1.1683668911977063 0.7335669403962218 1.8974284252669946 5.862588432914692 2.851672695220448 12.699478353765596 -1.5331681433370778 1
Cyclist 113 0 -1.6259593763173736 1096.6632 780.1091 1125.5376 857.86304 2.037814742539084 0.7410029357379778 1.975066500259566 4.418776234825732 6.729548613960501 44.201523389067056 -1.5263215481820924 1
bicycle_rack 1543 1 -2.921945928821494 660.45764 791.1354 797.5266 888.0418 1.4113675411572393 1.3391294660419448 2.023711527291292 -3.8616118917900697 4.276521147996895 25.039092977318987 -3.074963675742471 1
bicycle_rack 1410 1 -2.9431871766078346 647.1719 791.09827 792.8419 894.55914 1.4113675411572393 1.3391294660419448 2.023711527291292 -3.7426475493297198 4.089511894751687 23.388393776110394 -3.1018634727117558 1
bicycle_rack 1544 2 3.0923633554852348 783.0822 803.06854 861.7193 864.4534 1.357016189160926 3.137233490393252 2.1853272133998765 -4.1860807501774655 6.884121381276897 44.683032432265684 -3.2842332085255936 1
bicycle_rack 1545 1 0.11754711449800703 1349.3518 810.43353 1434.1494 878.24554 1.2806155006414246 2.106566773064744 1.7663766765660134 10.594140269457478 6.001993969090828 36.74185352515784 0.3982724882334612 1
bicycle_rack 1411 0 -2.9264343963095927 591.12585 781.1087 793.7349 912.6068 1.4113675411572393 2.972184499992119 2.2358967370381766 -3.71747380748313 3.7880139539114417 21.220848730563194 -3.0998549614165034 1
moped_scooter 1547 1 -2.7542838273691705 783.2633 805.48413 878.3859 874.9236 1.237075233392338 0.5781086147155757 1.8188012707834902 -2.618606393622784 4.928339288116442 30.022588422697858 -2.8412848587242294 1
moped_scooter 1546 2 -1.464401733663884 665.9338 795.8762 724.51416 878.1191 1.3067315402728232 0.9139052218094208 1.839647420169411 -5.079529760720147 4.6916378580476215 28.65672405253929 -1.6398339475973813 1
motor 116 0 -1.6176533953572318 1038.9102 783.51196 1080.6757 856.7472 1.8610888213990506 1.1255979850873923 2.354197833037688 2.9041188750714313 6.689293285339508 44.334087065732945 -1.5522415210856226 1
rider 117 0 -1.6315538679116155 1097.1 781.4909 1124.2201 848.56573 1.8579231942260648 0.7410029357379778 0.960392178228226 4.413306665947523 6.540600217649128 44.22498889210273 -1.5320910130600127 1
rider 118 0 -1.6177401023291151 1039.2158 785.1835 1079.2412 846.1932 1.6420344637149769 1.1255979850873923 1.3105496907023697 2.9001336215060443 6.473482160162213 44.41152817131381 -1.5525313166960335 1
bicycle 1564 2 -3.1011535636756395 820.7036 796.94714 875.44037 844.0576 1.437376889550357 0.8771863357119998 1.7733797810771232 -3.7402449898073473 7.189149552977101 49.5250828064303 -3.176532705931339 1
Pedestrian 1414 0 0.09236657177250239 796.3936 771.7881 835.1253 893.9399 1.764475441376361 0.40724792267246984 0.5395203883079375 -2.16714149729043 3.9749542300705203 22.299445621284754 -0.004512843894499463 1
Pedestrian 1548 0 1.5679244833364834 505.23837 748.0918 572.0658 933.1289 1.7641564333319657 0.6365583659259586 0.5327597185697194 -4.254480562351856 3.033002515279578 15.058914461787614 1.292578300324104 1
