Cyclist 113 0 -1.6282862528149609 1108.5094 769.9748 1137.191 846.26953 2.037814742539084 0.7410029357379778 1.975066500259566 4.827511535341142 6.478513127561955 44.76978121910276 -1.5208715939837263 1
bicycle_rack 1543 1 -2.8977663640350206 613.5767 776.2037 785.12555 895.86005 1.4113675411572393 1.3391294660419448 2.023711527291292 -3.51309780039283 3.535482949430513 20.253259139970794 -3.069515842586444 1
bicycle_rack 1410 1 -2.9108225967316583 585.35223 774.1284 769.5362 902.43933 1.4113675411572393 1.3391294660419448 2.023711527291292 -3.534712123589134 3.3613502250567713 18.82631995774579 -3.0964156651110057 1
bicycle_rack 1544 2 3.0995187176589782 776.77106 786.4267 863.4478 853.4745 1.357016189160926 3.137233490393252 2.1853272133998765 -3.833270538175356 5.880778532120062 40.17814760320067 -3.2787855319640755 1
bicycle_rack 1558 2 3.1041601535627237 775.6445 790.9651 850.22485 849.0039 1.4359972770248826 1.4184735268578252 2.0655343106113557 -4.246529974608871 6.2680886196646215 42.67014213016255 -3.278218476388879 1
bicycle_rack 1545 1 0.07687425549590493 1419.9879 799.13824 1514.6631 876.2804 1.2806155006414246 2.106566773064744 1.7663766765660134 10.876740638511125 5.17215895409104 32.084375913125406 0.40371994617155127 1
bicycle_rack 1411 0 -2.883807692754039 494.94772 764.2259 765.0131 932.15985 1.4113675411572393 2.972184499992119 2.2358967370381766 -3.560589250210912 3.106411973230425 16.656230025646316 -3.0944071519293823 1
moped_scooter 1547 1 -2.736113943729051 755.425 793.5548 867.85297 875.4881 1.237075233392338 0.5781086147155757 1.8188012707834902 -2.5404634452956896 4.162591022992214 25.390648750966328 -2.8358371326532827 1
moped_scooter 1546 2 -1.432795099230262 617.4816 783.6097 690.9318 880.9635 1.3067315402728232 0.9139052218094208 1.839647420169411 -4.926792344131363 3.965779631159892 24.107678391129788 -1.6343852908086194 1
motor 116 0 -1.6180271312359369 1047.7671 775.22253 1089.3064 847.54065 1.8610888213990506 1.1255979850873923 2.354197833037688 3.1841890172725305 6.4664195448357145 44.62416308455029 -1.5467921544482421 1
rider 117 0 -1.6337876466646677 1108.8444 771.81573 1135.6986 837.8011 1.8579231942260648 0.7410029357379778 0.960392178228226 4.8199737418140085 6.309196740846567 44.81257169293232 -1.5266410499997114 1
rider 118 0 -1.6186657633147696 1048.8646 776.84625 1088.7467 837.3192 1.6420344637149769 1.1255979850873923 1.3105496907023697 3.2005637736276578 6.2451194844037365 44.6343231559882 -1.5470819493864967 1
bicycle 1564 2 -3.0939521240019117 815.1233 796.30365 875.6382 848.20917 1.437376889550357 0.8771863357119998 1.7733797810771232 -3.473662782561061 6.64218851620446 44.94549924583369 -3.171084902468177 1
Pedestrian 1414 0 0.11186069079030889 771.46356 749.8334 817.3624 904.96185 1.764475441376361 0.44443437181362866 0.489938456119662 -1.959297804964756 3.2526505537373156 17.590631123526435 0.0009348742269101873 1
Pedestrian 1548 0 1.7518899344323833 249.2516 689.20905 381.33228 1023.12006 1.7641564333319657 0.5696816315049456 0.6889613402884854 -3.6342215418890578 2.144904253354144 8.454180314974264 1.3458992939806484 1
