Cyclist 113 0 -1.6279788760113003 1108.0552 770.79254 1136.5415 846.6504 2.037814742539084 0.7410029357379778 1.975066500259566 4.840516246158117 6.530235271623447 45.04340436529608 -1.5209263341141173 1
bicycle_rack 1543 1 -2.8964557915220266 610.70435 775.9878 783.708 896.59045 1.4113675411572393 1.3391294660419448 2.023711527291292 -3.514316360433743 3.516690119180348 20.097300166632966 -3.0695705614545594 1
bicycle_rack 1410 1 -2.909303835776737 582.01074 773.8798 767.8958 903.28406 1.4113675411572393 1.3391294660419448 2.023711527291292 -3.5358520327920058 3.3425585027277855 18.670359660023905 -3.0964703837217593 1
bicycle_rack 1544 2 3.0998898003997652 775.9897 786.3561 862.9661 853.67096 1.357016189160926 3.137233490393252 2.1853272133998765 -3.835586779808185 5.8619661640618315 40.02217325836048 -3.278840249285115 1
bicycle_rack 1558 2 3.104507464602898 774.91315 789.936 849.7485 848.1465 1.4359972770248826 1.4184735268578252 2.0655343106113557 -4.248575682988742 6.221274140594494 42.517234119016535 -3.2782731933542264 1
bicycle_rack 1545 1 0.07539508194139938 1422.1748 799.11005 1517.2125 876.6405 1.2806155006414246 2.106566773064744 1.7663766765660134 10.874868646049524 5.15344985538896 31.929200013312958 0.4036652310990172 1
bicycle_rack 1411 0 -2.881871859319172 490.02567 763.8732 763.2153 933.4834 1.4113675411572393 2.972184499992119 2.2358967370381766 -3.5616096118060576 3.0876219815596686 16.50026810236466 -3.094461870559135 1
moped_scooter 1547 1 -2.7355482831464437 754.1511 791.3618 867.2524 873.6979 1.237075233392338 0.5781086147155757 1.8188012707834902 -2.5411714644566445 4.10773984456003 25.239653389761237 -2.8358918504307535 1
moped_scooter 1546 2 -1.4315148625073326 615.0598 783.4747 689.1488 881.4782 1.3067315402728232 0.9139052218094208 1.839647420169411 -4.928223118590323 3.94697418170115 23.951642991044547 -1.634440017919817 1
motor 116 0 -1.6181326261662738 1047.8341 778.05817 1089.3927 850.5511 1.8610888213990506 1.1255979850873923 2.354197833037688 3.1856259454159064 6.552084367594682 44.61240275035063 -1.5468468886820337 1
rider 117 0 -1.6338746780972353 1108.9532 771.96533 1135.6846 837.64166 1.8579231942260648 0.7410029357379778 0.960392178228226 4.844095000387553 6.334437059168712 45.02316014593109 -1.5266957902195208 1
rider 118 0 -1.61814983885415 1048.0552 779.5808 1087.838 840.0198 1.6420344637149769 1.1255979850873923 1.3105496907023697 3.1810103469196727 6.336747150724447 44.719339671392284 -1.547136683627054 1
bicycle 1564 2 -3.093682079281136 814.52277 796.2724 875.25714 848.36035 1.437376889550357 0.8771863357119998 1.7733797810771232 -3.476242946878625 6.623374326609737 44.789545098134845 -3.171139621048781 1
Pedestrian 1414 0 0.11422088127387395 767.4874 749.3067 813.99493 905.9189 1.764475441376361 0.45682985486073796 0.4899384561196716 -1.9852391533438323 3.2344115142198078 17.44060658860252 0.0008801565245328824 1
Pedestrian 1548 0 1.7593390142087177 228.67894 685.2673 374.73752 1031.1727 1.7641564333319657 0.6192545995359967 0.6269951302496731 -3.5684788528638665 2.107586807563456 8.13250504233782 1.3458445822914702 1
