Cyclist 113 0 -1.6284888169316585 1115.1299 781.65753 1143.1626 856.65375 2.037814742539084 0.7410029357379778 1.975066500259566 5.137142582058045 6.949177634053902 45.847174575691966 -1.5169049705087703 1
bicycle_rack 1543 1 -2.882004257530294 585.3925 786.58765 775.8097 919.86053 1.4113675411572393 1.3391294660419448 2.023711527291292 -3.413489500275706 3.4800039874757194 18.388094669636846 -3.065550757562272 1
bicycle_rack 1410 1 -2.8911676032508518 548.7531 781.52954 755.91956 925.7671 1.4113675411572393 1.3391294660419448 2.023711527291292 -3.4508401780681157 3.257967063487908 16.912061492000788 -3.092450598772598 1
bicycle_rack 1544 2 3.1042931091328696 773.6797 797.2991 864.4192 869.0615 1.357016189160926 3.137233490393252 2.1853272133998765 -3.6705930813451557 5.9506467912116054 38.14645579665059 -3.274820557651795 1
bicycle_rack 1558 2 3.108882671287023 772.8097 799.60443 850.8767 860.92267 1.4359972770248826 1.4184735268578252 2.0655343106113557 -4.07618992859231 6.282565648348025 40.646028657176174 -3.2742535303580755 1
bicycle_rack 1545 0 0.054782180658548785 1461.2305 810.7926 1560.8954 894.45996 1.2806155006414246 2.106566773064744 1.7663766765660134 11.071648707815212 5.1809702044465995 30.059754957702776 0.4076847547076925 1
bicycle_rack 1411 0 -2.8612929678725783 440.8396 771.7573 753.74384 966.2927 1.4113675411572393 2.972184499992119 2.2358967370381766 -3.432963319348125 3.008121634229794 14.718208177315134 -3.0904420842114044 1
moped_scooter 1547 1 -2.730149251863401 747.9136 802.08954 869.3406 891.24255 1.237075233392338 0.5781086147155757 1.8188012707834902 -2.398718544228668 4.086926055258061 23.499524586093578 -2.8318721274746235 1
moped_scooter 1546 2 -1.4165125094820061 593.30414 798.446 675.9648 906.88165 1.3067315402728232 0.9139052218094208 1.839647420169411 -4.777593717591588 3.9687727956009646 21.993202652268046 -1.6304196100774915 1
motor 116 0 -1.6180279346836903 1054.0588 786.7882 1094.9086 858.4955 1.8610888213990506 1.1255979850873923 2.354197833037688 3.419845514837371 6.903842460575353 45.38971499956229 -1.5428259579875288 1
rider 117 0 -1.6342288370307383 1115.8188 783.34155 1142.0536 847.9875 1.8579231942260648 0.7410029357379778 0.960392178228226 5.143451789144345 6.775416710442272 45.91569300193994 -1.5226744200232434 1
rider 118 0 -1.6181648708225116 1054.4692 788.62354 1093.5405 848.23517 1.6420344637149769 1.1255979850873923 1.3105496907023697 3.4247506818448987 6.702133298082323 45.547749506515096 -1.5431157524347052 1
bicycle 1564 2 -3.0906679342239474 814.6699 796.02356 878.0848 850.32916 1.437376889550357 0.8771863357119998 1.7733797810771232 -3.2899885048495827 6.404892463361788 42.94956670861066 -3.167119837698102 1
Pedestrian 1414 0 -0.06737183092616553 762.4603 751.147 818.1051 929.1306 1.764475441376361 0.5983254851117847 0.5395203883079098 -1.7945486029633828 3.115067295124766 15.655086270826029 -0.1815040540653028 1
Pedestrian 1548 0 1.7302552486799576 0.0 633.177 184.31403 1187.966 1.7641564333319657 0.5500395339761339 1.010250184072455 -3.1446711267288823 1.796902520940875 5.343005637049009 1.1982911314559628 1
