Cyclist 113 0 -1.6284210943325543 1115.1841 783.00867 1143.1351 857.8541 2.037814742539084 0.7410029357379778 1.975066500259566 5.151805760345455 7.00490868393474 45.97389086712892 -1.5168272651277117 1
bicycle_rack 1543 1 -2.8806590814874027 582.5977 786.45624 774.5857 920.76764 1.4113675411572393 1.3391294660419448 2.023711527291292 -3.411879417245698 3.4634654230874222 18.25048443661207 -3.0654730822742318 1
bicycle_rack 1410 1 -2.8895689571349923 545.3753 781.347 754.4266 926.8065 1.4113675411572393 1.3391294660419448 2.023711527291292 -3.4493459726047337 3.2414270123384274 16.7744544194344 -3.0923729238513284 1
bicycle_rack 1544 2 3.1046336262488428 773.1493 797.2749 864.17926 869.3063 1.357016189160926 3.137233490393252 2.1853272133998765 -3.6674364791732947 5.9341351568179395 38.008862263002364 -3.274742884505115 1
bicycle_rack 1558 2 3.1092155705278537 772.3026 799.5889 850.6202 861.1185 1.4359972770248826 1.4184735268578252 2.0655343106113557 -4.07283753317118 6.2660608824077375 40.508465973871004 -3.274175857814816 1
bicycle_rack 1545 0 0.05328270374222849 1463.722 810.82043 1563.7473 894.8967 1.2806155006414246 2.106566773064744 1.7663766765660134 11.074174586444828 5.164311689215432 29.921025637236802 0.40776242455082623 1
bicycle_rack 1411 0 -2.8592145286442743 435.5365 771.47565 752.0925 968.0004 1.4113675411572393 2.972184499992119 2.2358967370381766 -3.4316406007670204 2.9915786920577405 14.58060004331526 -3.090364409263053 1
moped_scooter 1547 1 -2.730159217530253 747.7789 802.12756 869.74054 891.6864 1.237075233392338 0.5781086147155757 1.8188012707834902 -2.3861110972408524 4.075311859421278 23.396309859202013 -2.8317944537667925 1
moped_scooter 1546 2 -1.4196320899773205 598.2376 804.3631 681.01074 914.06696 1.3067315402728232 0.9139052218094208 1.839647420169411 -4.673754483550654 4.042555195597917 21.851754004350628 -1.6303419231514813 1
motor 116 0 -1.6178361221434991 1054.0011 786.9306 1094.6111 858.241 1.8610888213990506 1.1255979850873923 2.354197833037688 3.4335167060335303 6.935474407496011 45.64068398242027 -1.5427482609662562 1
rider 117 0 -1.6342736560105164 1116.0392 785.1848 1142.2026 849.6896 1.8579231942260648 0.7410029357379778 0.960392178228226 5.163506574248511 6.846351416537863 46.043728159518004 -1.5225967145143886 1
rider 118 0 -1.618024700696482 1054.4906 788.7275 1093.3243 847.98444 1.6420344637149769 1.1255979850873923 1.3105496907023697 3.4422735553869925 6.7350765380724855 45.8190809505092 -1.5430380554037966 1
bicycle 1564 2 -3.0904274546565604 814.3172 795.9976 877.9433 850.4784 1.437376889550357 0.8771863357119998 1.7733797810771232 -3.286457351339125 6.388383261245258 42.81194324242937 -3.1670421627954095 1
Pedestrian 1414 0 -0.06970000787833427 762.45764 753.3102 825.3908 931.99133 1.764475441376361 0.5487435529235156 0.6138932865903277 -1.745788641436123 3.128568005453838 15.56050223368006 -0.1814263816820887 1
Pedestrian 1548 0 1.7756772060101351 0.0 634.87195 174.63603 1194.8054 1.7641564333319657 0.5500395339761225 0.8000327941494005 -3.10824284407408 1.8019436004840128 5.196474371808769 1.2366231213234444 1
