Cyclist 113 0 -1.6930123795282659 1099.5203 797.60986 1130.0603 869.63806 2.037814742539084 0.7410029357379778 1.975066500259566 4.925167525348184 7.704976771588428 48.075163682752276 -1.5909213151391164 1
bicycle_rack 1543 1 -2.861387614193081 532.71216 792.96405 748.047 943.0807 1.4113675411572393 1.3391294660419448 2.023711527291292 -3.488398553227591 3.34404740623994 16.45699835129054 -3.07026635217097 1
bicycle_rack 1410 1 -2.865892625087129 485.2957 787.88525 723.012 952.28937 1.4113675411572393 1.3391294660419448 2.023711527291292 -3.524644719231069 3.1204545331707854 14.967462234159877 -3.0971661711668226 1
bicycle_rack 1544 1 3.1100848157973946 755.6736 805.51135 851.0329 882.49054 1.357016189160926 3.137233490393252 2.1853272133998765 -3.852901850519741 5.918277084649633 36.06259735477692 -3.2795360202836683 1
bicycle_rack 1558 2 3.1147754614901255 754.9716 809.36743 836.7291 874.30646 1.4359972770248826 1.4184735268578252 2.0655343106113557 -4.2970811446521076 6.314920138460042 38.70832988162565 -3.2789689599120457 1
bicycle_rack 1545 0 0.031524359393564405 1490.4065 821.9681 1594.8782 912.63403 1.2806155006414246 2.106566773064744 1.7663766765660134 10.96742391619467 5.164293661422368 28.155774649542188 0.40296948859873005 1
bicycle_rack 1411 0 -2.8280462881600164 344.2262 773.22266 717.97253 1001.34454 1.4113675411572393 2.972184499992119 2.2358967370381766 -3.499073297621732 2.831983935136332 12.786639886772928 -3.0951576582456974 1
moped_scooter 1547 0 -2.7235195349278567 725.1486 813.5462 857.752 911.59033 1.237075233392338 0.5781086147155757 1.8188012707834902 -2.444768351782022 4.022253528971676 21.5298685665956 -2.8365876273054886 1
moped_scooter 1546 2 -1.3996867942286095 553.33563 804.17303 647.2243 925.02875 1.3067315402728232 0.9139052218094208 1.839647420169411 -4.780517293416977 3.809175986577231 19.927239714761605 -1.6351359135056704 1
motor 116 0 -1.6171096545094552 1046.4734 799.3969 1085.455 868.52057 1.8610888213990506 1.1255979850873923 2.354197833037688 3.3070795790648466 7.538043345520924 47.46148897571485 -1.5475428748497613 1
rider 117 0 -1.6814462377436974 1101.7035 799.6911 1128.0674 861.65894 1.8579231942260648 0.7410029357379778 0.960392178228226 4.931121969205102 7.5302874789675185 48.04691082678907 -1.5791729181606042 1
rider 118 0 -1.6176241201091495 1047.3816 801.7601 1084.77 859.17706 1.6420344637149769 1.1255979850873923 1.3105496907023697 3.3240859504426097 7.344794435298835 47.55148587294743 -1.5478326698807905 1
bicycle 1564 2 -3.0808912466944545 790.9524 813.71484 858.0667 871.36017 1.437376889550357 0.8771863357119998 1.7733797810771232 -3.720971041264425 6.647807581795386 40.80203505200491 -3.171835408090276 1
Pedestrian 1414 0 -0.10317804643928674 848.97876 759.61194 932.36053 955.6744 1.764475441376361 0.8060082297588137 0.7298962375676679 -0.6957833841645227 3.114651386567467 14.534840743038297 -0.1510115696297918 1
