Cyclist 113 0 -1.6947948814546887 1105.7467 792.49225 1136.7328 865.08093 2.037814742539084 0.7410029357379778 1.975066500259566 5.077930552504425 7.479950704774945 47.566486380679734 -1.58844329715038 1
bicycle_rack 1543 1 -2.8686145440228668 552.37256 793.40466 759.2533 938.1366 1.4113675411572393 1.3391294660419448 2.023711527291292 -3.4424033374325185 3.416672237769978 17.05417459585209 -3.067789340660121 1
bicycle_rack 1410 1 -2.8745790403471663 508.4779 788.5481 735.81366 946.4832 1.4113675411572393 1.3391294660419448 2.023711527291292 -3.482378312173122 3.1930316275748467 15.564741052339645 -3.0946891713120945 1
bicycle_rack 1544 1 3.1082791603115933 762.7857 804.78687 856.7648 880.3467 1.357016189160926 3.137233490393252 2.1853272133998765 -3.7583104610940827 5.9719400709024 36.66295583099166 -3.277059078582603 1
bicycle_rack 1558 2 3.112809764525135 762.1264 806.7665 842.99854 870.79504 1.4359972770248826 1.4184735268578252 2.0655343106113557 -4.171491083642733 6.301121555591326 39.16282240458596 -3.276492034713983 1
bicycle_rack 1545 0 0.04088699704160942 1479.2257 817.52386 1582.4836 905.9557 1.2806155006414246 2.106566773064744 1.7663766765660134 10.95506982787301 5.147837824591616 28.70696567270429 0.40544632805920267 1
bicycle_rack 1411 0 -2.8395413999535695 379.36823 774.52454 731.8081 991.5973 1.4113675411572393 2.972184499992119 2.2358967370381766 -3.4622549524113952 2.90446785554452 13.383873955458386 -3.092680657530452 1
moped_scooter 1547 1 -2.72517191797099 733.23846 813.3224 862.18097 908.6491 1.237075233392338 0.5781086147155757 1.8188012707834902 -2.420939605906666 4.095433901478179 22.13496230033017 -2.834110665296297 1
moped_scooter 1546 2 -1.4063816659620363 569.859 804.2632 659.9601 921.3984 1.3067315402728232 0.9139052218094208 1.839647420169411 -4.72584589355997 3.882319604617154 20.527564371851323 -1.6326585291049058 1
motor 116 0 -1.6173266437544176 1050.2909 798.7381 1089.7632 868.6886 1.8610888213990506 1.1255979850873923 2.354197833037688 3.3949775590048077 7.451500878220873 46.9000426741569 -1.5450651680867171 1
rider 117 0 -1.6834798756509852 1108.334 793.7017 1135.0872 856.29895 1.8579231942260648 0.7410029357379778 0.960392178228226 5.088478281248679 7.270741901918161 47.47037219231725 -1.5766949070107834 1
rider 118 0 -1.6176575017644965 1050.924 800.63715 1088.7908 858.7661 1.6420344637149769 1.1255979850873923 1.3105496907023697 3.401329371376478 7.239358566845787 46.96101076529587 -1.5453549628113357 1
bicycle 1564 2 -3.0827501618416435 798.0314 811.926 864.0855 868.6544 1.437376889550357 0.8771863357119998 1.7733797810771232 -3.5952891310905315 6.673987846424679 41.40824138491943 -3.1693584095016365 1
Pedestrian 1414 0 -0.16612145396013983 788.55585 760.28314 890.9196 950.7588 1.764475441376361 0.5115571037823542 0.9331353786608885 -1.2017128443830654 3.130861488009177 14.73062239810459 -0.24752042941435226 1
