bicycle_rack 1545 0 0.04238285649852974 1478.7812 814.1681 1581.2179 901.4187 1.2806155006414246 2.106566773064744 1.7663766765660134 11.041763677339485 5.114902121399082 28.978647686160965 0.40643048385910774 1
Cyclist 113 0 -1.6537166565922474 1110.7059 786.1707 1139.672 859.6128 2.037814742539084 0.7410029357379778 1.975066500259566 5.127710301541653 7.199888062133185 46.87000936173671 -1.5447472274502305 1
bicycle_rack 1543 1 -2.8712329194023534 559.86066 788.95905 763.2156 930.98175 1.4113675411572393 1.3391294660419448 2.023711527291292 -3.4315591108273313 3.3932504951640885 17.321973951794693 -3.0668051161873278 1
bicycle_rack 1410 1 -2.879235618652499 520.30774 788.9014 742.10394 943.3329 1.4113675411572393 1.3391294660419448 2.023711527291292 -3.465048800537268 3.234618423601913 15.90790502428971 -3.093704951478604 1
bicycle_rack 1544 2 3.1072982542236764 766.11035 804.8158 859.31866 879.6329 1.357016189160926 3.137233490393252 2.1853272133998765 -3.720039489021642 6.013890267310145 37.006335466709686 -3.2760748815504113 1
bicycle_rack 1558 2 3.1118571216071254 765.38196 806.77905 845.5829 870.22876 1.4359972770248826 1.4184735268578252 2.0655343106113557 -4.13073906329107 6.3431595473460405 39.50659928136282 -3.275507844774995 1
bicycle_rack 1411 0 -2.8452961586355885 396.3869 775.1809 738.2773 986.677 1.4113675411572393 2.972184499992119 2.2358967370381766 -3.4477719493421337 2.9437170890114057 13.708234972888478 -3.0916964373544396 1
moped_scooter 1547 1 -2.725494766604827 735.99744 809.94104 863.3828 903.94366 1.237075233392338 0.5781086147155757 1.8188012707834902 -2.4206430268426886 4.077419038034187 22.403144742737975 -2.833126460666712 1
moped_scooter 1546 2 -1.4100222377141436 578.23206 804.3012 666.3002 919.40625 1.3067315402728232 0.9139052218094208 1.839647420169411 -4.703585220450946 3.9241305189473468 20.87193011180774 -1.6316741568108328 1
motor 116 0 -1.6173941943875754 1051.7354 790.127 1091.497 860.14056 1.8610888213990506 1.1255979850873923 2.354197833037688 3.420260300908508 7.138056084579327 46.56889990986053 -1.544080667788237 1
rider 117 0 -1.6596370674677416 1111.622 787.8242 1138.0399 851.1291 1.8579231942260648 0.7410029357379778 0.960392178228226 5.12371351578176 7.019297415078195 46.88716222526125 -1.5507914242142173 1
rider 118 0 -1.6174497914532466 1052.0018 792.0446 1090.0543 850.22687 1.6420344637149769 1.1255979850873923 1.3105496907023697 3.420686891390395 6.939312009139515 46.724501613478225 -1.5443704623909353 1
bicycle 1564 2 -3.0809725064527798 797.0822 812.26385 862.6561 868.52734 1.437376889550357 0.8771863357119998 1.7733797810771232 -3.6579496179889404 6.725601423935171 41.74553962808809 -3.168374190039474 1
Pedestrian 1414 0 -0.16041325152092742 775.9857 757.14233 889.2774 945.11707 1.764475441376361 0.5239525868294062 1.058961154318621 -1.291611047882506 3.121319860029061 14.960187400872822 -0.24653624363677107 1
