bicycle_rack 1545 0 0.04062313585514238 1480.8031 816.6772 1583.494 904.52356 1.2806155006414246 2.106566773064744 1.7663766765660134 11.04016018696125 5.151152089881461 28.865168311234285 0.4059297099530099 1
Cyclist 113 0 -1.6742232657010874 1108.7175 789.3298 1138.7177 862.3157 2.037814742539084 0.7410029357379778 1.975066500259566 5.117284647148388 7.336559357948161 47.20103041947138 -1.566230373730093 1
bicycle_rack 1543 1 -2.8695185696590952 555.34674 788.8157 760.7043 932.1209 1.4113675411572393 1.3391294660419448 2.023711527291292 -3.4411077996396133 3.3748698176858345 17.170554052367585 -3.067305925058681 1
bicycle_rack 1410 1 -2.877203769131065 515.03815 788.7463 739.24915 944.70215 1.4113675411572393 1.3391294660419448 2.023711527291292 -3.4738849682790978 3.2162470915036407 15.756467381355286 -3.0942057579887585 1
bicycle_rack 1544 1 3.1077301816344955 764.5447 804.80115 858.09204 879.94476 1.357016189160926 3.137233490393252 2.1853272133998765 -3.7395314575416587 5.99533433136208 36.854790643835436 -3.276575676480171 1
bicycle_rack 1558 2 3.112285925222024 763.8312 807.2994 844.3303 871.0296 1.4359972770248826 1.4184735268578252 2.0655343106113557 -4.151697416873798 6.338557586895009 39.353308361020645 -3.2760086360573974 1
bicycle_rack 1411 0 -2.842999108058831 389.41028 774.9168 735.5406 988.6538 1.4113675411572393 2.972184499992119 2.2358967370381766 -3.454824871615069 2.9276653234407624 13.575593113944937 -3.092197244038924 1
moped_scooter 1547 1 -2.725367512574458 734.70966 810.0079 862.7674 904.50916 1.237075233392338 0.5781086147155757 1.8188012707834902 -2.422225694071188 4.063986797440279 22.286726084118794 -2.833627259428754 1
moped_scooter 1546 2 -1.4084292196532717 574.46063 804.28265 663.417 920.2758 1.3067315402728232 0.9139052218094208 1.839647420169411 -4.714930690728895 3.9056452174947713 20.719881568548097 -1.6321750408744715 1
motor 116 0 -1.6173699052249586 1051.0187 796.4564 1090.6262 866.52716 1.8610888213990506 1.1255979850873923 2.354197833037688 3.408556327250546 7.360442326578217 46.74563199967894 -1.544581616979134 1
rider 117 0 -1.6594447958191838 1110.662 790.77856 1136.898 853.72046 1.8579231942260648 0.7410029357379778 0.960392178228226 5.124719099464183 7.147499678785714 47.19935972547008 -1.5512924318083536 1
rider 118 0 -1.6175584725212961 1051.4641 798.65607 1089.4092 856.8562 1.6420344637149769 1.1255979850873923 1.3105496907023697 3.412175961075397 7.164634347143639 46.860672248911875 -1.5448714116438818 1
bicycle 1564 2 -3.0882899742177994 807.4198 795.70667 872.851 851.68896 1.437376889550357 0.8771863357119998 1.7733797810771232 -3.366285547831224 6.251158377530354 41.682628808571884 -3.1688749963700458 1
Pedestrian 1414 0 -0.1630108156810352 776.2026 760.29785 895.47784 949.9972 1.764475441376361 0.5487435529235142 1.108543086506856 -1.2536696648955614 3.1485317945548403 14.884851968056388 -0.24703703280106892 1
