Cyclist 113 2 -1.689909011975662 1083.0532 789.44977 1112.1586 858.2172 2.037814742539084 0.7410029357379778 1.975066500259566 4.5567374824499876 7.6590223491554505 50.08800909310247 -1.5991841353966585 1
bicycle_rack 1543 1 -2.823436313977834 433.088 779.069 697.82306 959.32574 1.4113675411572393 1.3391294660419448 2.023711527291292 -3.5708171803589543 2.8985271683463014 13.693340636479078 -3.078525805383218 1
bicycle_rack 1410 1 -2.815925121728552 358.03 772.9039 658.0905 974.154 1.4113675411572393 1.3391294660419448 2.023711527291292 -3.643373496474647 2.691772986300366 12.231468725734416 -3.1054255857173345 1
bicycle_rack 1544 1 3.12000266528359 723.362 794.6881 827.23193 877.45776 1.357016189160926 3.137233490393252 2.1853272133998765 -4.1648860739044435 5.326359952881607 33.24949609082345 -3.287795232973255 1
bicycle_rack 1558 2 3.1240873144766828 724.63794 796.1673 813.2542 865.88025 1.4359972770248826 1.4184735268578252 2.0655343106113557 -4.617584338264269 5.638264903591484 35.8408037925864 -3.287228131522731 1
bicycle_rack 1545 0 -0.00031760638431294064 1527.6118 810.534 1643.6301 909.254 1.2806155006414246 2.106566773064744 1.7663766765660134 10.69272332078379 4.626928238838767 25.645408350298787 0.39471060101499633 1
bicycle_rack 1411 0 -2.764342159201659 142.20183 755.97864 652.3811 1049.9238 1.4113675411572393 2.972184499992119 2.2358967370381766 -3.5518743403327244 2.427996720526516 10.070628875183848 -3.1034170756497765 1
moped_scooter 1547 0 -2.7092504658871075 681.3484 805.4715 833.0475 917.2758 1.237075233392338 0.5781086147155757 1.8188012707834902 -2.570551466564282 3.5775880567639096 18.84103639865235 -2.844846919983365 1
moped_scooter 1546 2 -1.366264162846887 474.59286 795.2457 590.6967 936.83 1.3067315402728232 0.9139052218094208 1.839647420169411 -4.847091733413496 3.356056644589551 17.040090991574132 -1.6433966189792635 1
motor 116 0 -1.6182238145612817 1036.5653 794.57526 1073.8013 860.1503 1.8610888213990506 1.1255979850873923 2.354197833037688 3.1102013276410094 7.64180456962807 49.76294374000827 -1.5558046573912454 1
Pedestrian 1560 0 -0.14104195335913947 1217.2463 800.2135 1235.2633 858.1302 1.835003845387868 0.5967074870543562 0.5089205664658971 8.777320121171309 7.679453773139512 49.546580066621615 0.034291868968617134 1
Pedestrian 1561 1 -1.2580516776515422 1228.311 806.0936 1252.5621 862.7073 1.7270117968415033 0.5967074870543562 0.6889073140431676 9.132165257038634 7.707530024877447 48.913601908561105 -1.0734767530488667 1
rider 117 0 -1.6954484156682346 1084.7969 790.7674 1110.442 850.1302 1.8579231942260648 0.7410029357379778 0.960392178228226 4.559155468230128 7.463811654298258 50.04928468912459 -1.604605813235793 1
rider 118 1 -1.6180751650468375 1036.4858 796.40204 1072.1521 850.9595 1.6420344637149769 1.1255979850873923 1.3105496907023697 3.093361887476209 7.434488042943505 49.844534382056864 -1.556094453439539 1
bicycle 1564 2 -3.070783512534829 760.68835 802.2694 832.7153 863.60486 1.437376889550357 0.8771863357119998 1.7733797810771232 -4.1979387925834155 6.030187595853364 38.250437316711206 -3.1800948149911092 1
bicycle_rack 1745 2 -1.6968935859016092 1645.2637 813.2248 1703.1705 913.93915 1.313383717945486 0.6074573071475271 1.9854125566143668 11.622493251894744 4.519554051811848 24.421430892348546 -1.2527000257807681 1
Pedestrian 1414 0 -0.6683804035078686 1008.1557 743.37646 1129.0524 965.4241 1.764475441376361 0.7713944389843771 0.7226460712539557 0.9256777917206652 2.8328395532143613 12.962851930045659 -0.597091374811532 1
Car 1746 1 -1.027652119556734 0.0 780.7749 159.482 890.12036 1.483488077747562 1.810568892134663 4.41313329808192 -17.522731818256336 4.715634084385783 28.798809873942016 -1.5742641310666494 1
