Cyclist 113 0 -1.6878333129246963 1067.566 794.66614 1096.2272 862.9369 2.037814742539084 0.7410029357379778 1.975066500259566 4.073232652413547 7.897313518744375 50.61456768200103 -1.6075308687386383 1
bicycle_rack 1543 1 -2.7845899731231443 330.03107 775.1278 643.5969 984.528 1.4113675411572393 1.3391294660419448 2.023711527291292 -3.6928013263163657 2.673729428517777 11.842154783727159 -3.0868691206125485 1
bicycle_rack 1410 1 -2.7665987314168445 226.23427 774.93677 591.5359 1014.7115 1.4113675411572393 1.3391294660419448 2.023711527291292 -3.7532073078407593 2.5220695170155345 10.372994621299224 -3.1137688622160518 1
bicycle_rack 1544 1 3.1328509560305546 686.67523 799.58234 797.4278 888.25977 1.357016189160926 3.137233490393252 2.1853272133998765 -4.606866245299076 5.2222985027126985 31.372090184553848 -3.2961382931575933 1
bicycle_rack 1558 2 3.131742730944829 697.3986 803.3639 791.2446 877.5094 1.4359972770248826 1.4184735268578252 2.0655343106113557 -4.928609336043296 5.5911529763152075 33.95880279460711 -3.295571172003248 1
bicycle_rack 1545 0 -0.02630834495696227 1556.1198 815.2687 1681.663 921.84534 1.2806155006414246 2.106566773064744 1.7663766765660134 10.486711023659375 4.496299994648846 23.952289183852184 0.38636784456207884 1
moped_scooter 1547 0 -2.6941849139815286 637.1395 807.4731 805.59906 931.78534 1.237075233392338 0.5781086147155757 1.8188012707834902 -2.7247349383623516 3.376923919686988 16.991481303704507 -2.8531900801072245 1
moped_scooter 1546 2 -1.3336842062563592 395.8354 793.87225 533.34906 953.9129 1.3067315402728232 0.9139052218094208 1.839647420169411 -4.997211502799413 3.129526309992258 15.1782778808018 -1.6517412128633073 1
motor 116 0 -1.6195553780512761 1026.2123 796.40125 1063.0797 861.226 1.8610888213990506 1.1255979850873923 2.354197833037688 2.7932283797590407 7.772316602380709 50.36310565491318 -1.5641503426133363 1
Pedestrian 1560 2 -0.1458320476727898 1211.4398 808.3313 1230.1239 868.2757 1.835003845387868 0.5967074870543562 0.5089205664658971 8.31879897927059 7.753922729555574 47.94952881940084 0.02594882684305566 1
Pedestrian 1561 2 -1.269989438272848 1233.5256 812.13666 1258.4697 870.8829 1.7270117968415033 0.5967074870543562 0.6889073140431676 8.995409713072052 7.697286885362756 47.2396042820727 -1.0818212524652 1
rider 117 0 -1.6932384618312732 1069.075 796.65295 1094.3491 855.4737 1.8579231942260648 0.7410029357379778 0.960392178228226 4.073199970776136 7.729142721212172 50.624633059617466 -1.6129525565620888 1
rider 118 0 -1.6196317946346448 1026.4945 798.3667 1061.7532 852.2395 1.6420344637149769 1.1255979850873923 1.3105496907023697 2.7890948012046914 7.574410750025782 50.483397480835066 -1.5644401396822132 1
bicycle 1564 2 -3.0649913344593736 737.2403 814.9715 813.1958 879.8567 1.437376889550357 0.8771863357119998 1.7733797810771232 -4.518695091687075 6.12713987650154 36.418280312948006 -3.1884380784113033 1
bicycle_rack 1745 1 -1.7294781880606243 1685.6818 818.60846 1753.3696 928.0073 1.313383717945486 0.6074573071475271 1.9854125566143668 11.469928875864856 4.384092700389024 22.667954538344294 -1.2610440791736186 1
bicycle_rack 1411 0 -2.6935234224186444 0.0 749.88715 576.6487 1122.7241 1.4113675411572393 2.972184499992119 2.2358967370381766 -3.6437535489445976 2.223509366820439 8.198167089342382 -3.111760355006129 1
Pedestrian 1414 0 -0.9280522491000543 1118.5571 747.5225 1263.702 989.75055 1.764475441376361 0.8331379498265297 0.8190033728705282 1.8545298389038463 2.80202566100123 12.069103181200559 -0.7755854680602461 1
Car 1746 1 -1.0977699924163176 77.29142 785.63336 257.93134 877.7482 1.483488077747562 1.810568892134663 4.41313329808192 -17.930850258592205 5.380380579505575 34.03880221854364 -1.5826088369556233 1
