bicycle_rack 1543 1 -2.7017483400972204 103.4641 766.8687 530.2668 1040.1523 1.4113675411572393 1.3391294660419448 2.023711527291292 -3.862964490885018 2.34963046407749 9.17246995013377 -3.1003515230364513 1
bicycle_rack 1410 1 -2.6613988707156935 0.0 760.55365 449.4179 1085.0234 1.4113675411572393 1.3391294660419448 2.023711527291292 -3.901860952995165 2.1774260355981374 7.760898052448563 -3.127251202752331 1
bicycle_rack 1544 1 -3.1357670359957486 636.3117 797.6573 759.0894 895.51105 1.357016189160926 3.137233490393252 2.1853272133998765 -5.018370295125097 4.857763314086601 28.574150567901228 -3.3096202578453173 1
bicycle_rack 1558 1 -3.138118477976668 651.28345 803.572 754.14197 884.7129 1.4359972770248826 1.4184735268578252 2.0655343106113557 -5.381510815338931 5.26492905292444 31.175622936280654 -3.3090531511463124 1
bicycle_rack 1545 0 -0.06708620869590759 1596.4607 814.18066 1742.9052 933.03845 1.2806155006414246 2.106566773064744 1.7663766765660134 10.151363209519785 4.17494463410612 21.564373107100547 0.37288631834200947 1
bicycle_rack 1745 1 -1.7820216321738245 1752.144 814.4632 1837.9955 937.58075 1.313383717945486 0.6074573071475271 1.9854125566143668 11.226137149035477 4.004061631869371 20.18823905860949 -1.2745277147352758 1
moped_scooter 1547 0 -2.6657014025041135 556.33875 806.55396 756.45276 954.1707 1.237075233392338 0.5781086147155757 1.8188012707834902 -2.923374250051635 3.043971779300044 14.349893460349971 -2.8666722468456123 1
moped_scooter 1546 2 -1.2698825380432264 237.55765 791.21747 422.61975 988.32947 1.3067315402728232 0.9139052218094208 1.839647420169411 -5.212647976447493 2.802571438235728 12.490927941857459 -1.6652257099332957 1
moped_scooter 1559 0 1.3861198356182214 941.4641 802.07227 977.9869 866.0355 1.6467863634598592 0.7342889515697397 2.1761750227133803 -0.059749232433904634 7.224205697715307 45.939367509906376 1.3848192256624858 1
motor 116 0 -1.616737785235766 1001.8558 801.4061 1038.5541 866.5667 1.8610888213990506 1.1255979850873923 2.354197833037688 1.967469188246106 7.936408702166586 50.29174677603918 -1.5776366101331307 1
Pedestrian 1560 1 -0.15916901013971554 1210.5984 799.03906 1230.5317 862.12726 1.835003845387868 0.5967074870543562 0.5089205664658971 7.880733126024647 7.164229570899835 45.46366468352885 0.012466843497173086 1
Pedestrian 1561 0 -1.277025710222183 1222.8992 800.7985 1249.1223 862.69696 1.7270117968415033 0.5967074870543562 0.6889073140431676 8.210604394652812 7.035026838119052 44.6842582483618 -1.095305620442395 1
rider 1562 0 1.3799040096048845 944.5162 803.87506 974.01416 857.2382 1.4852589484939736 0.7294732179182216 1.0017569949654102 -0.06583802911766293 7.051829371515785 45.950386180192325 1.3784712037127687 1
rider 118 0 -1.6168332631618676 1002.16675 803.5447 1037.2572 857.5006 1.6420344637149769 1.1255979850873923 1.3105496907023697 1.9672067985971113 7.757878545305177 50.53644446733274 -1.5779264088361062 1
bicycle 1564 1 -3.0592519619083567 704.7095 802.57245 787.0074 872.396 1.437376889550357 0.8771863357119998 1.7733797810771232 -4.851858229370003 5.508771266845079 33.7768836804936 -3.201920386458421 1
bicycle_rack 1411 1 -2.5307868850289847 0.0 732.20026 406.57462 1215.0 1.4113675411572393 2.972184499992119 2.2358967370381766 -3.736681754483127 1.9159041496208131 5.5274036985702475 -3.1252427001064613 1
Pedestrian 1414 0 -1.5146625754617293 1282.5526 737.68805 1381.1151 1007.45404 1.764475441376361 0.6376167838333848 0.49251111448619916 2.5782602745172114 2.5726740470130895 10.386256326949576 -1.271343243926291 1
Car 1746 2 -1.152009195433365 173.05441 792.9342 318.2615 872.6424 1.483488077747562 1.810568892134663 4.41313329808192 -18.773738792904837 6.167720475279424 39.458888520493545 -1.5960935182500668 1
Car 1565 2 -0.9862744773266025 0.0 772.48126 45.453884 904.5392 1.6502052763814083 1.8497097827853581 4.41313329808192 -18.094667885816218 4.426185373557216 25.899491553262127 -1.5960935182500668 1
