bicycle_rack 1543 1 -2.677254169063361 37.59269 764.4306 500.7774 1057.7719 1.4113675411572393 1.3391294660419448 2.023711527291292 -3.873542165086472 2.2781697195048394 8.580223281888149 -3.1013132971584385 1
bicycle_rack 1410 1 -2.625094101691939 0.0 756.8144 404.3305 1113.3018 1.4113675411572393 1.3391294660419448 2.023711527291292 -3.912648868913731 2.098743527715544 7.109265311845508 -3.1282129724929497 1
bicycle_rack 1544 1 -3.131217133088403 625.9099 797.5109 751.5922 897.5902 1.357016189160926 3.137233490393252 2.1853272133998765 -5.072352262996822 4.785799348306811 27.97559993357993 -3.3105819995352106 1
bicycle_rack 1558 1 -3.134983862944009 643.8126 796.1039 748.72955 878.3933 1.4359972770248826 1.4184735268578252 2.0655343106113557 -5.411135692298304 5.038969292706941 30.59894087415063 -3.3100148960529525 1
bicycle_rack 1545 0 -0.07994423442074672 1614.7598 811.9598 1769.1102 934.81885 1.2806155006414246 2.106566773064744 1.7663766765660134 10.122562648824458 4.052286338598566 20.855693663807813 0.37192460546164874 1
bicycle_rack 1745 1 -1.794593033934194 1772.6608 814.70575 1863.6378 941.68085 1.313383717945486 0.6074573071475271 1.9854125566143668 11.204844257571343 3.9341648474548196 19.610419420727965 -1.2754895787092453 1
moped_scooter 1547 0 -2.6573128573146008 537.4066 802.7686 746.14935 956.5946 1.237075233392338 0.5781086147155757 1.8188012707834902 -2.9382005862533083 2.936479314248146 13.763468698455387 -2.867634004859652 1
moped_scooter 1546 2 -1.2497207126699381 191.58427 783.0359 391.80823 989.35126 1.3067315402728232 0.9139052218094208 1.839647420169411 -5.26446096669751 2.6666804375955655 11.901348954561076 -1.6661876347950821 1
moped_scooter 1559 0 1.3768159383240537 953.00964 798.9613 991.46356 865.1016 1.6467863634598592 0.7342889515697397 2.1761750227133803 0.3123507455178862 6.942305445088046 44.358650553319066 1.383857306341298 1
motor 116 0 -1.616555533196614 1000.3013 798.942 1036.6653 863.40814 1.8610888213990506 1.1255979850873923 2.354197833037688 1.9266289389976492 7.903129363887803 50.73399157267036 -1.5785986616099656 1
Pedestrian 1560 0 -0.16131349654886298 1212.2742 797.59717 1232.5042 861.4781 1.835003845387868 0.5967074870543562 0.5089205664658971 7.835658841473282 7.053605713631329 44.88808508984024 0.011505098218337118 1
Pedestrian 1561 0 -1.279339899070089 1224.8324 800.72095 1251.3685 863.4402 1.7270117968415033 0.5967074870543562 0.6889073140431676 8.16557824973227 6.964405344009979 44.1035950761997 -1.0962675372139237 1
rider 1562 0 1.3704725187345799 956.527 801.1122 987.3577 856.3568 1.4852589484939736 0.7294732179182216 1.0017569949654102 0.3120872352048437 6.777376760426967 44.35023332158607 1.3775092818067711 1
rider 118 0 -1.6166496533475194 1000.5364 800.3919 1035.451 854.0085 1.6420344637149769 1.1255979850873923 1.3105496907023697 1.918372785466256 7.678427013321272 50.778610077324124 -1.5788884604287892 1
bicycle 1564 1 -3.0570508336089657 698.85077 800.7315 783.1471 872.1343 1.437376889550357 0.8771863357119998 1.7733797810771232 -4.849819752967205 5.377724543154683 33.020279269825494 -3.2028821533458154 1
bicycle_rack 1411 1 -2.4772437017354947 0.0 725.50446 353.40524 1215.0 1.4113675411572393 2.972184499992119 2.2358967370381766 -3.7437294065621027 1.844514199363293 4.9352726153869275 -3.1262044701700926 1
Pedestrian 1414 0 -1.5158644363706066 1289.8429 733.9051 1426.4972 1022.88654 1.764475441376361 0.8429607745068868 0.8466009017245061 2.6840727648296734 2.5371217304420375 10.066545011192964 -1.2552935071336617 1
Car 1746 2 -1.162816296486348 195.02838 789.527 332.92102 865.8378 1.483488077747562 1.810568892134663 4.41313329808192 -18.97789671760756 6.233858188751091 40.92164312180727 -1.597055456405595 1
Car 1565 1 -1.0086097029522438 0.0 769.4474 82.661095 893.6947 1.6502052763814083 1.8497097827853581 4.41313329808192 -18.20504029463479 4.502770395061599 27.28135828131761 -1.5970554564055948 1
