bicycle_rack 1543 1 -2.5991459019196013 0.0 756.4514 402.00208 1117.8976 1.4113675411572393 1.3391294660419448 2.023711527291292 -3.9120414875282963 2.094474477929606 7.059322297532429 -3.1051825010969756 1
bicycle_rack 1410 1 -2.5222208984824284 0.0 745.1182 270.48105 1208.4236 1.4113675411572393 1.3391294660419448 2.023711527291292 -3.9038953317094234 1.9151320848462996 5.58727095565338 -3.1320821588507033 1
bicycle_rack 1544 1 -3.120807016702369 598.38306 794.7961 732.6135 901.1264 1.357016189160926 3.137233490393252 2.1853272133998765 -5.1687370482637025 4.5483953287795025 26.357479294967955 -3.31445107137985 1
bicycle_rack 1558 1 -3.1257480809644025 620.1978 794.82733 731.0128 881.5408 1.4359972770248826 1.4184735268578252 2.0655343106113557 -5.535265437600801 4.839182064872697 29.073683473372892 -3.313883983779093 1
bicycle_rack 1545 0 -0.1120925631835254 1658.0525 812.2161 1834.1251 946.7748 1.2806155006414246 2.106566773064744 1.7663766765660134 9.97540977604834 3.842723164971388 19.154040646697336 0.3680556461983311 1
bicycle_rack 1745 1 -1.8292308863912763 1827.8475 815.3501 1934.0013 953.2604 1.313383717945486 0.6074573071475271 1.9854125566143668 11.123096907551288 3.756746691198307 18.147454875205806 -1.2793591466392595 1
moped_scooter 1547 0 -2.632659487713385 479.0959 799.7377 714.4896 973.3462 1.237075233392338 0.5781086147155757 1.8188012707834902 -2.9772343423657306 2.727555859810037 12.22726406198808 -2.871503144943021 1
moped_scooter 1546 2 -1.2006827086354024 67.74668 780.0012 314.97864 1019.0772 1.3067315402728232 0.9139052218094208 1.839647420169411 -5.264949367271192 2.4830279811996157 10.380839242696922 -1.6700574469042841 1
moped_scooter 1559 0 1.31865894215993 967.8103 794.6773 1013.7904 866.5412 1.6467863634598592 0.7342889515697397 2.1761750227133803 0.7909235435230573 6.410405507542225 40.81547344634933 1.3380345489983019 1
Pedestrian 1560 0 -0.16722949630959189 1215.0508 796.5547 1236.0477 862.49414 1.835003845387868 0.5967074870543562 0.5089205664658971 7.6817073557544555 6.860429969738 43.48056140860524 0.007636008897996316 1
Pedestrian 1561 0 -1.2853821686029565 1227.7784 800.48016 1255.1378 865.3825 1.7270117968415033 0.5967074870543562 0.6889073140431676 7.988380918575919 6.78404458244618 42.62896200464769 -1.1001373182879113 1
rider 1562 0 1.3233949094092907 974.3884 797.8878 1009.3128 857.9997 1.4852589484939736 0.7294732179182216 1.0017569949654102 0.8295468674908069 6.271081982161919 40.80201595412936 1.3437231353198165 1
rider 118 1 -1.616807631271111 995.06055 799.6799 1029.8033 853.0259 1.6420344637149769 1.1255979850873923 1.3105496907023697 1.738233507858964 7.683735904173423 51.03143890095542 -1.5827587827958236 1
bicycle 1564 1 -3.047018518311557 675.3798 801.3275 763.9223 875.9885 1.437376889550357 0.8771863357119998 1.7733797810771232 -5.095376490762373 5.227168063682047 31.62761099025897 -3.2067513275049455 1
bicycle_rack 1411 2 -2.3002651182508096 0.0 683.68024 165.38297 1215.0 1.4113675411572393 2.972184499992119 2.2358967370381766 -3.7400698795386 1.6047907180210643 3.4217993075796356 -3.1300736578238335 1
motor 116 1 -1.616448761369847 994.4272 797.7132 1030.6195 861.84985 1.8610888213990506 1.1255979850873923 2.354197833037688 1.7321692468920422 7.886470844358591 50.95685245487565 -1.5824689835119257 1
Pedestrian 1414 0 -1.5226691046275382 1374.0957 729.8702 1518.8055 1038.9916 1.764475441376361 0.821067317883414 0.5023339391665986 2.9809482338662168 2.435203857455108 9.174873422859957 -1.2085245139383212 1
Car 1746 1 -1.2122093314334799 234.75179 792.40234 357.26932 864.64575 1.483488077747562 1.810568892134663 4.41313329808192 -19.22470235262403 6.5999793950104895 43.4236612788686 -1.6289961870491427 1
Car 1565 1 -1.0349815554959376 0.0 775.23883 138.05089 889.5927 1.6502052763814083 1.8497097827853581 4.41313329808192 -18.42941703047607 4.855204293093316 29.655480752077363 -1.5910244383378893 1
