Cyclist 1557 0 -1.6366413936567872 1041.8755 816.86053 1065.8065 880.08826 1.9120730528318908 0.7068846818497582 1.811590494358955 3.1892980689701944 8.657366900481174 51.64084334603737 -1.5749605177746804 1
bicycle_rack 1544 1 -3.0878150920152563 529.2581 803.15063 698.5456 937.44104 1.357016189160926 3.137233490393252 2.1853272133998765 -4.8817113644361205 4.1186868059121 21.438086667434842 -3.3117094295648997 1
bicycle_rack 1558 1 -3.092952482739986 559.26074 803.5552 695.1998 909.6488 1.4359972770248826 1.4184735268578252 2.0655343106113557 -5.333711059846847 4.414245735108981 24.056118760787495 -3.3111423302241416 1
moped_scooter 1547 0 -2.485207898087735 156.76918 806.22205 556.971 1110.473 1.237075233392338 0.5781086147155757 1.8188012707834902 -2.9167068884827123 2.176914450974496 7.227818152937017 -2.868761454349364 1
moped_scooter 1559 0 1.4249336885278299 1054.6722 802.23016 1108.8151 904.8916 1.6467863634598592 0.7342889515697397 2.1761750227133803 2.3115861091678047 5.209359988944651 28.93338928124148 1.5046577260354401 1
Pedestrian 1560 0 -0.18893024721106486 1251.2925 807.0358 1275.5808 881.8612 1.835003845387868 0.5967074870543562 0.5089205664658971 7.764652664665935 6.553546160084191 38.44085211400527 0.010377663598613474 1
Pedestrian 1561 0 -1.3085166011064087 1266.3356 811.35754 1297.0728 885.3773 1.7270117968415033 0.5967074870543562 0.6889073140431676 8.05062765874843 6.465898785397767 37.56444452441459 -1.0973951731034348 1
rider 1562 0 1.4325982881144221 1058.7463 805.95514 1103.4047 890.8291 1.4852589484939736 0.7294732179182216 1.0017569949654102 2.309315992250833 5.0492671106609865 28.915783810445284 1.5122926504313456 1
rider 1563 0 -1.6367708185139107 1042.988 818.9423 1064.9087 876.0956 1.8595542609433247 0.7068846818497582 0.7425803572539176 3.1925736664913575 8.598261168452137 51.56084501046861 -1.5749311994514408 1
bicycle 1564 1 -3.020922783939062 629.71136 820.69696 737.0303 910.93146 1.437376889550357 0.8771863357119998 1.7733797810771232 -4.898348215615763 4.965623600489453 26.454624695880558 -3.204009613033179 1
Pedestrian 1414 2 -1.5782814969137184 1838.8202 693.8349 1935.0 1190.5425 1.764475441376361 0.7391194021833668 0.6461683233911636 3.917030247191727 2.0589715430203435 5.915977536482881 -0.99343986920319 1
Car 1565 1 -1.1222736753120897 125.38607 793.1907 283.60263 883.0461 1.6502052763814083 1.8497097827853581 4.41313329808192 -19.118196799717666 6.178016766666447 38.01176903332039 -1.5882822266383034 1
