Cyclist 1557 0 -1.6367628270811165 1041.8923 816.3305 1065.7642 879.36395 1.9120730528318908 0.7068846818497582 1.811590494358955 3.1976316356858243 8.656855961315529 51.78228212686134 -1.5750896769301663 1
bicycle_rack 1544 1 -3.0795031094153074 508.88443 799.14355 690.462 941.2642 1.357016189160926 3.137233490393252 2.1853272133998765 -4.792514897129589 3.918776233734693 20.255065887693856 -3.3118385682874143 1
bicycle_rack 1558 1 -3.087528460852878 546.062 803.3574 690.35187 915.6625 1.4359972770248826 1.4184735268578252 2.0655343106113557 -5.181681281624131 4.257641643745519 22.7713248171217 -3.311271469446564 1
moped_scooter 1547 0 -2.415710834269668 0.0 806.83624 475.13483 1182.3391 1.237075233392338 0.5781086147155757 1.8188012707834902 -2.901034391739198 2.025495400082398 5.957159310875654 -2.8688905953231663 1
moped_scooter 1559 0 1.3863369086277153 1072.5557 798.44806 1137.0735 912.3401 1.6467863634598592 0.7342889515697397 2.1761750227133803 2.486639459392366 4.810289258249179 26.142786444677746 1.4811692149532014 1
Pedestrian 1560 0 -0.19767966137158993 1264.1985 809.1302 1289.5724 886.6759 1.835003845387868 0.5967074870543562 0.5089205664658971 7.831268867658466 6.444952117350594 37.11898335649158 0.010248524323973385 1
Pedestrian 1561 0 -1.3190942458094428 1282.2772 810.20654 1313.883 886.6966 1.7270117968415033 0.5967074870543562 0.6889073140431676 8.188987379602395 6.2864188254636675 36.352132741205054 -1.0975243354480217 1
rider 1562 0 1.3780035222569138 1079.4221 802.0096 1131.7698 896.4145 1.4852589484939736 0.7294732179182216 1.0017569949654102 2.507331282378737 4.635424287484437 26.064779967054996 1.4739045778615871 1
rider 1563 0 -1.6368720390264329 1042.9796 818.38306 1064.8323 875.3445 1.8595542609433247 0.7068846818497582 0.7425803572539176 3.2013685033809502 8.60025364240732 51.72630478879122 -1.5750603488755233 1
bicycle 1564 1 -3.0170653115659705 620.49506 810.29315 733.68445 904.9412 1.437376889550357 0.8771863357119998 1.7733797810771232 -4.7579430089269 4.614712822669183 25.136167100653434 -3.204138755160967 1
Car 1565 1 -1.1365831014685135 157.34048 792.2269 305.40036 877.6758 1.6502052763814083 1.8497097827853581 4.41313329808192 -19.319213810030078 6.35306424776625 39.807824716685026 -1.5884113921389966 1
