bicycle_rack 1544 1 -3.095126575758081 543.5189 800.6595 705.5666 929.59985 1.357016189160926 3.137233490393252 2.1853272133998765 -4.905826401853503 4.168776255770123 22.19186200403173 -3.3126917321333558 1
bicycle_rack 1558 1 -3.098766814284641 569.3454 803.55347 700.5716 906.3567 1.4359972770248826 1.4184735268578252 2.0655343106113557 -5.373499949063203 4.503438352245546 24.802065679124045 -3.312124636727032 1
moped_scooter 1547 0 -2.5182460976430363 230.96834 806.09656 593.16516 1079.6217 1.237075233392338 0.5781086147155757 1.8188012707834902 -2.9259797459742587 2.2671433652703064 7.9786393090997025 -2.8697437741574765 1
moped_scooter 1559 0 1.4318517795455545 1044.6426 799.27106 1094.8223 895.3559 1.6467863634598592 0.7342889515697397 2.1761750227133803 2.213869887537991 5.364186522156597 30.770744439626213 1.5036752529944564 1
Pedestrian 1560 0 -0.18499710994899066 1243.9446 800.8108 1267.6335 873.9824 1.835003845387868 0.5967074870543562 0.5089205664658971 7.727531456560921 6.487458505887639 39.25022605770223 0.009395356694188894 1
Pedestrian 1561 0 -1.306060702451634 1261.3191 808.09204 1291.347 880.23956 1.7270117968415033 0.5967074870543562 0.6889073140431676 8.110042603163384 6.495910782721166 38.487033960380195 -1.098377655573476 1
rider 1562 0 1.4392755197365787 1048.6482 802.3718 1090.3708 882.06506 1.4852589484939736 0.7294732179182216 1.0017569949654102 2.216493589228403 5.192484089211031 30.716582624065534 1.5113101760804515 1
bicycle 1564 1 -3.0247857441426276 635.9583 807.81573 739.81024 894.7925 1.437376889550357 0.8771863357119998 1.7733797810771232 -4.970923825320895 4.835230590545104 27.285398582061173 -3.2049919415464654 1
bicycle_rack 1545 2 -0.23246428855205514 1865.4688 817.07574 1935.0 995.4946 1.2806155006414246 2.106566773064744 1.7663766765660134 10.201264303198592 3.354704450921274 14.838460797737014 0.3698149349110069 1
Pedestrian 1414 0 -1.5194990603032739 1713.4159 698.05615 1935.0 1162.1852 1.764475441376361 0.7887013343716323 0.8737306217921427 3.7364814589955166 2.108437856410917 6.449741617653606 -0.9944222563223092 1
Car 1565 1 -1.1120223785586938 99.695305 789.44916 266.11722 882.297 1.6502052763814083 1.8497097827853581 4.41313329808192 -18.969223875611874 5.931248566194638 36.68309398866162 -1.589264733058216 1
