Cyclist 1557 0 -1.634052928624922 1041.1198 805.2742 1064.9089 868.0584 1.9120730528318908 0.7068846818497582 1.811590494358955 3.1619372743746568 8.25241388388009 51.65955231537274 -1.5729219772614587 1
bicycle_rack 1544 1 -3.0571321119068466 460.34204 789.31995 670.3587 947.7811 1.357016189160926 3.137233490393252 2.1853272133998765 -4.6770805998233635 3.539940956389568 18.124824243647144 -3.3096712107048463 1
bicycle_rack 1558 1 -3.067930744593353 510.09314 792.18445 670.1151 914.17346 1.4359972770248826 1.4184735268578252 2.0655343106113557 -5.132147665114266 3.8676018787770965 20.865723311526263 -3.309104104168962 1
moped_scooter 1559 0 1.4187891269729753 1102.0679 784.0265 1173.8322 917.38324 1.6467863634598592 0.7342889515697397 2.1761750227133803 2.5962464889313748 4.1254987752285786 22.193858166392598 1.535240266776034 1
Pedestrian 1560 0 -0.20885426421005068 1284.2205 793.9061 1311.3794 875.73065 1.835003845387868 0.5967074870543562 0.5089205664658971 7.892373504487239 5.834143047353675 35.08447093228679 0.012415890455045098 1
Pedestrian 1561 0 -1.3297919978492616 1301.696 800.2584 1335.0004 881.0247 1.7270117968415033 0.5967074870543562 0.6889073140431676 8.202052903152797 5.806097301181637 34.34309584710209 -1.0953565825655822 1
rider 1562 0 1.4202372256499207 1106.5933 788.2172 1165.9065 898.7119 1.4852589484939736 0.7294732179182216 1.0017569949654102 2.579893701377693 3.958368150336139 22.13212312636319 1.5362813479951525 1
rider 1563 0 -1.6341672075916993 1042.1697 807.1254 1064.0298 864.08154 1.8595542609433247 0.7068846818497582 0.7425803572539176 3.16437515388524 8.189902228821976 51.57805128805239 -1.5728928125046977 1
moped_scooter 1547 2 -2.2366265433940526 0.0 807.8482 235.5224 1215.0 1.237075233392338 0.5781086147155757 1.8188012707834902 -2.896394434663747 1.787192431588306 3.97167456193449 -2.866723200563614 1
bicycle 1564 1 -3.00190110656064 594.81555 799.1419 718.5925 901.496 1.437376889550357 0.8771863357119998 1.7733797810771232 -4.697506961634762 4.193732292546999 23.165173277442626 -3.2019713406505588 1
Car 1565 1 -1.1531313188190837 198.63585 787.3368 335.50745 867.4899 1.6502052763814083 1.8497097827853581 4.41313329808192 -19.39859525990218 6.454346747303873 42.007912344941985 -1.5857417591981755 1
