Cyclist 1557 0 -1.6348062736288553 1040.0204 794.2613 1063.9465 856.9211 1.9120730528318908 0.7068846818497582 1.811590494358955 3.1132708283463106 7.841058594617325 51.444924954486154 -1.574363409175661 1
bicycle_rack 1544 1 -3.016655086723818 360.70163 779.9267 624.9443 968.596 1.357016189160926 3.137233490393252 2.1853272133998765 -4.649370061862706 3.125688895498999 15.330615658122907 -3.311112415345666 1
bicycle_rack 1558 1 -3.030995923732907 430.57632 789.80444 623.904 933.4712 1.4359972770248826 1.4184735268578252 2.0655343106113557 -5.116732737675944 3.4977564610177425 17.824205877582425 -3.310545313762016 1
moped_scooter 1559 0 1.4220432855913305 1153.6683 767.5434 1250.7704 948.4406 1.6467863634598592 0.7342889515697397 2.1761750227133803 2.611146037276565 3.3177306750070352 16.426319701021626 -4.703499880075624 1
Pedestrian 1560 0 -0.23075560520623478 1314.9781 788.6259 1345.2704 877.93317 1.835003845387868 0.5967074870543562 0.5089205664658971 7.92238559071185 5.3860022379000645 32.13279665211625 0.010974680299895567 1
Pedestrian 1561 0 -1.3514752031116912 1332.5597 793.4526 1368.4224 881.2598 1.7270117968415033 0.5967074870543562 0.6889073140431676 8.214795757570977 5.333553910882393 31.555315366499787 -1.096798049791437 1
rider 1562 0 1.4256190917237799 1158.5815 772.3405 1238.6422 921.3953 1.4852589484939736 0.7294732179182216 1.0017569949654102 2.5901668307176005 3.1525609853874923 16.40573760321738 -4.700976993513717 1
rider 1563 0 -1.6347716609860876 1040.8722 796.38367 1062.816 853.3775 1.8595542609433247 0.7068846818497582 0.7425803572539176 3.1107310863378803 7.797254103601661 51.40750948033201 -1.574334135838608 1
bicycle 1564 1 -2.971748067830578 536.04474 790.51666 677.5552 905.5341 1.437376889550357 0.8771863357119998 1.7733797810771232 -4.85951641413899 3.773330750983502 20.599915936952126 -3.2034125830931353 1
Car 1565 0 -1.176891168906295 246.45045 782.93176 369.09317 856.4427 1.6502052763814083 1.8497097827853581 4.41313329808192 -19.723518779219496 6.6767165497969145 45.343681761132196 -1.5871830991961695 1
