Cyclist 1557 0 -1.6370598030320604 1043.9642 794.9839 1067.921 857.4325 1.9120730528318908 0.7068846818497582 1.811590494358955 3.2615457805958568 7.888054734874611 51.63588268964847 -1.573979278402391 1
bicycle_rack 1544 1 -2.993491858717156 309.8885 774.45605 596.8946 972.3941 1.357016189160926 3.137233490393252 2.1853272133998765 -4.791374170307512 2.9898880052462493 14.597169958797167 -3.3106513748264463 1
bicycle_rack 1558 1 -3.0201755736326596 408.64774 779.7333 611.0868 928.03265 1.4359972770248826 1.4184735268578252 2.0655343106113557 -5.125222083519349 3.3045969190199047 17.175077903940885 -3.310173393765699 1
moped_scooter 1559 0 1.4079115068787909 1169.5645 762.36145 1281.3334 965.1738 1.6467863634598592 0.7342889515697397 2.1761750227133803 2.5584317322391907 3.0996295429161522 14.713838042268897 -4.703115747177498 1
Pedestrian 1560 0 -0.23801021699428151 1326.6403 789.23804 1357.9065 880.7884 1.835003845387868 0.5967074870543562 0.5089205664658971 7.98576992257263 5.314070970241253 31.357342657346702 0.01135875196441849 1
Pedestrian 1561 0 -1.5255269002822223 1342.1987 796.34406 1376.1823 882.7581 1.6846771170991168 0.6548193309284236 0.47020728875519247 8.185530920035838 5.247893882041109 30.757759180142706 -1.2654265701134113 1
rider 1562 0 1.4116299617107684 1175.9728 768.8861 1266.0176 934.0733 1.4852589484939736 0.7294732179182216 1.0017569949654102 2.5607306710624345 2.961995346211978 14.832104375980137 -4.700592859897233 1
rider 1563 0 -1.63698957764255 1044.8014 796.79016 1066.6981 853.53925 1.8595542609433247 0.7068846818497582 0.7425803572539176 3.2591767744389224 7.8371185281710325 51.63200963720072 -1.573950034003559 1
bicycle 1564 1 -2.965854984728054 524.0717 785.6466 671.82043 905.2267 1.437376889550357 0.8771863357119998 1.7733797810771232 -4.784032271852295 3.6176964629860304 19.791380846870968 -3.2030285028697003 1
Car 1565 0 -1.1865417353006378 267.1638 778.641 384.36234 849.34204 1.6502052763814083 1.8497097827853581 4.41313329808192 -19.795031368137977 6.688500088766041 46.78609157105562 -1.5867989929203972 1
