Cyclist 1557 0 -1.6379594742708095 1045.4061 794.9616 1069.5061 857.6623 1.9120730528318908 0.7068846818497582 1.811590494358955 3.3005932625615944 7.863985007013415 51.431119870682785 -1.573872335135051 1
bicycle_rack 1544 1 -2.981802034063131 278.06033 774.98914 585.7946 985.1606 1.357016189160926 3.137233490393252 2.1853272133998765 -4.726831734651676 2.921390618958217 13.856786454168553 -3.310544448379237 1
bicycle_rack 1558 1 -3.0106282022273207 388.08536 782.90424 599.92487 937.5209 1.4359972770248826 1.4184735268578252 2.0655343106113557 -5.1076278675080085 3.276227626859148 16.544485225668122 -3.3100664672551394 1
moped_scooter 1559 0 1.4304823942067175 1193.4342 759.7862 1309.8722 981.1432 1.6467863634598592 0.7342889515697397 2.1761750227133803 2.5931683765049165 2.9709969120517825 13.576349352915654 -4.663969899198082 1
Pedestrian 1560 0 -0.24338509527632324 1334.9528 789.3384 1367.0931 882.9749 1.835003845387868 0.5967074870543562 0.5089205664658971 7.989018983183208 5.240201295171463 30.666204844180136 0.011465678777189625 1
Pedestrian 1561 0 -1.5334977837983845 1356.175 795.64557 1388.1028 884.27795 1.6846771170991168 0.6000223433928794 0.525004276290736 8.265340391402532 5.157799381656253 30.07790435881415 -1.265319614408574 1
rider 1562 0 1.430521636343558 1199.6725 765.2702 1296.275 946.0318 1.4852589484939736 0.7294732179182216 1.0017569949654102 2.59244899144123 2.8113613815798626 13.609762034717987 -4.664434127435497 1
rider 1563 0 -1.637947471702296 1046.3474 796.80066 1068.3512 853.7748 1.8595542609433247 0.7068846818497582 0.7425803572539176 3.3013754918003704 7.814194670327858 51.429440940555196 -1.5738430987924061 1
bicycle 1564 1 -2.9556942370114214 504.98526 790.3882 658.71936 914.4967 1.437376889550357 0.8771863357119998 1.7733797810771232 -4.826835625462373 3.6081955165755284 19.12446946308753 -3.202921573668224 1
Car 1565 1 -1.188079574821877 270.63345 781.009 386.77628 851.44293 1.6502052763814083 1.8497097827853581 4.41313329808192 -19.838220328490657 6.799268246810351 47.10391463901493 -1.5866920564729154 1
