Cyclist 1557 0 -1.638810558526703 1047.6415 791.9186 1071.8983 854.80035 1.9120730528318908 0.7068846818497582 1.811590494358955 3.364649457701049 7.731226862576417 51.19627008639257 -1.5731843366806086 1
bicycle_rack 125 0 -3.0093858860845475 765.746 805.4097 834.8202 852.3879 1.1630225753950931 2.943209862857337 1.9238586056000773 -5.350626134376961 7.380565706278749 50.01354741501426 -3.11596404280231 1
bicycle_rack 1544 1 -2.832228824306708 0.0 757.29626 427.55997 1103.7554 1.357016189160926 3.137233490393252 2.1853272133998765 -4.611167977986063 2.2988633746720177 8.908759680251404 -3.3098565580409396 1
bicycle_rack 1558 1 -2.896096570347429 126.555534 769.42816 459.00214 993.0734 1.4359972770248826 1.4184735268578252 2.0655343106113557 -5.088850735535683 2.641448151623294 11.600913172054257 -3.3094798144986046 1
moped_scooter 1559 2 1.1949906888973842 1630.2908 661.232 1935.0 1215.0 1.6467863634598592 0.7342889515697397 2.1761750227133803 2.464782575310966 1.771435376838286 3.9943877288798664 -4.535324320808702 1
Pedestrian 1561 0 -1.4145403382563027 1445.0365 787.07874 1491.565 894.2435 1.6846771170991168 0.6721627613346745 0.45846688292238136 8.461739582055825 4.430042995420378 24.95556450161666 -1.087633675420921 1
rider 1562 2 1.1896718139265348 1676.3855 666.6025 1935.0 1215.0 1.4852589484939736 0.7294732179182216 1.0017569949654102 2.4688897198050777 1.6131717696704413 4.031651726954475 -4.544043121988059 1
rider 1563 0 -1.638802516728529 1048.6096 793.9966 1070.725 851.1676 1.8595542609433247 0.7068846818497582 0.7425803572539176 3.366985821681507 7.692815640179649 51.21527258185666 -1.5731551521626401 1
bicycle 1564 1 -2.8795059906960616 348.59378 778.977 566.13 948.3065 1.437376889550357 0.8771863357119998 1.7733797810771232 -4.708804709899611 2.9387649446080464 14.08053789718999 -3.2022336656268857 1
Pedestrian 1560 0 -0.29200386645750065 1411.9373 780.0836 1449.9014 892.1453 1.835003845387868 0.5967074870543562 0.4685990170656924 8.043174819981308 4.525267456499542 25.623578953414725 0.012153571390063789 1
