bicycle 122 0 -2.643599848380004 732.5825 806.335 808.1628 857.86615 1.1012967577050738 0.6400220434243896 1.7589750220309497 -4.7138337452579355 5.655894217259182 36.92308445803094 -2.7705792601469614 1
bicycle_rack 125 0 -2.9443500202440123 641.8193 798.71533 769.4526 879.91016 1.1630225753950931 2.943209862857337 1.9238586056000773 -4.954198424242071 4.747779818174164 29.341968183627696 -3.11161587484227 1
bicycle_rack 126 0 -0.2470719324844864 1274.5613 785.0474 1541.7546 929.6721 1.3284385348133825 10.18406187920605 2.6347082067129377 8.573316101566236 5.114282978252594 30.22312082531072 0.029334362417829274 1
Pedestrian 127 0 -1.7823239725182742 1247.935 794.6103 1270.7385 863.7875 1.7252958605752506 0.4938737403750158 0.4535352911120681 7.703333141892444 6.138598884251584 38.65822538842879 -1.5856327089733826 1
Pedestrian 128 0 -1.7168171877402552 1198.3356 790.90546 1234.0919 864.46277 1.7582368058165319 0.7723113094109736 0.9863667751484467 6.559540282965735 6.089210171828626 38.51301770131617 -1.5481159568586431 1
bicycle_rack 131 1 -3.007348637135942 742.4265 794.52106 832.4251 851.3695 1.2426337592372174 3.5469791443215084 2.2435828848690074 -5.201459180249884 6.57282129939268 45.19739855847774 -3.1219277318046084 1
Car 136 2 2.485076229790685 1881.1901 810.9097 1935.0 991.80145 1.4541658215914326 1.8002838691691543 4.580032333382084 12.03652436358031 3.4291107682234614 14.927188649257479 -3.119508736303585 1
Car 132 0 -1.1903883658633525 234.9632 781.698 353.1715 856.1856 1.4758682599569273 1.6629482777613414 3.289015558085271 -17.04653250569385 5.673184062579182 38.35633113517761 -1.6085968945274152 1
Car 133 1 -1.0915559334496578 315.6687 772.9274 439.3739 851.4919 1.8307094827259651 1.8346224157794544 3.9140399348785575 -17.33244256483017 6.447763451744841 44.598302387896254 -1.462226303196004 1
Car 1895 0 -1.0680081870820493 30.166214 775.5961 199.0837 859.66364 1.4758682599569273 1.766787868689914 4.01489091314382 -19.983282113763615 5.256254602374258 35.498422232138616 -1.5807275560675325 1
