bicycle 122 0 -2.630715276400735 733.8014 794.3331 818.7726 852.22174 1.1012967577050738 0.6400220434243896 1.7589750220309497 -4.053380427956226 4.884284739048401 32.76019822724992 -2.7538184451003556 1
bicycle_rack 125 0 -2.9223664545930044 620.3823 786.45544 772.4805 880.5161 1.1630225753950931 2.943209862857337 1.9238586056000773 -4.392108560654631 4.0501868926213715 25.209968845792652 -3.0948562684279124 1
bicycle_rack 126 0 -0.2908400868500989 1346.3485 766.94476 1692.6171 932.853 1.3284385348133825 10.18406187920605 2.6347082067129377 9.085086570047093 4.280907047177787 25.935815550760672 0.046094082444848805 1
Pedestrian 127 0 -1.8005890824475042 1300.8164 776.61926 1327.6173 851.0042 1.7252958605752506 0.541262334714363 0.4251021345084506 8.43976894819314 5.37581236148834 35.76842469392261 -1.568871492046161 1
Pedestrian 128 0 -1.7371043698869348 1253.3665 772.5525 1293.9884 853.6225 1.7582368058165319 0.7723113094109736 0.9863667751484467 7.2612119377401045 5.2436312558736065 34.7921304882789 -1.5313549947382918 1
bicycle_rack 131 1 -2.996760313756998 746.8013 784.87573 846.0809 846.36743 1.2426337592372174 3.5469791443215084 2.2435828848690074 -4.513179460704693 5.872718688709536 41.46823183273101 -3.1051682526308033 1
Car 136 2 2.467879940467794 1744.5228 768.044 1935.0 1020.84467 1.4541658215914326 1.8002838691691543 4.580032333382084 8.290666389175493 2.553115642852962 10.561833298923807 -3.1497997595615423 1
Car 132 0 -1.1476735755215415 177.22862 777.21545 315.32788 859.9415 1.4758682599569273 1.6629482777613414 3.289015558085271 -16.39906593202473 5.155049617254506 34.460453475674015 -1.5918402674163992 1
Car 133 1 -1.0578299167658354 277.4584 761.45795 417.59796 846.95306 1.8307094827259651 1.8346224157794544 3.9140399348785575 -16.596456375474787 5.730353550679174 40.64803592074058 -1.4454680427847795 1
Car 134 1 -1.1598808475450502 388.07944 777.15137 493.43146 839.1006 1.4466138234262556 1.7058167974508454 3.8472792833439367 -16.174053051415353 6.398702736074239 46.65621352264167 -1.4935810921356245 1
Car 135 1 -1.7896343089622058 1242.4404 773.28534 1324.4835 846.48883 1.854319757388738 1.7281560331981203 4.196292607919566 10.395908187856895 6.877589804865096 48.519722958840795 -1.578564135604125 1
Car 417 0 -1.0666781442201987 0.0 745.4025 184.21072 855.8106 1.9570552782673463 1.9469444101614204 4.278097898304935 -19.394716533177657 4.821214201343144 33.383670495235705 -1.5929831065133322 1
