bicycle 122 0 -2.6337028837685468 734.44196 793.9027 817.79114 850.59406 1.1012967577050738 0.6400220434243896 1.7589750220309497 -4.1380017144848305 4.948356171138706 33.414317638573024 -2.7569147547906363 1
bicycle_rack 125 0 -2.925223960880236 622.4453 786.0328 770.13196 877.3782 1.1630225753950931 2.943209862857337 1.9238586056000773 -4.516551493400837 4.115362818864176 25.88772234382679 -3.0979523526471957 1
bicycle_rack 126 0 -0.28164041354372155 1331.9465 767.85516 1660.3291 927.8694 1.3284385348133825 10.18406187920605 2.6347082067129377 9.00282483535061 4.377408895752884 26.750720061148545 0.04299797651079529 1
Pedestrian 127 0 -1.7975443260720705 1291.0736 778.2294 1318.014 852.21857 1.7252958605752506 0.541262334714363 0.47249072884775706 8.281711143406355 5.449797939028958 36.08870177642725 -1.5719678713287937 1
Pedestrian 128 0 -1.7353678193710678 1246.2231 773.8642 1286.0392 853.53735 1.7582368058165319 0.7723113094109736 0.9863667751484467 7.210646289110026 5.335486716688482 35.40455528705621 -1.5344513268458866 1
bicycle_rack 131 1 -2.9989573587025116 746.6464 785.7418 843.6816 845.98694 1.2426337592372174 3.5469791443215084 2.2435828848690074 -4.644397435283763 5.989059730238617 42.32013993292197 -3.108264312547174 1
Car 136 2 2.4553360889523628 1787.8058 777.36926 1935.0 1016.4887 1.4541658215914326 1.8002838691691543 4.580032333382084 8.972719804146996 2.6902074230043866 11.198456610572977 -3.1523489141868946 1
Car 132 0 -1.1547911922188718 186.44296 771.1594 321.10776 851.8112 1.4758682599569273 1.6629482777613414 3.289015558085271 -16.51450471296688 5.068218577646434 35.06582939608775 -1.594935799660639 1
Car 133 1 -1.0630433912771182 282.59634 760.2974 420.0429 844.3344 1.8307094827259651 1.8346224157794544 3.9140399348785575 -16.741266748362673 5.75171972789826 41.252112937506126 -1.4485638764147486 1
Car 134 1 -1.1622431560824744 387.50095 774.6556 491.63327 835.74347 1.4466138234262556 1.7058167974508454 3.8472792833439367 -16.370451022747133 6.362857390982053 47.11105615014545 -1.496676930211154 1
Car 135 1 -1.787002094586479 1234.1687 773.5956 1314.7437 845.8587 1.854319757388738 1.7281560331981203 4.196292607919566 10.237900646152875 6.951536671540654 49.15519058365548 -1.5816605982002556 1
Car 417 1 -1.0190307763872806 0.0 737.89404 96.57473 861.3628 1.9570552782673463 1.9469444101614204 4.278097898304935 -19.415582204660794 4.37416419099168 29.826156375896062 -1.596079331668125 1
