bicycle 122 0 -2.632281127876906 734.7738 794.38275 819.13983 851.8318 1.1012967577050738 0.6400220434243896 1.7589750220309497 -4.068445177552608 4.912684006462202 33.001783321887075 -2.754941789119435 1
bicycle_rack 125 0 -2.9235101029336596 621.1015 786.5572 771.94836 879.90533 1.1630225753950931 2.943209862857337 1.9238586056000773 -4.422875238478707 4.071316884774817 25.389625529829118 -3.09597953053178 1
bicycle_rack 126 0 -0.28855701609076856 1342.1785 767.1623 1683.9484 931.6117 1.3284385348133825 10.18406187920605 2.6347082067129377 9.053471947793822 4.3038328683341796 26.130504655825124 0.04497081242482337 1
Pedestrian 127 0 -1.7998188314797718 1297.8853 777.47955 1324.5706 851.6092 1.7252958605752506 0.541262334714363 0.4251021345084506 8.397740629945707 5.4093205500734935 35.89427059524429 -1.5699948610684769 1
Pedestrian 128 0 -1.735937594297558 1249.9386 772.7102 1290.2634 853.30493 1.7582368058165319 0.7723113094109736 0.9863667751484467 7.2198304301978995 5.267305113432501 34.99438469405589 -1.5324783466401606 1
bicycle_rack 131 1 -2.9978071493802556 747.2391 785.04675 845.4891 845.95514 1.2426337592372174 3.5469791443215084 2.2435828848690074 -4.558045937371025 5.918506557506722 41.85074276336953 -3.1062915058758467 1
Car 136 2 2.4627316846279363 1760.5466 772.0726 1935.0 1020.4444 1.4541658215914326 1.8002838691691543 4.580032333382084 8.523713947199687 2.6047030855647098 10.76919316471606 -3.150922988443619 1
Car 132 0 -1.150205717781617 180.47668 772.3244 317.34216 854.0288 1.4758682599569273 1.6629482777613414 3.289015558085271 -16.441629130488376 5.058220046276156 34.675736716585455 -1.5929633291790974 1
Car 133 1 -1.0592340087607426 278.43582 760.50885 417.67044 845.4168 1.8307094827259651 1.8346224157794544 3.9140399348785575 -16.671964074130702 5.722926503547656 40.865769790393074 -1.4465912138721229 1
Car 134 1 -1.160260778284316 386.80334 775.2428 492.20963 837.05493 1.4466138234262556 1.7058167974508454 3.8472792833439367 -16.203146753189717 6.333722670877036 46.62812551148088 -1.494704264836338 1
Car 135 1 -1.7888103891640696 1239.6091 773.37756 1321.1901 846.28876 1.854319757388738 1.7281560331981203 4.196292607919566 10.338763571544334 6.900284161619608 48.715906700151535 -1.5796875348504225 1
Car 417 0 -1.0508453219186773 0.0 741.7551 155.26111 856.10077 1.9570552782673463 1.9469444101614204 4.278097898304935 -19.428834166093083 4.640064810815136 32.17380578561586 -1.594106419630979 1
