bicycle 122 0 -2.6257407495297485 734.30206 808.0884 821.7381 868.36145 1.1012967577050738 0.6400220434243896 1.7589750220309497 -3.8986846558359733 5.075023091812639 31.805986801663373 -2.7477093823646075 1
Cyclist 124 1 1.5044282386669807 1032.0414 784.904 1060.0297 854.01263 1.8185773159534313 0.7092497469165395 2.012062691336993 2.543318767170243 6.745344720609221 45.037071571832314 1.5608399956882106 1
bicycle_rack 125 0 -2.9130446071855878 611.25256 799.6437 770.95514 899.5585 1.1630225753950931 2.943209862857337 1.9238586056000773 -4.3044754956286715 4.173856176073895 24.245958516506658 -3.0887476534356866 1
bicycle_rack 126 2 -0.30278040266447265 1368.829 777.4032 1738.6368 956.671 1.3284385348133825 10.18406187920605 2.6347082067129377 9.268912469114797 4.4039989344803 25.00475735046641 0.05220274124482516 1
Pedestrian 127 0 -1.9230743939754609 1311.5814 790.26953 1340.3159 864.78357 1.7252958605752506 0.5496616568205505 0.4535352911121456 8.781811626473676 5.736871566012588 36.02021670283304 -1.6839373139529545 1
Pedestrian 128 1 -1.6930003124542514 1265.456 786.42664 1302.1027 868.8589 1.7582368058165319 0.7143592519252839 0.9284147176627471 7.397360728307288 5.519715871122525 34.329742829578024 -1.4807657465768818 1
rider 130 0 1.5050587450431296 1033.0627 786.99005 1058.325 848.7186 1.7571470267107934 0.7092497469165395 0.8127100401037978 2.54429486352837 6.693282860243136 45.13076619710195 1.56137519453105 1
bicycle_rack 131 1 -2.9942481547820945 750.652 796.6513 852.88916 861.063 1.2426337592372174 3.5469791443215084 2.2435828848690074 -4.247242812690659 6.088607834018045 40.37417162582694 -3.0990596866461457 1
Car 132 1 -1.1347753798486777 161.53043 787.0341 305.5692 873.23346 1.4758682599569273 1.6629482777613414 3.289015558085271 -16.219048628548247 5.286906688360405 33.4940736648637 -1.5857327436204953 1
Car 133 1 -1.04823459600212 268.76465 774.8937 413.74463 864.2456 1.8307094827259651 1.8346224157794544 3.9140399348785575 -16.337401818523325 6.011132558087745 39.61821269122853 -1.4393599248221922 1
Car 134 1 -1.1493211857732648 378.32385 789.56195 487.96744 854.5719 1.4466138234262556 1.7058167974508454 3.8472792833439367 -15.942834562854058 6.657461983268331 45.336095633026936 -1.4874729653893768 1
Car 135 1 -1.794804781509507 1258.7911 782.6405 1343.7322 858.5902 1.854319757388738 1.7281560331981203 4.196292607919566 10.701461920649846 7.068566041324123 47.333120358968536 -1.5724547774725406 1
Car 136 0 2.7466278244907456 1193.716 770.82294 1935.0 1057.9569 1.4541658215914326 1.8002838691691543 4.580032333382084 3.8922350411340716 2.4597547583885033 9.399743501473914 -3.1439733850614546 1
