bicycle 122 0 -2.6254722472665084 734.05725 808.08356 821.5426 868.39404 1.1012967577050738 0.6400220434243896 1.7589750220309497 -3.9010625972455406 5.072626285897291 31.78717624805953 -2.7475860414861835 1
Cyclist 124 1 1.499481973898537 1038.3472 783.2776 1069.0579 858.27966 1.8185773159534313 0.7092497469165395 2.012062691336993 2.5567611674610924 6.32421246815643 41.53355345569728 1.560963322378314 1
bicycle_rack 125 0 -2.9125327745625946 610.28265 799.6192 770.6543 899.9172 1.1630225753950931 2.943209862857337 1.9238586056000773 -4.298695353895093 4.163271080630775 24.15886312392428 -3.088624321636403 1
bicycle_rack 126 2 -0.29585550486272555 1361.6785 777.34985 1718.593 952.1403 1.3284385348133825 10.18406187920605 2.6347082067129377 9.25950789324138 4.454489026382542 25.510454854352755 0.05232607394175148 1
Pedestrian 127 2 -1.9192354260742015 1305.825 789.75793 1334.364 864.238 1.7252958605752506 0.5022730624812293 0.5957010741300878 8.731648913067135 5.774003502833199 36.40168436134742 -1.6838139692391725 1
Pedestrian 128 2 -1.6900135136736754 1261.4609 786.97943 1297.6263 868.6306 1.7582368058165319 0.7143592519252514 0.9284147176627471 7.370614265548532 5.568456791552096 34.66058365334671 -1.4804834699779752 1
rider 130 0 1.5002564624776535 1039.3372 785.50006 1066.875 852.4683 1.7571470267107934 0.7092497469165395 0.8127100401037978 2.5516713694254376 6.270144476437752 41.61323794247187 1.5614985240515398 1
bicycle_rack 131 1 -2.9946929842767807 751.67773 796.537 853.6057 860.7748 1.2426337592372174 3.5469791443215084 2.2435828848690074 -4.234383278412819 6.096733116598148 40.47292595175207 -3.098936355850762 1
Car 132 1 -1.134805752964497 161.84294 787.4509 305.829 873.6683 1.4758682599569273 1.6629482777613414 3.289015558085271 -16.217007148172232 5.297662498358573 33.502982959301654 -1.5856094338816782 1
Car 133 1 -1.0479072611354392 268.38953 774.8446 413.40503 864.18567 1.8307094827259651 1.8346224157794544 3.9140399348785575 -16.3479447531819 6.010036007940618 39.62084242086421 -1.4392366030937964 1
Car 134 1 -1.1484097734329555 376.96225 789.49493 486.67886 854.4704 1.4466138234262556 1.7058167974508454 3.8472792833439367 -15.989845640877178 6.657491837152173 45.355533226286056 -1.48734964348348 1
Car 135 2 -1.7960994756299167 1260.934 782.66785 1346.057 858.618 1.854319757388738 1.7281560331981203 4.196292607919566 10.772186311653522 7.069527391167098 47.333781684807626 -1.57233143071642 1
Car 136 0 2.870803423827657 1002.6691 772.92065 1821.1703 1061.8003 1.4541658215914326 1.8002838691691543 4.580032333382084 2.5759416880516652 2.470346785658847 9.360996333807506 -3.143850051902355 1
