bicycle 122 0 -2.6256896095602906 734.80896 808.07764 822.22064 868.33966 1.1012967577050738 0.6400220434243896 1.7589750220309497 -3.8890661913867004 5.075718612683797 31.81330196758379 -2.747332595703532 1
Cyclist 124 2 1.4884897296174495 1053.2264 779.8529 1088.1595 863.03015 1.8185773159534313 0.7092497469165395 2.012062691336993 2.7296795366374638 5.805414021616158 37.46703238252933 1.561216738996746 1
bicycle_rack 125 1 -2.913464781049818 612.52875 799.5887 772.14496 899.5031 1.1630225753950931 2.943209862857337 1.9238586056000773 -4.284528077907651 4.172934014814123 24.245851981146544 -3.0883708945147967 1
bicycle_rack 126 0 -0.29613180552106233 1362.4254 777.3402 1719.7654 952.24194 1.3284385348133825 10.18406187920605 2.6347082067129377 9.270161130096056 4.453017276308606 25.497682233599566 0.05257950290950375 1
Pedestrian 127 0 -1.9172090123672652 1302.7118 790.1435 1331.8225 863.3498 1.7252958605752506 0.568617094556288 0.4724907288479335 8.738111780125534 5.811789484688955 36.715497604789135 -1.6835605155849223 1
Pedestrian 128 1 -1.688356257115947 1259.4604 785.97797 1295.2295 866.8573 1.7582368058165319 0.7143592519252514 0.9284147176627471 7.386129603412526 5.5787681730832075 34.974798366083625 -1.480230019788968 1
rider 130 2 1.489115505500344 1054.7947 782.29553 1085.7167 856.625 1.7571470267107934 0.7092497469165395 0.8127100401037978 2.728441878451163 5.746840064323074 37.49690493185545 1.561751946485796 1
bicycle_rack 131 1 -2.9945118732197957 751.6629 796.5261 853.82117 860.9035 1.2426337592372174 3.5469791443215084 2.2435828848690074 -4.222772536472023 6.086958796911468 40.390171194584326 -3.098682930793802 1
Car 132 1 -1.1343552627790996 161.48882 787.35425 305.46085 873.5096 1.4758682599569273 1.6629482777613414 3.289015558085271 -16.23398793951426 5.2973473215670115 33.52121384447599 -1.5853560520944663 1
Car 133 1 -1.0479782170288496 268.9494 774.8054 413.97885 864.1702 1.8307094827259651 1.8346224157794544 3.9140399348785575 -16.328360648783153 6.007855278780962 39.609812951443224 -1.4389831966707405 1
Car 134 1 -1.1496679070088973 379.60767 789.4675 489.1232 854.43036 1.4466138234262556 1.7058167974508454 3.8472792833439367 -15.915549736278841 6.6575031495274315 45.36334455975709 -1.487096236695669 1
Car 135 1 -1.7961572408958517 1261.4058 782.6759 1346.5675 858.64886 1.854319757388738 1.7281560331981203 4.196292607919566 10.784431459895206 7.0682657536625815 47.31952019262408 -1.572077972866787 1
Car 1556 1 2.0950860583573334 57.489132 775.6489 200.10046 848.0487 1.6027352741290979 1.8087063990842047 4.186119196286303 -24.393068302664314 6.250599491088018 43.99772889347676 -4.694326947018708 1
Car 136 0 3.1081941917231424 627.44617 769.87354 1441.516 1060.9802 1.4541658215914326 1.8002838691691543 4.580032333382084 0.4151578552664885 2.4472045278815044 9.317794377272438 -3.1304651853960186 1
