bicycle 122 2 -2.6255667349275447 734.68036 808.08276 822.1885 868.4144 1.1012967577050738 0.6400220434243896 1.7589750220309497 -3.886437886551316 5.071487208929614 31.77779759888201 -2.7472628009935116 1
Cyclist 124 0 1.4835130631192288 1059.1671 779.4962 1097.5808 870.10754 1.8185773159534313 0.7092497469165395 2.012062691336993 2.6861036022556575 5.486184423975038 34.46786997974214 1.5612865256731872 1
bicycle_rack 125 2 -2.9134117099982135 612.4979 799.58057 772.2163 899.55786 1.1630225753950931 2.943209862857337 1.9238586056000773 -4.281590202992469 4.171135151005997 24.231590854820695 -3.0883011049448634 1
bicycle_rack 131 2 -2.9944000991856856 751.5366 798.2649 853.81134 862.87476 1.2426337592372174 3.5469791443215084 2.2435828848690074 -4.22025613630847 6.131354132904072 40.34972136845683 -3.0986131417928613 1
bicycle_rack 126 0 -0.29659700137632655 1363.0259 777.30884 1721.2627 952.5098 1.3284385348133825 10.18406187920605 2.6347082067129377 9.27234656485342 4.448669075066185 25.461266849829734 0.05264929298822141 1
Pedestrian 127 0 -1.9195968809195247 1307.5616 789.513 1334.7351 862.3737 1.7252958605752506 0.521228500216985 0.4724907288479335 8.870441626424954 5.812798471708895 36.86898637006601 -1.6834907187094288 1
Pedestrian 128 1 -1.6874313379470989 1259.2653 786.11755 1292.7161 866.5331 1.7582368058165319 0.6660658706871605 0.9284147176627471 7.394796872340748 5.602302836081034 35.16455068503097 -1.4801602238682072 1
rider 130 0 1.4845318018262768 1060.4445 782.10443 1094.1237 862.74304 1.7571470267107934 0.7092497469165395 0.8127100401037978 2.6790371975433955 5.436738564825827 34.59312683964451 1.5618217347637788 1
Car 132 1 -1.1341879764135268 161.26529 787.32465 305.3179 873.51056 1.4758682599569273 1.6629482777613414 3.289015558085271 -16.231857228121086 5.295262054367463 33.508484667455456 -1.5852862750097296 1
Car 133 1 -1.048039933159448 269.18243 774.7879 414.20618 864.1567 1.8307094827259651 1.8346224157794544 3.9140399348785575 -16.321323665420902 6.007142505641848 39.607523348828636 -1.4389134128018999 1
Car 134 1 -1.148256168985536 377.31265 789.83527 486.90952 854.7648 1.4466138234262556 1.7058167974508454 3.8472792833439367 -15.99983750469816 6.6741247492149816 45.40843176260407 -1.4870264527263768 1
Car 135 1 -1.7971911012368615 1263.0631 782.68335 1348.392 858.6761 1.854319757388738 1.7281560331981203 4.196292607919566 10.836697376348763 7.067267263377667 47.307798202124985 -1.5720081748362624 1
Car 1556 1 2.129865598769685 0.0 775.1518 139.67224 853.90375 1.6027352741290979 1.8087063990842047 4.186119196286303 -24.38418513931581 5.893155518949197 40.59263695125399 -4.69425716115193 1
Car 136 0 -2.9850389916884703 312.70267 768.8493 1123.464 1059.2002 1.4541658215914326 1.8002838691691543 4.580032333382084 -1.3681813030820074 2.4415700419361714 9.33246403944032 -3.1306065224303117 1
