bicycle 122 2 -2.625618746419314 734.63116 808.0791 822.0966 868.37866 1.1012967577050738 0.6400220434243896 1.7589750220309497 -3.8898846453175593 5.073351587663078 31.793747385625153 -2.7473611749650297 1
Cyclist 124 2 1.488676258205509 1052.1849 780.4206 1088.6376 867.3859 1.8185773159534313 0.7092497469165395 2.012062691336993 2.6071834489403423 5.656241968498089 35.892207630105624 1.5611881630245272 1
bicycle_rack 125 2 -2.913514553714906 612.5718 799.58185 772.1689 899.48773 1.1630225753950931 2.943209862857337 1.9238586056000773 -4.284289437332623 4.1730067645481945 24.247500678739783 -3.0883994716716945 1
bicycle_rack 131 2 -2.9944642333848948 751.51733 796.5217 853.73175 860.9311 1.2426337592372174 3.5469791443215084 2.2435828848690074 -4.223837747283728 6.084586711820718 40.37060760766157 -3.098711507717764 1
bicycle_rack 126 0 -0.2963800357236443 1362.6387 777.3226 1720.4442 952.3797 1.3284385348133825 10.18406187920605 2.6347082067129377 9.269524002357377 4.450698077833616 25.47850069937882 0.05255092554431884 1
Pedestrian 127 0 -1.9176764600098106 1304.3679 789.4602 1331.5444 862.4214 1.7252958605752506 0.521228500216985 0.4724907288479335 8.779668122408003 5.805920355576891 36.81836076655906 -1.6835890957334076 1
Pedestrian 128 1 -1.6886805921649668 1259.9598 786.0536 1295.6517 866.72565 1.7582368058165319 0.7143592519252514 0.9284147176627471 7.415864092863303 5.590206492198542 35.06429766905109 -1.4802585995465702 1
rider 130 1 1.489345955079953 1053.7828 782.9653 1085.9778 860.4235 1.7571470267107934 0.7092497469165395 0.8127100401037978 2.6105769757677613 5.606222732776526 36.00594048648765 1.5617233698577797 1
Car 132 1 -1.1343714781129568 161.47124 787.3292 305.4336 873.4767 1.4758682599569273 1.6629482777613414 3.289015558085271 -16.235475380389033 5.296978599340178 33.52322926340205 -1.5853846241390837 1
Car 133 1 -1.0476767642931502 268.34393 774.79944 413.4266 864.1653 1.8307094827259651 1.8346224157794544 3.9140399348785575 -16.343333855464 6.00760924609598 39.60903102791986 -1.4390117714933095 1
Car 134 1 -1.150158637021007 380.50372 789.4455 489.79465 854.30804 1.4466138234262556 1.7058167974508454 3.8472792833439367 -15.914989165254385 6.664020009145171 45.428943680373536 -1.4871248115593705 1
Car 135 1 -1.7962480521796416 1261.4822 782.6666 1346.6907 858.6711 1.854319757388738 1.7281560331981203 4.196292607919566 10.783166394976021 7.065941752442274 47.30038281730969 -1.572106553488268 1
Car 1556 0 2.111454807354182 20.201696 775.3757 171.94722 850.9103 1.6027352741290979 1.8087063990842047 4.186119196286303 -24.33473527686486 6.065699879607473 42.24394211316616 -4.6943555226593885 1
Car 136 0 -3.077952541948517 466.7791 770.9478 1279.88 1062.251 1.4541658215914326 1.8002838691691543 4.580032333382084 -0.49199589684071054 2.454516867707936 9.317868452875178 -3.1307048895025362 1
