bicycle 122 1 -2.6255086700554235 734.80084 808.08795 822.35803 868.4571 1.1012967577050738 0.6400220434243896 1.7589750220309497 -3.88110362431991 5.069347807671896 31.759310385050473 -2.747109393593777 1
Cyclist 124 0 1.4765607606460949 1068.4281 778.0945 1109.877 874.4162 1.8185773159534313 0.7092497469165395 2.012062691336993 2.761362561648546 5.246692197684734 32.45470571193251 1.5614399154118694 1
bicycle_rack 125 2 -2.9132948794711 612.47766 799.5797 772.33514 899.64075 1.1630225753950931 2.943209862857337 1.9238586056000773 -4.27742164570877 4.168984485226144 24.213166105944683 -3.0881477088446836 1
bicycle_rack 126 0 -0.29685383084569783 1363.5446 777.29297 1722.2996 952.6667 1.3284385348133825 10.18406187920605 2.6347082067129377 9.276707182137503 4.4462729646402845 25.440777351151308 0.05280269020728556 1
Pedestrian 127 0 -1.917763558795752 1304.9741 789.5785 1332.008 862.1469 1.7252958605752506 0.521228500216985 0.4724907288479335 8.840229952933328 5.830690917667369 37.016729988756104 -1.6833373065534163 1
Pedestrian 128 0 -1.6868463794657191 1258.641 786.1819 1291.9982 866.3052 1.7582368058165319 0.6660658706871605 0.9477320701580135 7.415834738784542 5.623833352153259 35.34031606142042 -1.4800068138113827 1
rider 130 0 1.4772293630124773 1070.4628 780.7693 1106.6088 866.69037 1.7571470267107934 0.7092497469165395 0.8127100401037978 2.7590268425075113 5.18507961296322 32.4785399034634 1.561975128022557 1
bicycle_rack 131 1 -2.9941569879067216 751.2727 798.004 853.78546 862.7283 1.2426337592372174 3.5469791443215084 2.2435828848690074 -4.215370062557047 6.114569726038449 40.268086615886226 -3.0984597469439583 1
Car 132 1 -1.1339755240724392 161.10211 787.3207 305.25485 873.54956 1.4758682599569273 1.6629482777613414 3.289015558085271 -16.226255451261192 5.2933531893840104 33.491876831329506 -1.5851329063530801 1
Car 133 1 -1.0475674014728993 268.6288 774.79736 413.64722 864.12146 1.8307094827259651 1.8346224157794544 3.9140399348785575 -16.344221646505254 6.009387445026213 39.62718367493517 -1.4387600292342186 1
Car 134 2 -1.1494350997680842 379.625 789.841 489.07986 854.78754 1.4466138234262556 1.7058167974508454 3.8472792833439367 -15.928189496117792 6.673163514228317 45.39797022688354 -1.4868730689378975 1
Car 135 1 -1.794674658042355 1259.494 782.6553 1344.515 858.6824 1.854319757388738 1.7281560331981203 4.196292607919566 10.71398257105251 7.063943324424809 47.28518952393056 -1.5718547601419783 1
Car 1556 1 2.162175425674813 0.0 773.7152 81.54888 858.2089 1.6027352741290979 1.8087063990842047 4.186119196286303 -24.462608701805753 5.584832735664881 37.90641254587683 -4.694103773192872 1
Car 136 0 -2.8478398161779777 74.42496 767.8276 901.8897 1058.6412 1.4541658215914326 1.8002838691691543 4.580032333382084 -2.7044447777715197 2.43276165881747 9.313279923234258 -3.1304531257908708 1
