bicycle 122 0 -2.625134658791432 734.56976 810.4777 822.26105 871.0442 1.1012967577050738 0.6400220434243896 1.7589750220309497 -3.878463611421207 5.114908178011557 31.70915140181521 -2.7468438117968237 1
Cyclist 123 0 -2.1095276174879523 1735.3805 701.7658 1935.0 1120.721 1.8411737275252769 0.7340074214964569 1.98330733426957 4.972299550529807 2.3005489154825858 7.937835798620864 -1.5499186466863035 1
Cyclist 124 0 1.4551148401410576 1095.7572 775.41724 1149.9365 896.18744 1.8185773159534313 0.7092497469165395 2.012062691336993 2.795638602616325 4.5414598625933715 26.04346224509188 1.5620504766790502 1
bicycle_rack 125 0 -2.9136137097296957 613.2844 801.6337 773.3092 902.1298 1.1630225753950931 2.943209862857337 1.9238586056000773 -4.2566709488379395 4.200223037031746 24.17817336907039 -3.0878821466153976 1
bicycle_rack 126 0 -0.2956192225582673 1362.0826 778.1903 1720.5162 954.3252 1.3284385348133825 10.18406187920605 2.6347082067129377 9.236284500512319 4.461134856774851 25.40638965653297 0.05306825437550966 1
Pedestrian 127 0 -1.7806495156416078 1299.0247 792.1616 1323.7692 863.6427 1.7252958605752506 0.521228500216985 0.4440575722443577 8.751018331968593 5.93225055643045 37.38580821623155 -1.5507159673018616 1
Pedestrian 128 0 -1.685149543613184 1256.9518 787.98987 1289.1322 866.37335 1.7582368058165319 0.6660658706871605 0.802851926443727 7.451487720498543 5.705604498574445 35.76482554066457 -1.4797412274277284 1
rider 129 0 -2.1206102841053425 1807.3542 704.34534 1935.0 1060.1007 1.7022963164635159 0.7340074214964569 0.8041180703457191 4.974073951416926 2.135708878221395 7.748445265485753 -1.5499186466863035 1
rider 130 0 1.456397698240525 1098.1464 779.4425 1143.8861 886.13354 1.7571470267107934 0.7092497469165395 0.8127100401037978 2.7950941786602477 4.509564519790542 26.22449806368149 1.5625801555085106 1
bicycle_rack 131 1 -2.994107474582623 751.559 797.7134 854.147 862.46014 1.2426337592372174 3.5469791443215084 2.2435828848690074 -4.203644828247128 6.103178135140423 40.240035791463015 -3.098194186882998 1
Car 136 1 -2.4915983036202225 0.0 764.8144 284.88504 1055.7227 1.4541658215914326 1.8002838691691543 4.580032333382084 -6.898366804887269 2.410250076623139 9.292565155548592 -3.130187562626153 1
Car 132 1 -1.1328543569121239 159.26247 791.23157 303.896 878.04944 1.4758682599569273 1.6629482777613414 3.289015558085271 -16.228734087074226 5.377704617217104 33.42407599037316 -1.5848673916388274 1
Car 133 1 -1.046999861957043 267.94836 777.03986 413.24933 866.7461 1.8307094827259651 1.8346224157794544 3.9140399348785575 -16.33499961184686 6.0661911831693125 39.57091720763121 -1.4384944887066635 1
Car 134 1 -1.1508517444013613 382.537 791.8653 491.8214 857.0198 1.4466138234262556 1.7058167974508454 3.8472792833439367 -15.837650444929086 6.735785069930582 45.38415571037772 -1.4866075280280706 1
Car 135 1 -1.7927984504553693 1257.0663 785.6237 1341.8729 861.9646 1.854319757388738 1.7281560331981203 4.196292607919566 10.62860797675646 7.1593918589162175 47.26146381202176 -1.5715891657290944 1
