bicycle 122 0 -2.625201372007077 734.5578 808.0963 822.2229 868.54565 1.1012967577050738 0.6400220434243896 1.7589750220309497 -3.880201391823577 5.064611687093004 31.71904608771042 -2.7469269110016725 1
Cyclist 123 2 -2.198113842835249 1874.097 675.1001 1935.0 1192.7855 1.8411737275252769 0.7340074214964569 1.98330733426957 4.930742150970912 2.0933118460368454 6.511554027526413 -1.5500017553917425 1
Cyclist 124 0 1.4645324556952732 1083.7941 774.6587 1132.5503 885.19794 1.8185773159534313 0.7092497469165395 2.012062691336993 2.76816396446304 4.758418303733993 28.346879788192602 1.5618770234786652 1
bicycle_rack 125 0 -2.9120011962853254 610.5448 799.9681 770.8074 900.20105 1.1630225753950931 2.943209862857337 1.9238586056000773 -4.30047902709477 4.172596390167248 24.186767441323926 -3.0879652396968496 1
bicycle_rack 126 0 -0.2972204465468336 1364.2251 777.2697 1723.7157 952.889 1.3284385348133825 10.18406187920605 2.6347082067129377 9.281871725518988 4.44284145437699 25.41157861576168 0.05298516068711345 1
Pedestrian 127 0 -1.9143004629902933 1299.6395 790.69946 1326.9939 863.0904 1.7252958605752506 0.521228500216985 0.5104016043194075 8.759770971074571 5.883237619117558 37.21984845886622 -1.683154818309649 1
Pedestrian 128 0 -1.6859841794536945 1257.9047 786.9355 1290.5553 866.06195 1.7582368058165319 0.6660658706871605 0.8511453076817507 7.4333575714811015 5.658761465645455 35.544007953585755 -1.4798243280659191 1
rider 130 0 1.4654925576605136 1086.1644 778.26514 1128.0232 876.6662 1.7571470267107934 0.7092497469165395 0.8127100401037978 2.7625981723569475 4.710653553370086 28.389692567616464 1.5624970424767044 1
bicycle_rack 131 1 -2.994126892743661 751.47205 796.838 854.04254 861.49054 1.2426337592372174 3.5469791443215084 2.2435828848690074 -4.206883205076235 6.079260420908241 40.2462364337384 -3.098277279285708 1
Car 136 1 -2.5988820242115276 0.0 764.9976 495.36285 1055.248 1.4541658215914326 1.8002838691691543 4.580032333382084 -5.473634792040671 2.413335499795536 9.31232546124704 -3.1302706560005498 1
Car 132 2 -1.134027467355183 161.63438 787.8274 305.60553 874.0074 1.4758682599569273 1.6629482777613414 3.289015558085271 -16.23440220356872 5.309258544529757 33.52871746574268 -1.5849504698524828 1
Car 133 1 -1.0473339679807316 268.47684 774.7837 413.61206 864.16595 1.8307094827259651 1.8346224157794544 3.9140399348785575 -16.33645325411409 6.006555966607534 39.60262116467215 -1.4385775749970404 1
Car 134 1 -1.1499952736997856 380.88162 789.4387 490.31583 854.3885 1.4466138234262556 1.7058167974508454 3.8472792833439367 -15.881233150073605 6.657569895508361 45.3719656842464 -1.4866906144380612 1
Car 135 1 -1.7939304100152813 1258.6725 783.1642 1343.5636 859.2099 1.854319757388738 1.7281560331981203 4.196292607919566 10.68973179956452 7.082451241594635 47.30143866997361 -1.571672268879696 1
