bicycle 122 0 -2.6252032114226207 734.5889 806.9076 822.25543 867.3097 1.1012967577050738 0.6400220434243896 1.7589750220309497 -3.879454746833208 5.0388226932653595 31.71845412996878 -2.746907807044608 1
Cyclist 123 2 -2.16184589779429 1815.2772 685.48456 1935.0 1163.041 1.8411737275252769 0.7340074214964569 1.98330733426957 4.9246592393674335 2.1659931286706167 7.018224290160997 -1.549982649250407 1
Cyclist 124 0 1.4616191945798307 1087.5728 773.8543 1138.0106 887.52576 1.8185773159534313 0.7092497469165395 2.012062691336993 2.7773805881195206 4.666157990299633 27.57919024035229 1.5619864725873827 1
bicycle_rack 125 0 -2.911977377921202 610.5222 799.96783 770.8125 900.21686 1.1630225753950931 2.943209862857337 1.9238586056000773 -4.299958733565692 4.17217288678235 24.18317952383052 -3.0879461371474513 1
bicycle_rack 126 0 -0.2971871190370478 1364.2286 773.9747 1723.6351 947.8823 1.3284385348133825 10.18406187920605 2.6347082067129377 9.282953114680554 4.375902282576576 25.41566104575068 0.053004263376023486 1
Pedestrian 127 0 -1.9135619935129053 1298.9722 790.8688 1325.3613 862.8175 1.7252958605752506 0.521228500216985 0.4440575722443577 8.741683776190923 5.888636048153247 37.263181988642394 -1.6831357137612983 1
Pedestrian 128 0 -1.6854558170551248 1257.2615 787.0869 1289.582 865.76587 1.7582368058165319 0.6660658706871605 0.802851926443727 7.430776000571198 5.668279587086687 35.6221919783896 -1.4798052237791928 1
rider 129 2 -2.1761676601645794 1907.2081 686.0842 1935.0 1091.9275 1.7022963164635159 0.7340074214964569 0.8041180703457191 4.922564452362768 1.9975212464392853 6.80581668949776 -1.549982649250407 1
rider 130 0 1.4626224797684952 1089.9348 777.58984 1133.0116 878.5739 1.7571470267107934 0.7092497469165395 0.8127100401037978 2.773136897473601 4.624009832155311 27.6684860747741 1.5625161496126423 1
bicycle_rack 131 1 -2.99411894758468 751.4835 796.83765 854.064 861.4964 1.2426337592372174 3.5469791443215084 2.2435828848690074 -4.206054016220301 6.078841610614525 40.24264615444849 -3.098258176892325 1
Car 136 1 -2.561203262527425 0.0 765.04364 424.43964 1055.2675 1.4541658215914326 1.8002838691691543 4.580032333382084 -5.957145436627641 2.4137621775007405 9.313472702254264 -3.1302515533838258 1
Car 132 1 -1.1339859493489381 161.58174 787.8263 305.5737 874.015 1.4758682599569273 1.6629482777613414 3.289015558085271 -16.23370218295862 5.308865136565463 33.525355508108156 -1.5849313707210455 1
Car 133 1 -1.0473025796780504 268.44656 774.7817 413.59808 864.1719 1.8307094827259651 1.8346224157794544 3.9140399348785575 -16.335636490512176 6.006164646262009 39.59926092237579 -1.4385584740088078 1
Car 134 1 -1.148929321797367 379.0768 789.8288 488.60315 854.7818 1.4466138234262556 1.7058167974508454 3.8472792833439367 -15.942250223394508 6.67233851319771 45.39383535067408 -1.4866715134223305 1
Car 135 1 -1.7942752529926147 1259.2183 783.1659 1344.1647 859.2177 1.854319757388738 1.7281560331981203 4.196292607919566 10.707003293141122 7.082119277044325 47.29779658681749 -1.5716531640153915 1
