bicycle 122 0 -2.6267216422639295 736.1123 815.55347 823.98035 876.4384 1.1012967577050738 0.6400220434243896 1.7589750220309497 -3.8366640217105434 5.217055746122464 31.649682787737046 -2.7473558616189195 1
Cyclist 123 0 -2.0072600779018805 1607.951 727.04004 1869.4521 1064.9646 1.8411737275252769 0.7340074214964569 1.98330733426957 4.985611277715264 2.576340514422305 9.75924387568625 -1.5349619410079234 1
Cyclist 124 0 1.4421983044142856 1111.0502 779.04486 1172.7705 913.77295 1.8185773159534313 0.7092497469165395 2.012062691336993 2.8184601231365756 4.345425459860805 23.504826319528664 1.5615383560665648 1
bicycle_rack 125 0 -2.9127411421902334 610.68555 807.79614 771.54614 909.55444 1.1630225753950931 2.943209862857337 1.9238586056000773 -4.2736416542843125 4.293971119914666 24.079279187227215 -3.088394158716857 1
bicycle_rack 126 1 -0.29601881184529427 1361.6509 784.7609 1720.797 964.5145 1.3284385348133825 10.18406187920605 2.6347082067129377 9.221300923167279 4.591897571001364 25.374057833921427 0.05255623853787883 1
Pedestrian 127 0 -1.7824799958288557 1301.0638 799.3674 1325.8914 871.0824 1.7252958605752506 0.521228500216985 0.4440575722443577 8.785063233613783 6.104569343230471 37.30952484793499 -1.5512280271273255 1
Pedestrian 128 0 -1.6866538922177663 1256.489 797.27625 1292.7317 875.88043 1.7582368058165319 0.7626526331633392 0.7738758977008117 7.477508550205758 5.923120248504498 35.71221156960347 -1.4802532861082114 1
rider 129 0 -2.0166481319588825 1655.8625 731.02936 1834.1964 1018.9888 1.7022963164635159 0.7340074214964569 0.8041180703457191 4.985983799845724 2.410250815509336 9.560808969734385 -1.5359470318767674 1
rider 130 0 1.4428802722913083 1114.988 783.3018 1166.6218 902.4593 1.7571470267107934 0.7092497469165395 0.8127100401037978 2.820340840927324 4.295114604199037 23.550853414042223 1.562068020459432 1
bicycle_rack 131 1 -2.9939109403220048 750.4108 804.1182 853.14026 869.5395 1.2426337592372174 3.5469791443215084 2.2435828848690074 -4.227935727782771 6.27808509225418 40.19692759911489 -3.0987061948062307 1
Car 132 1 -1.132194754799624 156.72443 798.525 302.03995 886.44135 1.4758682599569273 1.6629482777613414 3.289015558085271 -16.218668788263717 5.534897429180057 33.303988680388336 -1.5853793121346966 1
Car 133 1 -1.0472444036765496 267.42743 783.4695 412.82272 873.9459 1.8307094827259651 1.8346224157794544 3.9140399348785575 -16.33586200584228 6.24219154180075 39.54302027499233 -1.4390064589724558 1
Car 134 1 -1.146835426520235 374.45648 798.73236 484.63388 864.7148 1.4466138234262556 1.7058167974508454 3.8472792833439367 -16.021541577968947 6.937840344046819 45.2513660484978 -1.4871194990308694 1
Car 135 1 -1.7954782716836233 1260.2843 792.597 1345.4878 869.6204 1.854319757388738 1.7281560331981203 4.196292607919566 10.73225003443029 7.387611076213735 47.243666447021596 -1.572101239889301 1
