Cyclist 123 0 -1.9304789245788192 1511.5533 746.56433 1690.2546 1003.6995 1.8411737275252769 0.7340074214964569 1.98330733426957 5.357098589495365 2.9534320478509883 12.665466135687641 -1.5303298734148096 1
bicycle 122 0 -2.630098139858524 770.6305 815.7506 860.47595 878.3711 1.1012967577050738 0.6400220434243896 1.7589750220309497 -3.011890276663381 5.12626003219259 30.891200662690228 -2.727290879713228 1
Cyclist 124 0 1.3888549834373842 1208.279 763.6888 1303.6815 951.124 1.8185773159534313 0.7092497469165395 2.012062691336993 3.3208837061577827 3.491437452929393 17.01497363319447 -4.70157924218063 1
bicycle_rack 125 0 -2.9151281847390975 643.07275 807.0072 807.78906 912.2989 1.1630225753950931 2.943209862857337 1.9238586056000773 -3.609708251914969 4.197071314170884 23.377053507781667 -3.0683306747009738 1
bicycle_rack 126 1 -0.3167618242663179 1418.3274 781.0901 1816.7515 971.09515 1.3284385348133825 10.18406187920605 2.6347082067129377 9.9028268263079 4.389808470289285 24.136704103768718 0.0725757932322153 1
Pedestrian 127 0 -2.8371464904781183 1349.3472 798.5891 1373.7775 873.33826 1.7252958605752506 0.5022730624811929 0.4440575722443577 9.740308620300594 5.989916851991534 36.38661444479573 -2.575589568795137 1
Pedestrian 128 0 -1.6926068937002343 1299.4565 794.7598 1331.4277 874.884 1.7582368058165319 0.6370898419443017 0.8028519264436463 8.30597926929823 5.7934176940042565 35.09129119371657 -1.460188004267439 1
rider 129 0 -1.9298349916987536 1542.319 751.5309 1669.055 971.6139 1.7022963164635159 0.7340074214964569 0.8041180703457191 5.354746159432193 2.7935109103369404 12.467734401085046 -1.524168857128653 1
rider 130 0 1.3831636849402242 1215.0887 768.5074 1290.6503 932.8034 1.7571470267107934 0.7092497469165395 0.8127100401037978 3.3269047275895804 3.4398922932082385 17.115030804332214 -4.708030914585352 1
bicycle_rack 131 1 -2.9980656033409456 785.8742 803.7328 890.6007 871.1792 1.2426337592372174 3.5469791443215084 2.2435828848690074 -3.1617427870782655 6.144963008099381 39.15368121231385 -3.078642881871919 1
Car 133 0 -1.0460914813588782 299.98428 783.32385 445.95715 874.9585 1.8307094827259651 1.8346224157794544 3.9140399348785575 -15.301454526235547 6.194586951708844 39.11922940470717 -1.4189446329956925 1
Car 132 1 -1.1279448062967394 185.0923 795.7868 331.64944 884.49615 1.4758682599569273 1.6629482777613414 3.289015558085271 -15.37524745609012 5.421906112577987 32.88279747680229 -1.565319432943416 1
Car 134 1 -1.148562866684321 410.7097 799.03076 521.15857 865.96704 1.4466138234262556 1.7058167974508454 3.8472792833439367 -14.750307764033735 6.8888076373747005 44.73589904794417 -1.4670576441084724 1
Car 135 1 -1.8064846466379572 1307.5952 790.2579 1396.9503 869.1953 1.854319757388738 1.7281560331981203 4.196292607919566 11.990261072363895 7.185709500099251 46.10100999246664 -1.5520353487923215 1
Car 1713 1 2.11357670907658 82.461006 789.8915 232.07983 861.0346 1.4473481609632444 1.7686038537667972 4.409519326520974 -23.061280691613653 6.450016749113609 43.09533537553346 -4.660957786676468 1
