Cyclist 123 0 -1.9232838768714196 1514.143 747.3146 1686.8721 997.69684 1.8411737275252769 0.7340074214964569 1.98330733426957 5.494573442422697 2.9870928112551187 12.990555267888297 -1.5231366375536652 1
bicycle 122 0 -2.6304176154237853 781.4088 815.93634 871.5298 878.87006 1.1012967577050738 0.6400220434243896 1.7589750220309497 -2.7763521788652756 5.116249198185887 30.77749823270627 -2.7203813287182923 1
Cyclist 124 0 1.3808075926230057 1229.1798 762.0563 1330.7734 958.6612 1.8185773159534313 0.7092497469165395 2.012062691336993 3.4303161231043724 3.4025160086061152 16.257550111951296 -4.6944295376252 1
bicycle_rack 125 0 -2.914837783134154 652.7995 805.44885 818.26556 911.2403 1.1630225753950931 2.943209862857337 1.9238586056000773 -3.433340912666912 4.157001958815136 23.254367478248525 -3.0614216487946413 1
bicycle_rack 126 1 -0.3215754774841333 1435.7928 780.5378 1843.3182 972.6525 1.3284385348133825 10.18406187920605 2.6347082067129377 10.141219479864564 4.356628034903032 23.915501384410877 0.07948495977139647 1
Pedestrian 127 0 -3.0797918809293905 1365.1626 796.876 1385.5074 871.7939 1.7252958605752506 0.5022730624811929 0.4440575722443577 10.016199783905138 5.920664281491367 36.17142852045267 -2.809651609624768 1
Pedestrian 128 0 -1.6952069403987726 1314.4679 794.19836 1346.5079 874.4137 1.7582368058165319 0.6370898419443017 0.7642172214532007 8.625669593855333 5.762742744186159 34.95545881750602 -1.4532783725794354 1
rider 129 0 -1.9215320499919555 1542.1935 753.22614 1664.8337 967.23065 1.7022963164635159 0.7340074214964569 0.8041180703457191 5.489261402874618 2.8387351681862762 12.822047522691511 -1.5170291916164966 1
rider 130 0 1.374866504106829 1236.6646 766.9643 1316.6313 939.37115 1.7571470267107934 0.7092497469165395 0.8127100401037978 3.4324353626198985 3.3472916972960522 16.328176478087176 -4.70112024456953 1
bicycle_rack 131 1 -2.9981576570187722 796.4247 802.2609 901.13605 869.67725 1.2426337592372174 3.5469791443215084 2.2435828848690074 -2.8844878186307916 6.103018360004208 39.13328647980629 -3.071733918365054 1
Car 133 0 -1.0444230453705416 308.99194 783.30597 455.0048 875.0974 1.8307094827259651 1.8346224157794544 3.9140399348785575 -15.048056030032482 6.189713825988696 39.07370493958037 -1.4120361870753204 1
Car 132 1 -1.1270279321643655 195.9976 795.36584 342.53235 884.2884 1.4758682599569273 1.6629482777613414 3.289015558085271 -15.106740233862544 5.405619620413356 32.81955998961081 -1.558411655699387 1
Car 134 1 -1.1467924464145942 419.1932 798.34015 529.6976 865.2971 1.4466138234262556 1.7058167974508454 3.8472792833439367 -14.48709421264522 6.864588729900813 44.708744356367625 -1.460149188196856 1
Car 135 1 -1.8073496433691278 1319.7388 789.33356 1409.7416 868.5616 1.854319757388738 1.7281560331981203 4.196292607919566 12.32499113879591 7.136567859487792 45.91946716429622 -1.5451255060660314 1
Car 1713 1 2.12120507096831 79.077194 789.7492 232.39471 862.3126 1.4473481609632444 1.7686038537667972 4.409519326520974 -22.683460369059766 6.360385480283323 42.3161182674322 -4.654048487329408 1
