bicycle 122 0 -2.6284749851477134 746.4565 816.13055 835.31195 877.8259 1.1012967577050738 0.6400220434243896 1.7589750220309497 -3.565431053546906 5.182821028311142 31.280826105035317 -2.741966550177324 1
Cyclist 123 0 -1.9177043059919754 1529.1575 741.2095 1722.4753 1023.1602 1.8411737275252769 0.7340074214964569 1.98330733426957 5.096272232556602 2.823487110923723 11.615957577829024 -1.5042617089624049 1
Cyclist 124 0 1.4145634354812757 1153.4867 772.18085 1232.4001 935.4077 1.8185773159534313 0.7092497469165395 2.012062691336993 2.992334397208543 3.8370229157606355 19.487042440039822 1.56692840945307 1
bicycle_rack 125 0 -2.912664752982762 617.6402 807.92316 780.73236 911.3933 1.1630225753950931 2.943209862857337 1.9238586056000773 -4.081953482915922 4.254132790253879 23.731271070416682 -3.0830052456188826 1
bicycle_rack 126 1 -0.3063793738757974 1382.263 783.7508 1759.4468 968.6698 1.3284385348133825 10.18406187920605 2.6347082067129377 9.445266709795504 4.507500659674349 24.768090562848062 0.05794519140894461 1
Pedestrian 127 0 -2.168180263246454 1317.5032 799.98755 1345.8605 873.1695 1.7252958605752506 0.521228500216985 0.4440575722443577 9.159464890816333 6.090453313330131 36.98438048470362 -1.9254073735493633 1
Pedestrian 128 0 -1.6888749413044444 1269.0023 800.4117 1303.9629 879.1788 1.7582368058165319 0.7336766044205036 0.6869478114722148 7.702303916524327 5.961794369139061 35.439070410619195 -1.474863884579697 1
rider 129 0 -1.9206769562351464 1554.1631 747.0733 1690.5776 984.6597 1.7022963164635159 0.7340074214964569 0.8041180703457191 5.098490340659794 2.6828540489165613 11.577138552466417 -1.505840905001953 1
rider 130 0 1.4164378459559943 1157.7354 777.31134 1221.2767 920.2026 1.7571470267107934 0.7092497469165395 0.8127100401037978 2.9928825691490317 3.803091401301328 19.666847991636473 1.5674582257318739 1
bicycle_rack 131 1 -2.992589371031875 755.75055 805.39435 859.987 871.92786 1.2426337592372174 3.5469791443215084 2.2435828848690074 -4.008562584380407 6.249961530966386 39.66124676435732 -3.0933173261773943 1
Car 133 0 -1.0463118640279099 274.89746 784.4965 420.8868 875.62744 1.8307094827259651 1.8346224157794544 3.9140399348785575 -16.045523897596098 6.24904286064492 39.33600512698886 -1.4336179874336776 1
Car 132 1 -1.128639619780715 159.22084 796.18677 306.1879 884.6685 1.4758682599569273 1.6629482777613414 3.289015558085271 -15.992413980881754 5.444098366485725 32.99287107043757 -1.5799913641950045 1
Car 134 1 -1.146478433786168 382.60834 799.9585 493.34833 866.5423 1.4466138234262556 1.7058167974508454 3.8472792833439367 -15.663176635777962 6.942531878473163 44.95689349809269 -1.4817310197301365 1
Car 135 1 -1.7980317348727106 1272.1744 792.614 1358.7352 870.4972 1.854319757388738 1.7281560331981203 4.196292607919566 11.013430923928595 7.334082313830715 46.7589688775865 -1.5667116752552546 1
Car 1713 1 2.0879674655075666 110.3802 790.35895 247.0213 856.7498 1.4473481609632444 1.7686038537667972 4.409519326520974 -23.96288865612588 6.782279832446955 45.98179702242364 -4.675632957615438 1
