bicycle 122 0 -2.654322185735785 1051.1168 808.5988 1148.6528 877.7485 1.1012967577050738 0.6400220434243896 1.7589750220309497 2.6390948316304907 4.700177443195318 28.54803314192302 -2.5621401666599093 1
Cyclist 123 1 -1.8852551916730258 1796.7152 748.34845 1935.0 975.65955 1.8411737275252769 0.7340074214964569 1.98330733426957 8.70522949774078 3.1084961134106983 14.302475606376472 -1.3384982475882996 1
bicycle_rack 125 0 -2.9379482728545 920.42914 798.3574 1096.1301 916.8706 1.1630225753950931 2.943209862857337 1.9238586056000773 0.7365302246960305 3.812373587301039 21.183783387805487 -2.9031936853337506 1
bicycle_rack 126 2 -0.3892954223144528 1810.8969 768.5931 1935.0 1012.1576 1.3284385348133825 10.18406187920605 2.6347082067129377 14.216376384882892 3.719121636672518 19.620994228369387 0.2377172450448266 1
Pedestrian 127 1 -2.976480976965776 1702.7615 787.04266 1731.4625 871.7752 1.7252958605752506 0.5117507813490668 0.472490728847941 16.235096809714392 5.245520176200605 32.120736133129164 -2.508491044554827 1
Pedestrian 128 0 -1.753052931763102 1650.2024 783.95325 1694.5327 874.51697 1.7582368058165319 0.7047005756775757 0.7738758977008465 14.796022426383997 5.118785168934158 31.131268982733527 -1.3093773993166133 1
rider 129 1 -1.8857097581428273 1818.8247 752.9248 1935.0 947.2319 1.7022963164635159 0.7340074214964569 0.8041180703457191 8.682649896097999 2.959178282677004 14.205154095898806 -1.3370720786277304 1
bicycle_rack 131 1 -3.0194309429937096 1064.2368 795.55804 1172.4985 867.9413 1.2426337592372174 3.5469791443215084 2.2435828848690074 3.939847849610018 5.6908910233145775 36.99762306895797 -2.913341538434784 1
Car 133 0 -1.0509238657853455 580.8966 776.6232 720.6411 869.32007 1.8307094827259651 1.8346224157794544 3.9140399348785575 -7.962469541546969 5.975163025518373 38.70349624985251 -1.253822902573987 1
Car 132 1 -1.1290260564805719 473.11182 785.25287 611.57446 874.9049 1.4758682599569273 1.6629482777613414 3.289015558085271 -9.087062259535486 5.169326706816 32.6829444534849 -1.4002133858989396 1
Car 134 1 -1.1603307026010627 693.17096 791.48126 799.09265 859.2092 1.4466138234262556 1.7058167974508454 3.8472792833439367 -6.309738971205739 6.608762859562685 44.26050815731139 -1.3019356799157014 1
Car 135 1 -1.8435531459444339 1642.04 779.8798 1756.1803 869.3307 1.854319757388738 1.7281560331981203 4.196292607919566 20.103197803003425 6.324980336641616 40.91745632891206 -1.3868808397765842 1
Car 1713 0 2.238277734329185 145.96458 781.60376 341.51483 870.41876 1.4473481609632444 1.7686038537667972 4.409519326520974 -16.662552006943955 5.360135234573411 34.99411243738538 -4.489296242351536 1
