bicycle 1800 0 -1.5271155380371426 726.4632 824.3621 757.1606 882.7962 1.0749142647069085 0.6282698650476556 1.8183458234666818 -5.1029875916440925 5.846613290846735 34.83873545333251 -1.6725558281412138 1
bicycle 1801 2 -1.5227744241075711 868.91895 824.4483 895.95404 883.94617 1.1195151984943013 0.5470700739521296 1.7935882781290342 -1.8401499351676647 5.917740489183151 35.060461005258205 -1.5752113571899438 1
bicycle 1802 1 0.29607112383361534 47.881668 815.05286 175.45976 894.5197 1.3240786266912248 0.7968026159906388 1.9594911854807933 -16.11087123986609 5.012361591236969 28.403586462360394 -0.21989100125151184 1
Cyclist 1803 1 0.4975149510671104 0.0 800.79846 120.97279 890.971 1.5938834552098484 1.1063795147890603 2.239502424743791 -17.963421923162784 5.125983958052602 29.419653539511927 -0.050656821218900694 1
Cyclist 1804 0 0.31479652662967517 195.23613 830.1102 259.72238 885.4003 0.9933572879917578 0.6080872540962655 1.023721908468657 -14.717253848406767 5.162656847609297 30.010117621046305 -0.14114947839056313 1
bicycle_rack 1805 0 -1.3757862157806635 226.56993 805.43085 651.9505 887.3902 1.3650650978328323 8.900156172596716 2.243824273664512 -11.674835018142899 5.693009855637252 34.14231692055809 -1.7052682053178394 1
moped_scooter 1710 0 -0.2184817404040345 1108.6696 828.06824 1187.2897 881.9469 1.1646813831975393 0.49488626374552774 1.768074632921074 4.383285137111203 5.98396752653233 35.14312680281243 -0.09439588101545504 1
motor 1711 0 -0.2941548506684569 1198.0731 830.3925 1286.949 882.51337 1.1241620330542181 0.5339745327322192 2.0095450233211594 6.686356597361933 6.064588635360453 35.579043672552494 -0.10839189191332799 1
rider 1806 0 0.5039725026820713 0.0 801.03705 77.02166 888.48737 1.550104357253932 1.103829669996683 1.0162252519066097 -18.20957542087987 5.081874539965071 29.408511483913834 -0.05044085118800967 1
rider 1807 0 0.31855797486347764 205.47337 830.5386 247.4107 883.9765 0.9660728050052089 0.6080872540962655 0.5947449113113373 -14.741497028311176 5.1398680897555655 30.0104872737663 -0.13803416294726256 1
Car 1712 1 2.574868350276741 1514.1914 775.57556 1935.0 945.3009 1.595597824680356 1.8067912156684303 4.19128297705288 8.753070556078843 3.4288181679591494 17.099081361368356 -3.235192377551517 1
