bicycle 1800 0 -1.5255258016965307 853.3432 838.54236 884.63184 898.8977 1.0749142647069085 0.6282698650476556 1.8183458234666818 -2.08977559387221 6.065628830480009 34.019578645940385 -1.586877324568619 1
bicycle 1801 0 -1.5074062130950083 973.0444 838.20984 1002.20593 900.90533 1.1195151984943013 0.5470700739521296 1.7935882781290342 0.6050479041807255 6.078991922846047 33.8531136190069 -1.4895353756035528 1
bicycle 1802 1 0.3050237380796294 196.92188 831.5202 318.22705 909.4404 1.3240786266912248 0.7968026159906388 1.9594911854807933 -13.496291294656881 5.365869172402692 28.727061633234886 -0.1341823837752234 1
Cyclist 1803 2 0.4903060599803408 158.26225 815.6222 297.6677 904.875 1.5938834552098484 1.1063795147890603 2.239502424743791 -14.602706465513018 5.473648473944738 29.82881091573834 0.035053018517514856 1
Cyclist 1804 0 0.30569141390246823 365.2019 849.05255 426.99637 904.153 0.9933572879917578 0.6080872540962655 1.023721908468657 -11.328257891541957 5.538796435309792 29.993119234389503 -0.05544009625746704 1
bicycle_rack 1805 0 -1.3654373448939314 355.17194 823.2864 774.00507 910.0768 1.5339874454244076 8.900156172596716 2.243824273664512 -8.800627757119932 6.206473250348989 33.88377468931676 -1.6195523436877017 1
moped_scooter 1710 0 -0.22541340219677625 1249.0737 843.94257 1332.6246 899.5056 1.1646813831975393 0.49488626374552774 1.768074632921074 7.401224228277684 6.125577032977082 33.61376293297365 -0.008687273564623288 1
motor 1711 0 -0.30419585189695236 1346.364 846.17206 1441.8265 900.0443 1.1241620330542181 0.5339745327322192 2.0095450233211594 9.796659495368168 6.179452377376648 33.87586925456638 -0.022683116504559564 1
rider 1806 1 0.49574743719895664 179.03018 815.9993 258.45517 902.65247 1.550104357253932 1.103829669996683 1.0162252519066097 -14.798606190041125 5.435211768629479 29.833204881612886 0.035268990366968955 1
rider 1807 0 0.3097035774437025 374.6505 849.33514 414.7405 902.85474 0.9660728050052089 0.6080872540962655 0.5947449113113373 -11.358061110222966 5.514960410453679 29.990667790840323 -0.05232433333051589 1
Car 1712 1 2.5406200171916202 1719.5309 783.6329 1935.0 970.07935 1.595597824680356 1.8067912156684303 4.19128297705288 10.302124320443454 3.315608172889555 15.284402815030417 -3.1494832801112143 1
