Cyclist 493 1 -2.428012169475057 0.0 776.6386 36.233654 862.2315 1.7853129579697473 0.6330427423358345 1.9688870677246764 -21.680086957590902 5.201646997193139 33.22246974346366 -3.006194055758167 1
bicycle 1800 0 -1.5393177037669898 1182.2456 821.9146 1216.0399 888.50415 1.0749142647069085 0.6282698650476556 1.8183458234666818 4.896765012579103 5.248340136435645 30.72628440847098 -1.381279408707845 1
bicycle 1801 0 -1.5354298391442556 1329.3615 822.7887 1360.8142 893.2289 1.1195151984943013 0.5470700739521296 1.7935882781290342 7.700874314718751 5.209856222944763 29.973021404644182 -1.2839424773600476 1
bicycle 1550 1 0.633351245006079 82.76173 809.4085 199.13701 876.4798 1.1559442595173435 0.7654542061556757 1.8972003487969937 -15.926082405027582 4.8025762532470955 29.051691897441337 0.1318925003337783 1
bicycle 1802 1 0.33173076895167913 503.1474 807.2695 621.55676 886.50433 1.3240786266912248 0.7968026159906388 1.9594911854807933 -7.351897584256011 4.748049590044776 27.60930985951173 0.07148634509082208 1
Cyclist 1803 0 0.44233539558631596 579.3934 794.4815 713.0839 890.13324 1.5938834552098484 1.1063795147890603 2.239502424743791 -6.002145012901693 4.9221485803203535 28.551038939162314 0.23512761886091926 1
Cyclist 1804 0 0.19761167336674873 786.3598 829.68536 845.9423 887.9808 0.9933572879917578 0.6080872540962655 1.023721908468657 -2.7436878935273152 4.920684801268379 28.325066889451108 0.10104862445704876 1
bicycle_rack 1805 0 -1.3613952996630982 663.9095 791.1947 1095.9453 887.676 1.5339874454244076 8.900156172596716 2.243824273664512 -1.6700315109327248 5.270555657768703 31.798079684442673 -1.4138669759324038 1
moped_scooter 1710 0 -0.2659135371848085 1654.6057 830.2729 1762.6246 898.5777 1.1646813831975393 0.49488626374552774 1.768074632921074 14.185357076365529 5.1241786761363155 28.415624897704166 0.1971016741140461 1
motor 1711 1 -0.34954007858754543 1779.7341 834.4735 1907.4421 901.8802 1.1241620330542181 0.5339745327322192 2.0095450233211594 16.592314994300484 5.132285971294016 28.155142369779554 0.1829875300570698 1
Pedestrian 1551 2 2.063408251575291 0.0 773.7953 5.4929695 852.43555 1.8890039520438682 0.6812649745945568 0.5396899621258398 -24.377039097392316 5.6373878767566605 37.34884652540944 1.4851476889488722 1
rider 495 0 -2.4243723513290236 0.0 777.1228 18.126638 856.34906 1.6661154391675428 0.6330427423358345 0.7147637164907434 -21.51044897904575 5.083951856023959 33.21258498416064 -2.999100528445819 1
rider 1806 0 0.44970941818834353 597.4791 795.2435 672.1377 886.1663 1.550104357253932 1.103829669996683 1.0162252519066097 -6.234182936848476 4.883144999164257 28.60542178540261 0.23512761886091926 1
rider 1807 0 0.1983220582321804 796.53064 828.68756 833.79614 885.10223 0.9660728050052089 0.6080872540962655 0.5947449113113373 -2.7658308741610855 4.873874871335572 28.3438315813274 0.10104862445704876 1
