Cyclist 493 2 -2.4811041290326084 0.0 767.243 0.0 852.62274 1.7853129579697473 0.6330427423358345 1.9688870677246764 -22.34247057485927 4.954240850582885 32.91315610308413 -3.077480979655001 1
bicycle 1800 0 -1.5370611016446856 1071.49 810.72595 1103.5981 873.24286 1.0749142647069085 0.6282698650476556 1.8183458234666818 2.7315606248239983 5.1979817366602035 32.240536249656124 -1.4525385400641393 1
bicycle 1801 0 -1.5272240973818654 1205.7706 811.4238 1235.654 877.06665 1.1195151984943013 0.5470700739521296 1.7935882781290342 5.516349330579515 5.196263007496466 31.75037421576324 -1.3552000491163454 1
bicycle 1550 1 0.6150020542358199 0.0 793.68665 94.5822 858.88367 1.1559442595173435 0.7654542061556757 1.8972003487969937 -18.098067256654097 4.504652612629277 29.22973879523093 0.06060881065004531 1
bicycle 1802 1 0.3180102285500166 409.87277 798.7493 527.13275 874.57874 1.3240786266912248 0.7968026159906388 1.9594911854807933 -9.322368259593791 4.664936054977328 28.339111481648906 0.000202921419005353 1
Cyclist 1803 1 0.46146041910303254 435.7705 782.3274 567.74725 872.798 1.5938834552098484 1.1063795147890603 2.239502424743791 -9.082334817293797 4.787704975939175 29.6102456784149 0.1638412951524688 1
Cyclist 1804 0 0.2255134783930075 635.1237 815.7517 693.78094 870.8886 0.9933572879917578 0.6080872540962655 1.023721908468657 -5.843780633115944 4.795288069882886 29.47123733133051 0.02976500726010789 1
bicycle_rack 1805 0 -1.3594541609796615 558.1858 782.3132 977.05115 870.03796 1.5339874454244076 8.900156172596716 2.243824273664512 -4.173492980468868 5.168179042815307 33.02649301623044 -1.4851559149217306 1
moped_scooter 1710 0 -0.24464481491390794 1494.7211 818.04083 1590.5967 879.94965 1.1646813831975393 0.49488626374552774 1.768074632921074 11.929276271959559 5.177587070746424 30.714416906038092 0.1258159887653585 1
motor 1711 1 -0.3256957912120621 1605.3502 820.82544 1717.1547 881.2627 1.1241620330542181 0.5339745327322192 2.0095450233211594 14.32756995780891 5.187936694721422 30.64020043010971 0.1117032017160553 1
rider 495 2 -2.484195333999517 0.0 767.71313 0.0 847.1515 1.6661154391675428 0.6330427423358345 0.7147637164907434 -22.220896775534737 4.842478102744787 32.921723426378115 -3.077918570923842 1
rider 1806 0 0.4686046042558165 453.1121 783.01245 527.437 869.73145 1.550104357253932 1.103829669996683 1.0162252519066097 -9.325805757164433 4.751013591220007 29.646852681613268 0.1638412951524688 1
rider 1807 0 0.2261828550606394 644.99274 815.7635 682.03455 869.39886 0.9660728050052089 0.6080872540962655 0.5947449113113373 -5.865014024307487 4.767888100939213 29.47489426051763 0.02976500726010789 1
