Cyclist 493 0 -2.278945783812282 0.0 779.41583 87.655914 865.6953 1.7853129579697473 0.6330427423358345 1.9688870677246764 -20.724704148523575 5.330397548361601 33.70698948235151 -2.8302120802688924 1
bicycle 1800 0 -1.572291139569078 1373.827 806.51117 1409.6754 878.4715 1.0749142647069085 0.6282698650476556 1.8183458234666818 8.099888273454914 4.609900396065919 28.147519219856473 -1.2920959948432043 1
bicycle 1549 1 0.811923157145653 0.0 807.16394 35.36702 876.75134 1.2386071614677157 0.7891075130438392 1.9257717111340527 -19.944831980596703 5.016294665270235 30.39043065510958 0.23114123129285558 1
bicycle 1801 0 -1.5702320508331116 1534.2863 803.36115 1567.2628 878.9361 1.1195151984943013 0.5470700739521296 1.7935882781290342 10.84024258721714 4.5129859699396615 27.50136746258791 -1.194760717989646 1
bicycle 1550 1 0.6454720299004485 228.20978 808.31244 342.30865 878.06915 1.1559442595173435 0.7654542061556757 1.8972003487969937 -12.841013470433385 4.713005211037421 28.420695385443597 0.2211063555102888 1
bicycle 1802 1 0.3268521517711106 649.1023 787.8889 770.7736 871.69135 1.3240786266912248 0.7968026159906388 1.9594911854807933 -4.413492551745869 4.252461207894003 26.318026755118353 0.1606997358068416 1
Cyclist 1803 0 0.38829792400682817 795.17993 781.6781 934.94977 884.6394 1.5938834552098484 1.1063795147890603 2.239502424743791 -1.7108428466930021 4.487052582270355 26.7153190530423 0.32434548507813976 1
Cyclist 1804 0 0.1271058794804666 1023.23065 817.63635 1085.8379 881.2295 0.9933572879917578 0.6080872540962655 1.023721908468657 1.6350007976287761 4.414515488890588 26.149647679883024 0.18954936651824927 1
bicycle_rack 1805 0 -1.3800386310476027 813.8862 779.95123 1274.4425 887.36053 1.5339874454244076 8.900156172596716 2.243824273664512 1.6524931572050698 4.849265182277354 29.802550747311987 -1.3246473067871696 1
Pedestrian 1551 0 0.8877936798828516 145.60829 774.6534 185.94229 854.8454 1.8890039520438682 0.6086257585342865 0.6538373016490919 -19.762825664682435 5.650671431853633 37.15636241702027 0.3989664343264838 1
rider 495 0 -2.2799179363640647 23.86475 780.50214 73.08547 859.2718 1.6661154391675428 0.6330427423358345 0.7147637164907434 -20.547217336100896 5.2121753016294186 33.668386711511246 -2.8278635992513985 1
rider 1806 0 0.39644266800798716 814.58496 782.694 890.9182 879.7769 1.550104357253932 1.103829669996683 1.0162252519066097 -1.934833477329095 4.449199053897779 26.789949518441514 0.32434548507813976 1
rider 1807 0 0.12824612491109422 1033.8384 818.0966 1072.0814 879.3955 0.9660728050052089 0.6080872540962655 0.5947449113113373 1.6069023136156602 4.391364093575728 26.158803621787666 0.18959777121813515 1
Car 658 2 -2.262932166209709 0.0 787.7163 2.116132 860.4605 1.4980752656259797 1.636074360314797 3.5181700668369063 -26.286270363259334 5.737462144404628 37.680884854621155 -2.8720470945044996 1
