Cyclist 493 0 -2.1624777304413048 555.0216 818.1163 622.5282 901.4717 1.7853129579697473 0.6330427423358345 1.9688870677246764 -9.243986452642456 6.690951131221821 37.073375403105295 -2.406837940263433 1
bicycle 494 1 -2.056116341418638 273.544 824.6845 335.19107 885.6496 1.347657639743498 0.7092773879181807 1.8509123512054848 -17.359122030072776 6.739337287551267 39.50470078345221 -2.470136474561214 1
bicycle 1549 1 0.8477741474486747 618.4128 839.58435 713.91846 917.0604 1.2386071614677157 0.7891075130438392 1.9257717111340527 -5.886101007359737 5.643355086185585 29.784211196643568 0.6526634015003459 1
bicycle 1550 0 0.6496806860483405 892.3331 858.5235 1010.3379 947.0621 1.1559442595173435 0.7654542061556757 1.8972003487969937 -0.17656901389516716 5.2007931592445615 25.01652562018586 0.6426227082685836 1
bicycle 1802 1 0.25612858482272943 1382.6525 868.9345 1552.8643 998.3769 1.3240786266912248 0.7968026159906388 1.9594911854807933 6.5772033303760455 4.641008065492056 19.454684757422402 0.582143355303768 1
bicycle_rack 1805 1 -1.4893499507559205 1588.6674 833.6102 1935.0 1061.6575 1.5339874454244076 8.900156172596716 2.243824273664512 13.513469866541824 4.881780912671623 20.35131117865097 -0.9031889794296132 1
Pedestrian 1551 0 0.8136279256855573 887.3934 822.7362 933.0632 909.9426 1.8320596572483518 0.6086257585342865 0.8815082775007151 -1.1732417101543304 6.443479299941226 34.33132382271165 0.7794671311480244 1
rider 495 0 -2.1638372923174525 572.0422 820.1777 610.51935 893.4428 1.6661154391675428 0.6330427423358345 0.7147637164907434 -9.157175062816405 6.561200224718996 37.012107464043645 -2.4063770700573364 1
Car 497 1 -2.15273873860491 441.11487 820.5148 564.66534 892.02716 1.4964060364052814 1.7018772316225161 3.579232721271352 -13.174513397075918 7.345169180482369 42.91640413646029 -2.45058759653023 1
Car 658 1 -2.2375427435173494 570.67804 825.18036 706.55457 904.19415 1.4980752656259797 1.636074360314797 3.5181700668369063 -8.433391927457185 6.953722256106476 38.9843366378362 -2.45058759653023 1
