ride_other 306 1 0.20558132338595037 124.29073 780.57043 192.94421 849.75464 1.070013951821373 0.6710351206236435 0.9182615022975908 -13.73699431666069 3.783324464575121 25.613431427606276 -0.2866983409451429 1
bicycle 307 1 -2.7741805782087687 182.9918 813.3446 629.9394 1068.0349 1.0962376403961491 0.7735832728587665 1.936134212161462 -2.7053349827212907 2.084868707085887 7.440652003044855 -3.1229092459208707 1
bicycle 308 2 -2.9266109543067604 351.31668 789.0676 676.01666 1003.93085 1.2862578939459184 0.8454970699226632 1.9843329523686728 -2.998491205377118 2.4596523669742503 10.1965626713682 -3.212617460619633 1
bicycle 309 2 -2.9527566533138216 408.82306 790.9151 705.87256 984.0342 1.2502367226112152 0.7930408587615088 1.9843329523686728 -2.9109220332713965 2.517414876328486 10.948563641937657 -3.212617460619633 1
bicycle 310 1 -2.747255809281028 560.8447 751.92694 676.58826 834.27295 1.3757480904645234 0.8442929652485709 1.882128626188287 -6.251034389512034 3.7463600026550523 27.333106811648776 -2.9720875231565955 1
bicycle 311 1 -3.0930488078903515 805.8524 819.52747 887.11304 867.6894 1.1202069768821534 0.4558107269376116 1.9904238285579945 -2.8411309074756304 5.982516116912004 37.10442058797464 -3.1694709067568203 1
bicycle_rack 313 2 -3.0923335699644254 798.74817 814.28125 879.4366 870.4755 1.1907078020388504 1.7121608470184742 1.9904238285579945 -3.1259743749502604 6.185569411853896 38.554458750446216 -3.1732360503511643 1
Car 314 0 -1.7988276652954902 1118.558 641.07965 1756.9219 1215.0 2.065353036283165 1.9723144416835832 4.1638477701700305 1.9454539511014892 2.1694929271821826 7.516995133030058 -1.545577017752056 1
moped_scooter 315 2 -3.047139078608293 824.0743 816.8567 902.02747 862.51886 1.1202069768821534 0.602687446014097 2.0221390720389754 -2.6067993697141887 6.271121593383116 39.797582163977324 -3.1125470931285055 1
Pedestrian 1782 1 -1.7489730554326515 1780.362 600.4075 1935.0 1215.0 1.7754116385159149 0.6836684818246622 0.5449151387701631 2.6097466804844296 1.7162070972164378 3.999577722957162 -1.170838476840775 1
Pedestrian 316 2 -3.1168745774917053 1115.4042 818.02734 1160.5516 872.2152 0.9615659375661223 0.7828417765099225 0.8861650310675467 3.5731096134017872 4.919631751572255 30.197981058461547 -2.999099371194766 1
Pedestrian 317 1 -2.2860383208408828 757.3315 760.9675 797.49994 854.19025 1.7282536099863035 0.5967860994996991 0.5021427931081597 -3.5955917699374664 4.425330987622219 29.251965846285138 -2.408342777530736 1
Pedestrian 319 1 0.04136736100820079 718.1729 765.07117 745.31116 851.1533 1.6302225864455901 0.6367067874522829 0.5083391549601374 -4.568805661151657 4.454613950287256 29.787684897606134 -0.11082559390259483 1
Pedestrian 320 2 2.034317086032333 762.5256 766.56085 796.16296 854.49207 1.6746011011552333 0.4691122684478459 0.5555248808843664 -3.6375122006936706 4.540928847761815 29.91763349379148 -4.3698585865868 1
Cyclist 321 0 1.6080781736962493 906.6091 759.3748 959.28723 873.09064 1.7082761284576233 0.8347296786084754 1.9701274774879205 -0.47156945969419434 4.118179731547162 25.806437875910508 -4.693378426271672 1
bicycle 322 1 -2.7480580689283625 200.19247 806.6855 614.9246 1055.9507 1.1985991402399212 0.6945230156534619 2.00765365584976 -2.9760257612520444 2.236941116831901 8.151229939412142 -3.098122432806293 1
bicycle 323 2 -2.902123318298272 281.93726 817.177 661.3734 1033.6508 1.1057163519071833 0.7757100072321239 2.021020097597777 -2.859581261280038 2.310533584397896 8.911894345175984 -3.212617460619633 1
bicycle 324 2 -2.914548685346176 322.07355 813.41187 668.0698 1020.6349 1.1753052018317538 0.6031169306100901 2.021020097597777 -2.9284681777676957 2.42386218307201 9.532107240052179 -3.212617460619633 1
bicycle 325 0 2.378929793069777 679.1562 780.07214 792.2568 856.8798 1.137418899811738 0.9702895701757964 1.911900394186767 -4.123454827567307 4.095293370479617 27.452872417460487 -4.053342244449007 1
bicycle 326 2 1.4867144378147403 508.89664 782.89404 589.5428 937.528 1.0994251155228938 0.5475550637585096 1.9718245487924404 -3.807071975301816 2.6583643131862438 13.735873364299811 1.2163386804330032 1
Cyclist 327 1 -3.056408352299232 205.86058 697.31757 350.78772 824.1106 1.7816841513599617 0.6392966057878304 1.9222831393088942 -10.176575629269404 2.894235915205196 22.350057055681177 -3.4836830477575473 1
bicycle 312 2 -3.090931657247475 803.1413 818.1433 883.38763 866.006 1.1202069768821534 0.5321866208573668 1.9904238285579945 -2.964395950855732 6.0255021421198585 37.66649483497608 -3.1694709067568203 1
bicycle 328 1 2.38753580629221 660.3418 783.2162 766.4475 856.3667 1.137418899811738 0.9046708423391433 1.911900394186767 -4.75042144180313 4.291978285095768 28.763381061301644 -4.0593271853445 1
Pedestrian 318 2 0.2315005718036206 83.40088 752.82745 132.95317 852.13617 1.584206284350829 0.7267167106212798 0.5795253165831038 -14.479977899196648 3.7935412298188655 25.395772896756977 -0.2866983409451429 1
Pedestrian 329 2 0.38784397457124004 131.10062 745.8472 162.97038 834.2015 1.584206284350829 0.610396695958741 0.3169611326288144 -15.248934288601022 3.8758240806101316 28.013239485848697 -0.11064907804090107 1
Pedestrian 330 2 -1.6977226093543207 348.3238 781.1237 380.86792 855.30505 1.6399254448249456 0.6613981437931297 0.36078690035715 -13.852380605699041 5.300140699436239 34.71871266505773 -2.077357035557302 1
Pedestrian 331 2 1.5888557980675706 401.4668 805.61865 424.25787 887.36926 1.9989479772657641 0.5371435391018077 0.37896188450224866 -13.938255776738131 6.625080943656336 38.0140078074557 1.23741596068179 1
rider 332 0 1.6037363719674378 908.7327 761.87616 958.47015 857.89453 1.558566387925834 0.8347296786084754 0.8518791934241876 -0.4729774682851051 3.974078826792089 25.939097954703396 -4.697681067276594 1
rider 333 1 -3.064247577822875 268.1058 698.35706 319.84283 817.2718 1.7096871484932605 0.6392966057878304 0.6608066344246777 -9.997844873628363 2.831345555694001 22.421940872238665 -3.4836830477575473 1
