ride_other 306 2 0.22100905644441826 103.79115 777.96564 176.68771 850.482 1.070013951821373 0.6710351206236435 0.9182615022975908 -13.39266248829237 3.614943258042282 24.413991928658707 -0.2807317911588525 1
bicycle 307 0 -2.7131483629525093 29.34813 810.2089 582.5772 1122.7262 1.0962376403961491 0.7735832728587665 1.936134212161462 -2.624803592147356 1.90834704327015 6.143156870068901 -3.116942482672216 1
bicycle 308 2 -2.8876762772813365 266.09396 785.92084 647.6733 1035.211 1.2862578939459184 0.8454970699226632 1.9843329523686728 -2.916389330724684 2.2894854829566547 8.830807480918914 -3.2066508174798534 1
bicycle 309 2 -2.921579455174172 343.0328 786.1206 686.53033 1007.098 1.2502367226112152 0.7930408587615088 1.9843329523686728 -2.811166235238808 2.3340247702518337 9.592685796172663 -3.2066508174798534 1
bicycle 310 1 -2.7354954612688855 548.32904 754.57587 670.74384 841.82355 1.3757480904645234 0.8442929652485709 1.882128626188287 -6.077883361911733 3.670657340353075 25.884951255505335 -2.9661214246789513 1
bicycle 311 1 -3.0905659493330337 809.49817 812.99286 893.91437 862.86426 1.1202069768821534 0.4558107269376116 1.9904238285579945 -2.610283064317571 5.644886178454469 35.7239089136202 -3.1635045655901823 1
bicycle 312 2 -3.0846102741404238 800.93475 813.85406 884.48773 863.49646 1.1202069768821534 0.5321866208573668 1.9904238285579945 -2.863900482596013 5.733759065332643 36.225131488273036 -3.1635045655901823 1
bicycle_rack 313 2 -3.091967434651488 805.74176 812.9923 889.1805 871.0241 1.1907078020388504 1.7121608470184742 1.9904238285579945 -2.8124986999328248 5.9904229710676615 37.27900582391733 -3.1672693545723756 1
Car 314 0 -1.844364981697047 1154.3497 597.3426 1935.0 1215.0 2.065353036283165 1.9723144416835832 4.1638477701700305 2.0242385594210184 1.9856926980007346 6.435262886151566 -1.5396098252452408 1
moped_scooter 315 2 -3.04580881424302 829.5441 820.8815 910.4508 868.4292 1.1202069768821534 0.602687446014097 2.0221390720389754 -2.3330929045602105 6.189362713355321 38.343666047398145 -3.1065807805058645 1
Pedestrian 316 1 -3.122806189327892 1132.4515 815.7495 1179.6011 872.5441 0.9615659375661223 0.7828417765099225 0.8861650310675467 3.7574918194534637 4.696608884727011 28.813973537712794 -2.9931327455609082 1
Pedestrian 317 1 -2.27760087035009 751.8343 758.4836 795.51886 856.1744 1.7282536099863035 0.5967860994996991 0.5495915099504962 -3.5083045422471777 4.263131076358399 27.971461323354088 -2.402373741573772 1
Pedestrian 319 1 0.04502318237762279 720.2682 761.58234 750.2065 852.3103 1.6302225864455901 0.6963831909980531 0.5307178062897971 -4.284601686981866 4.257630195538294 28.37207978714344 -0.10485900847289265 1
Pedestrian 320 1 2.8875958858078863 770.253 759.3206 804.7422 850.84686 1.6746011011552333 0.4691122684478459 0.5555248808843664 -3.326811051108824 4.275704084237151 28.618064296881013 -3.5113186150692153 1
Cyclist 321 0 1.639824625712011 896.25653 744.7263 959.58594 872.27405 1.7082761284576233 0.8347296786084754 1.9701274774879205 -0.49071808834968805 3.6251970835872376 22.91912376139851 -4.664768267913454 1
bicycle 322 1 -2.69663841989279 75.35288 801.3245 576.62933 1101.3105 1.1985991402399212 0.6945230156534619 2.00765365584976 -2.8549648691046077 2.052077254318339 6.837927233515812 -3.0921556091955384 1
bicycle 323 2 -2.8593476733233913 181.486 819.6399 631.7529 1074.0272 1.1057163519071833 0.7757100072321239 2.021020097597777 -2.767692643762456 2.1603655114198634 7.646081655031759 -3.2066508174798534 1
bicycle 324 2 -2.8766556990541012 236.76256 809.6551 643.1942 1050.8088 1.1753052018317538 0.6031169306100901 2.021020097597777 -2.81441613506879 2.235752894213617 8.216807650185707 -3.2066508174798534 1
bicycle 325 0 2.3835320661722514 678.32745 778.69354 797.10175 859.281 1.137418899811738 0.9702895701757964 1.911900394186767 -3.8945780028700905 3.9372324056319776 26.17270101077399 -4.047372382252137 1
bicycle 326 2 1.5129405081395606 475.69724 779.7249 557.62695 948.3795 1.0994251155228938 0.5475550637585096 1.9718245487924404 -3.781296613713309 2.5138749418824884 12.641812361450805 1.2223001282843429 1
Cyclist 327 1 -2.965470059646228 34.984257 697.83453 200.77959 834.5908 1.7816841513599617 0.6392966057878304 1.9222831393088942 -11.674742392515212 2.8244917997075527 20.762036946326255 -3.477716690786274 1
bicycle 328 1 2.3964268158393662 652.84845 782.08453 764.78894 859.0398 1.137418899811738 0.9046708423391433 1.911900394186767 -4.59997493818107 4.121271899327732 27.355170821251196 -4.053357279502277 1
Pedestrian 318 2 0.24684708518556087 65.10898 747.04266 113.80969 851.29675 1.584206284350829 0.7848767179525579 0.5047481643000332 -14.111674161041128 3.5988733575676273 24.21901008478608 -0.2807317911588525 1
Pedestrian 329 2 0.40351800422040784 111.143425 751.33655 145.04889 843.7862 1.584206284350829 0.610396695958741 0.3169611326288144 -14.939707891257232 3.879030379087501 26.821803892691022 -0.10468254754805595 1
Pedestrian 330 2 -1.6828315765424846 332.22247 786.5085 365.92145 863.618 1.6399254448249456 0.6613981437931297 0.36078690035715 -13.693648454286537 5.289116721461847 33.45052711329843 -2.0713895089503707 1
Pedestrian 331 2 1.601073316642813 390.34155 805.6305 414.11032 890.0026 1.9989479772657641 0.5371435391018077 0.37896188450224866 -13.767878567171989 6.482780517211182 36.83519455995979 1.243381726671668 1
rider 332 0 1.6377031070643664 900.1338 747.1323 958.3338 855.8833 1.558566387925834 0.8347296786084754 0.8518791934241876 -0.48219350458398735 3.464776135829122 22.876415108054097 -4.666557272850502 1
rider 333 1 -2.9689895736995835 95.317635 698.7219 157.97757 827.107 1.7096871484932605 0.6392966057878304 0.6608066344246777 -11.598856154992697 2.7566912428405437 20.79808132931869 -3.477716690786274 1
