ride_other 306 2 0.19945653243591538 143.41942 778.0183 214.10204 849.7752 1.070013951821373 0.6710351206236435 0.9182615022975908 -12.898635800854397 3.642197391208024 24.671084398117703 -0.2822831358287152 1
bicycle 307 0 -2.7214887134448795 52.46648 809.8296 585.53107 1110.8235 1.0962376403961491 0.7735832728587665 1.936134212161462 -2.66582027055686 1.93310364577146 6.358280194325809 -3.1184938837111584 1
bicycle 308 2 -2.8926741965452663 277.2917 784.91724 648.8798 1027.8127 1.2862578939459184 0.8454970699226632 1.9843329523686728 -2.9542022113325235 2.306839903125749 9.04993311998858 -3.2082021872152255 1
bicycle 309 2 -2.9276390701939694 355.06467 786.4673 689.8571 1002.2321 1.2502367226112152 0.7930408587615088 1.9843329523686728 -2.829348198718321 2.3609173839857984 9.81853102622865 -3.2082021872152255 1
bicycle 310 1 -2.737143079243797 548.90955 748.45245 670.47656 834.7906 1.3757480904645234 0.8442929652485709 1.882128626188287 -6.11731316482271 3.576991633102935 26.064167361863422 -2.9676726514720855 1
bicycle 311 1 -3.0913445840718126 808.5859 812.2195 892.50653 861.80756 1.1202069768821534 0.4558107269376116 1.9904238285579945 -2.6533991735082174 5.652538445267894 35.93197852266147 -3.165055855312537 1
bicycle_rack 313 2 -3.092319960354914 804.1827 812.8395 887.1516 870.5583 1.1907078020388504 1.7121608470184742 1.9904238285579945 -2.873093357637481 6.012363009127819 37.48310090130571 -3.1688207380357896 1
Car 314 0 -1.8339408926099265 1144.3861 613.39636 1931.0546 1215.0 2.065353036283165 1.9723144416835832 4.1638477701700305 1.99128092371878 2.0307835007106836 6.605842565245861 -1.5411613369867545 1
moped_scooter 315 2 -3.0454863977599347 827.0366 816.2058 907.3379 863.2866 1.1202069768821534 0.602687446014097 2.0221390720389754 -2.4237762802973224 6.106089115607571 38.639621026926314 -3.1081320629975684 1
Pedestrian 316 1 -3.1213836486313764 1128.086 815.57935 1174.9298 871.93823 0.9615659375661223 0.7828417765099225 0.8861650310675467 3.697381551716839 4.720232809705556 29.025961625552416 -2.9946841103065847 1
Pedestrian 317 1 -2.280518807141635 754.4768 758.3603 797.0141 855.222 1.7282536099863035 0.5967860994996991 0.5258671515293343 -3.494923566040952 4.278369869289679 28.176407127796764 -2.403925734083187 1
Pedestrian 319 1 0.04835198943367644 712.31165 759.81537 743.2426 849.58563 1.6302225864455901 0.6367067874522829 0.5530964576194634 -4.45304610552626 4.236580320596778 28.543356493847025 -0.1064103630604758 1
Pedestrian 320 1 2.887951862328808 767.5044 762.6303 801.7047 853.45386 1.6746011011552333 0.4691122684478459 0.5555248808843664 -3.4108910801606966 4.362171480606572 28.861305204311442 -3.5128699420695586 1
Cyclist 321 0 1.6382951385248177 896.9454 746.0171 958.9348 871.25397 1.7082761284576233 0.8347296786084754 1.9701274774879205 -0.5002834546678244 3.6800908729981514 23.342518768089025 -4.666319170392733 1
bicycle 322 1 -2.7042962378579376 96.904396 803.4334 578.043 1091.3143 1.1985991402399212 0.6945230156534619 2.00765365584976 -2.9181832507894776 2.0947173851536434 7.111166675312804 -3.093707026016081 1
bicycle 323 2 -2.867342867695226 199.19826 819.0659 637.07104 1066.9147 1.1057163519071833 0.7757100072321239 2.021020097597777 -2.780052859294964 2.1823307669928176 7.8376694830355405 -3.2082021872152255 1
bicycle 324 2 -2.885327151630255 255.63103 805.31946 649.08374 1038.8191 1.1753052018317538 0.6031169306100901 2.021020097597777 -2.8320538379455047 2.240926787588796 8.46442265705019 -3.2082021872152255 1
bicycle 325 0 2.3868945013971876 671.569 780.0562 788.87164 859.5782 1.137418899811738 0.9702895701757964 1.911900394186767 -4.083718464563927 4.000898776848223 26.546916421403445 -4.048924586043969 1
bicycle 326 2 1.5078751634986465 481.3528 780.7048 563.34357 947.19 1.0994251155228938 0.5475550637585096 1.9718245487924404 -3.781089037198021 2.5398053826841043 12.804901834058297 1.2207501105628018 1
Cyclist 327 1 -2.985881949848742 74.16561 684.2123 235.2773 818.05286 1.7816841513599617 0.6392966057878304 1.9222831393088942 -11.334194816936524 2.642285822487857 21.077250851481534 -3.479267985924431 1
bicycle 312 2 -3.087341653530964 802.93805 813.3183 886.0389 862.7324 1.1202069768821534 0.5321866208573668 1.9904238285579945 -2.8343599037801446 5.7426687918849915 36.39812935058968 -3.165055855312537 1
bicycle 328 1 2.396061167890169 651.42773 782.0477 762.58136 858.4365 1.137418899811738 0.9046708423391433 1.911900394186767 -4.666548829147978 4.141200783693772 27.551127057080794 -4.054909494639874 1
Pedestrian 318 2 0.22501369358228496 106.34874 748.4863 152.93782 851.54285 1.584206284350829 0.7848767179525579 0.5047481643000332 -13.622197243848925 3.6466282146254616 24.508504247043348 -0.2822831358287152 1
Pedestrian 329 2 0.40215099860619186 110.865295 756.019 144.60777 848.22943 1.584206284350829 0.610396695958741 0.3169611326288144 -15.003028400365729 3.972975316429409 26.923809738088472 -0.1062338872230717 1
Pedestrian 330 2 -1.6852114316922915 333.75946 785.8155 367.27536 862.444 1.6399254448249456 0.6613981437931297 0.36078690035715 -13.744588871486322 5.295445893977027 33.65443840842523 -2.072941108011037 1
Pedestrian 331 2 1.5991279443499495 391.08563 805.6344 414.7114 889.62054 1.9989479772657641 0.5371435391018077 0.37896188450224866 -13.814683647681447 6.503423234261394 37.00489583111349 1.2418305857174339 1
rider 332 0 1.6356458993938148 901.6612 748.42615 958.37024 854.57947 1.558566387925834 0.8347296786084754 0.8518791934241876 -0.4820797415868904 3.530974060780021 23.434159820248404 -4.668108173988985 1
rider 333 1 -2.9855523638704042 125.554436 685.2763 186.17444 811.3852 1.7096871484932605 0.6392966057878304 0.6608066344246777 -11.344141633446696 2.577363567170753 21.079089795275102 -3.479267985924431 1
