ride_other 306 1 0.23751054937934157 88.314804 767.5253 169.52065 847.1423 1.070013951821373 0.6710351206236435 0.9182615022975908 -12.311502137600202 3.224262607294488 22.141480660482337 -0.2699564541248356 1
bicycle 307 1 -2.531358310826159 0.0 813.0539 420.6355 1215.0 1.0962376403961491 0.7735832728587665 1.936134212161462 -2.508454194718911 1.6364103672836874 3.872424837738151 -3.1061667373053163 1
bicycle 308 2 -2.7910177515800996 33.585014 785.3478 568.5821 1125.2179 1.2862578939459184 0.8454970699226632 1.9843329523686728 -2.8218928066367033 2.0438461892549267 6.585039396499274 -3.195875290974385 1
bicycle 309 2 -2.840881934911093 155.06004 790.61505 629.11743 1089.9069 1.2502367226112152 0.7930408587615088 1.9843329523686728 -2.6671288972940816 2.0973733968203954 7.194891680096732 -3.195875290974385 1
bicycle 310 1 -2.71812039083289 532.27185 754.1501 665.77594 849.4516 1.3757480904645234 0.8442929652485709 1.882128626188287 -5.748362346587544 3.481572750487018 23.77526356592578 -2.955346916718066 1
bicycle 326 1 1.569444002421989 391.012 774.5947 485.23264 988.47296 1.0994251155228938 0.5475550637585096 1.9718245487924404 -3.544720128628115 2.2163947502654215 10.137428790506965 1.2330662408606332 1
bicycle 311 2 -3.089474170941932 821.3268 819.4803 911.1328 872.54034 1.1202069768821534 0.4558107269376116 1.9904238285579945 -2.1259533744591987 5.518537107438755 33.5641755395259 -3.152729623867984 1
bicycle 312 2 -3.0784341839333296 805.1246 818.9611 894.0738 871.73615 1.1202069768821534 0.5321866208573668 1.9904238285579945 -2.535056584176032 5.575904522610076 34.05849031236321 -3.152729623867984 1
bicycle_rack 313 2 -3.0881319244608845 813.2602 815.9576 902.2865 877.83154 1.1907078020388504 1.7121608470184742 1.9904238285579945 -2.398297886975039 5.777122002909195 35.02775590417862 -3.156493731913537 1
Car 314 1 -2.01080804769279 1261.9268 359.97333 1935.0 1215.0 2.065353036283165 1.9723144416835832 4.1638477701700305 2.15118870152176 1.712693062770295 4.112201499856532 -1.5288333286915259 1
moped_scooter 315 2 -3.0434763491327157 833.8016 823.93933 919.5516 874.49255 1.1202069768821534 0.602687446014097 2.0221390720389754 -2.039503067889687 5.982053635171862 36.185072076609636 -3.099779884280932 1
Pedestrian 316 0 -3.1351678280836888 1165.7133 821.50726 1217.3163 883.9308 0.9615659375661223 0.7828417765099225 0.8861650310675467 4.061249662245772 4.488490421617701 26.369831246506276 -2.9823572622153396 1
Pedestrian 954 0 1.5809466266710253 973.87976 818.8376 992.99097 873.5362 1.7399949331941138 0.6321288623352355 0.5641362563200486 0.7415275265255961 8.251174527195039 49.917298255862086 -4.687384651660528 1
Pedestrian 955 2 3.0596899625860785 1177.661 821.9011 1211.8243 879.3379 0.9315059034681284 0.6849651856967243 0.5573565961221764 4.226291768495489 4.5488616382164935 27.0975333106682 -3.0687759224049995 1
Pedestrian 329 1 0.4466959972065643 42.53135 754.8119 84.16105 855.8272 1.584206284350829 0.610396695958741 0.35850399500829366 -14.765341299750913 3.7490240188821256 24.59865615782195 -0.0939072447861824 1
Pedestrian 317 1 -1.9303398795716025 744.67395 753.8998 787.7749 859.4648 1.7282536099863035 0.5967860994996991 0.5021427931081597 -3.356938373883697 3.978954824640057 25.7292609266888 -2.0600786384492533 1
Pedestrian 330 1 -1.6565599329337193 303.82425 785.3785 339.86502 868.23663 1.6399254448249456 0.6613981437931297 0.36078690035715 -13.311502165907173 5.014591625553452 31.132314463619007 -2.0606123971655155 1
Pedestrian 319 1 0.05894726821638538 710.8551 763.0479 749.8584 861.5948 1.6302225864455901 0.6367067874522829 0.6351515124948864 -4.019105018790524 4.069508808962487 26.05802677709513 -0.09408358994519395 1
Pedestrian 320 1 1.965064544155985 768.93207 765.82996 810.991 865.3879 1.6708364581828243 0.5822710399160165 0.5178052903949565 -3.0172104834322675 4.186019515428496 26.359573944365952 -4.432088312296558 1
Cyclist 321 0 1.7403779543386877 839.0986 729.24524 935.81573 893.08545 1.7082761284576233 0.8347296786084754 1.9701274774879205 -0.8550909163957114 3.031221034622858 17.931101559383517 -4.590458837470667 1
bicycle 322 1 -2.541900458441183 0.0 803.9319 433.3679 1215.0 1.1985991402399212 0.6945230156534619 2.00765365584976 -2.738610942292701 1.7949353242756034 4.57409408485466 -3.081379752529897 1
bicycle 323 2 -2.7394091667875315 0.0 825.70966 538.0664 1198.8246 1.1057163519071833 0.7757100072321239 2.021020097597777 -2.627040193753121 1.8834609663360309 5.349786908972228 -3.195875290974385 1
bicycle 324 2 -2.777071936143503 0.0 812.1207 565.3468 1145.6512 1.1753052018317538 0.6031169306100901 2.021020097597777 -2.6821025874860056 1.9742063331306654 6.0253279773082085 -3.195875290974385 1
bicycle 325 0 2.392895956283033 674.7088 778.9285 804.709 867.2278 1.137418899811738 0.9702895701757964 1.911900394186767 -3.5326725409171416 3.7148035407316096 23.97395363802986 -4.036591119445216 1
Cyclist 958 2 -2.1566381831570514 1238.1038 790.86383 1308.4414 877.11206 1.710187942062471 0.6454100553485768 1.9001361409116204 7.182173129419378 5.65146461254941 34.511266590547585 -1.951455918055476 1
bicycle 328 1 2.4085904319239035 645.69183 782.5188 767.3951 866.1193 1.137418899811738 0.9046708423391433 1.911900394186767 -4.28383076724657 3.908580471911359 25.261547356356644 -4.042575937938497 1
Pedestrian 953 0 1.6014083944366178 994.3338 822.04016 1012.4808 872.5684 1.6034995567055124 0.5900800697835276 0.5424369338635512 1.4101286136969962 8.23212024698087 49.99437201256815 -4.653578641896102 1
Pedestrian 959 2 -0.46789282775543073 1276.513 778.1393 1311.9309 884.31494 1.6727835788584104 0.6413187077340782 0.3214005729315331 5.5455373882525 4.262553115137057 24.9226401979224 -0.24894963586253072 1
Pedestrian 318 1 0.2620751723541431 54.72664 740.60474 106.18371 854.0479 1.584206284350829 0.7848767179525579 0.4715138743964517 -13.082600940858223 3.337931500038034 22.22477768442416 -0.2699564541248356 1
rider 332 0 1.751718173336843 849.2147 732.7503 930.457 871.9406 1.558566387925834 0.8347296786084754 0.8518791934241876 -0.8481419881062049 2.888570962097575 17.96356362342338 -4.578646669982998 1
rider 956 1 -2.1603775267596284 1253.7771 793.1198 1296.1263 869.9116 1.6389980345753214 0.6454100553485768 0.7520658186548922 7.22155150571376 5.566394317533122 34.4442124474805 -1.9537116080393468 1
