ride_other 306 1 0.23451675706516784 91.28601 767.997 171.26028 846.5655 1.070013951821373 0.6710351206236435 0.9182615022975908 -12.442092352842769 3.2599460716216235 22.439309760642427 -0.27175757229722963 1
bicycle 307 1 -2.560522274615001 0.0 812.615 449.42847 1215.0 1.0962376403961491 0.7735832728587665 1.936134212161462 -2.5121803859839047 1.6661441782384934 4.12105665708916 -3.1079679257750294 1
bicycle 308 2 -2.8025795163113503 60.63008 784.7121 578.1215 1114.4944 1.2862578939459184 0.8454970699226632 1.9843329523686728 -2.8247271359337542 2.061172660730285 6.7735099826630005 -3.1976764426874107 1
bicycle 309 2 -2.8540899975214837 187.03085 789.81415 638.31396 1075.5626 1.2502367226112152 0.7930408587615088 1.9843329523686728 -2.688989283900715 2.1288634579130936 7.5158199080668195 -3.1976764426874107 1
bicycle 310 1 -2.7219201672297 536.16656 749.81305 668.2245 843.8624 1.3757480904645234 0.8442929652485709 1.882128626188287 -5.7577099327204255 3.4315671220777553 24.02404177442306 -2.957147895054248 1
bicycle 311 2 -3.091662975910147 822.04663 814.12305 911.57635 866.9868 1.1202069768821534 0.4558107269376116 1.9904238285579945 -2.11854053382039 5.409033256652045 33.65398738580664 -3.154530674302276 1
bicycle 312 2 -3.0811361755455984 806.6792 814.8791 895.23 867.40436 1.1202069768821534 0.5321866208573668 1.9904238285579945 -2.5139306692147705 5.499214602092068 34.19077881567209 -3.154530674302276 1
bicycle_rack 313 2 -3.088513974317576 811.46454 815.8272 899.8445 877.2695 1.1907078020388504 1.7121608470184742 1.9904238285579945 -2.4656503521912456 5.806013504823708 35.27678910406297 -3.1582948997959335 1
Car 314 1 -1.9809872718518986 1240.1892 423.3939 1935.0 1215.0 2.065353036283165 1.9723144416835832 4.1638477701700305 2.1117540190309705 1.7624685689477912 4.36773000420028 -1.53063464055567 1
moped_scooter 315 2 -3.047479540476545 837.44183 823.73114 922.522 873.9053 1.1202069768821534 0.602687446014097 2.0221390720389754 -1.9732190524609758 6.0102122003761504 36.43690910690699 -3.1015810967053423 1
Pedestrian 316 0 -3.1337443989560567 1161.0417 815.8539 1212.0538 877.3832 0.9615659375661223 0.7828417765099225 0.8861650310675467 4.017619794479267 4.423741694195508 26.657635949146435 -2.984158405678798 1
Pedestrian 954 0 1.5814437016944494 970.52356 820.62335 989.4824 874.65204 1.7399949331941138 0.6321288623352355 0.500441494227937 0.6313478879889165 8.354966429589563 50.28464719807623 -4.689186785056636 1
Pedestrian 955 2 3.061344023541143 1172.5864 822.21027 1206.3077 879.02466 0.9315059034681284 0.6849651856967243 0.5573565961221764 4.175124108548823 4.593155847378898 27.39068986722765 -3.070577041777646 1
Pedestrian 329 1 0.44203597264188976 48.646088 752.3137 89.67073 852.27234 1.584206284350829 0.610396695958741 0.35850399500829366 -14.813916136550871 3.728003284919808 24.840243473437514 -0.09570835728134952 1
Pedestrian 317 1 -2.1195400520749925 744.6205 755.61804 789.3854 860.5109 1.7282536099863035 0.5967860994996991 0.5021427931081597 -3.374611821077198 4.032365909930354 25.976472265755817 -2.2487268653862955 1
Pedestrian 330 1 -1.6588477099885384 304.78918 787.12964 340.61948 869.4733 1.6399254448249456 0.6613981437931297 0.36078690035715 -13.382313820841096 5.073994840233484 31.340082753132393 -2.062413812928032 1
Pedestrian 319 1 0.05819851957282557 710.96405 761.5322 746.5786 859.0634 1.6302225864455901 0.6367067874522829 0.5829346593923396 -4.085926030387533 4.065356636637087 26.307462923901383 -0.09588472327348607 1
Pedestrian 320 0 2.1829143151042807 771.3315 763.43 814.2381 862.6923 1.6746011011552333 0.5380758218986621 0.5555248808843664 -3.000030434791401 4.177171601069626 26.6423903466698 -4.212402309269807 1
Cyclist 321 0 1.7344914770872784 847.22797 730.9043 940.2571 889.91754 1.7082761284576233 0.8347296786084754 1.9701274774879205 -0.8049234455726392 3.0900203708179976 18.464404189568512 -4.592259500195955 1
bicycle 322 1 -2.5629578228353553 0.0 796.7748 451.7253 1215.0 1.1985991402399212 0.6945230156534619 2.00765365584976 -2.7652970425793844 1.7999824720921564 4.827193287557458 -3.08318095980782 1
bicycle 323 2 -2.757014673910491 0.0 823.2936 552.1249 1178.21 1.1057163519071833 0.7757100072321239 2.021020097597777 -2.640512700300661 1.9074251505736113 5.599179529852237 -3.1976764426874107 1
bicycle 324 2 -2.7857485521467336 16.566841 811.68536 567.636 1132.4979 1.1753052018317538 0.6031169306100901 2.021020097597777 -2.7320850525429776 2.0010065268504404 6.252981080128567 -3.1976764426874107 1
bicycle 325 0 2.392513767341332 673.29065 777.6678 801.83154 864.8149 1.137418899811738 0.9702895701757964 1.911900394186767 -3.6083037915548464 3.7217872684310906 24.248431344719936 -4.038393223049689 1
bicycle 326 2 1.5600367564044675 406.92667 783.13873 497.91003 992.086 1.0994251155228938 0.5475550637585096 1.9718245487924404 -3.5601691849264503 2.3116989673805417 10.43575040427696 1.2312666654992093 1
bicycle 328 1 2.4096262034666913 641.7064 782.1901 762.6654 865.16846 1.137418899811738 0.9046708423391433 1.911900394186767 -4.38790592091459 3.9213151030287037 25.437132360333 -4.044378054701154 1
Pedestrian 953 0 1.601792236975344 991.0467 821.36273 1009.20844 872.07697 1.6034995567055124 0.5900800697835276 0.6349442774773084 1.306216661884707 8.242880923949226 50.20397966671089 -4.655380749187426 1
Pedestrian 959 2 -0.4657809753695986 1271.3125 774.7777 1304.8385 879.6593 1.6727835788584104 0.6413187077340782 0.2950811906540096 5.501954923300517 4.232358044611868 25.191305974241093 -0.25075073559056205 1
Pedestrian 318 1 0.2600465447257633 54.166042 737.72516 107.61763 850.2515 1.584206284350829 0.7848767179525579 0.5047481643000332 -13.175199963601518 3.3073893543875137 22.39373782362912 -0.27175757229722963 1
rider 332 0 1.7458191797230098 856.8064 734.33636 935.25 869.2843 1.558566387925834 0.8347296786084754 0.8518791934241876 -0.7984791609728126 2.9490088006679454 18.522808394370994 -4.580447343477253 1
