ride_other 306 1 0.24708452575781026 70.620514 763.73096 155.1732 845.8123 1.070013951821373 0.6710351206236435 0.9182615022975908 -12.154028304534208 3.1023972940553373 21.446624678822623 -0.2684976923177491 1
bicycle 307 2 -2.4381376086616293 0.0 820.7863 320.43488 1215.0 1.0962376403961491 0.7735832728587665 1.936134212161462 -2.486371645397654 1.565544505309512 3.1605606836742055 -3.1047079179621964 1
bicycle 322 2 -2.4678515594933703 0.0 810.1581 351.0126 1215.0 1.1985991402399212 0.6945230156534619 2.00765365584976 -2.7215313922601787 1.7294690289871346 3.8768057823376543 -3.0799209178936215 1
bicycle 308 2 -2.7479000876510016 0.0 785.82544 529.42236 1174.349 1.2862578939459184 0.8454970699226632 1.9843329523686728 -2.7857508812995486 1.9634729478077548 5.818608618737682 -3.194416501452041 1
bicycle 309 1 -2.8064500020645067 64.96489 785.0241 598.4245 1117.9326 1.2502367226112152 0.7930408587615088 1.9843329523686728 -2.6547403005684935 1.9937960729414863 6.495893057986847 -3.194416501452041 1
bicycle 310 1 -2.71057594273437 520.4691 751.3353 658.20746 849.4638 1.3757480904645234 0.8442929652485709 1.882128626188287 -5.728634241917483 3.3768585778606477 23.077905255607178 -2.9538882685359225 1
bicycle 326 1 1.5990082910812629 333.98624 775.79944 436.4437 1005.26843 1.0994251155228938 0.5475550637585096 1.9718245487924404 -3.635605100314886 2.163996637974708 9.528978887957894 1.234523752847338 1
bicycle 311 2 -3.0869577173605793 818.5196 819.3258 910.73315 873.76886 1.1202069768821534 0.4558107269376116 1.9904238285579945 -2.106232668674463 5.403081252168925 32.7044516738353 -3.151270917411673 1
bicycle_rack 313 2 -3.0868274965419484 812.4811 816.22473 903.4386 879.40466 1.1907078020388504 1.7121608470184742 1.9904238285579945 -2.344444439793249 5.692669257501674 34.31895275828898 -3.155034929266826 1
bicycle_rack 952 2 -3.101119861316771 831.99 813.9416 925.7793 883.2694 1.3153587867709509 2.617618216838439 2.2047103274989546 -1.9922090409190052 6.149185290043048 36.915066635707916 -3.155034929266826 1
Car 314 1 -2.0874471471713085 1294.4026 102.63983 1935.0 1215.0 2.065353036283165 1.9723144416835832 4.1638477701700305 2.121321363276938 1.625243451180606 3.3830132035898854 -1.527374410050007 1
moped_scooter 315 1 -3.043414150564112 834.7619 823.5098 922.75256 875.41064 1.1202069768821534 0.602687446014097 2.0221390720389754 -1.9380401640070928 5.849077795229158 35.26136742095522 -3.0983210453943597 1
Pedestrian 953 0 1.6011730516373488 996.71423 820.6865 1015.19574 871.8831 1.6034995567055124 0.5900800697835276 0.40646803665612974 1.4576310088629658 8.014441869452476 48.74680390829169 -4.652119079261784 1
Pedestrian 316 0 -3.1394061227021064 1173.8134 826.0985 1226.875 890.40875 0.9615659375661223 0.7828417765099225 0.8861650310675467 4.10471324421171 4.477945754756236 25.67875543833373 -2.98089847967929 1
Pedestrian 954 0 1.581306279854175 975.32574 819.0265 994.8419 874.68396 1.7399949331941138 0.6321288623352355 0.5105462812090791 0.7794836885624435 8.116091230829703 48.854176561829924 -4.6859250678360915 1
Pedestrian 955 2 3.0555315677890076 1185.7379 828.6807 1220.9999 887.8726 0.9315059034681284 0.6849651856967243 0.5573565961221764 4.268004230220847 4.57705384945827 26.39053236486997 -3.0673171594892663 1
Pedestrian 317 1 -1.5523370824434157 747.5446 758.8296 784.02405 866.21826 1.7282536099863035 0.5967860994996991 0.5021427931081597 -3.271758231959681 3.9974949658525096 25.055070808847958 -1.6821850376841523 1
Pedestrian 330 1 -1.6531059998820115 299.94815 784.626 336.67838 869.1231 1.6399254448249456 0.6613981437931297 0.36078690035715 -13.125005456235042 4.934139591340441 30.527530332684105 -2.0591533940627254 1
Pedestrian 319 1 0.06315396703524503 704.8312 764.7496 747.39764 866.3547 1.6302225864455901 0.6367067874522829 0.6724492647109942 -3.9735013663783323 4.028850150402295 25.30066992477704 -0.09262481541176393 1
Pedestrian 320 1 1.6436809143671705 772.15344 765.0888 808.55707 866.839 1.6708364581828243 0.5822710399160165 0.5178052903949565 -2.9194629912286936 4.093556429077639 25.573140790023416 1.5300117194289675 1
rider 956 1 -2.1300064182920098 1236.6171 802.1221 1278.2318 878.6379 1.6389980345753214 0.6454100553485768 0.7520658186548922 6.860456524933743 5.801726577705514 34.659646380586544 -1.934594461288776 1
Cyclist 321 0 1.7529268743644835 816.83575 724.1352 923.8231 901.96643 1.7082761284576233 0.8347296786084754 1.9701274774879205 -0.9728919764560993 2.8743533297239714 16.543061176613946 -4.5890004443729815 1
bicycle 323 2 -2.679428799195686 0.0 828.7785 478.10135 1215.0 1.1057163519071833 0.7757100072321239 2.021020097597777 -2.6357803294216726 1.8007637598401067 4.657469933486589 -3.194416501452041 1
bicycle 324 2 -2.7145051342056656 0.0 812.54895 504.2525 1208.8069 1.1753052018317538 0.6031169306100901 2.021020097597777 -2.667978308805384 1.8629802371707789 5.125816649440722 -3.194416501452041 1
bicycle 325 0 2.3987400733318203 665.8962 778.4781 799.97534 869.4083 1.137418899811738 0.9702895701757964 1.911900394186767 -3.5376319822311357 3.637899956987839 23.298834313473872 -4.035131561015767 1
Cyclist 958 1 -2.1313583954504725 1222.5035 799.72095 1290.9159 886.01117 1.710187942062471 0.6454100553485768 1.9001361409116204 6.838307039179412 5.884409843660658 34.70404139390307 -1.9368044248728784 1
bicycle 312 2 -3.079296460221695 807.6206 821.1035 898.5283 875.0852 1.1202069768821534 0.5321866208573668 1.9904238285579945 -2.4018572655300914 5.527133964804504 33.313323379136946 -3.151270917411673 1
bicycle 328 1 2.412844004257959 639.41907 781.80237 764.93445 867.9093 1.137418899811738 0.9046708423391433 1.911900394186767 -4.231603903632518 3.8199773882066825 24.537462014890902 -4.041116368853877 1
Pedestrian 959 0 -0.4716966718658042 1284.7284 777.2351 1320.2698 886.2829 1.6727835788584104 0.6413187077340782 0.303854318079844 5.532485550069993 4.179649850228174 24.26106300376098 -0.24749088873222824 1
Pedestrian 961 1 -1.9271405103871073 1272.645 827.04645 1314.6505 882.6425 0.9358718394014309 0.5428417945780757 0.8028030265409277 6.389493944041444 4.883822984198144 28.771255421886124 -1.7086079744500955 1
Pedestrian 318 1 0.27390123683764445 33.466663 739.6063 85.508125 856.71826 1.584206284350829 0.6768652757659063 0.4715138743964517 -12.885767274087716 3.2540113661318317 21.380237771086584 -0.2684976923177491 1
Pedestrian 329 1 0.4605212598449866 14.462136 753.3489 61.443928 857.6381 1.584206284350829 0.610396695958741 0.40835542986367307 -14.710750884379191 3.6592049509391105 23.83470628662165 -0.0924484875620093 1
rider 332 0 1.762991306917634 830.65137 727.1249 919.28973 877.72577 1.558566387925834 0.8347296786084754 0.8518791934241876 -0.9473733731732161 2.7263159530278864 16.604254898025353 -4.577188268162331 1
