ride_other 306 1 0.35832162529118905 30.800945 766.3179 126.12112 854.11536 1.070013951821373 0.6710351206236435 0.9182615022975908 -11.768071215868801 2.9960772717346966 19.957068734145757 -0.17446715847234695 1
bicycle 309 1 -2.707075472794018 0.0 781.50653 500.76144 1215.0 1.2502367226112152 0.7930408587615088 1.9843329523686728 -2.642522937131606 1.8191119647272498 4.983615539217569 -3.194623067410438 1
bicycle 310 0 -2.6988351440915697 496.14587 744.2534 644.2606 849.2685 1.3757480904645234 0.8442929652485709 1.882128626188287 -5.616479976218319 3.1406629818510954 21.523029909715063 -2.95409481443045 1
bicycle 326 1 1.657824050701755 198.30533 776.9815 355.0251 1072.3037 1.0994251155228938 0.5475550637585096 1.9718245487924404 -3.4439792255846102 1.9802253221541928 7.63995678932184 1.2343173678335058 1
bicycle 311 1 -3.0833392623840608 810.58295 819.5351 907.115 876.5032 1.1202069768821534 0.4558107269376116 1.9904238285579945 -2.1338982338157906 5.220852753953478 31.268722868743055 -3.151477471551373 1
bicycle_rack 313 2 -3.0836577154072455 805.05865 816.7285 900.4873 882.9435 1.1907078020388504 1.7121608470184742 1.9904238285579945 -2.3519919277192556 5.509749524226153 32.80035101473657 -3.1552414970851923 1
bicycle_rack 952 2 -3.0987903616922132 825.8843 814.30865 923.9712 886.7576 1.3153587867709509 2.617618216838439 2.2047103274989546 -2.000300050247501 5.966265670917714 35.39653859814996 -3.1552414970851923 1
Car 314 1 -2.375453605692212 0.0 0.0 1935.0 1215.0 2.065353036283165 1.9723144416835832 4.1638477701700305 2.1655736259681575 1.4941604737857261 1.9105859747097036 -1.5275809942596317 1
moped_scooter 315 1 -3.0443970352494727 833.8485 823.01843 925.933 877.3586 1.1202069768821534 0.602687446014097 2.0221390720389754 -1.8252274326829323 5.62864806679317 33.6860286362339 -3.09852761835326 1
Pedestrian 316 0 3.132207844158051 1189.8152 826.55554 1246.3893 895.0229 0.9615659375661223 0.7828417765099225 0.8861650310675467 4.142849909735242 4.280174694279795 24.15297022067571 -2.981105044631839 1
Pedestrian 954 0 1.5796136792980775 977.0653 819.244 997.52673 877.89716 1.7399949331941138 0.6321288623352355 0.5618086949033086 0.8122469092194282 7.829631445763619 46.5693847826662 -4.686131746225702 1
Pedestrian 963 1 0.17904178190247416 1416.3992 794.4782 1507.7424 888.86 1.3109785057999999 1.010521757327267 1.240085902347981 8.101018748164506 4.136755682039752 24.17785342958806 0.5023450537037628 1
Pedestrian 955 2 3.0464443912762973 1198.1403 830.2429 1235.9602 893.14514 0.9315059034681284 0.6849651856967243 0.5573565961221764 4.249552908589204 4.396596927971932 24.872850952034955 -3.067523721657653 1
Pedestrian 317 1 -1.3073429522411717 733.7746 756.778 779.1599 871.312 1.7282536099863035 0.5967860994996991 0.5021427931081597 -3.2169999626126735 3.8271763013507654 23.513628807348603 -1.4433130466639739 1
Pedestrian 319 1 -0.07375367659705473 690.0462 751.7791 732.7893 859.71735 1.6302225864455901 0.6367067874522829 0.627691962051668 -3.991806166793538 3.688222521673102 23.87227695489554 -0.23943595760304448 1
Pedestrian 320 1 1.557403735338608 760.89667 760.86993 797.8961 869.71484 1.6708364581828243 0.5822710399160165 0.5178052903949565 -2.9203765160530963 3.879031225463219 23.99055008221461 1.4362694367381188 1
rider 956 1 -2.054574228718685 1202.4523 800.87805 1242.4781 876.6223 1.6389980345753214 0.6454100553485768 0.7520658186548922 6.098820338453371 5.804244556307933 34.93888404010523 -1.881758609792686 1
bicycle 308 2 -2.6237472953782737 0.0 771.3845 402.61853 1215.0 1.2862578939459184 0.8454970699226632 1.9843329523686728 -2.7389086523623645 1.7505250233615943 4.264852214758474 -3.194623067410438 1
Cyclist 321 0 1.7898278896470696 744.6912 704.9533 881.10315 918.7145 1.7082761284576233 0.8347296786084754 1.9701274774879205 -1.3220414952345854 2.4994718614385167 13.75061861435894 -4.589206954176415 1
bicycle 323 2 -2.492380924444673 0.0 837.0816 274.7917 1215.0 1.1057163519071833 0.7757100072321239 2.021020097597777 -2.6031872491081898 1.6047935703272727 3.076586289655248 -3.194623067410438 1
bicycle 324 2 -2.575437346911482 0.0 802.41956 347.12534 1215.0 1.1753052018317538 0.6031169306100901 2.021020097597777 -2.68727178211313 1.665016179806782 3.7706546543043604 -3.194623067410438 1
bicycle 325 0 2.410230515724899 642.5363 773.0976 787.08 870.42096 1.137418899811738 0.9702895701757964 1.911900394186767 -3.5585385004105223 3.393986171686648 21.72146156542404 -4.035338235740579 1
Cyclist 957 1 -2.469969648437196 1311.6705 799.2449 1409.2795 887.9597 1.4980558179773884 0.6454100553485768 1.9001361409116204 7.9794811529848335 5.10251707621843 29.96196357443625 -2.2096905928179575 1
Cyclist 958 1 -2.0527273507284955 1189.0837 798.5352 1252.0311 883.91034 1.710187942062471 0.6454100553485768 1.9001361409116204 6.058372672754102 5.8952341150000365 35.04048110864919 -1.8815235124491136 1
bicycle 312 2 -3.0784127630531097 803.65265 819.47015 899.14014 876.1545 1.1202069768821534 0.5321866208573668 1.9904238285579945 -2.3220325007389366 5.283680166231775 31.72392058580546 -3.151477471551373 1
bicycle 328 1 2.423266768237736 618.3403 778.6257 752.8712 870.43286 1.137418899811738 0.9046708423391433 1.911900394186767 -4.219936260565923 3.6083285182628595 23.006843440669115 -4.041323045087367 1
Pedestrian 953 0 1.5980935998828967 1000.5639 821.18494 1019.93945 874.9799 1.6034995567055124 0.5900800697835276 0.4078807976980974 1.5212924971998394 7.724447343285477 46.41244681001194 -4.652325754648283 1
Pedestrian 959 0 -0.49390644623548596 1307.3492 773.83356 1367.4462 890.7193 1.6727835788584104 0.6413187077340782 0.6635525425394817 5.728256207171984 3.981938991687891 22.793801103917367 -0.24769744867219368 1
Pedestrian 960 1 0.5800940651704714 1421.9504 805.99115 1477.577 892.5936 1.230675036767843 0.4305920039621006 0.7060629944828956 7.633427046597404 4.111205606050559 23.377024170564496 0.8957140965014769 1
Pedestrian 961 0 -1.9399241692003342 1291.0238 823.1602 1335.9244 881.8106 0.9358718394014309 0.5428417945780757 0.8028030265409277 6.409544045747103 4.604690949069944 27.2382567014118 -1.708814631146425 1
Pedestrian 962 0 1.7618170805850122 1365.7803 803.0611 1409.5706 889.4041 1.2294604905943853 0.5281946469358917 0.7826590709567076 6.759805731259497 4.108331956722032 23.696008618741352 -4.243477600594398 1
Pedestrian 318 1 0.36964265777009897 0.0 729.18164 59.47757 854.6692 1.584206284350829 0.7803435608097149 0.546291026679513 -12.539201062001966 3.0117493598948153 20.03647499201376 -0.18954518088150163 1
Pedestrian 329 2 0.4880503876989313 0.0 749.93884 5.728792 860.9094 1.584206284350829 0.610396695958741 0.4166640023395709 -14.698784151412438 3.484246125771965 22.400633710039955 -0.09265504891786769 1
Pedestrian 330 2 -1.6308360223899783 258.72354 782.5293 297.45987 871.66473 1.6399254448249456 0.6613981437931297 0.36078690035715 -13.221162601666881 4.723643474550354 28.940736123500717 -2.0593599902491024 1
Pedestrian 964 2 1.3015501207030233 348.7813 797.10175 389.70322 878.8895 1.7008702305225967 0.7393871318669517 0.507029627802201 -13.188456434260114 5.586062871464581 33.314749558828844 0.9246053486051489 1
rider 332 0 1.7886389333485884 762.47314 708.5772 871.873 890.3912 1.558566387925834 0.8347296786084754 0.8518791934241876 -1.3093594473054464 2.353344905998436 13.729647859639941 -4.589626122053215 1
rider 965 2 -2.467072548092815 1338.7882 801.21185 1389.2057 878.4392 1.4037748739395737 0.6454100553485768 0.7294810857754124 8.045618443725402 4.984149748506917 29.882880391275837 -2.2040707157506816 1
