ride_other 306 1 0.3817680323316639 0.0 762.406 82.52915 857.79565 1.070013951821373 0.6710351206236435 0.9182615022975908 -11.428054946056097 2.7967097856596905 18.368158256796843 -0.1747912015033053 1
bicycle 309 2 -2.525756744386653 0.0 761.98535 307.15234 1215.0 1.2502367226112152 0.7930408587615088 1.9843329523686728 -2.6084724008782425 1.5937071722193967 3.2979512775511983 -3.194947117005449 1
bicycle 310 0 -2.6760896238429606 452.6572 734.69354 613.30927 847.6273 1.3757480904645234 0.8442929652485709 1.882128626188287 -5.701939114407973 2.8841247373374097 19.95455462829674 -2.95441883258355 1
bicycle 326 1 1.747805982520441 0.0 770.7636 225.2529 1158.8281 1.0994251155228938 0.5475550637585096 1.9718245487924404 -3.4005592723455487 1.786724541114297 6.0253580071503 1.2339936020651723 1
bicycle 311 1 -3.079513097308857 801.59186 817.0811 903.5466 877.1838 1.1202069768821534 0.4558107269376116 1.9904238285579945 -2.1458858101376896 4.959028645426027 29.633336643004665 -3.151801502643381 1
bicycle_rack 313 2 -3.080013876834784 796.3726 817.3031 896.9676 887.01825 1.1907078020388504 1.7121608470184742 1.9904238285579945 -2.362739280605252 5.318578629368748 31.21363080316675 -3.1555655495969956 1
bicycle_rack 952 2 -3.096112054521241 818.6951 809.25366 921.7788 884.88184 1.3153587867709509 2.617618216838439 2.2047103274989546 -2.011266941417954 5.644062381992755 33.789378174842334 -3.1555655495969956 1
Car 314 2 -2.9894307756273895 0.0 0.0 1935.0 1215.0 2.065353036283165 1.9723144416835832 4.1638477701700305 2.1815539584686703 1.3174871343392405 0.23933307186761432 -1.527905072507583 1
moped_scooter 315 1 -3.041136366560623 826.10205 818.49304 922.85065 875.4643 1.1202069768821534 0.602687446014097 2.0221390720389754 -1.854082540575469 5.318874670427247 32.08894351242189 -3.098851678923319 1
Pedestrian 953 0 1.5982568061692 999.1567 821.873 1019.81775 879.90533 1.6034995567055124 0.5900800697835276 0.6636128155449634 1.4219874235507308 7.449999417592943 44.03836694308535 -4.652649975938349 1
Pedestrian 316 0 3.1213930098391254 1204.2024 827.17706 1264.9545 900.5561 0.9615659375661223 0.7828417765099225 0.8861650310675467 4.116217985613413 4.076786023652952 22.573817939385762 -2.981429092659953 1
Pedestrian 954 0 1.5800876732494604 975.3383 819.97363 996.86926 881.4082 1.7399949331941138 0.6321288623352355 0.4936434296748384 0.7361249865548386 7.542842504628136 44.22977963352971 -4.68645597222518 1
Pedestrian 955 2 3.0344133700313045 1214.6528 830.6813 1255.6454 897.9819 0.9315059034681284 0.6849651856967243 0.5573565961221764 4.257585765903384 4.184122622287407 23.27510316909099 -3.0678477653220484 1
Pedestrian 317 2 -1.297616549414017 716.6224 753.33154 765.5812 876.17224 1.7282536099863035 0.5967860994996991 0.5021427931081597 -3.2246937460471554 3.6360201412574247 21.92662224379277 -1.4436373101495048 1
Pedestrian 319 2 -0.06336441621873543 671.9948 748.21515 717.90216 863.72974 1.6302225864455901 0.6367067874522829 0.6351515124948959 -3.976904605391987 3.5017545413173696 22.311052574357642 -0.2397599992584012 1
Pedestrian 320 2 1.46969588836539 737.7005 759.2993 780.1719 876.131 1.6708364581828243 0.5822710399160165 0.5178052903949565 -3.0390597415224683 3.716557961628891 22.442426043207874 1.3350987961700227 1
rider 956 1 -1.9633187762423625 1170.9713 803.6404 1208.7797 878.33325 1.6389980345753214 0.6454100553485768 0.7520658186548922 5.4037302219902195 5.919867644653645 35.37379744217564 -1.8117298620988926 1
rider 1309 2 -2.3815182418896885 1405.2378 793.4862 1457.7119 884.4649 1.6483075993071916 0.6454100553485768 0.7423468298324962 9.227816992335944 5.012219958490818 29.35825820596339 -2.0769783479170116 1
Cyclist 321 0 1.8358024148464844 648.4013 679.99255 830.7755 946.88776 1.7082761284576233 0.8347296786084754 1.9701274774879205 -1.5778752429266192 2.1523794624397476 11.025361553837405 -4.5895309156924 1
bicycle 1307 1 0.9179742439062062 1582.8771 782.4605 1935.0 1168.635 1.1514979769744476 0.6364124777366362 1.9596093360799167 3.4649524031018393 1.9228942490687355 6.305025723723812 1.4204750080427249 1
bicycle 325 1 2.4223241207929065 617.2072 768.68567 773.702 873.42267 1.137418899811738 0.9702895701757964 1.911900394186767 -3.5621147220532725 3.1776515262777245 20.170104573181916 -4.035662456036677 1
Cyclist 957 1 -2.4795001077555803 1269.1658 800.6362 1366.6283 889.43866 1.4980558179773884 0.6454100553485768 1.9001361409116204 7.1138216130039345 5.123186788750313 29.90486557611864 -2.2459589760239513 1
Cyclist 1308 2 -2.377794435974038 1379.1561 790.81604 1478.7708 892.88947 1.7125942408199153 0.6454100553485768 1.9708468489399833 9.177614681689391 5.089847776499717 29.421194422401445 -2.075420839924753 1
Cyclist 958 1 -1.9620596834994148 1160.9691 801.2762 1217.4025 885.7858 1.710187942062471 0.6454100553485768 1.9001361409116204 5.384468817742601 6.007429399108709 35.43527325822141 -1.8112610127519948 1
bicycle 312 2 -3.0705495084886345 788.7941 817.9317 889.2763 877.45325 1.1202069768821534 0.5321866208573668 1.9904238285579945 -2.4602851904820855 5.0557759467516 30.213026240524457 -3.151801502643381 1
bicycle 328 1 2.4358611501525793 592.0263 773.35 738.65314 872.66547 1.137418899811738 0.9046708423391433 1.911900394186767 -4.17943456637391 3.3477736569530334 21.236251510952417 -4.041647267750266 1
Pedestrian 959 0 -0.5305425179612593 1359.2036 772.699 1432.3011 897.81226 1.6727835788584104 0.6413187077340782 0.7863763265013097 6.201814855186321 3.824584195663003 21.36451349064815 -0.24802148883623243 1
Pedestrian 960 1 0.5614365024475392 1450.5109 810.42535 1510.1172 902.8871 1.230675036767843 0.4305920039621006 0.7060629944828956 7.619289927260875 4.00604641901284 21.960878854253743 0.8953900894051285 1
Pedestrian 961 0 -1.9520960920669144 1308.1721 821.5874 1356.3628 883.84155 0.9358718394014309 0.5428417945780757 0.8028030265409277 6.361212570301109 4.368703361886887 25.665227261844816 -1.7091388231049625 1
Pedestrian 962 1 1.7438384491943735 1393.1677 799.93414 1439.5211 892.537 1.2294604905943853 0.5281946469358917 0.7826590709567076 6.726825703376373 3.8703141380743133 22.094153314456403 -4.243801711734983 1
Pedestrian 963 1 0.16062091007075768 1443.456 793.6154 1541.1798 895.1877 1.3109785057999999 1.010521757327267 1.240085902347981 7.9965789484769525 3.9337185323572053 22.50573529529246 0.5020209967407463 1
Pedestrian 318 2 0.3551187154711408 0.0 722.4639 10.607805 859.0971 1.584206284350829 0.8634292855686754 0.5296738817277222 -12.22980042811795 2.8229469549191633 18.506191804477893 -0.22884552931537772 1
Pedestrian 330 2 -1.6088177557151855 216.75449 771.4451 257.8119 865.7393 1.6399254448249456 0.6613981437931297 0.36078690035715 -13.217050519586644 4.346123971147713 27.300961356114005 -2.0596840872742694 1
Pedestrian 964 2 1.3270743021533544 302.58838 805.9671 345.5223 891.9446 1.7008702305225967 0.7393871318669517 0.507029627802201 -13.54960856567349 5.6026659331731175 31.799915218909607 0.9242812379799807 1
rider 332 0 1.8340727199454179 676.5841 684.0075 817.1876 909.6362 1.558566387925834 0.8347296786084754 0.8518791934241876 -1.566927981565349 2.014150213388148 11.05212926201143 -4.589950077442412 1
rider 965 1 -2.4848619899431013 1297.461 802.58026 1347.6091 880.058 1.4037748739395737 0.6454100553485768 0.7294810857754124 7.200664479538516 5.003844229170044 29.81328398291445 -2.2478752143282295 1
