bicycle 310 1 -2.5974842014069988 168.60509 742.9865 384.9385 888.1279 1.3757480904645234 0.8442929652485709 1.882128626188287 -7.100975910685615 2.646401588701697 15.562958555719387 -3.0255434590497225 1
Cyclist 957 0 -1.8715854343283633 1071.6311 818.2072 1129.983 907.55786 1.4980558179773884 0.6454100553485768 1.9001361409116204 2.8177905701559074 5.553926499810636 30.38021429315376 -1.779099193939759 1
bicycle 311 1 -3.058470124189647 652.2906 834.91077 772.434 906.5197 1.1202069768821534 0.4558107269376116 1.9904238285579945 -4.23340205300677 4.745781379390918 25.50889386196053 -3.222929096233554 1
bicycle_rack 313 2 -3.0595303225015904 647.0753 827.3149 766.6211 910.267 1.1907078020388504 1.7121608470184742 1.9904238285579945 -4.552549411004942 4.969418194634139 26.97949095636013 -3.2266967014880867 1
bicycle_rack 952 2 -3.0797020789607483 676.9132 826.8811 797.141 916.1113 1.3153587867709509 2.617618216838439 2.2047103274989546 -4.407952820000372 5.525146800124718 29.770877030337193 -3.2266967014880867 1
moped_scooter 315 1 -3.0210471752072574 680.39124 838.0282 792.0606 903.253 1.1202069768821534 0.602687446014097 2.0221390720389754 -4.226879037874734 5.181995960198609 28.170110776290045 -3.1699844223127895 1
Pedestrian 316 0 3.102182750976708 1118.6895 835.99005 1191.8069 923.6215 0.9615659375661223 0.7828417765099225 0.8861650310675467 2.4419029176605784 3.6909809649046377 18.906913968464465 -3.0525596159231467 1
Pedestrian 959 0 -0.5928279543939992 1350.052 779.42255 1412.9226 910.5135 1.4793756781041754 0.6413187077340782 0.4529974843192026 5.091558241315633 3.392314724414803 18.137396272259878 -0.3191502710212759 1
Pedestrian 955 2 3.0150089282039274 1131.4586 831.10223 1180.5337 916.2928 1.0053704959581138 0.6849651856967243 0.5573565961221764 2.5534208943389465 3.7626513465878673 19.653394210832175 -3.1389774483467283 1
Pedestrian 317 1 -1.5403583689936464 531.9752 747.5177 585.5149 900.5732 1.7282536099863035 0.5967860994996991 0.5021427931081597 -4.758847348378253 3.205310555270735 17.700873885632717 -1.8029963149185035 1
Pedestrian 319 1 -0.08271322005769394 486.30072 755.7584 540.3373 899.51385 1.6302225864455901 0.6367067874522829 0.5754751089491227 -5.422546365719884 3.2484537114709635 18.09134544321078 -0.3739236791969054 1
Pedestrian 320 1 1.4058667418266566 548.9518 750.4888 604.3107 900.2795 1.7472903666602078 0.5822710399160165 0.5178052903949565 -4.733137294045048 3.3218135021814903 18.39368336915259 1.1540068125349565 1
Pedestrian 1468 1 -1.4927352102721734 842.5441 828.4551 867.804 882.73114 1.6952427851832714 0.786746697830194 0.4746194384712496 -3.4567145024880426 8.363746756122186 48.75069823133072 -1.5635226858602014 1
rider 956 1 -1.7857135117891647 987.7842 819.6682 1020.4279 892.7581 1.6389980345753214 0.6454100553485768 0.7520658186548922 1.0349706842145328 6.416491607451909 36.25245383396246 -1.7571722813384654 1
rider 1309 1 -2.055997824282946 1148.4854 813.0764 1193.8594 900.8004 1.6483075993071916 0.6454100553485768 0.7423468298324962 4.280836943029808 5.547151639672446 30.525488338928806 -1.9166683528131907 1
Cyclist 321 1 2.122336083594771 0.0 574.5122 421.80542 1215.0 1.7082761284576233 0.8347296786084754 1.9701274774879205 -2.4860294061458545 1.5865886359685488 4.61941378781854 -4.654564469873748 1
bicycle 325 0 2.483750791202967 378.97214 778.1845 587.3735 915.0137 1.137418899811738 0.9702895701757964 1.911900394186767 -5.039146991434635 2.873332319906506 15.873278331221302 -4.106832619401301 1
Cyclist 1308 1 -2.0607574423523043 1130.0105 809.81366 1203.6104 909.00085 1.7125942408199153 0.6454100553485768 1.9708468489399833 4.202312112500881 5.639431442578949 30.720969399808784 -1.9248114690595546 1
Cyclist 958 0 -1.7896110824989007 982.3817 816.9153 1025.3856 900.19495 1.710187942062471 0.6454100553485768 1.9001361409116204 1.0214405471705288 6.497229246673186 36.288008059429224 -1.7614703560957905 1
bicycle 312 2 -3.0529472972084695 644.6536 835.9968 762.9601 906.8919 1.1202069768821534 0.5321866208573668 1.9904238285579945 -4.468903561435973 4.844419382014876 26.03678293735814 -3.222929096233554 1
bicycle 328 1 2.4972647636771756 354.72934 778.9377 547.63544 905.89075 1.137418899811738 0.9046708423391433 1.911900394186767 -5.75644423476274 2.993789340181752 16.9775594756789 -4.112817952154979 1
Pedestrian 953 0 1.6043844326264383 881.9673 825.8568 905.6582 891.72076 1.6034995567055124 0.5900800697835276 0.5844857264152112 -1.7347093578403223 6.817855258478928 38.507501541297295 1.5593662607016245 1
Pedestrian 954 0 1.5918411587043926 849.4517 821.8185 874.396 892.28796 1.7399949331941138 0.6321288623352355 0.47110629429575224 -2.560238420767814 6.851732464991677 38.56994057027915 1.5255592822772113 1
Pedestrian 960 0 0.5053332264601172 1420.0466 798.7785 1490.5612 908.55554 1.230675036767843 0.4305920039621006 0.7060629944828956 6.0938831819814165 3.4235875884016034 18.454683097659615 0.8242683087518357 1
Pedestrian 961 0 -1.9773638708434498 1232.175 834.0864 1288.3751 907.2409 0.9358718394014309 0.5428417945780757 0.8028030265409277 4.422141540512972 4.096960776705618 22.14903681616538 -1.780301123377451 1
Pedestrian 962 1 1.7039946072057361 1339.447 801.32697 1391.6344 911.5257 1.2294604905943853 0.5281946469358917 0.7826590709567076 5.040829532925125 3.482043612413679 18.630341978985 -4.314946775927491 1
Pedestrian 963 1 0.10717645966982725 1407.0703 794.5099 1517.8167 914.39435 1.3109785057999999 1.010521757327267 1.240085902347981 6.409449383314916 3.559095591180598 19.10335743747941 0.43088858798960983 1
Pedestrian 964 2 1.3921947577096248 40.354816 800.8927 93.121216 907.24194 1.7008702305225967 0.6941810424341672 0.5516317851159038 -15.430242298704458 4.788107394249161 25.796640952336656 0.8531371896650017 1
rider 332 0 2.105656432116037 0.0 580.81366 355.5657 1138.7432 1.558566387925834 0.8347296786084754 0.8518791934241876 -2.4722815833939396 1.4354232998642988 4.621301480071033 -4.66876358280752 1
rider 965 0 -1.8755261981876774 1083.1575 821.3563 1124.7188 897.53644 1.4037748739395737 0.6454100553485768 0.7294810857754124 2.8739244627700127 5.422597781115433 30.167595423722105 -1.7805475502677455 1
