bicycle 310 1 -2.5129558626956223 0.0 757.2247 184.22614 941.90607 1.3757480904645234 0.8442929652485709 1.882128626188287 -7.565681336463488 2.511848997474113 12.344348977058985 -3.0627966805312443 1
Cyclist 957 0 -1.9868127083219496 931.08545 850.4852 997.0236 940.727 1.4980558179773884 0.6454100553485768 1.9001361409116204 0.041036422565940554 6.298368106485103 30.82250180825091 -1.9854813304028363 1
Cyclist 1308 1 -2.0846372303447454 983.87354 839.8775 1055.6869 937.0272 1.7125942408199153 0.6454100553485768 1.9708468489399833 1.2312472396746206 6.44816468250236 31.918008828665794 -2.0460810325003 1
bicycle 311 1 -3.0385804625111046 553.5466 864.7437 692.97675 948.60547 1.1202069768821534 0.4558107269376116 1.9904238285579945 -5.021614838494951 4.750036618435119 22.288202050177205 -3.2601839713084138 1
bicycle_rack 313 2 -3.0357953308781194 541.4154 862.5225 680.9414 960.7064 1.1907078020388504 1.7121608470184742 1.9904238285579945 -5.528218834446934 5.128052613459278 23.80796759099776 -3.263952528466258 1
bicycle_rack 952 2 -3.0581973341860382 575.7642 856.5448 715.0316 961.22473 1.3153587867709509 2.617618216838439 2.2047103274989546 -5.545323780994733 5.653074270272329 26.569671376521796 -3.263952528466258 1
moped_scooter 315 1 -3.001220378262093 583.8116 874.76984 711.78503 950.4837 1.1202069768821534 0.602687446014097 2.0221390720389754 -5.206965899386365 5.344582192094568 24.915414168054447 -3.2072409400678814 1
Pedestrian 953 0 1.6033724921080486 825.70087 857.6701 852.9294 934.27673 1.6034995567055124 0.5900800697835276 0.6312164054969917 -2.7399845945698567 6.890206234525513 33.63511253213573 1.5220899422902305 1
Pedestrian 316 0 -3.133172069071517 1089.6674 860.3719 1177.4406 973.4422 1.0286921969640874 0.7828417765099225 0.9044089717489737 1.8333299390950126 3.602060183351793 15.898994847717885 -3.0183680538299287 1
Pedestrian 954 0 1.6013841690396364 776.8875 851.5133 805.6971 932.7886 1.7399949331941138 0.6321288623352355 0.4903152810516521 -3.8385536233075253 6.901993221130734 33.794123645946435 1.488282491690248 1
Pedestrian 959 0 -0.38367753196603627 1375.5837 792.61615 1443.3812 949.1287 1.4793756781041754 0.6413187077340782 0.4529974843192026 4.5503443405073885 3.2228086524090953 15.204942801102208 -0.09289294431705652 1
Pedestrian 955 2 2.9937896963834816 1102.3553 864.3112 1161.2806 966.81195 1.0053704959581138 0.6849651856967243 0.5573565961221764 1.8938513013166578 3.7295387080178775 16.664146652074944 -3.1762328827468274 1
Pedestrian 317 1 -2.5703550968339726 354.7192 775.2743 445.15466 969.36176 1.7282536099863035 0.6442348163420365 0.545921636841231 -5.347089830390766 3.200243008917229 14.266044647344815 -2.9289612487044927 1
Pedestrian 319 1 -0.11688725744714662 314.92188 776.6003 385.13522 954.1621 1.6302225864455901 0.6367067874522829 0.5754751089491227 -6.077801959610407 3.1802437314295835 14.86193782068415 -0.5050859815606006 1
Pedestrian 320 2 1.689346774284658 405.7715 793.02985 472.81247 969.07104 1.6708364581828243 0.5822710399160165 0.5178052903949565 -5.267586890950447 3.4053133906311177 15.111841749194898 1.3539433838301989 1
rider 956 1 -1.6426399510617788 893.49176 848.7813 921.59485 920.4603 1.6389980345753214 0.6454100553485768 0.7520658186548922 -1.3381270850823677 7.262766644500761 37.15604154869615 -1.6786381082300685 1
rider 1309 1 -2.0964891236819136 1000.17676 843.88696 1043.9705 929.2516 1.6483075993071916 0.6454100553485768 0.7423468298324962 1.2907580295665673 6.376806976606122 31.811636192198897 -2.0559363403697954 1
bicycle 325 0 2.542530784214774 180.51074 805.36224 453.5603 984.91986 1.137418899811738 0.9702895701757964 1.911900394186767 -5.414598135672429 2.796841839428489 12.684329859223789 -4.144110561055436 1
Cyclist 958 0 -1.6424709588059574 891.8769 845.60333 923.21234 928.0028 1.710187942062471 0.6454100553485768 1.9001361409116204 -1.3483039263844379 7.3542216111068175 37.26353909227135 -1.6786381082300685 1
bicycle 312 2 -3.0249641899842485 532.57465 872.25287 670.8454 955.84985 1.1202069768821534 0.5321866208573668 1.9904238285579945 -5.435838775687092 4.935058414796654 22.681829787010443 -3.2601839713084138 1
bicycle 328 1 2.5582328820245577 154.28049 811.6067 403.83292 975.7877 1.137418899811738 0.9046708423391433 1.911900394186767 -6.247249806705641 2.9912284313177526 13.798259979730576 -4.150096167241468 1
Pedestrian 960 0 0.451230718381586 1441.8353 821.9813 1525.0762 952.9542 1.230675036767843 0.4305920039621006 0.7060629944828956 5.466772282089925 3.3479869291517046 15.66397657233026 0.7870169216290868 1
Pedestrian 961 0 -2.0104400248382244 1220.95 866.01843 1286.8102 952.0585 0.9358718394014309 0.5428417945780757 0.8028030265409277 3.7643426077199043 4.117177802678631 19.27527073367106 -1.8175736385470944 1
Pedestrian 1489 1 1.2048177996265022 1583.3389 868.9008 1684.4442 1000.09375 0.8727425042428111 0.40423927092792145 1.1198071760739545 5.665748448450164 3.0281315967809146 12.639807424738628 -4.656972815186761 1
Pedestrian 1490 1 1.1858820422937804 1625.3196 867.78143 1708.0555 989.77386 0.9645807748055777 0.5175691044339574 0.45987256410116084 6.1440990137171445 3.1220291832550178 13.039694425859503 -4.656972815186761 1
Pedestrian 962 1 1.6608869824071126 1345.5162 818.9378 1404.0658 950.3002 1.2294604905943853 0.5281946469358917 0.7826590709567076 4.3777979807892144 3.34080993981898 15.812745712596833 -4.352210688213814 1
Pedestrian 963 1 0.054122772355263304 1425.6726 806.5032 1551.4604 948.57196 1.3109785057999999 1.010521757327267 1.240085902347981 5.758762379752462 3.3766062155460164 16.30524461118373 0.393631889062815 1
Pedestrian 1491 1 2.067087296246127 1637.1564 805.97144 1689.3677 931.172 1.7875528253412534 0.5537308964347938 0.48969345057880115 10.694019660908008 4.59096048506362 22.784658579555348 -3.7772682067064536 1
Pedestrian 1468 2 -1.4770162680037908 761.0434 876.96136 789.2014 929.44464 1.4598356206928278 0.786746697830194 0.6998433871411345 -5.651715337432406 9.178363033356245 45.43137959554648 -1.6007815707381268 1
rider 965 0 -1.9846933674074287 945.47565 854.1668 988.5963 930.6956 1.4037748739395737 0.6454100553485768 0.7294810857754124 0.11523426763997267 6.176791816107399 30.669858434201544 -1.980936136977394 1
