bicycle 310 1 -2.498901124164933 0.0 776.85376 171.9582 969.46216 1.3757480904645234 0.8442929652485709 1.882128626188287 -7.471895155874307 2.643009140059619 11.97130078146047 -3.0568894373131617 1
Cyclist 957 0 -1.7191734662661597 943.20496 852.4414 987.6252 942.1316 1.4980558179773884 0.6454100553485768 1.9001361409116204 0.07253508174297099 6.360922241485817 30.972698541019565 -1.7168315667044927 1
Cyclist 1308 0 -2.0787903034051234 984.4262 842.9879 1055.299 939.5779 1.7125942408199153 0.6454100553485768 1.9708468489399833 1.242935768159013 6.553309389911779 32.16823081767044 -2.0401709032618216 1
bicycle 311 1 -3.0358453625079482 557.06366 877.95154 699.3692 963.86945 1.1202069768821534 0.4558107269376116 1.9904238285579945 -4.845586635586354 4.871367696413882 21.8296569009698 -3.2542764613886597 1
bicycle_rack 313 2 -3.0359823744067986 549.86365 868.83203 691.5252 969.14734 1.1907078020388504 1.7121608470184742 1.9904238285579945 -5.286607256720859 5.167519562653343 23.414228408058186 -3.258044909530159 1
bicycle_rack 952 2 -3.0557829049377463 580.186 861.3154 721.34296 967.724 1.3153587867709509 2.617618216838439 2.2047103274989546 -5.384976103949127 5.692529638431002 26.2597123838337 -3.258044909530159 1
moped_scooter 315 1 -3.0057697524122746 599.34064 881.5558 728.8096 958.45087 1.1202069768821534 0.602687446014097 2.0221390720389754 -4.864858087375128 5.396989516530882 24.55816794211232 -3.2013332182186014 1
Pedestrian 953 0 1.5999049686881073 839.7074 862.4188 867.1792 939.5917 1.6034995567055124 0.5900800697835276 0.5188422210765473 -2.3782196154711306 6.890841870699605 33.01784630227129 1.5280008368036677 1
Pedestrian 316 0 -3.1403568047855646 1108.584 863.3699 1198.8419 979.7317 1.0286921969640874 0.7828417765099225 0.9044089717489737 1.9928538735120938 3.571050958275201 15.496724258477567 -3.0124603580218707 1
Pedestrian 954 0 1.5979673847284512 790.7097 857.08673 820.0653 940.6147 1.7399949331941138 0.6321288623352355 0.5623625539946789 -3.452530866835212 6.934278575045912 33.15022026990294 1.4941934590892112 1
Pedestrian 959 0 -0.3909969840099218 1395.9705 796.07697 1466.3715 957.41376 1.4793756781041754 0.6413187077340782 0.4529974843192026 4.634349400480593 3.2090285631405306 14.771437049553176 -0.08698537795363603 1
Pedestrian 955 2 2.986964315132253 1120.6943 866.4858 1181.6542 971.8053 1.0053704959581138 0.6849651856967243 0.5573565961221764 2.0545623395775037 3.684415887681332 16.23325003006758 -3.170325308757599 1
Pedestrian 317 1 -2.5651248028379547 354.9432 781.2653 447.17282 981.0572 1.7282536099863035 0.6442348163420365 0.5380135173675112 -5.19634535984484 3.2198623754294844 13.892506244429896 -2.9230530790487355 1
Pedestrian 319 1 -0.10790604821752192 308.86588 788.84576 380.4909 972.03723 1.6302225864455901 0.6367067874522829 0.5754751089491227 -5.970436093329424 3.2625777128097 14.472281195656691 -0.49917824364045504 1
Pedestrian 320 2 1.6937297302306322 407.635 799.84644 476.0223 979.2847 1.6708364581828243 0.5822710399160165 0.5178052903949565 -5.151476323279993 3.445038653648229 14.851678719715688 1.3598535874761355 1
rider 956 1 -1.6438005597840415 904.21674 855.1848 932.03784 926.1867 1.6389980345753214 0.6454100553485768 0.7520658186548922 -1.087028036133892 7.486767176774 37.56779142298418 -1.6727275948679696 1
rider 1309 0 -2.0917909681996356 1002.16174 846.3539 1045.6168 931.24695 1.6483075993071916 0.6454100553485768 0.7423468298324962 1.3376378426839373 6.459242735481311 32.00929127504618 -2.0500262194558942 1
bicycle 325 0 2.552821512452212 167.95947 813.11926 449.97928 999.9171 1.137418899811738 0.9702895701757964 1.911900394186767 -5.323287617559368 2.8223220922138856 12.3207048733343 -4.138199360608599 1
Cyclist 958 0 -1.643601010205175 902.50916 851.5795 933.65125 933.5526 1.710187942062471 0.6454100553485768 1.9001361409116204 -1.095074793109134 7.555794970246897 37.58645637555888 -1.6727275948679696 1
bicycle 312 2 -3.024990595406354 540.73376 887.7627 681.37885 973.3253 1.1202069768821534 0.5321866208573668 1.9904238285579945 -5.197039792447463 5.100453075474084 22.267600454639865 -3.2542764613886597 1
bicycle 328 1 2.568494790438896 141.82358 818.7979 399.9971 989.68634 1.137418899811738 0.9046708423391433 1.911900394186767 -6.129878607288855 3.008784095057784 13.383744737621383 -4.144184923441487 1
Pedestrian 960 0 0.4367540616068999 1474.6384 818.0518 1561.2175 953.4102 1.230675036767843 0.4305920039621006 0.7060629944828956 5.635731309103824 3.2392444078374556 15.148338714667496 0.7929238577488684 1
Pedestrian 961 0 -2.0203219428835486 1244.4395 868.83276 1312.5865 957.22217 0.9358718394014309 0.5428417945780757 0.8028030265409277 3.9802243623747193 4.076241535059978 18.797653627243577 -1.811663358609417 1
Pedestrian 1489 1 1.185181084399325 1626.1113 864.5891 1735.0751 1001.10486 0.8727425042428111 0.40423927092792145 1.1198071760739545 5.817417823874308 2.9097238267856307 12.137684070691634 -4.65106499130471 1
Pedestrian 1490 1 1.169436333394569 1664.3274 860.89014 1751.7966 987.63586 0.9645807748055777 0.5175691044339574 0.45987256410116084 6.254969089507067 2.98221175458448 12.540133653177566 -4.65106499130471 1
Pedestrian 962 1 1.6465814922455584 1377.6119 822.69586 1437.3927 958.8282 1.2294604905943853 0.5281946469358917 0.7826590709567076 4.571534395830979 3.3143145717718094 15.302628331363243 -4.346301751933495 1
Pedestrian 963 1 0.041261272207581356 1455.7357 808.64624 1584.9022 955.3915 1.3109785057999999 1.010521757327267 1.240085902347981 5.929781966937009 3.3436551318333443 15.836460614211376 0.3995396556984194 1
Pedestrian 1491 1 2.05576621440638 1667.4921 817.22107 1722.4371 946.52423 1.7875528253412534 0.5537308964347938 0.517818598832311 10.875317014187848 4.687065329911096 22.16959133323494 -3.771359151270684 1
Pedestrian 1468 2 -1.4856216956160662 783.08795 890.5973 811.1623 936.1365 1.237805167775231 0.786746697830194 0.6998433871411345 -4.9579566755832385 9.332424894299344 45.20032851691376 -1.594873445709838 1
rider 965 0 -1.7220090691106016 947.78723 856.1613 984.0436 931.3199 1.4037748739395737 0.6454100553485768 0.7294810857754124 0.09199444950754838 6.238219182180114 30.853342957876475 -1.7190274091649131 1
