bicycle 310 0 -2.5308961840631783 0.0 743.2243 216.98457 917.2831 1.3757480904645234 0.8442929652485709 1.882128626188287 -7.609862354486384 2.443062475988682 12.992261390198461 -3.0607515147142847 1
Cyclist 957 0 -1.9168556725705288 956.98346 835.31934 1018.18036 925.24475 1.4980558179773884 0.6454100553485768 1.9001361409116204 0.522286402931521 5.946566988966722 30.61196635699281 -1.899795816717339 1
Cyclist 1308 1 -2.095653082394849 1002.5528 826.3578 1076.2269 924.1221 1.7125942408199153 0.6454100553485768 1.9708468489399833 1.6244387876141715 6.086315060195773 31.44230852788527 -2.0440348689940446 1
bicycle 311 1 -3.039129962312105 559.7867 852.9095 695.02435 933.8595 1.1202069768821534 0.4558107269376116 1.9904238285579945 -5.111271526017346 4.673657385085918 22.963870482917706 -3.2581387129654686 1
bicycle_rack 313 2 -3.0397180402088804 553.28094 847.4882 688.2182 941.4432 1.1907078020388504 1.7121608470184742 1.9904238285579945 -5.538337137324796 4.983863747202234 24.51467922566496 -3.2619072341698745 1
bicycle_rack 952 2 -3.0634630335176616 589.8109 843.0215 724.24286 943.07623 1.3153587867709509 2.617618216838439 2.2047103274989546 -5.496593489147089 5.511033366396541 27.333886296598727 -3.2619072341698745 1
moped_scooter 315 1 -3.006703811161667 597.5811 858.72284 721.60077 931.7331 1.1202069768821534 0.602687446014097 2.0221390720389754 -5.158870900197783 5.187538500628905 25.64811670273841 -3.2051956104250676 1
Pedestrian 953 0 1.6057509161619126 825.76404 840.37695 851.93616 913.0655 1.6034995567055124 0.5900800697835276 0.4980730303735129 -2.8472354855186777 6.656913912778968 34.80888053284354 1.5241363717149388 1
Pedestrian 316 0 -3.1237945233244906 1080.3229 841.95746 1163.9089 948.7396 1.0286921969640874 0.7828417765099225 0.9044089717489737 1.7974158184526428 3.511410197153163 16.660095717579683 -3.016322732520064 1
Pedestrian 954 0 1.6025289321610667 778.5558 837.35077 806.7132 916.9811 1.7399949331941138 0.6321288623352355 0.6384896644847146 -3.92716976347445 6.740442955972154 34.85451789745847 1.490328946263436 1
Pedestrian 959 0 -0.6296305624149053 1347.9233 782.1531 1420.3938 931.8843 1.4793756781041754 0.6413187077340782 0.4529974843192026 4.505402154079197 3.196673578967356 15.951665348258535 -0.3543598836331099 1
Pedestrian 955 2 3.0036121868397787 1092.0396 845.7864 1147.9503 943.1441 1.0053704959581138 0.6849651856967243 0.5573565961221764 1.8393529220260705 3.625725535286635 17.38890291340185 -3.1741876032733227 1
Pedestrian 317 1 -2.5861264147430068 390.02957 755.87164 470.4565 938.3097 1.7282536099863035 0.6442348163420365 0.4984729199988992 -5.3416024843366054 3.0796827218438647 15.06266836115865 -2.9269157641088377 1
Pedestrian 319 1 -0.13253532153374137 346.9284 758.947 414.41098 927.3101 1.6302225864455901 0.6367067874522829 0.5754751089491227 -6.045350520398935 3.0626945082839345 15.562966324929771 -0.5030406448508382 1
Pedestrian 320 1 1.445043286225643 423.50128 777.7094 487.47394 946.0197 1.6708364581828243 0.5822710399160165 0.5178052903949565 -5.366155996148377 3.328230038749224 15.85958105790672 1.1187807710317998 1
rider 956 1 -1.6643359927339199 903.3787 834.8975 932.2225 906.6722 1.6389980345753214 0.6454100553485768 0.7520658186548922 -1.0781119311659073 6.889488462225776 36.977224328982025 -1.6934838428808339 1
rider 1309 1 -2.107348142225968 1019.1148 829.1557 1063.7263 915.30365 1.6483075993071916 0.6454100553485768 0.7423468298324962 1.6781271120318444 5.997228920019358 31.3616189660164 -2.0538901797656353 1
bicycle 325 0 2.5285246707421356 218.02562 788.99097 473.80606 954.9971 1.137418899811738 0.9702895701757964 1.911900394186767 -5.476334800320243 2.7271850039208836 13.421639439420955 -4.142064023638108 1
Cyclist 958 0 -1.6632680015727161 901.0661 831.905 934.124 914.09467 1.710187942062471 0.6454100553485768 1.9001361409116204 -1.0920253075421549 6.974464346438975 37.04775187347768 -1.6927356251300325 1
bicycle 312 2 -3.029216598545292 544.93085 862.37646 678.53815 942.9082 1.1202069768821534 0.5321866208573668 1.9904238285579945 -5.457807899198264 4.900189899503733 23.423397687822057 -3.2581387129654686 1
bicycle 328 1 2.5495641814171077 180.42291 794.7305 417.12598 948.1902 1.137418899811738 0.9046708423391433 1.911900394186767 -6.359795741861581 2.8984673607947413 14.457155274314239 -4.148049614815347 1
Pedestrian 960 0 0.464821740424224 1424.2186 810.4032 1504.0709 935.6826 1.230675036767843 0.4305920039621006 0.7060629944828956 5.47310373516676 3.3005454986321503 16.284058063586613 0.7890619804261729 1
Pedestrian 961 0 -2.0023388674138736 1212.847 846.35913 1276.0558 928.43964 0.9358718394014309 0.5428417945780757 0.8028030265409277 3.7732679609558524 3.9595583304711806 19.962758065222566 -1.815527422382343 1
Pedestrian 1489 1 1.2285384175515572 1549.0414 856.3503 1640.9819 978.81946 0.8727425042428111 0.40423927092792145 1.1198071760739545 5.654378284539197 3.0325514566472727 13.384330325196018 -4.654927449028099 1
Pedestrian 1490 1 1.2067676113913155 1593.691 859.43933 1671.2596 975.3142 0.9645807748055777 0.5175691044339574 0.45987256410116084 6.13477645270511 3.1488502212035585 13.682666393728248 -4.654927449028099 1
Pedestrian 962 1 1.6717192780476386 1332.437 812.2342 1388.9989 937.241 1.2294604905943853 0.5281946469358917 0.7826590709567076 4.424374682744188 3.359622112187756 16.544963800249768 -4.350164936352295 1
Pedestrian 963 1 0.0667466167638649 1410.2273 802.7318 1531.5924 938.5187 1.3109785057999999 1.010521757327267 1.240085902347981 5.799429148654366 3.415309140763954 16.99065814519655 0.3956772348920121 1
Pedestrian 1491 1 2.082393552597874 1615.5873 813.6921 1662.878 935.4739 1.7875528253412534 0.5537308964347938 0.38656790698258403 10.577106682111149 4.776124745079541 23.33514953115065 -3.77522241219732 1
Pedestrian 1468 2 -1.4801297017979407 769.53186 857.05994 796.43567 914.61456 1.6952427851832714 0.786746697830194 0.5329898522903235 -5.54876728623308 8.967047107142367 46.563455820419136 -1.5987361003394205 1
rider 965 0 -1.930709989458681 969.4342 838.7701 1011.7493 915.22614 1.4037748739395737 0.6454100553485768 0.7294810857754124 0.5933617368141326 5.82108292140216 30.435512399940443 -1.9112167550195045 1
