bicycle 310 1 -2.5239958189966702 0.0 748.20874 203.0522 925.5878 1.3757480904645234 0.8442929652485709 1.882128626188287 -7.628479024353984 2.4707166291357483 12.783543651648262 -3.062016380738802 1
Cyclist 957 0 -2.2520129297965723 927.2651 838.99005 1010.3688 928.248 1.4980558179773884 0.6454100553485768 1.9001361409116204 0.13922888032196742 6.008740183576379 30.564766860866367 -2.2474577529823154 1
Cyclist 1308 1 -2.0932939130802812 997.3397 830.32196 1070.5522 927.9468 1.7125942408199153 0.6454100553485768 1.9708468489399833 1.516219024081906 6.189596455372644 31.56787441938578 -2.0453003522424287 1
bicycle 311 1 -3.036722495303657 553.2711 860.0579 689.9541 942.0412 1.1202069768821534 0.4558107269376116 1.9904238285579945 -5.150659297036959 4.751088609243263 22.746611781934394 -3.2594036361904246 1
bicycle_rack 313 2 -3.03747865505658 546.8123 852.238 683.52716 947.66724 1.1907078020388504 1.7121608470184742 1.9904238285579945 -5.568822883176655 5.025329207415854 24.253890914959157 -3.263172179854438 1
bicycle_rack 952 2 -3.0616400602105514 584.09863 848.66486 720.1786 950.39996 1.3153587867709509 2.617618216838439 2.2047103274989546 -5.530815072986908 5.580469065122481 27.07128357750288 -3.263172179854438 1
moped_scooter 315 1 -3.002241401844495 587.7429 862.7866 713.54114 936.8659 1.1202069768821534 0.602687446014097 2.0221390720389754 -5.24654672474651 5.208238267510698 25.332618874772354 -3.206460578005644 1
Pedestrian 953 0 1.605393684591789 824.151 850.1504 850.76373 924.6368 1.6034995567055124 0.5900800697835276 0.6127623257322897 -2.849402142795822 6.840771671127461 34.45018220825765 1.5228707241260593 1
Pedestrian 316 0 -3.1268200859504804 1082.4254 851.3913 1167.3429 960.36053 1.0286921969640874 0.7828417765099225 0.9044089717489737 1.7995637063008845 3.581215910203179 16.409058657334075 -3.017587694861678 1
Pedestrian 954 0 1.602493069803304 776.3641 849.5725 805.0794 931.87427 1.7399949331941138 0.6321288623352355 0.8598322491788393 -3.9360398712371283 6.999169401985783 34.55128242690167 1.4890632831103803 1
Pedestrian 959 0 -0.6336252978613512 1348.1234 782.7251 1429.0599 934.6508 1.4793756781041754 0.6413187077340782 0.5477677851472299 4.503682759856484 3.1866384838494244 15.780760417209986 -0.3556247993993311 1
Pedestrian 962 1 1.671254528936971 1330.6055 815.547 1388.2278 943.2543 1.2294604905943853 0.5281946469358917 0.7826590709567076 4.325729865233519 3.3568808539165707 16.228121027667974 -4.351430164840509 1
Pedestrian 955 2 2.9946769916558935 1102.99 855.35736 1160.2584 954.6188 1.0053704959581138 0.6849651856967243 0.5573565961221764 1.9451442506924135 3.6996953880630543 17.131807807518484 -3.1754525396981768 1
Pedestrian 317 1 -2.578079616532385 369.97433 762.50226 458.91913 949.0437 1.7282536099863035 0.6442348163420365 0.5696459952623905 -5.398158723075254 3.12309944715955 14.783676053835494 -2.928180827533069 1
Pedestrian 319 1 -0.1274456481349917 335.522 758.23236 403.90396 929.1898 1.6302225864455901 0.6367067874522829 0.5754751089491227 -6.067232379276974 3.0342935387682637 15.32995346076356 -0.504305616614305 1
Pedestrian 320 2 1.4449118204814657 421.0806 781.58923 486.1253 952.8927 1.6708364581828243 0.5822710399160165 0.5178052903949565 -5.299951929738318 3.3437181442946216 15.605601513824446 1.1175152672040451 1
rider 956 1 -1.621040516584787 900.8452 841.938 928.4495 913.688 1.6389980345753214 0.6454100553485768 0.7520658186548922 -1.1564331287303682 7.0654890265878 36.988679129837934 -1.6522948512592681 1
rider 1309 1 -2.104639323680507 1013.28125 833.55426 1057.6381 919.43677 1.6483075993071916 0.6454100553485768 0.7423468298324962 1.560354099073867 6.111180588456301 31.5069708980997 -2.05515566122167 1
bicycle 325 0 2.5390539889023285 192.53503 795.1492 457.25616 967.37134 1.137418899811738 0.9702895701757964 1.911900394186767 -5.506131767846115 2.744823316988356 13.052386149778282 -4.143329737757497 1
Cyclist 958 0 -1.6198328705694773 899.8191 838.87164 929.6673 921.40546 1.710187942062471 0.6454100553485768 1.9001361409116204 -1.1605575697207635 7.144215452416173 37.005306704600294 -1.6511845171524577 1
bicycle 312 2 -3.025477296035379 535.91437 862.68994 671.6822 944.44116 1.1202069768821534 0.5321866208573668 1.9904238285579945 -5.502292232623777 4.852495411856596 23.090856500761262 -3.2594036361904246 1
bicycle 328 1 2.552962890928478 169.58708 799.0406 410.91705 955.9886 1.137418899811738 0.9046708423391433 1.911900394186767 -6.333611699327736 2.9152521400845077 14.217339574150746 -4.149315338217257 1
Pedestrian 960 0 0.4617382014424838 1426.7251 812.15076 1507.6326 939.16766 1.230675036767843 0.4305920039621006 0.7060629944828956 5.436202227809652 3.2941492299933888 16.077379253065637 0.7877971805024568 1
Pedestrian 961 0 -2.0036657527873563 1212.6179 846.7869 1276.4946 929.7115 0.9358718394014309 0.5428417945780757 0.8028030265409277 3.73813156734352 3.936861759363394 19.770217917416232 -1.8167929381377408 1
Pedestrian 1489 1 1.2190709257249681 1561.7904 860.9134 1657.51 987.0698 0.8727425042428111 0.40423927092792145 1.1198071760739545 5.639757059108625 3.022345194458368 13.050074676800508 -4.656192439043964 1
Pedestrian 1490 1 1.2013209062834278 1600.5287 860.1614 1679.5154 977.734 0.9645807748055777 0.5175691044339574 0.45987256410116084 6.116297326723693 3.125224282433714 13.490056819196077 -4.656192439043964 1
Pedestrian 963 1 0.06784475220431141 1405.2354 797.2915 1528.6372 934.96625 1.3109785057999999 1.010521757327267 1.240085902347981 5.659558010328796 3.3185178392478796 16.709937303265537 0.3944122573856932 1
Pedestrian 1491 1 2.0767663089755475 1621.5237 817.98395 1672.6505 941.1694 1.7875528253412534 0.5537308964347938 0.48969345057880115 10.648655206319333 4.833539879863322 23.223063739288463 -3.776487666887279 1
Pedestrian 1468 2 -1.480418628006375 768.09247 863.93164 794.9423 915.6409 1.5149609419821684 0.786746697830194 0.4296995688112325 -5.542985909334786 8.924807299767922 46.13164901778342 -1.60000115482688 1
rider 965 0 -2.2446796509859177 950.49084 842.0044 997.637 919.142 1.4037748739395737 0.6454100553485768 0.7294810857754124 0.25896610720730273 5.893241745298051 30.43781746845987 -2.23617181828146 1
