ride_other 1256 1 0.900925279566042 0.0 875.0948 46.249016 1086.5038 1.0738972571003964 0.6797851034021503 0.919548848722223 -6.252918000813496 2.6816881939905857 9.148905364601289 0.30138592057061375 1
bicycle 310 0 -2.4484815152668413 422.37695 835.9615 727.0899 1092.9509 1.3757480904645234 0.8442929652485709 1.882128626188287 -2.6058599380618075 2.9080770991881164 10.074282239318002 -2.7015983014886675 1
Cyclist 957 1 -1.604362341816776 1507.406 903.6417 1542.996 994.3766 1.4980558179773884 0.6454100553485768 1.9001361409116204 12.001787895448008 7.623378098714147 31.85891820236374 -1.2440874320781528 1
Cyclist 1308 0 -1.5891398608216636 1552.4569 901.06506 1585.0885 996.8762 1.7125942408199153 0.6454100553485768 1.9708468489399833 13.693428384854823 8.133994166752379 33.73659371778265 -1.203564136742881 1
bicycle 311 1 -3.090819580488793 1162.1798 937.39355 1329.7072 1047.3734 1.1202069768821534 0.4558107269376116 1.9904238285579945 3.4792641253703773 5.036601231697067 18.285203231642466 -2.902789744147765 1
bicycle 312 2 -3.076711834731442 1142.0027 937.73755 1305.1862 1046.1147 1.1202069768821534 0.5321866208573668 1.9904238285579945 3.299308158896741 5.156687618964914 18.80173248714972 -2.903001494084033 1
bicycle_rack 313 2 -3.0797763793382353 1145.7104 916.2662 1307.162 1045.1628 1.1907078020388504 1.7121608470184742 1.9904238285579945 3.5264663503407396 5.2382715698075675 19.707010758420164 -2.902705750086243 1
bicycle_rack 952 2 -3.110562973699681 1193.9551 911.02673 1355.4554 1049.1741 1.3153587867709509 2.617618216838439 2.2047103274989546 4.665103064965904 5.840760967058882 22.119626135386763 -2.902705750086243 1
moped_scooter 315 1 -3.0541761537475107 1200.7686 936.06915 1353.6694 1037.5592 1.1202069768821534 0.602687446014097 2.0221390720389754 4.36516772022213 5.5410144957924405 20.66315077742635 -2.8459834849495027 1
Pedestrian 953 0 1.5349790659668612 1485.7478 914.5808 1524.1161 1018.7146 1.6034995567055124 0.5900800697835276 0.5103216792967433 9.163145820358723 6.552905332788536 25.2172472765978 -4.399672100880255 1
Pedestrian 954 0 1.5711618426977205 1424.7001 904.7082 1463.8214 1015.7415 1.7399949331941138 0.6321288623352355 0.5714881799645605 8.287771301451617 6.611141263193486 25.664924418301673 -4.399672100880254 1
Pedestrian 1439 2 -0.9269368203483868 433.90915 933.28876 500.8577 1072.7274 1.7974383136290841 0.696399174628785 0.586754829061946 -7.059871422040554 6.288336993748008 21.388205598122628 -1.2457587368443985 1
Pedestrian 317 1 -3.1225595290555592 965.8153 841.6387 1041.5486 1098.8276 1.7282536099863035 0.6442348163420365 0.5380135173675035 0.31644996459736197 3.363463324569577 10.947883167539832 -3.093662447134105 1
Pedestrian 1441 1 -1.4822469160031282 309.93655 934.55554 360.4769 1076.0525 1.6382029394696092 0.5518313950054791 0.46618233365797757 -7.93136206177764 5.627007019528749 18.957799678789236 -1.8784879533020877 1
Pedestrian 1440 1 -0.15173890170002569 215.37604 918.99994 278.37823 1081.6844 1.9647050527623995 0.5982132087423438 0.680919437502017 -9.596315527159044 6.001154072552568 20.08584180387442 -0.5974409457023953 1
Pedestrian 319 1 0.7269512273187209 875.399 850.1554 995.4406 1087.1633 1.6302225864455901 0.6665449892251648 0.6575301638245585 -0.1996977841541211 3.454055776430409 11.641155600086938 0.7097984457787216 1
Pedestrian 320 2 1.6614759853522978 1001.8868 858.08905 1080.484 1084.5317 1.6708364581828243 0.5822710399160165 0.5178052903949565 0.644022701255433 3.5802104768255605 11.94668968719379 -4.567853404942509 1
Pedestrian 1442 1 -2.0869040703203 345.43433 970.1868 388.41324 1068.8556 1.1404827383305902 0.3816828582796593 0.3785093171428857 -7.719215471015061 5.686983784646177 19.423777473566904 -2.465176233101693 1
rider 956 2 -1.6012528335946006 1503.9355 910.32526 1531.5386 981.4302 1.6389980345753214 0.6454100553485768 0.7520658186548922 14.366210348176603 9.097787202859998 38.619814935958495 -1.2451230977845376 1
rider 1309 0 -1.581479075141064 1552.8593 905.81836 1584.2366 988.04047 1.6483075993071916 0.6454100553485768 0.7423468298324962 13.64376137914502 8.04917162397913 33.61092885964714 -1.195869137769199 1
bicycle 325 0 2.553664116346249 712.3804 880.6202 1044.6255 1134.3668 1.137418899811738 0.9702895701757964 1.911900394186767 -0.5110125623790083 2.943275671431697 9.60005391168452 -3.782701177405633 1
Cyclist 958 2 -1.6023581272511729 1503.4102 906.9214 1532.5927 990.05304 1.710187942062471 0.6454100553485768 1.9001361409116204 14.351254485804017 9.174371667171616 38.57620635445645 -1.2461995600610227 1
bicycle 328 1 2.572432610207061 696.8274 882.69867 986.4181 1102.5585 1.137418899811738 0.9046708423391433 1.911900394186767 -0.8489691896434829 3.17315172209616 10.871725227906124 -3.788684192570718 1
Pedestrian 1267 2 0.9279781789232705 0.0 821.54987 0.0 1099.528 1.5805211308396523 0.746408839812345 0.7953883091155064 -6.984709216830216 2.911700279611591 9.648610226135592 0.30138592057061375 1
Pedestrian 1468 0 -1.5242499098920403 1382.9211 937.9158 1414.853 992.07715 1.237805167775231 0.786746697830194 0.6998433871411345 11.689690776838303 9.693774484322478 39.93999302882635 -1.2395209307416932 1
rider 965 1 -1.6029602038843949 1507.912 908.73553 1541.5269 983.8617 1.4037748739395737 0.6454100553485768 0.7294810857754124 11.971577066009601 7.522337720672573 31.787676889918796 -1.2427782214191714 1
