bicycle 310 0 -2.440616060763311 199.01971 821.754 504.50024 1059.8464 1.3757480904645234 0.8442929652485709 1.882128626188287 -4.259999768509954 2.846456228626744 10.47966794182364 -2.8267145044377315 1
Cyclist 957 0 -1.7092290593347006 1279.2394 888.1895 1321.8638 975.6379 1.4980558179773884 0.6454100553485768 1.9001361409116204 7.34960487103876 7.383860550003247 32.45663739480935 -1.4865407964752693 1
Cyclist 1308 0 -1.6414705277746502 1329.6934 883.37933 1365.0806 976.5946 1.7125942408199153 0.6454100553485768 1.9708468489399833 8.818304916096537 7.801724857651811 34.20145772795401 -1.3891322152338506 1
bicycle 311 1 -3.07096218134227 947.5896 921.725 1102.8385 1019.9047 1.1202069768821534 0.4558107269376116 1.9904238285579945 0.837683612090937 5.048879382139271 19.453921193128867 -3.0279288798500668 1
bicycle_rack 313 2 -3.0586896682340834 928.46124 908.5275 1080.9801 1025.4032 1.1907078020388504 1.7121608470184742 1.9904238285579945 0.6441134048168851 5.332709656579087 20.875505356862032 -3.027844469261719 1
bicycle_rack 952 2 -3.0883273382928462 972.98456 900.1631 1123.1451 1025.3041 1.3153587867709509 2.617618216838439 2.2047103274989546 1.4179650045776744 5.887770834798134 23.415481930195245 -3.027844469261719 1
moped_scooter 315 1 -3.033389418748005 982.95197 923.10175 1125.2406 1014.495 1.1202069768821534 0.602687446014097 2.0221390720389754 1.3625545292967958 5.5717971093369165 21.855729399979136 -2.9711268721634765 1
Pedestrian 316 0 3.0383949556050602 1639.4302 907.39197 1780.8081 1072.9597 1.0286921969640874 0.7828417765099225 0.9044089717489737 5.788798410110997 3.3210930462136075 11.60999994907939 -2.7822597524903827 1
Pedestrian 954 0 1.5979644885947044 1185.3756 890.06177 1220.5646 992.1488 1.7399949331941138 0.6321288623352355 0.7217840789220911 4.537024400578934 6.78705503391645 28.05065763034422 -4.524865593095269 1
Pedestrian 955 2 2.8964335435246724 1631.4535 907.89307 1726.44 1052.1033 1.0053704959581138 0.6849651856967243 0.5573565961221764 5.915727692462404 3.417043774420491 12.352915025088018 -2.9401316764687646 1
Pedestrian 1439 2 -1.4836915397970585 222.00304 916.9322 280.31842 1057.6161 1.7974383136290841 0.696399174628785 0.586754829061946 -10.03446157784027 6.004722468397677 21.148473963882193 -1.9267129566232442 1
Pedestrian 317 1 -3.0992606646303527 744.54364 824.66833 816.6917 1062.1354 1.7282536099863035 0.6442348163420365 0.5380135173675035 -1.4173290912823346 3.350363263535389 11.800986504689426 -3.218790727065107 1
Pedestrian 1441 1 -1.4822982836508745 74.54989 916.67804 129.1621 1060.6943 1.6382029394696092 0.5518313950054791 0.46618233365797757 -10.720342323577476 5.343781763004051 18.664842846532277 -2.003651581824016 1
Pedestrian 319 1 0.26968800180076713 657.392 832.10675 744.6503 1042.6163 1.6302225864455901 0.6367067874522829 0.5754751089491227 -2.185240034290898 3.4246065672540293 12.605323998488506 0.09803550293089591 1
Pedestrian 320 2 1.676873527503182 792.88556 849.53577 868.11285 1060.8284 1.6708364581828243 0.5822710399160165 0.5178052903949565 -1.1000529784606343 3.61115661981402 12.652579225569143 -4.6930366810404704 1
Pedestrian 1442 1 -2.0866629327922035 113.85804 954.76495 160.14531 1054.2754 1.1404827383305902 0.3816828582796593 0.3785093171428857 -10.546470545727681 5.419245053005886 19.136168141096416 -2.5903714562684934 1
rider 956 1 -1.5868732332480424 1277.6462 899.0772 1303.2365 968.1701 1.6389980345753214 0.6454100553485768 0.7520658186548922 8.65599981725932 8.931444472149401 39.342459989194474 -1.3703069604888367 1
rider 1309 0 -1.640411474437415 1332.234 887.8489 1363.8998 968.0679 1.6483075993071916 0.6454100553485768 0.7423468298324962 8.77142479136145 7.688919478449673 33.930429285167875 -1.3874376549397822 1
bicycle 325 0 2.573145681390521 498.0283 868.3461 815.2555 1105.3953 1.137418899811738 0.9702895701757964 1.911900394186767 -2.0583140794712884 2.9737347141884403 10.267681482262706 -3.9078825710370184 1
Cyclist 958 1 -1.5878820447883562 1277.355 895.05994 1303.6991 975.61316 1.710187942062471 0.6454100553485768 1.9001361409116204 8.670272671865437 9.011400108851593 39.42004938269078 -1.3713834775617029 1
bicycle 312 2 -3.0503968078441397 923.994 923.64105 1076.1193 1020.77844 1.1202069768821534 0.5321866208573668 1.9904238285579945 0.5254191167727219 5.1856522253559 19.970023780749717 -3.024092486189299 1
bicycle 328 1 2.596489678462602 469.71414 869.7919 752.9303 1079.5889 1.137418899811738 0.9046708423391433 1.911900394186767 -2.6381179421373826 3.1686020654966933 11.41246702854679 -3.9138664596812216 1
Pedestrian 953 0 1.5602861209356433 1245.1329 896.1992 1277.9435 989.7981 1.6034995567055124 0.5900800697835276 0.5050303280094676 5.554354771564799 6.680092377057055 27.679926408280004 -4.524865593095269 1
Pedestrian 961 0 -2.1186740009426694 1800.3922 886.9503 1907.0378 1002.0844 0.9358718394014309 0.5428417945780757 0.8028030265409277 8.579443264421917 3.5301255887555842 14.400409611588564 -1.5813648992498415 1
Pedestrian 1440 1 -0.15265782311114617 0.0 913.1193 33.69337 1080.6735 1.9647050527623995 0.5982132087423438 0.5881821151135274 -12.43006631184939 5.783527483352081 19.395397991300893 -0.7225929958164472 1
Pedestrian 1468 1 -1.5094999711152324 1164.3302 925.4876 1194.2886 976.39777 1.237805167775231 0.786746697830194 0.6998433871411345 6.093873300390288 9.720395444329712 41.77856800736816 -1.3646601576458217 1
rider 965 0 -1.710514070040247 1284.0441 893.48126 1319.2563 965.92096 1.4037748739395737 0.6454100553485768 0.7294810857754124 7.339406590435123 7.2689184975181895 32.26629544810585 -1.4868560118725036 1
