bicycle 310 0 -2.4441688130130585 53.16001 807.17816 363.8084 1034.3145 1.3757480904645234 0.8442929652485709 1.882128626188287 -5.362547089400252 2.7556345354286242 10.693092778430671 -2.909012792156897 1
Cyclist 957 0 -1.703076454214093 1142.9196 883.80725 1184.6533 971.1865 1.4980558179773884 0.6454100553485768 1.9001361409116204 4.350371541194909 7.241499446202564 32.223368248410736 -1.5688811178117388 1
Cyclist 1308 0 -1.7640422019026083 1196.937 875.27325 1242.4794 968.6416 1.7125942408199153 0.6454100553485768 1.9708468489399833 5.816772352420611 7.528575601460519 33.74559036819375 -1.5933482262852756 1
bicycle 311 1 -3.0485933489419135 798.71075 909.18634 949.3224 1001.0106 1.1202069768821534 0.4558107269376116 1.9904238285579945 -1.1650430659524855 4.99763739116129 20.13388014364219 -3.1063937006529247 1
bicycle_rack 313 2 -3.049196768959827 793.0036 903.3136 941.3453 1012.8905 1.1907078020388504 1.7121608470184742 1.9904238285579945 -1.321029357884942 5.385472584303428 21.644462267363025 -3.1101542878271142 1
bicycle_rack 952 2 -3.0775460601916773 835.101 890.85583 982.13086 1008.35724 1.3153587867709509 2.617618216838439 2.2047103274989546 -0.788175977582575 5.851323716074216 24.162509280323405 -3.1101542878271142 1
moped_scooter 315 1 -3.0217331235225124 844.61426 912.73474 981.79114 997.91754 1.1202069768821534 0.602687446014097 2.0221390720389754 -0.7195165770554836 5.561524992025759 22.68571629408448 -3.0534392176667327 1
Pedestrian 316 0 3.0739504527771557 1440.945 894.73016 1559.9958 1042.1213 1.0286921969640874 0.7828417765099225 0.9044089717489737 4.583981761873483 3.4228952277775995 12.768918415698588 -2.8645689838762367 1
Pedestrian 954 0 1.6129229725511616 1038.9277 880.7848 1072.1799 975.1674 1.7399949331941138 0.6321288623352355 0.5242082923752365 1.8596316499902674 6.83063105475776 29.456917952327263 -4.607215445489343 1
Pedestrian 959 1 -0.024458605802004096 1869.6421 789.2564 1935.0 1002.8347 1.4793756781041754 0.6413187077340782 0.5409984779452306 7.248873640061107 2.778950718726887 11.410254083425626 0.5415093931143762 1
Pedestrian 955 2 2.926338918602188 1441.4963 896.12555 1522.5117 1025.9885 1.0053704959581138 0.6849651856967243 0.5573565961221764 4.6940247339329835 3.5232615977826187 13.50961695317705 -3.022437933344472 1
Pedestrian 1439 2 -1.482239285130797 59.682636 901.178 122.00831 1044.9156 1.7974383136290841 0.696399174628785 0.586754829061946 -12.041700084485193 5.698702197237404 20.703480112090126 -2.009039562681548 1
Pedestrian 317 1 -2.9289396858331527 597.5942 813.2651 676.7655 1038.2246 1.7282536099863035 0.6442348163420365 0.514289158946352 -2.6680489161645204 3.3245111846237685 12.350591827796716 -3.1416963047767004 1
Pedestrian 1441 2 -1.489024429447974 0.0 892.3951 0.0 1038.2847 1.6382029394696092 0.5518313950054791 0.46618233365797757 -12.4882429774509 4.985386936290838 18.373837810233084 -2.0859789938806186 1
Pedestrian 319 1 0.27912507426788125 513.5144 822.8765 600.38385 1025.2863 1.6302225864455901 0.6367067874522829 0.5754751089491227 -3.505369883412303 3.3938618047538984 12.99900338026098 0.015725960305852826 1
Pedestrian 320 2 1.6981841019786283 635.11334 828.20593 709.4826 1030.5652 1.6708364581828243 0.5822710399160165 0.5178052903949565 -2.540032001429861 3.500353781315251 13.180500027480656 1.507806577833458 1
Pedestrian 1442 2 -2.0918963942383444 0.0 929.2492 4.0143137 1028.266 1.1404827383305902 0.3816828582796593 0.3785093171428857 -12.505254189517737 5.070151310762714 19.053029326591552 -2.6727152466611166 1
rider 956 1 -1.5788319203872203 1138.6678 881.4889 1163.5514 949.64575 1.6389980345753214 0.6454100553485768 0.7520658186548922 5.007199717594943 8.482151897375426 39.47164899528613 -1.4526502927014606 1
rider 1309 0 -1.7679348485311308 1202.142 879.69617 1237.1962 959.48035 1.6483075993071916 0.6454100553485768 0.7423468298324962 5.8184923064065375 7.4546666981795795 33.69908939572209 -1.5969603305911448 1
bicycle 325 0 2.5855223408548587 350.15414 854.53326 660.0882 1078.1055 1.137418899811738 0.9702895701757964 1.911900394186767 -3.2465865369355034 2.9519112727695482 10.77851687162306 -3.9902285868443013 1
Cyclist 958 1 -1.5799398373371756 1138.7052 877.78503 1163.9791 956.9545 1.710187942062471 0.6454100553485768 1.9001361409116204 5.018983603718181 8.564946778174896 39.55460293323219 -1.4537268417959057 1
bicycle 312 2 -3.037346912783886 783.00195 918.75476 931.04095 1009.95575 1.1202069768821534 0.5321866208573668 1.9904238285579945 -1.4252462486154385 5.228987683765425 20.608932551802834 -3.1063937006529247 1
bicycle 328 1 2.5949434412688985 343.33075 852.44574 618.13074 1049.0264 1.137418899811738 0.9046708423391433 1.911900394186767 -3.8259296525309594 3.12246218560409 12.027746262770052 -3.9962130678597245 1
Pedestrian 953 0 1.5728218050721159 1100.6143 888.7153 1131.4972 979.31415 1.6034995567055124 0.5900800697835276 0.7068645322576601 3.0100189975109326 6.800686807076355 29.07797259886692 -4.607215445489343 1
Pedestrian 961 0 -2.083097733869586 1584.0325 880.11633 1674.1345 985.53424 0.9358718394014309 0.5428417945780757 0.8028030265409277 7.025725836932303 3.6977433943850833 15.758385608058498 -1.6637082662612448 1
Pedestrian 962 0 1.5576210595907716 1794.5005 835.6078 1871.5262 1009.12506 1.2294604905943853 0.5281946469358917 0.7826590709567076 7.107759943096466 3.016128064284407 12.209766334221744 -4.198382669303486 1
Pedestrian 1468 2 -1.5044451243833343 1032.7999 916.5433 1061.6311 965.1844 1.237805167775231 0.786746697830194 0.6998433871411345 2.4854673116765635 9.73966041005503 43.1988000651079 -1.4469729223570094 1
rider 965 0 -1.7041177842564361 1147.144 888.3526 1181.8037 960.61395 1.4037748739395737 0.6454100553485768 0.7294810857754124 4.3547498452422255 7.119670767487277 32.08009970140025 -1.569196339641993 1
