ride_other 1256 0 0.9003336301699121 195.46236 884.3402 398.81494 1108.1764 1.0738972571003964 0.6797851034021503 0.919548848722223 -3.9385776727283406 2.7040944186628884 8.88211966435593 0.482958675717863 1
bicycle 310 0 -2.4756470631898373 736.01697 831.17377 1060.455 1121.6398 1.3757480904645234 0.8442929652485709 1.882128626188287 -0.4116731350602579 2.773159925164193 9.239822168725887 -2.5201718441086554 1
bicycle 311 1 -3.1372614916371293 1522.5944 920.7908 1726.0498 1051.4938 1.1202069768821534 0.4558107269376116 1.9904238285579945 7.160996026742275 4.449408840156746 16.211841162921566 -2.7213195937588934 1
bicycle 312 2 -3.11971753275667 1494.3163 924.2849 1690.0646 1052.5087 1.1202069768821534 0.5321866208573668 1.9904238285579945 7.043363187686959 4.602130987073286 16.743625724767757 -2.7215291680357985 1
bicycle_rack 313 2 -3.122098301290089 1499.7845 919.1698 1691.7588 1070.0571 1.1907078020388504 1.7121608470184742 1.9904238285579945 7.468215487093435 4.89194889830336 17.621633682721956 -2.721236463187156 1
bicycle_rack 952 2 3.136671277181454 1544.5869 903.14185 1738.4034 1061.1815 1.3153587867709509 2.617618216838439 2.2047103274989546 9.005310772728617 5.320773154202337 19.882889207079405 -2.721236463187156 1
moped_scooter 315 1 -3.096871519466916 1561.108 928.446 1743.942 1047.9329 1.1202069768821534 0.602687446014097 2.0221390720389754 8.524262656995896 5.0180808642142285 18.471279377534547 -2.6645058410272506 1
Pedestrian 1439 1 -0.9352774476359842 735.0471 928.03 799.19446 1068.7308 1.7974383136290841 0.696399174628785 0.586754829061946 -2.771631710910484 6.214036343307724 21.363190642895844 -1.0642954455924594 1
Pedestrian 317 1 -2.9838665596459397 1310.3674 828.35284 1410.9965 1122.9464 1.7282536099863035 0.6442348163420365 0.5380135173675035 2.6061471080200933 3.107572157622028 9.734668302761733 -2.722282776740121 1
Pedestrian 1441 1 -1.4926601695414565 627.4108 933.99146 674.6891 1073.9073 1.6382029394696092 0.5518313950054791 0.46618233365797757 -3.926970236405045 5.610068359470146 18.950747785816635 -1.696988112053505 1
Pedestrian 1440 1 -0.13453022292983235 590.46045 917.43854 633.0931 1071.7384 1.9647050527623995 0.5466924740820645 0.5057489396570971 -4.839403690320775 6.081101932232655 20.697397872732026 -0.36422081015597385 1
Pedestrian 319 1 0.9937560232309992 1203.6077 834.8834 1374.1108 1123.4268 1.7197371917642417 0.8098280910274019 0.8448756276255898 2.227832630855421 3.2326213729221203 10.235685737787502 1.2080670387046544 1
Pedestrian 320 2 1.7586242429816394 1351.784 845.33875 1451.4418 1108.6123 1.6708364581828243 0.5822710399160165 0.5178052903949565 3.083938884013678 3.2666470594529304 10.462554915739762 -4.237918849569209 1
Pedestrian 1442 1 -2.093597250473515 653.28534 969.31537 694.02124 1067.9647 1.1404827383305902 0.3816828582796593 0.3785093171428857 -3.7368387409092896 5.676706879226602 19.428298528454114 -2.2836166838673053 1
rider 1445 1 -0.7650163129303361 319.28806 913.9807 385.4648 1056.9675 1.548400910945003 0.5434805515662995 0.4947691191925987 -7.2823410108934 5.072102539146711 17.89193647034861 -1.151558050070946 1
bicycle 1261 2 -2.1002235416372823 0.0 970.3799 0.0 1116.4072 1.123255237426647 0.6144494427886765 1.9187639305681097 -11.017752670439831 4.8239448445109385 15.348088626212697 -2.7228346577828697 1
bicycle 325 0 2.493097389134962 1055.9679 885.41595 1438.8424 1170.6952 1.137418899811738 0.9702895701757964 1.911900394186767 1.6039036274205767 2.748621969440721 8.38996938389016 -3.601197763792213 1
bicycle 1263 0 2.5345828837165674 0.0 952.2519 168.48425 1152.0245 1.1433452297566291 0.7240939779880871 1.7927836571222295 -7.778310213321091 4.133146593680172 12.692082067736933 -4.298415064835949 1
bicycle 328 1 2.5166338903797 1038.7866 888.6217 1363.6694 1130.1295 1.137418899811738 0.9046708423391433 1.911900394186767 1.558575543523602 2.994368541965415 9.696554705094572 -3.607179601029518 1
Cyclist 1443 2 -0.7514476898012179 226.4533 901.0354 420.49136 1090.3435 1.6341035622618818 0.5434805515662995 2.3545166527688792 -7.424227321106016 5.094546231827568 17.55454736805784 -1.151558050070946 1
Pedestrian 954 0 1.5339446758191269 1814.3495 886.20593 1866.2074 1018.4764 1.7399949331941138 0.6321288623352355 0.7631263253322622 12.968618840789548 5.68268821097255 22.078072913910383 -4.2181387432116555 1
Pedestrian 1267 1 0.9167789146121715 183.38217 817.016 350.85373 1097.7964 1.5805211308396523 0.7049626137274452 0.6710496308607915 -4.41315443546764 2.8644871122492868 9.526447027627489 0.482958675717863 1
Pedestrian 1260 1 0.9002870527720885 18.873695 915.71826 140.46419 1122.2715 1.640712314257727 0.7237968038207211 0.6195409453181734 -8.003981305001508 4.371431223161178 13.592792907103231 0.3681137880306109 1
Pedestrian 1468 0 -1.5533548954512804 1750.2347 922.8334 1787.923 983.2841 1.237805167775231 0.786746697830194 0.6998433871411345 19.462327517113234 8.514631067837914 36.02743153615456 -1.0580601588915513 1
rider 1444 2 -0.7463631913627284 289.3628 914.4723 350.0544 1059.1044 1.548400910945003 0.5434805515662995 0.3833556724806485 -7.480496537106451 4.980710561276505 17.43989183660735 -1.151558050070946 1
