ride_other 1256 0 0.8921988534134698 31.725307 880.07056 240.77434 1097.1232 1.0738972571003964 0.6797851034021503 0.919548848722223 -4.975904489153474 2.699357671157255 9.037280849845317 0.3888970040983324 1
bicycle 310 0 -2.458463922906625 572.9944 834.84296 883.5778 1106.3214 1.3757480904645234 0.8442929652485709 1.882128626188287 -1.524650251185198 2.857148733348485 9.713694108987637 -2.6141525459012973 1
Cyclist 957 2 -1.6083526365190293 1681.7502 905.7505 1720.202 998.79535 1.4980558179773884 0.6454100553485768 1.9001361409116204 15.373686618178278 7.527699140054954 31.107145957505065 -1.149341959030542 1
Cyclist 1308 0 -1.597962979325071 1726.0651 896.08435 1761.8778 993.73785 1.7125942408199153 0.6454100553485768 1.9708468489399833 17.237255184087797 7.875436759865319 32.957965226582765 -1.1160794240120655 1
bicycle 311 1 -3.115224634708632 1334.3313 934.59454 1515.3541 1053.3901 1.1202069768821534 0.4558107269376116 1.9904238285579945 5.388407815956896 4.839625079424284 17.425416530440952 -2.8153244229372896 1
bicycle 312 2 -3.101551983071779 1314.0905 937.0783 1489.3091 1053.9963 1.1202069768821534 0.5321866208573668 1.9904238285579945 5.278026584102783 4.985972413561532 17.94758942932906 -2.815535217813757 1
bicycle_rack 313 2 -3.1042951001084824 1318.4218 923.3642 1491.0997 1062.4841 1.1907078020388504 1.7121608470184742 1.9904238285579945 5.584217257634039 5.163941935032898 18.777853390171813 -2.815240807953776 1
bicycle_rack 952 2 -3.1288313170049173 1359.4534 907.85455 1533.4769 1054.4886 1.3153587867709509 2.617618216838439 2.2047103274989546 6.8608676563243485 5.619834773629312 21.15651506530705 -2.815240807953776 1
moped_scooter 315 1 -3.076214338661644 1371.3497 933.2469 1535.5492 1042.3749 1.1202069768821534 0.602687446014097 2.0221390720389754 6.48590148683111 5.322587519370728 19.72367880030734 -2.7585147329304887 1
Pedestrian 954 0 1.5541507793335771 1601.9744 900.99036 1645.6316 1019.2342 1.7399949331941138 0.6321288623352355 0.4924796489664928 10.623213101766074 6.233707073013067 23.99032298987501 -4.312173843667415 1
Pedestrian 1439 2 -0.9271849913422767 576.69977 916.90173 641.6434 1055.5983 1.7974383136290841 0.696399174628785 0.586754829061946 -5.061241182151184 6.076911530434444 21.508385846960444 -1.1582952412099496 1
Pedestrian 317 0 -3.047771684025026 1139.3922 831.16254 1225.8525 1103.7843 1.7282536099863035 0.6442348163420365 0.5380135173675035 1.550678855371182 3.2185842775281426 10.428064439897188 -2.9001509632168583 1
Pedestrian 1441 1 -1.4856114216829883 465.12424 940.2499 513.7661 1080.8163 1.6382029394696092 0.5518313950054791 0.46618233365797757 -5.992237540083287 5.707020975497997 19.00738202766719 -1.7910073368048516 1
Pedestrian 1440 1 -0.17667969642278641 418.00745 903.9019 469.242 1058.9106 1.9647050527623995 0.5054758863538507 0.5881821151135291 -7.142194564815454 5.881489010943599 20.62977212057071 -0.5099724607236906 1
Pedestrian 319 1 1.0200692211999636 1032.0065 835.5817 1175.3744 1104.0062 1.7197371917642417 0.6996599887523265 0.8606139279505999 1.0335983001387496 3.341378188069201 10.970082317013931 1.1140116290734854 1
Pedestrian 320 2 1.6350108994225172 1172.5881 855.479 1255.2837 1097.0693 1.6708364581828243 0.5822710399160165 0.5178052903949565 1.9092665124622927 3.4577546501750756 11.270321008524038 -4.480361061135739 1
Pedestrian 1442 1 -2.0906657679783813 499.0048 975.1836 540.7445 1074.181 1.1404827383305902 0.3816828582796593 0.3785093171428857 -5.725575956869028 5.747247529034937 19.398744204427864 -2.3776688389544574 1
rider 956 2 -1.6125254906700386 1678.0542 898.70465 1707.7461 971.09106 1.6389980345753214 0.6454100553485768 0.7520658186548922 18.54713399344095 8.668728251672203 37.92050757216297 -1.157631294994353 1
rider 1309 0 -1.5987177988824515 1726.3645 900.4437 1760.4954 984.46106 1.6483075993071916 0.6454100553485768 0.7423468298324962 17.2177868599284 7.803442398896006 32.930415331529765 -1.1169548939925418 1
bicycle 325 0 2.5301994991232233 870.57794 879.3438 1221.4641 1145.308 1.137418899811738 0.9702895701757964 1.911900394186767 0.5241027957011526 2.8350321903575044 9.062105909994187 -3.695215613682482 1
Cyclist 958 2 -1.6136924773209436 1677.3203 895.049 1709.289 979.1115 1.710187942062471 0.6454100553485768 1.9001361409116204 18.516913233980656 8.728321687718722 37.85003417223161 -1.1587077152197234 1
bicycle 1263 2 2.52690022919262 0.0 943.1643 0.0 1145.1578 1.1433452297566291 0.7240939779880871 1.7927836571222295 -9.21000297710667 4.0025246532457 12.469842759110053 -4.392438610005689 1
bicycle 328 1 2.550121537422894 856.8034 885.3608 1157.4963 1112.826 1.137418899811738 0.9046708423391433 1.911900394186767 0.3317974784856611 3.105470987039954 10.408838175737516 -3.701198045628781 1
Pedestrian 953 0 1.51413246791987 1674.7323 901.5348 1718.7566 1014.1041 1.6034995567055124 0.5900800697835276 0.5571708307735894 11.5517579290529 6.01933616164409 23.499833875389236 -4.312173843667415 1
Pedestrian 1267 1 0.9316213389250625 0.0 817.792 154.56319 1097.0487 1.5805211308396523 0.746408839812345 0.7953883091155064 -5.817574306892362 2.888659588878295 9.645496420071234 0.3888970040983324 1
Pedestrian 1468 0 -1.541474221647114 1557.856 934.3008 1591.9431 991.1424 1.237805167775231 0.786746697830194 0.6998433871411345 15.703753652595736 9.254313038372127 38.267130465390245 -1.1520586828363297 1
rider 965 2 -1.6062700601940776 1682.5956 910.1444 1718.6936 987.5626 1.4037748739395737 0.6454100553485768 0.7294810857754124 15.325556257667147 7.4072343263336435 31.009127082447996 -1.1472512897285931 1
