ride_other 1256 0 0.910662977899998 0.0 876.3372 85.50626 1090.9508 1.0738972571003964 0.6797851034021503 0.919548848722223 -5.949315925355899 2.6755419590933043 9.055575761339865 0.32939779517506884 1
bicycle 310 0 -2.449278664802464 467.56775 834.8816 774.012 1096.5507 1.3757480904645234 0.8442929652485709 1.882128626188287 -2.2702292400229935 2.8853573116898605 9.949820984743758 -2.673606256977063 1
bicycle 325 0 2.5480655508798464 761.43286 884.4066 1097.1274 1141.2634 1.137418899811738 0.9702895701757964 1.911900394186767 -0.18565154591840508 2.9472152444589197 9.482370728854576 -3.754695855491126 1
Cyclist 957 1 -1.6268929981777611 1561.4688 907.8433 1599.7941 999.19543 1.4980558179773884 0.6454100553485768 1.9001361409116204 13.133484851398142 7.693651663487433 31.742398853253317 -1.2345878455680965 1
Cyclist 1308 0 -1.5927444033390992 1607.8059 902.19946 1641.3552 998.44336 1.7125942408199153 0.6454100553485768 1.9708468489399833 14.892097246787086 8.134931350815668 33.60128202416666 -1.1755595036061197 1
bicycle 311 1 -3.098587445367437 1216.4417 934.52734 1387.701 1047.0127 1.1202069768821534 0.4558107269376116 1.9904238285579945 4.103759064354593 4.953079494293747 18.029915854930273 -2.8747917466867685 1
bicycle 312 2 -3.0856363270763083 1197.8365 937.168 1364.2332 1048.1227 1.1202069768821534 0.5321866208573668 1.9904238285579945 3.963482440136823 5.099492214430783 18.537888846918793 -2.875003210344195 1
bicycle_rack 313 2 -3.0819456705883095 1191.0242 918.2384 1355.6088 1050.2576 1.1907078020388504 1.7121608470184742 1.9904238285579945 4.081546512041681 5.21196034086011 19.412229303270983 -2.874707866259884 1
bicycle_rack 952 2 -3.1147369993811616 1243.4393 910.8722 1408.2007 1051.5441 1.3153587867709509 2.617618216838439 2.2047103274989546 5.348158527107966 5.791047980733047 21.851731940159514 -2.874707866259884 1
moped_scooter 315 1 -3.0624699169757528 1256.4044 936.6048 1412.5825 1040.558 1.1202069768821534 0.602687446014097 2.0221390720389754 5.080336902891513 5.491359913107585 20.364025172162634 -2.8179844282656354 1
Pedestrian 953 0 1.5293372635057132 1542.6606 910.5187 1582.6361 1017.2095 1.6034995567055124 0.5900800697835276 0.5085169795041281 9.898081644770402 6.371329574569042 24.625250333625992 -4.371663082195674 1
Pedestrian 954 0 1.56590783428119 1479.749 902.67694 1520.1427 1018.19684 1.7399949331941138 0.6321288623352355 0.7658791886690269 9.086449684832266 6.514107556201035 25.23548113349209 -4.371663082195674 1
Pedestrian 1439 2 -0.9288057554075284 483.42474 928.8928 549.5112 1067.9052 1.7974383136290841 0.696399174628785 0.586754829061946 -6.380339632148467 6.240784058448372 21.462724551970243 -1.2177610293470216 1
Pedestrian 317 0 -3.1324844778303462 1022.34186 838.7993 1099.6539 1101.2401 1.7282536099863035 0.6442348163420365 0.5377938473821178 0.7191208718922147 3.3142353878430644 10.74653030820089 -3.0656675276357452 1
Pedestrian 1441 1 -1.483859550314998 361.75888 935.7331 411.52234 1076.6896 1.6382029394696092 0.5518313950054791 0.46618233365797757 -7.2975056666143665 5.650762140096737 19.004620266451262 -1.8504848777971676 1
Pedestrian 1440 1 -0.16417129891927995 292.7334 920.51385 346.88983 1079.8452 1.9647050527623995 0.5982132087423438 0.5881821151135291 -8.74090106646414 6.073319902266123 20.374143633506538 -0.5694414073748666 1
Pedestrian 319 1 0.889176013397358 917.7429 846.53766 1053.0314 1096.1816 1.660060788218474 0.6367067874522829 0.8550283395820947 0.1778976515403176 3.4320893857852983 11.42344326488373 0.9047477870124636 1
Pedestrian 320 2 1.651741779700834 1058.2032 848.54755 1137.6858 1078.5859 1.6708364581828243 0.5822710399160165 0.5178052903949565 1.0802251372592433 3.4752309553193195 11.760219161516735 -4.539846390645785 1
Pedestrian 1442 1 -2.0875887371588284 394.7857 971.5629 437.36774 1070.4458 1.1404827383305902 0.3816828582796593 0.3785093171428857 -7.070494995087247 5.698640315415319 19.395217659929 -2.4371649998913774 1
rider 956 2 -1.60569769871136 1559.5852 906.3726 1587.7831 977.73895 1.6389980345753214 0.6454100553485768 0.7520658186548922 15.751047459058947 8.967939163998288 38.473704770834985 -1.2171161732458473 1
rider 1309 0 -1.593724396496989 1608.2693 907.08325 1640.6865 989.8643 1.6483075993071916 0.6454100553485768 0.7423468298324962 14.818396844910557 8.043600733986175 33.425560728799866 -1.1764349955915643 1
Cyclist 958 2 -1.60665822035309 1558.753 902.68524 1588.6473 985.5934 1.710187942062471 0.6454100553485768 1.9001361409116204 15.786268256565279 9.061505781672192 38.57248800540908 -1.218192622366222 1
bicycle 328 1 2.564058894052628 751.64435 880.52435 1041.5573 1100.0139 1.137418899811738 0.9046708423391433 1.911900394186767 -0.44997959231092133 3.1452467181642914 10.823009351876335 -3.760678681167509 1
Pedestrian 1267 1 0.9267207822960254 0.0 813.6305 42.302322 1090.8678 1.5805211308396523 0.746408839812345 0.7953883091155064 -6.573161009955753 2.860882998278981 9.663371947080924 0.32939779517506884 1
Pedestrian 1468 0 -1.5327846379543206 1442.61 935.516 1475.1311 990.5062 1.237805167775231 0.786746697830194 0.6998433871411345 13.109046182122068 9.516463053261106 39.391407644046446 -1.2115236287448126 1
rider 965 1 -1.6192240735273293 1563.2466 910.2012 1598.1339 985.9976 1.4037748739395737 0.6454100553485768 0.7294810857754124 13.063958604728285 7.509768492512827 31.553225275275704 -1.226682311467271 1
