ride_other 1256 0 0.9001466715675648 247.8015 885.1565 450.4806 1111.9165 1.0738972571003964 0.6797851034021503 0.919548848722223 -3.597713040404761 2.6963591604035693 8.801153077220544 0.5120964910926724 1
bicycle 1261 1 -2.0967456940546603 0.0 979.8914 32.976643 1126.8998 1.123255237426647 0.6144494427886765 1.9187639305681097 -10.510190655987685 4.958191231548545 15.462827849051603 -2.693721895273456 1
bicycle 310 0 -2.483324954375242 788.91034 830.25995 1118.9904 1127.0411 1.3757480904645234 0.8442929652485709 1.882128626188287 -0.07033859936710687 2.748669349876517 9.091821145564216 -2.4910612697917918 1
bicycle 311 1 3.139778657594118 1583.2462 925.4589 1794.4502 1060.527 1.1202069768821534 0.4558107269376116 1.9904238285579945 7.6936872007701 4.439603033449822 15.878233754556161 -2.6922009188983616 1
bicycle 312 2 -3.1269426891524708 1556.559 916.5494 1758.7231 1047.3126 1.1202069768821534 0.5321866208573668 1.9904238285579945 7.648686960621425 4.465248581596362 16.48003170633859 -2.692410075870172 1
bicycle_rack 313 2 -3.1349140815529837 1572.4689 912.70496 1772.481 1066.8422 1.1907078020388504 1.7121608470184742 1.9904238285579945 8.180066358415337 4.742192327715555 17.250213218919594 -2.692117953928677 1
bicycle_rack 952 2 3.1270742144383505 1613.3229 899.55304 1814.7141 1060.7974 1.3153587867709509 2.617618216838439 2.2047103274989546 9.76077939320766 5.202050779540905 19.50470722984355 -2.692117953928677 1
moped_scooter 315 1 -3.1060930325301386 1628.4888 924.48047 1819.2524 1047.4673 1.1202069768821534 0.602687446014097 2.0221390720389754 9.183488659931143 4.88659864627631 18.04732700341566 -2.6353858361129188 1
Pedestrian 1439 1 -0.9433406895895122 791.4129 930.96967 855.4503 1072.3809 1.7974383136290841 0.696399174628785 0.586754829061946 -1.9616649973613398 6.24484184813572 21.29990315012668 -1.0351789861077225 1
Pedestrian 317 1 -3.002353379905574 1386.3237 823.8981 1489.7191 1127.5859 1.7282536099863035 0.6442348163420365 0.5380135173675035 3.018846978627125 3.040005688802563 9.45070585770665 -2.6931668058366434 1
Pedestrian 1441 1 -1.4956933323888608 677.413 928.32324 724.384 1068.0442 1.6382029394696092 0.5518313950054791 0.46618233365797757 -3.2894820602116623 5.528839899560619 18.91661630894923 -1.6678654563687958 1
Pedestrian 1440 2 0.023241745498138094 664.4518 921.3015 696.2256 1072.7614 1.9647050527623995 0.5363883271500032 0.4233157642006589 -3.916933658866406 6.159941958292309 20.867550007429923 -0.16230378052494454 1
Pedestrian 319 1 0.9812335489872281 1266.107 834.00726 1443.9607 1130.986 1.7197371917642417 0.8098280910274019 0.8448756276255898 2.601507461813051 3.1840664004560826 9.940478810065262 1.2372012273447206 1
Pedestrian 320 2 1.743130000269752 1423.1694 839.98004 1527.1685 1113.6718 1.6708364581828243 0.5822710399160165 0.5178052903949565 3.4647985472286202 3.172543812299919 10.074036328196375 -4.20879513349796 1
Pedestrian 1442 1 -2.0954195746507205 701.1255 963.4468 741.67206 1061.9348 1.1404827383305902 0.3816828582796593 0.3785093171428857 -3.115664214557756 5.59784523736398 19.422085275360622 -2.2544829858636355 1
rider 1444 1 -0.7621626490395095 368.55396 924.2908 427.11362 1066.407 1.548400910945003 0.5434805515662995 0.3833556724806485 -6.708431898543207 5.1718015369382275 17.808251970286484 -1.1224260134464061 1
bicycle 325 0 2.4791166776952234 1119.2952 886.27576 1511.8439 1175.5575 1.137418899811738 0.9702895701757964 1.911900394186767 1.946050438529456 2.723947235881897 8.237415758906561 -3.572076906001409 1
bicycle 1263 0 2.534699154590565 0.0 952.3487 224.47812 1150.682 1.1433452297566291 0.7240939779880871 1.7927836571222295 -7.326836493146035 4.151412825238701 12.772719298876432 -4.269291499318762 1
bicycle 328 1 2.516214217369376 1079.558 889.51086 1415.0378 1136.6938 1.137418899811738 0.9046708423391433 1.911900394186767 1.8045500431550276 2.951532917404265 9.43839970935472 -3.578058566728889 1
Cyclist 1443 2 -0.7676815244256201 310.11993 910.3327 494.82605 1096.3239 1.6341035622618818 0.5434805515662995 2.3545166527688792 -6.64360200545837 5.282403963521431 17.93558667279829 -1.1224260134464061 1
Pedestrian 1267 1 0.9163820089171768 232.97133 828.1395 407.5848 1114.4823 1.5805211308396523 0.7049626137274452 0.7456528378136204 -4.0389390443897595 2.9300637325464955 9.439993851462884 0.5120964910926724 1
Pedestrian 1260 1 0.9003467544291676 77.91012 915.91486 196.74878 1121.4037 1.640712314257727 0.7237968038207211 0.6195409453181734 -7.5279254153510555 4.390860200547918 13.67871807125149 0.3972436829010302 1
Pedestrian 1468 0 -1.5598944580972285 1819.8075 917.5741 1858.8915 979.32214 1.237805167775231 0.786746697830194 0.6998433871411345 20.696299686047244 8.234192265841346 35.24607989057948 -1.0289440768008729 1
rider 1445 2 -0.7779472607097159 392.4916 923.0002 456.5822 1064.0841 1.548400910945003 0.5434805515662995 0.4947691191925987 -6.527521515071467 5.2429749419641 18.193453296729036 -1.1224260134464061 1
