ride_other 1256 0 0.7610569632724934 1103.3696 910.80505 1368.8602 1215.0 1.0738972571003964 0.6797851034021503 0.9026522741780653 1.1671665465766243 2.411241153951954 6.430144277090842 0.940616803022361 1
bicycle 310 1 -2.678065848606997 1722.7744 819.7953 1935.0 1215.0 1.3757480904645234 0.8442929652485709 1.882128626188287 4.074439708487349 2.2615184608460934 5.767700958762985 -2.0630417831504264 1
Pedestrian 1258 1 -1.685771568429883 417.95493 954.75183 498.63962 1163.7228 1.7777653844658208 0.6782779746586501 0.4017323885849248 -4.735832059107951 4.954828045206622 14.077784106402854 -2.010283757776812 1
Pedestrian 1259 1 -3.035280136849831 466.58572 964.4254 520.0544 1150.2588 1.6176789464754582 0.652201965401097 0.43474331258233095 -4.5946382278421245 5.038332096721859 14.704107144727619 -3.3381405159707462 1
Pedestrian 1439 0 -1.0427619545048272 1616.1282 941.98474 1699.309 1113.5879 1.7974383136290841 0.696399174628785 0.586754829061946 8.282909298261975 5.666236464035735 17.792854904100707 -0.6070777619002748 1
Pedestrian 1441 0 -1.5661752014952919 1440.0857 947.15216 1495.364 1116.229 1.6382029394696092 0.5518313950054791 0.46618233365797757 5.411932139947114 5.1489872448814 15.982085481378542 -1.2396698187734472 1
Pedestrian 1440 1 0.29296460873867464 1474.3815 936.8444 1541.1343 1120.7681 1.9647050527623995 0.6392213342246006 0.5899131157526791 6.533833148511456 5.783639791532747 17.875161040545144 0.6434034010543437 1
Pedestrian 1442 1 -2.1663466700277265 1465.348 989.80316 1516.5017 1105.835 1.1404827383305902 0.3816828582796593 0.3785093171428857 5.8008911096321345 5.195074025901427 16.385275133748884 -1.8260855120904989 1
rider 1445 1 -0.9826025269203637 1375.8785 943.811 1434.356 1077.8849 1.548400910945003 0.5434805515662995 0.4947691191925987 5.752221914605647 5.760535588344663 19.384582906634535 -0.6941373014926825 1
bicycle 1261 1 -2.0998856122398974 641.2049 992.01556 785.8757 1151.8909 1.123255237426647 0.6144494427886765 1.9187639305681097 -2.6316204847934697 5.213586993449854 15.728392949400602 -2.2656665442985844 1
Cyclist 1262 1 -1.8045452359477279 581.0291 947.69293 696.8414 1175.7933 1.6857044470563771 0.6918720295898337 2.0178922081723383 -3.2860445831997933 5.175618212783937 15.108993331300768 -2.0186995037046502 1
bicycle 1263 0 2.5175410551092465 728.3797 986.09894 962.21735 1193.8953 1.1433452297566291 0.7240939779880871 1.7927836571222295 -0.9111778134610387 4.260608694086632 12.052075406645205 -3.8411040922602755 1
Cyclist 1443 2 -0.9819694685780698 1331.0778 934.0395 1472.9556 1099.209 1.6341035622618818 0.5434805515662995 2.3545166527688792 5.731118700253913 5.83473408194561 19.358393159667017 -0.6941373014926825 1
Pedestrian 1264 0 1.2119815932827553 613.6253 944.3651 745.87286 1207.2385 1.5911528237627028 0.7009727758243993 0.8233304815653822 -2.0562751349899537 4.0300830736039135 10.883113846134188 1.025241173274519 1
Pedestrian 1265 1 -1.5751310954421986 292.2819 965.2762 352.42148 1163.5085 1.706179184844332 0.5280033370815465 0.597457715845025 -6.2163824115690405 5.10454462819359 14.551833420900774 -1.9788543396765972 1
Pedestrian 1266 1 -1.5831513767967222 354.2798 982.0064 414.78015 1150.282 1.4933609759852264 0.5517507573572156 0.4098215090378448 -5.710960635976311 5.098998878321287 14.80659286211055 -1.951273108780843 1
Pedestrian 1267 0 0.8241487683161808 1034.4438 823.7722 1240.9968 1208.4843 1.5962371329572849 0.6629179134952518 0.739583181986563 0.8435385560284722 2.6207569747119543 7.20988346431434 0.940616803022361 1
Pedestrian 1260 1 0.8808125321393774 823.18726 950.89404 934.0079 1173.6204 1.640712314257727 0.7237968038207211 0.6195409453181734 -0.7110801203626774 4.550311513525131 12.874287648440754 0.8256360145912103 1
Pedestrian 1268 2 3.006523734806575 425.9866 957.50305 468.0154 1135.4037 1.7256127313906706 0.5127874351812319 0.3586798949983996 -5.495110339017659 5.347118412834884 15.973368219651034 -3.6079964207062787 1
Pedestrian 1790 1 0.5081593874304091 1653.3849 980.42035 1734.2858 1099.1237 1.2252226518666145 0.6002540250721022 0.7028250115306561 9.13271613547854 5.768335329520623 18.650188503797054 0.9635209357550458 1
Pedestrian 1269 1 0.7347888835962243 1176.0881 981.0519 1236.9281 1162.9755 0.8151441891176379 0.21836227849099268 0.20463987562267333 1.217944881434747 2.6195832336590854 7.428609287809743 0.8972963561003438 1
rider 1270 1 -1.7996534134241575 592.0901 959.85956 675.9317 1152.6415 1.6898381770006763 0.6907927947213343 0.7003107052552419 -3.3283693302103385 5.195810927235489 15.187995019504907 -2.0153878026703405 1
rider 1444 2 -0.9701406432144549 1357.9006 942.9268 1412.0182 1077.5352 1.548400910945003 0.5434805515662995 0.3833556724806485 5.409790946974647 5.6808015045573335 19.100201633463293 -0.6941373014926825 1
