ride_other 1256 0 0.8845631935454217 496.5859 887.7128 700.6442 1132.2266 1.0738972571003964 0.6797851034021503 0.9026522741780653 -2.0077311710125376 2.6243254948143466 8.278976082302423 0.6466466488745217 1
bicycle 310 0 -2.5092009070186245 1012.95734 823.6842 1386.1201 1161.1687 1.3757480904645234 0.8442929652485709 1.882128626188287 1.260009697667753 2.593248575060654 8.19539138771212 -2.356649292681782 1
Pedestrian 1259 1 -3.027904674927069 0.0 942.87115 0.0 1137.537 1.6176789464754582 0.652201965401097 0.43474331258233095 -9.721334760302353 4.696856633392771 14.091638195156884 -3.6317965160284715 1
Pedestrian 1439 1 -0.9547351558159529 1009.429 909.3598 1074.7255 1053.8062 1.7974383136290841 0.696399174628785 0.586754829061946 1.12487054871573 5.8412339070062185 20.812642796303056 -0.9007402269471207 1
Pedestrian 1441 1 -1.5029743052927969 891.7657 938.2997 939.1832 1081.8525 1.6382029394696092 0.5518313950054791 0.46618233365797757 -0.5590859045390902 5.5392553486126515 18.371405089099852 -1.5333973133375984 1
Pedestrian 317 1 -2.9365008945278723 1692.5015 809.0995 1844.8204 1163.2493 1.7282536099863035 0.6442348163420365 0.6170947121047241 4.432817828112794 2.7938692030083603 8.206120130404969 -2.441224897071694 1
Pedestrian 319 1 1.5350460639734465 1591.8895 812.37213 1753.7239 1148.6124 1.7197371917642417 0.8098280910274019 0.5742576954214103 4.045063219247844 2.844107560286774 8.545126631924862 -4.306016266823832 1
Pedestrian 1440 2 0.18875948056142122 912.20886 913.5955 971.2726 1071.1625 1.9647050527623995 0.6600380903346711 0.6958545022852456 -0.26183263697978254 5.986418712190233 20.44671401936284 0.17595457088006605 1
Pedestrian 320 2 1.7023249632682171 1728.196 821.39795 1853.2871 1135.2408 1.6708364581828243 0.5822710399160165 0.5178052903949565 4.893791878352165 2.8799503805479922 8.820523255510764 -4.074325029697457 1
Pedestrian 1442 1 -2.111964175275649 928.7159 973.94366 970.0519 1075.2766 1.1404827383305902 0.3816828582796593 0.3785093171428857 -0.15102983843623197 5.610542466175356 18.890592566216007 -2.1199589811614734 1
bicycle 1261 1 -2.0867369913368843 119.76695 973.0286 276.5055 1120.519 1.123255237426647 0.6144494427886765 1.9187639305681097 -8.115377451020592 5.001458829840994 15.875348285866002 -2.559299378372119 1
Cyclist 1262 1 -1.7998607794514982 57.20513 922.9375 185.93 1142.5647 1.6857044470563771 0.6918720295898337 2.0178922081723383 -8.505614689790733 4.891687621143856 15.108934548116215 -2.312594023422472 1
bicycle 325 0 2.4255387830104027 1395.5342 886.7166 1875.2628 1215.0 1.137418899811738 0.9702895701757972 1.911900394186767 3.1724287115167575 2.511145657773505 7.103541398750538 -3.4376251467208414 1
bicycle 1263 0 2.5440824445589203 211.79292 955.54376 450.9548 1152.2782 1.1433452297566291 0.7240939779880871 1.7927836571222295 -5.359204654720103 4.189485328170054 12.828555542162453 -4.134821720027981 1
bicycle 328 1 2.467898974047766 1351.665 887.3362 1743.596 1156.4722 1.137418899811738 0.9046708423391433 1.911900394186767 3.2872016881341852 2.743032955937105 8.433101225836134 -3.443606046273265 1
Cyclist 1443 2 -0.8212862218777779 626.41925 916.65076 786.08716 1089.9185 1.6341035622618818 0.5434805515662995 2.3545166527688792 -3.204086442323447 5.571564528535328 19.05007632177709 -0.9879194563786238 1
Pedestrian 1264 0 1.2557229579697013 36.22811 928.9175 155.33691 1156.6835 1.5911528237627028 0.7009727758243912 0.5312553244050893 -6.973677886987517 4.131069099829551 12.05547005405286 0.7312878912984662 1
Pedestrian 1258 2 -1.613427365671893 0.0 933.2235 0.0 1150.0585 1.7777653844658208 0.6782779746586501 0.4017323885849248 -9.61604125154868 4.6711671106086605 13.667751984630613 -2.226536526094331 1
Pedestrian 1267 1 0.912855669135764 467.47287 814.5773 638.69293 1115.8116 1.5805211308396523 0.6718056328595307 0.7496316755177791 -2.443873296272429 2.7799341245909477 8.962387929359844 0.6466466488745217 1
Pedestrian 1260 1 0.9057256942755343 317.96014 923.9404 429.56744 1130.5377 1.640712314257727 0.7237968038207211 0.6195409453181734 -5.377617071668853 4.474667055490734 13.70311548538622 0.5317556225595941 1
rider 1270 2 -1.7973087968880137 73.69525 932.7115 168.28587 1126.9432 1.6898381770006763 0.6907927947213343 0.7003107052552419 -8.462752733712605 4.8907981286324995 15.059863986283156 -2.309273399021735 1
rider 1444 2 -0.8067651948829456 660.633 928.31854 714.05524 1064.33 1.548400910945003 0.5434805515662995 0.3833556724806485 -3.428043564003494 5.408570351973284 18.71588348159299 -0.9879194563786242 1
rider 1445 2 -0.8257042504787568 687.39795 927.8486 745.498 1062.403 1.548400910945003 0.5434805515662995 0.4947691191925987 -3.1370643880958147 5.503801251233137 19.168979748121526 -0.9879194563786242 1
