Cyclist 1262 0 -1.918688127699971 983.9305 933.40894 1130.7543 1184.7306 1.6857044470563771 0.6918720295898337 2.0178922081723383 0.8381943771165472 4.734387380962691 13.712416834433169 -1.857637420243626 1
bicycle 1257 1 -3.02680210591209 1604.2698 971.6738 1789.8397 1124.134 1.3468537247597012 0.7865084700079347 1.9187639305681097 8.808143814689206 5.700709352311813 17.926172974578588 -2.5700930767117782 1
Pedestrian 1264 1 1.0987787123344588 1136.0569 941.86224 1309.9753 1215.0 1.5796820667590494 0.7367854582315124 0.6810114444702227 1.4637217575886168 3.45948655171167 8.434830029530973 1.2706006627829423 1
Pedestrian 1258 1 -1.603624862426719 806.04926 957.1278 885.0112 1175.5424 1.7777653844658208 0.6782779746586501 0.4017323885849248 -1.020505181335711 4.747425561379469 13.130263282651736 -1.6811905393129951 1
Pedestrian 1259 0 -2.977501545647097 866.089 956.1114 923.6891 1151.4373 1.6176789464754582 0.652201965401097 0.43474331258233095 -0.6122393998066583 4.778481719332406 13.921518779400923 -3.021451143739779 1
Pedestrian 1260 1 0.35106601969223833 1282.625 953.47595 1399.938 1195.7648 1.534355367289638 0.5861179945922467 0.682728887993972 2.8184238954319367 4.065175012441259 11.083908577276759 0.6000694897367937 1
rider 1270 0 -1.9166665221167665 1002.09357 946.6866 1098.5236 1156.8069 1.6898381770006763 0.6907927947213343 0.7003107052552419 0.8132585490679751 4.750125620401289 13.788581924072055 -1.8577541925452625 1
bicycle 1261 1 -2.1206620347415344 1036.3044 988.38116 1194.7291 1166.2377 1.123255237426647 0.6144494427886765 1.9187639305681097 1.4588722270305539 4.89480390659961 14.51954539480847 -2.0205216820818834 1
bicycle 1263 1 2.460892076145339 1166.8966 1001.9629 1442.7278 1215.0 1.1433452297566291 0.7240939779880871 1.7927836571222295 2.3694625102969735 3.91837512265717 10.28722272501737 -3.5959108455409594 1
Pedestrian 1265 1 -1.5752092973844412 693.2692 945.3676 751.81006 1148.6484 1.706179184844332 0.5280033370815465 0.597457715845025 -2.2280362021388576 4.768718315714971 13.953664671036057 -1.7335465933073002 1
Pedestrian 1266 1 -1.5900274965331636 757.515 968.6598 817.2793 1140.3651 1.4933609759852264 0.5517507573572156 0.3549966505774886 -1.6389218111769905 4.777210001792412 14.072600539888652 -1.7059671026703707 1
Pedestrian 1267 1 0.6180795502841039 1741.7249 772.50586 1935.0 1215.0 1.6475306766830622 0.7475493259339611 0.6122164975751498 2.9426791103582595 2.144528375887517 4.611184746212366 1.1860871561644202 1
Pedestrian 1268 2 2.988345560447403 837.99744 947.8606 881.4718 1136.9797 1.7256127313906706 0.5127874351812319 0.3586798949983996 -1.016333998244219 5.011074531327514 14.923636009910192 -3.3628370584409 1
