ride_other 1256 0 0.6971549916455493 1330.1737 913.9466 1645.9142 1215.0 1.0738972571003964 0.6797851034021503 0.9026522741780653 1.9739713571914048 2.2779842484951787 5.667846888962949 1.0322925487654664 1
bicycle 1257 2 -2.9944813039567255 1298.7736 961.9577 1454.3436 1092.2234 1.3468537247597012 0.7865084700079347 1.9187639305681097 5.576184618433963 6.042724599954973 20.085765007806796 -2.7236821122229182 1
Pedestrian 1258 1 -1.6842693827078676 564.6044 951.74316 644.07355 1161.6373 1.7777653844658208 0.6782779746586501 0.4017323885849248 -3.324083552223196 4.8864181952149535 13.918989189455605 -1.918694970571884 1
Pedestrian 1259 0 -3.0358897024224576 614.6637 962.16974 666.9964 1147.6476 1.6176789464754582 0.652201965401097 0.43474331258233095 -3.1335708343826627 5.00051161231244 14.652361672413551 -3.2465770700543475 1
Pedestrian 1439 1 -1.0623111569493497 1825.0474 942.63354 1919.001 1125.9814 1.7974383136290841 0.696399174628785 0.586754829061946 10.140836963870113 5.432143033897208 16.65957964121815 -0.5155125373879017 1
Pedestrian 1440 2 0.28217231139631443 1654.2544 936.9542 1723.3555 1132.589 1.9647050527623995 0.5673007679461749 0.5572696743173627 8.116780789031333 5.52887569108529 16.683209859606 0.7349810587005394 1
Pedestrian 1441 0 -1.5877498777436743 1634.3242 954.358 1696.4281 1137.1815 1.6382029394696092 0.5518313950054791 0.46618233365797757 7.00857867622531 4.992568564678306 14.900112713863042 -1.148085282830424 1
Pedestrian 1442 1 -2.1910014898346115 1666.9941 1002.8851 1725.1775 1127.7538 1.1404827383305902 0.3816828582796593 0.3785093171428857 7.463346347159688 5.0362518889206855 15.195324621800497 -1.734450289387971 1
bicycle 1261 1 -2.1079103697141828 791.41034 987.6895 938.7471 1152.7349 1.123255237426647 0.6144494427886765 1.9187639305681097 -1.0197244393258473 5.088683500805846 15.381537690876325 -2.1741088516666416 1
Cyclist 1262 0 -1.814131783877919 735.81287 937.0529 854.156 1169.6013 1.6857044470563771 0.6918720295898337 2.0178922081723383 -1.6748909989435563 4.991109588882579 14.769153467358127 -1.9270540212500524 1
bicycle 1263 0 2.4973724995101265 892.00287 988.0489 1134.6013 1202.3823 1.1433452297566291 0.7240939779880871 1.7927836571222295 0.4185234157824784 4.139409047258171 11.5286565722438 -3.7495258646752996 1
Cyclist 1443 2 -1.022723459808224 1552.7114 932.87683 1702.5552 1102.9083 1.6341035622618818 0.5434805515662995 2.3545166527688792 8.261776628542895 5.62580681717971 18.491502709376743 -0.6025440638578092 1
Pedestrian 1264 0 1.1891088051125411 790.65424 940.492 916.78217 1209.1138 1.5911528237627028 0.7009727758244004 0.5606946458014028 -0.7389549483713522 3.832907299633507 10.217033463696174 1.1169087399707491 1
Pedestrian 1265 1 -1.5718809812112589 444.04044 957.6344 502.46722 1155.3969 1.706179184844332 0.5280033370815465 0.597457715845025 -4.730469216497702 5.0138081748364245 14.499847987811906 -1.8872364278074196 1
Pedestrian 1266 1 -1.5812565816565445 504.24524 976.08704 563.5016 1143.275 1.4933609759852264 0.5517507573572156 0.3549966505774886 -4.187732375991571 4.992494260779931 14.65154628724341 -1.8596557036736319 1
Pedestrian 1267 0 0.7526614415672805 1286.4272 805.3379 1497.2561 1215.0 1.5962371329572849 0.6629179134952518 0.5554064463834896 1.8196091734797577 2.410091672548037 6.336680008933993 1.0322925487654664 1
Pedestrian 1260 1 0.8655782954771044 986.28107 944.97363 1091.5586 1174.236 1.640712314257727 0.6119327713225865 0.6195409453181734 0.6386271537963121 4.37440589010307 12.340411964154798 0.917283048623954 1
Pedestrian 1268 2 3.004200201842475 578.90814 953.72064 620.2402 1132.6743 1.7256127313906706 0.5127874351812319 0.3586798949983996 -3.8341867573807384 5.276049271213029 15.84285020766368 -3.516433239687685 1
Pedestrian 1269 1 0.676776733465503 1408.8385 997.0155 1479.2915 1202.374 0.8151441891176379 0.21836227849099268 0.20463987562267333 2.1329663140324615 2.4958236386375554 6.608805267440395 0.9889687341911717 1
rider 1270 0 -1.808845658633612 746.94543 949.35547 831.6119 1144.6648 1.6898381770006763 0.6907927947213343 0.7003107052552419 -1.7167282794148806 5.01439862195183 14.875293079866736 -1.923745371590273 1
rider 1444 2 -1.0165214846955133 1588.9996 941.19507 1648.0383 1081.2437 1.548400910945003 0.5434805515662995 0.3833556724806485 8.070598418114622 5.503790129692613 18.36864520682961 -0.6025440638578092 1
rider 1445 2 -1.0285686451671423 1608.326 941.8089 1671.8458 1081.1572 1.548400910945003 0.5434805515662995 0.4947691191925987 8.457993530578593 5.575112325078508 18.63740596220494 -0.6025440638578092 1
