Cyclist 1262 0 -1.9317444192779758 1127.6423 910.5393 1287.0463 1172.5126 1.6857044470563771 0.6918720295898337 2.0178922081723383 2.087997172028181 4.368391959976989 12.987274761806537 -1.7723359898077526 1
bicycle 1257 1 -3.0516471033059585 1808.048 957.0685 1935.0 1124.9728 1.3468537247597012 0.7865084700079347 1.9187639305681097 10.46578823565926 5.198479155598284 16.443139250873035 -2.48483251449605 1
Pedestrian 1264 1 1.0371687346363643 1346.2671 919.859 1574.4187 1215.0 1.5606800664816989 0.7046332008191829 0.845868079509018 2.368151364807229 3.071872530739987 7.173474024020179 1.3560300525648463 1
Pedestrian 1258 1 -1.679474302837195 952.68506 927.82336 1038.9208 1156.6564 1.7777653844658208 0.6782779746586501 0.4017323885849248 0.28263896885376516 4.3469803095352235 12.454251490685518 -1.6567840221766443 1
Pedestrian 1259 1 -2.9863485866369808 1005.26544 939.3752 1066.1554 1148.1255 1.6176789464754582 0.652201965401097 0.43474331258233095 0.6550669154769363 4.43796368081666 13.0479464911226 -2.9361861046721742 1
Pedestrian 1260 1 0.3187422478247849 1469.15 944.074 1601.7825 1212.3751 1.534355367289638 0.5861179945922467 0.682728887993972 3.858891379903038 3.7736767934239923 10.04910579106568 0.6853829028332026 1
rider 1270 0 -1.9318732797996525 1150.6531 924.54407 1255.0148 1145.3491 1.6898381770006763 0.6907927947213343 0.7003107052552419 2.0864501253810674 4.372458565916197 12.976046804035237 -1.7724454610163343 1
bicycle 1261 1 -2.1492965043992953 1202.1108 972.6357 1381.0483 1164.3173 1.123255237426647 0.6144494427886765 1.9187639305681097 2.9167978880636363 4.477447503716655 13.418960190556998 -1.9352619625513006 1
bicycle 1263 1 2.427125403761712 1343.8103 996.64746 1655.4949 1215.0 1.1433452297566291 0.7240939779880871 1.7927836571222295 3.355714557901042 3.6258173315628417 9.325375367031866 -3.510639186206414 1
Pedestrian 1265 1 -1.5828822599680183 833.37964 929.691 894.17224 1140.971 1.706179184844332 0.5280033370815465 0.597457715845025 -0.8712164487170332 4.484411425790582 13.313067217611222 -1.6482297838032183 1
Pedestrian 1266 1 -1.5997415976607676 899.2281 950.74634 962.1641 1135.8514 1.4933609759852264 0.5517507573572156 0.6291209428792541 -0.2833100682375287 4.516662260871505 13.54732037804205 -1.6206511775934784 1
Pedestrian 1268 2 2.9842399567787914 971.12524 924.3355 1016.0687 1117.9456 1.7256127313906706 0.5127874351812319 0.3586798949983996 0.30927680356466386 4.67832107284322 14.46815020244767 -3.277572216714897 1
