Cyclist 1262 0 -1.949764722539416 1219.7113 897.52655 1392.041 1169.3458 1.6857044470563771 0.6918720295898337 2.0178922081723383 2.810464249121145 4.143672423015337 12.432201147199681 -1.727438459591557 1
bicycle 1263 1 2.401141980245325 1451.4744 995.9708 1795.7428 1215.0 1.1433452297566291 0.7240939779880871 1.7927836571222295 3.8048535017519582 3.434742467593391 8.605851840665698 -3.465758369175086 1
Pedestrian 1264 1 0.9646647059750539 1520.289 897.95264 1816.2722 1215.0 1.580856536033582 0.6950774968300786 0.9392147676786478 2.8883009942852698 2.807040799743874 6.193946558862896 1.4009991778586977 1
Pedestrian 1636 1 0.4080598016196897 0.0 949.31494 15.645293 1215.0 1.6626091839973485 0.5561221977984371 0.6217318724822763 -6.66155933355528 3.8611581850193044 9.803149902254209 -0.18879713299956546 1
Pedestrian 1258 1 -1.6984515485695622 1046.011 911.63696 1137.5111 1150.1179 1.7777653844658208 0.6782779746586501 0.4017323885849248 1.030781832393524 4.096556267412755 11.87878487523421 -1.6118933492241763 1
Pedestrian 1259 1 -2.993636818082322 1082.3567 914.64746 1145.9802 1132.8735 1.6176789464754582 0.652201965401097 0.43474331258233095 1.2771725124892086 4.099114410856542 12.43743283250062 -2.8913076999266245 1
Pedestrian 1260 2 0.28209278052989367 1608.0736 927.53186 1752.753 1214.1986 1.534355367289638 0.5861179945922467 0.682728887993972 4.516052527001178 3.525301548345672 9.392171935391296 0.7302883681286865 1
rider 1270 0 -1.9508804844116465 1246.4916 910.88586 1357.9955 1140.4735 1.6898381770006763 0.6907927947213343 0.7003107052552419 2.8170115664791084 4.138192327303569 12.402896370305614 -1.7275440734088054 1
bicycle 1261 1 -2.1673571569117636 1295.4773 965.37054 1489.7316 1166.8717 1.123255237426647 0.6144494427886765 1.9187639305681097 3.623928180357096 4.254909825393215 12.74785927545714 -1.8903864510277306 1
Pedestrian 1265 1 -1.5891800552947586 909.3686 908.8751 972.1316 1125.7185 1.706179184844332 0.5280033370815465 0.597457715845025 -0.1821684484741317 4.210024328419692 12.878395685968854 -1.6033243869660803 1
Pedestrian 1266 1 -1.6079793908939946 977.4293 937.0302 1043.2854 1128.8428 1.4933609759852264 0.5517507573572156 0.6917779239767968 0.42305766596287575 4.304329896689387 13.120403226705365 -1.575746300685691 1
Pedestrian 1268 2 2.9751563800028578 1050.8702 908.4423 1098.2391 1109.2065 1.7256127313906706 0.5127874351812319 0.3586798949983996 1.048601747841401 4.411251189453516 13.892839599971278 -3.2326939132633923 1
