Cyclist 1262 0 -1.9766968721900307 1362.3038 847.7894 1563.5426 1138.5619 1.6857044470563771 0.6918720295898337 2.0178922081723383 3.7223759335765036 3.523083696114194 11.292291965440572 -1.6582752059037575 1
Pedestrian 1265 1 -1.5168332094630215 1031.377 857.1073 1101.8765 1090.7753 1.706179184844332 0.5280033370815465 0.597457715845025 0.8447808410075087 3.605597785736794 11.903207831444995 -1.4459811521230945 1
Pedestrian 1258 1 -1.7245694788895514 1183.8047 857.05853 1290.7258 1115.7491 1.7777653844658208 0.7106519952571628 0.4017323885849248 1.9978432768131775 3.497388339653506 10.866149117087101 -1.542740825903439 1
Pedestrian 1259 1 -3.010747170992519 1211.2378 867.9264 1280.6224 1105.5829 1.6176789464754582 0.652201965401097 0.43474331258233095 2.1622342171822204 3.520343430268971 11.330032061860136 -2.822173688856643 1
Pedestrian 1260 1 0.23314504778045286 1825.092 884.9664 1935.0 1215.0 1.6115850750045024 0.5861179945922467 0.682728887993972 5.153318515051196 3.0992464308458687 8.105375398044758 0.7994660312155419 1
rider 1270 0 -1.978351444717101 1394.7222 858.8667 1522.53 1107.6844 1.6898381770006763 0.6907927947213343 0.7003107052552419 3.727265946005405 3.5089657739506896 11.248273016849092 -1.6583748804548641 1
bicycle 1261 1 -2.2008181820799253 1452.0853 922.5951 1680.4514 1139.0183 1.123255237426647 0.6144494427886765 1.9187639305681097 4.6008314665533 3.619417810618727 11.533683730689567 -1.8212570723918882 1
bicycle 1263 1 2.328011399052113 1687.8099 964.7749 1935.0 1215.0 1.1433452297566291 0.7240939779880871 1.7927836571222295 4.57812479203088 2.9393091736204124 7.325773926578311 -3.3966220952123662 1
Pedestrian 1636 0 0.3665071018265231 70.10524 885.002 264.57782 1183.3033 1.6591797826349555 0.5818231635228064 0.9155395607457877 -4.893938783515168 3.3295806128521006 9.260415952724237 -0.11966357291597629 1
Pedestrian 1266 1 -1.623225050269952 1102.6559 878.00665 1172.0983 1072.212 1.4933609759852264 0.5517507573572156 0.5899603296932918 1.4794716297420432 3.683001512763518 12.62510173253941 -1.5065721525948308 1
Pedestrian 1268 2 2.953122229316654 1186.4584 857.2275 1239.796 1073.4673 1.7256127313906706 0.5127874351812319 0.3586798949983996 2.143344393734706 3.747397654732066 12.753526453142724 -3.163560043147255 1
