Pedestrian 1240 1 -0.835225585166819 928.78754 725.9244 999.7052 864.3913 1.6370642256487447 0.5912407330672327 0.6741144105165747 0.03855271142492955 2.9362570354965607 18.782978942727226 -0.8331730535953852 1
Car 268 2 -1.5108507516198029 197.71495 726.52783 283.85928 801.52325 1.5942314194918583 1.8301080405015608 3.9474591051895707 -19.138002771582983 4.45036340458088 39.85353539984835 -1.958540094994574 1
Car 269 1 -1.4801007179643182 162.82074 727.22424 274.36398 821.9185 1.6102889614181926 1.7976694845988892 3.8041443448364443 -15.845042932771909 3.94780551547936 32.06330746927696 -1.9390814374183485 1
Car 262 1 -1.5229863380965836 223.61827 730.9452 300.87405 791.54333 1.4250775446416706 1.9349958675312235 4.315896785999202 -21.34966126127911 4.840910270239334 45.8052138328343 -1.9591453977450721 1
Car 270 1 -1.4879476557129578 119.936485 729.75476 259.3398 843.3444 1.4839978053154295 1.7976694845988892 3.9676219081881063 -13.176204306948398 3.440940172908344 25.732801757511268 -1.9611802052111655 1
Car 1703 1 -1.3222867238607718 0.0 713.55707 112.868454 1013.09424 1.5462134232860216 1.7677690275753704 3.539953177401181 -7.484678062100128 2.306137462123903 10.850914553453576 -1.9261165377480074 1
Pedestrian 1241 0 -0.9214620666018398 732.1006 714.65247 800.68884 848.835 1.732366846339303 0.7228488314497287 0.5755108645738298 -2.6451414925960175 2.9771691791301302 20.310856827083526 -1.0509660790217636 1
Pedestrian 1251 1 -3.079147421870831 166.69888 751.6334 220.72072 850.6752 1.2939128962620121 0.5345506430189126 0.6382657735189616 -10.70164409809681 3.093622999683339 20.863491945892758 -3.55309049727362 1
Pedestrian 1242 0 -3.1075003811919526 597.26935 743.6332 675.94653 847.7029 1.2997148900145647 0.8726422246668551 1.0182764855324016 -4.411529097908154 2.9594035331784565 20.383378862654506 -3.3206408211027076 1
Pedestrian 1246 1 2.729228630964551 808.37286 714.6108 856.55475 844.94415 1.732366846339303 0.6007783223973134 0.46480731141929693 -1.7913146851731157 3.0007907780465564 20.768597699046765 -3.6399948583841883 1
bicycle 1245 0 -1.21105607083663 807.45496 739.898 952.2151 887.6906 1.197711008643622 0.7982499302709023 1.9214472503481024 -0.7657977213299338 2.4131482769593102 14.768849857525025 -1.2628618994731102 1
Pedestrian 1244 1 -2.8072456144910913 845.9359 712.16895 898.25183 850.3255 1.784662620576647 0.5542486383669694 0.5501140730284865 -1.1947003051320444 2.9770446590297523 20.090693922863515 -2.8666410283691577 1
Pedestrian 1250 0 -2.1899647648953358 93.716705 732.71136 201.84584 883.0347 1.5052447839087795 0.5927851270005895 0.932549096991216 -8.766913238202942 2.701395333358421 16.1206453442853 -2.6880596791778437 1
Pedestrian 1252 2 0.5082392299466708 101.34719 745.09955 168.75339 851.77234 1.4094142545970694 0.5710333073032355 0.6163059248398626 -11.425348838944513 3.095613995762683 20.69157123594056 0.003728409683067424 1
Pedestrian 1253 1 2.200083003683174 113.8778 753.7144 211.0944 878.0533 1.3107968518783257 0.7554092845958339 0.6033674557497137 -8.9890667626553 2.79198083297015 16.844109738053408 -4.573315730015235 1
Pedestrian 1254 2 -0.48003445215208673 0.0 749.69586 142.51389 889.6336 1.3141766232208272 0.9149904918435803 1.1237604102699965 -9.598622304854379 2.7129954325964842 16.043653028926638 -1.0191894605037408 1
Pedestrian 1247 1 2.8793764638559156 578.0788 741.6937 657.04736 835.8512 1.2227598452440744 0.6650071684971591 0.9521946431717433 -4.878969543656089 2.9204543463322334 21.220163501427614 -3.6298025720527987 1
Pedestrian 1248 1 -0.8392830669163682 945.8592 779.2134 983.38403 862.7527 0.9430935008096987 0.3146280158639325 0.32342467483222126 0.04036504994854439 2.8176913498860303 17.941023116255668 -0.8370331962384939 1
