Pedestrian 1240 1 -0.7420335249069991 665.0182 690.0823 733.4539 828.9863 1.7666710360359235 0.5912407330672327 0.6741144105165747 -3.4827268519891805 2.6530598931370544 19.887645608800373 -0.9153957379820626 1
Car 268 2 -1.5302448048729314 0.0 701.02747 30.56298 776.16223 1.5942314194918583 1.8301080405015608 3.9474591051895707 -24.947490464418387 3.653201922059534 38.280783747454656 -2.1078124105875453 1
Car 269 1 -1.4995012484143686 0.0 698.5436 18.087107 792.66223 1.6102889614181926 1.7976694845988892 3.8041443448364443 -20.69301472210378 3.23861012678032 30.966606497982653 -2.0885898272465315 1
Car 270 1 -1.5027652216472156 0.0 704.7538 0.0 817.1048 1.4839978053154295 1.7976694845988892 3.9676219081881063 -17.381894407968396 2.9341466891475907 24.992676751985766 -2.110450847993359 1
Pedestrian 1241 0 -1.248854056132128 505.5548 689.8746 568.4707 814.2978 1.732366846339303 0.7228488314497287 0.5755108645738298 -6.077661979220518 2.6772892218942577 21.443177460046492 -1.5250415143693528 1
Pedestrian 1251 1 -3.107888644864819 0.0 720.33936 0.0 819.2192 1.2939128962620121 0.5345506430189126 0.6382657735189616 -14.014348768229892 2.642212453793567 20.729954776553477 -3.7023547590130472 1
Pedestrian 1242 0 -3.1100104822939247 357.6451 713.5456 437.24088 813.7277 1.2997148900145647 0.8726422246668551 1.0182764855324016 -7.90223045466971 2.5787950518210234 21.000160122636633 -3.469914976962327 1
ride_other 1243 2 -0.7735586059377992 701.4321 739.7972 791.19244 831.82025 1.1311444863825466 0.6225365501545165 1.1001371228974204 -2.9494927242136444 2.7597619764108483 20.57100397494214 -0.9159690792172915 1
Pedestrian 1250 2 -2.216602269068828 0.0 697.1798 0.0 857.1952 1.636202319367539 0.5927851270005895 0.932549096991216 -11.509240535918355 2.4346136155971676 16.095726631758588 -2.8373572917764776 1
bicycle 1245 0 -1.2004963382754181 567.0376 714.8311 705.2128 846.6123 1.197711008643622 0.7982499302709023 1.9214472503481024 -3.4344377688066743 2.2198299099486047 15.984383295366861 -1.4121406638332812 1
Pedestrian 1244 1 -2.799386886898831 606.5093 686.9638 657.53595 816.9656 1.784662620576647 0.5542486383669694 0.5501140730284865 -4.6490073449930485 2.6746761917804136 21.13464779384331 -3.0159094282909344 1
Pedestrian 1246 1 2.736368726568046 567.9455 692.5936 615.0758 816.4926 1.732366846339303 0.6007783223973134 0.46480731141929693 -5.36812313241773 2.732092295503464 21.704563477540454 -3.7892778386176293 1
Pedestrian 1247 1 2.8693861567819714 348.862 718.6425 429.8293 810.10754 1.2227598452440744 0.6650071684971591 0.9521946431717433 -8.287596268572157 2.6157942869496122 21.671468687059985 -3.779058831328362 1
Pedestrian 1248 1 -0.8250766636413226 704.0581 749.32745 731.9278 826.46344 0.9430935008096987 0.2861380508289094 0.2047164871863011 -3.0873323074315504 2.535890852544382 18.978576040253646 -0.9863386736895965 1
