Pedestrian 1240 1 -0.775778059995258 690.0404 697.5817 762.6936 832.65814 1.696991076234934 0.6672461461867707 0.6741144105165747 -3.1025589097483923 2.680361359854926 19.76274069962386 -0.9314973929385565 1
Car 268 2 -1.5339629414713576 0.0 702.80554 59.19535 777.6484 1.5942314194918583 1.8301080405015608 3.9474591051895707 -24.347828633001424 3.714450120938752 38.53122576071935 -2.0975076930358094 1
Car 269 1 -1.4991835762225714 0.0 699.6887 40.84582 793.89166 1.6102889614181926 1.7976694845988892 3.8041443448364443 -20.23225940816318 3.2654819558193893 30.996014163278865 -2.077480787677257 1
Car 270 1 -1.5064391305818776 0.0 706.4628 21.339174 818.45953 1.4839978053154295 1.7976694845988892 3.9676219081881063 -16.936777297294146 2.9732194359389155 25.137400813079065 -2.0993419699315536 1
Pedestrian 1241 0 -1.2508728498724904 529.12854 694.26337 592.2105 819.8103 1.732366846339303 0.7228488314497287 0.5755108645738298 -5.696018213800434 2.733951528181551 21.284446175382886 -1.5123595794349833 1
Pedestrian 1251 1 -3.1050324836178302 0.0 727.5559 0.0 826.59094 1.2939128962620121 0.5345506430189126 0.6382657735189616 -13.780693256360125 2.7455294365829115 20.75136088057565 -3.6912465108512613 1
Pedestrian 1242 0 -3.11744083290691 389.53775 719.34186 468.25342 819.97174 1.2997148900145647 0.8726422246668551 1.0182764855324016 -7.448234673291934 2.65995112639445 20.964785907527492 -3.4588059777603952 1
Pedestrian 1250 1 -2.2170144781638914 0.0 698.23816 0.0 857.76556 1.628488245450891 0.5927851270005895 0.932549096991216 -11.223384829803592 2.4382310868300476 16.08449802714556 -2.826246605175118 1
bicycle 1245 0 -1.2077412948710615 596.0004 717.3987 733.5028 850.504 1.197711008643622 0.7982499302709023 1.9214472503481024 -3.1083954348420453 2.2427631142500255 15.880750490434895 -1.4010311391221875 1
Pedestrian 1244 1 -2.8048365649020317 632.43994 691.7402 683.35077 822.4279 1.784662620576647 0.5542486383669694 0.5501140730284865 -4.266920639973941 2.7396466479485957 21.053268471070453 -3.0048006057999666 1
Pedestrian 1246 1 2.7291348980946317 596.9372 697.52466 644.05756 821.6189 1.732366846339303 0.6007783223973134 0.46480731141929693 -4.946684253810089 2.804737746427453 21.701042132176287 -3.7781679318828365 1
Pedestrian 1253 2 2.178301036661175 0.0 745.66364 0.0 869.0941 1.3107968518783257 0.7554092845958339 0.6033674557497137 -11.638627037156548 2.689828371504645 16.774536628544617 -4.711455280630275 1
Pedestrian 1247 1 2.868954224537406 368.6789 724.0133 449.42593 815.86755 1.2227598452440744 0.6650071684971591 0.9521946431717433 -7.990492679817116 2.6933637524499465 21.63978545871872 -3.7679512294083275 1
Pedestrian 1248 1 -0.8320175351623721 731.6663 752.24927 759.58905 829.74695 0.9430935008096987 0.2861380508289094 0.2047164871863011 -2.726193297820806 2.5671764715804204 18.90608745616487 -0.9752269988469395 1
