Pedestrian 1240 1 -0.865593197951203 1159.8517 749.3217 1237.2513 901.93646 1.6520459382952906 0.5912407330672327 0.6741144105165747 2.7536228061612467 3.133001492479868 17.355766263232564 -0.7082471810872955 1
Car 268 2 -1.4972593379996566 394.18018 756.6044 478.0472 834.35394 1.5942314194918583 1.8301080405015608 3.9474591051895707 -14.011386567923545 5.312124479987198 40.07070253421204 -1.8336371165551641 1
Car 269 1 -1.4578833016205932 345.19632 750.77264 456.98563 849.38495 1.6102889614181926 1.7976694845988892 3.8041443448364443 -11.81549646236151 4.456251845224676 31.748626386548118 -1.8141597859237597 1
Car 262 1 -1.5237747746376238 416.16693 762.0025 489.4868 825.3588 1.4250775446416706 1.9349958675312235 4.315896785999202 -15.620127826404373 5.8672910844809625 46.11159485934971 -1.8503889784231689 1
Car 265 2 1.858227675225703 0.0 750.05365 113.573456 822.8378 1.5767807101247313 1.82051019956133 4.253180003494621 -25.758930827625672 5.329721705659436 42.554599764343635 1.3139093646506237 1
Car 270 1 -1.4613091174780226 295.10437 754.45337 438.0172 875.147 1.4839978053154295 1.7976694845988892 3.9676219081881063 -9.900356068788707 3.8494362853961386 25.153892418888706 -1.83627867180599 1
Car 272 2 1.9040108025622662 0.0 721.6357 36.3162 820.65027 1.9337143919035784 1.8919781804539009 4.730395304799326 -24.560360074038375 4.469602001900892 36.67353422728141 1.3139093646506237 1
Car 1703 1 -1.25442766016175 0.0 726.5997 260.1641 1067.8772 1.5462134232860216 1.7677690275753704 3.539953177401181 -5.977377679573839 2.3467698871473353 9.847009654756802 -1.799996347432812 1
Pedestrian 1241 0 -0.3865744684158048 919.18726 740.9896 983.7866 888.938 1.732366846339303 0.7228488314497287 0.5755108645738298 -0.12687612402822976 3.214801676470281 18.651959091291026 -0.3933766582853766 1
Pedestrian 1251 0 -3.092205745926488 338.5207 778.4365 391.62094 881.81464 1.2939128962620121 0.5345506430189126 0.6382657735189616 -8.019758682371661 3.397452118618294 20.13203911339577 -3.4712957981802752 1
Pedestrian 1242 0 -3.100370286104181 775.46075 772.06476 858.9537 884.48944 1.2997148900145647 0.8726422246668551 1.0182764855324016 -1.8140302919867282 3.211620386928839 18.964761037628694 -3.1957328383287864 1
bicycle 1245 0 -1.227532159989884 1009.7864 766.6518 1172.5348 941.93494 1.197711008643622 0.7982499302709023 1.9214472503481024 1.1621980363771924 2.522785485054011 12.939480966060772 -1.137954546695089 1
Pedestrian 1244 1 -2.8137112040478134 1040.1624 742.63135 1097.5406 896.3942 1.784662620576647 0.5542486383669694 0.5501140730284865 1.317451730522815 3.251908497608561 18.27452816991634 -2.741743467548157 1
Pedestrian 1246 0 2.7267430843430356 997.2614 743.56 1049.5842 886.47485 1.732366846339303 0.6007783223973134 0.46480731141929693 0.7902583650485198 3.2766426437579987 19.09731701802361 -3.5150852217521336 1
Pedestrian 1250 0 -2.1505467360465853 252.7469 755.41815 360.69098 917.2348 1.5052447839087795 0.5927851270005895 0.932549096991216 -6.664440069648909 2.8780381685476435 15.22579228561398 -2.563131140508256 1
Pedestrian 1252 2 0.5392572572622859 276.43726 774.00793 343.1819 885.4926 1.4094142545970694 0.5710333073032355 0.6163059248398626 -8.747114086694781 3.444943267555749 20.09195848781528 0.1286494841659076 1
Pedestrian 1253 1 2.237466840394931 274.46814 778.17316 372.75964 911.4845 1.3107968518783257 0.7554092845958339 0.6033674557497137 -6.8118859503889055 2.989676504513894 15.990425522302237 -4.448433948569049 1
Pedestrian 1254 1 -0.43786210697373407 149.83789 783.7027 302.63217 934.03186 1.3141766232208272 0.9149904918435803 1.1237604102699965 -7.526495087551735 3.0189127774493922 15.32878102408542 -0.8942871714338163 1
Pedestrian 1247 1 2.884125871397355 761.2032 777.14764 844.16205 879.55597 1.2227598452440744 0.6650071684971591 0.9521946431717433 -2.0997505469196294 3.2836893104691995 19.763169450085027 -3.5049079880142724 1
Pedestrian 1248 1 -0.8653734315391894 1167.7418 807.5288 1216.883 903.02783 0.9430935008096987 0.3640897607163991 0.37510230585407883 2.475440960868233 2.931878760242755 16.0245809788914 -0.7121071844555446 1
