Pedestrian 1240 1 -1.0462012924004518 1690.1683 738.1158 1844.6976 985.63983 1.8420245500116972 0.8188159300944163 0.8005450755316806 6.568653542453038 2.807839149402594 12.1984658607727 -0.5522441089692283 1
Car 268 1 -1.461498055973574 581.78314 780.65234 678.4176 870.4282 1.5942314194918583 1.8301080405015608 3.9474591051895707 -7.853548921701314 5.533767293804205 35.76470691542477 -1.6776566398383037 1
Car 262 1 -1.5004966984704093 625.58344 785.473 705.4203 856.035 1.4250775446416706 1.9349958675312235 4.315896785999202 -8.395257211148525 6.258467353939752 42.75303156053731 -1.6943959453533206 1
Car 1249 1 2.04125944281915 0.0 763.0804 100.86575 875.791 1.537463020647397 1.7216348772569687 4.094958389496257 -17.826767217656617 4.296073979100979 27.730650023121395 1.4699239845301477 1
Car 269 1 -1.4252844155633317 537.78 775.0438 666.3322 890.3388 1.6102889614181926 1.7976694845988892 3.8041443448364443 -6.640749291896352 4.619605117932819 27.999461208262762 -1.658155771943515 1
Car 270 1 -1.4090030629781607 447.47885 779.689 625.73047 929.06445 1.4839978053154295 1.7976694845988892 3.9676219081881063 -5.901788896314417 3.8944718955395317 21.21763136099083 -1.6803000205403447 1
Car 272 1 1.963234127589395 63.567844 752.14233 238.55577 861.16437 1.9337143919035784 1.8919781804539009 4.730395304799326 -18.65039780289966 5.093653766106959 34.68889065761144 1.4699239845301477 1
Car 1703 1 -0.9762818469403808 0.0 720.6796 225.81184 1215.0 1.5462134232860216 1.7677690275753704 3.539953177401181 -4.389345095910893 2.019924253562177 5.566140559868302 -1.644020255844153 1
Car 265 1 1.9104111340701917 188.50087 767.19476 317.15652 845.4133 1.5767807101247313 1.82051019956133 4.253180003494621 -19.03690130742118 5.629671853497052 40.38582807385945 1.4699239845301477 1
Pedestrian 1241 0 -0.45334040146723165 1239.0958 744.7943 1341.6444 953.85315 1.732366846339303 0.7228488314497287 0.6389263906934122 2.9190760933595437 2.8334953829101854 13.307740131615633 -0.2374085031961517 1
Pedestrian 1251 0 -3.02390016192151 478.23065 804.49835 545.83185 934.3972 1.2939128962620121 0.5345506430189126 0.6382657735189616 -4.827818975713845 3.2651473405646385 16.095170880545453 -3.3153152151414993 1
Pedestrian 1242 0 -3.1238556268893354 1029.9695 787.68207 1143.4634 944.4131 1.2997148900145647 0.8726422246668551 1.0182764855324016 1.171657613341922 2.8652636681722203 13.896410128987803 -3.039740878877038 1
Pedestrian 1248 1 -1.3184491906071543 1730.5546 846.62476 1787.4429 985.7852 0.9430935008096987 0.30473566689344966 0.30090968857536 5.8839947704973925 2.610224582460014 11.030232828024953 -0.828406891315288 1
Pedestrian 1707 1 1.5579308086005996 1596.9578 784.3807 1665.9578 953.34814 1.3793083000663622 0.5629559072589262 0.9683287859096525 6.180779866184596 2.911771821620249 13.813623719340255 -4.304530780823772 1
ride_other 1846 2 -1.0944346796023479 1779.7836 822.41705 1927.6394 983.04614 1.1290023913191334 0.6200377987489663 1.0988334142534961 7.416388958891413 2.843250322554565 12.425488509830151 -0.5563205622067651 1
rider 1704 1 1.942842294794922 18.175228 764.80206 61.285183 838.8614 1.711065698959042 0.7004193175629979 0.6629659369658985 -22.430665802223103 5.153660424957035 36.40933111281653 1.3906909534078955 1
bicycle 1245 0 -1.3858493071725588 1466.2101 770.07697 1715.3392 1093.5806 1.197711008643622 0.7982499302709023 1.9214472503481024 3.1939050745019917 2.022306771441168 7.473330313501518 -0.9819698057220231 1
bicycle 1847 2 -1.9455406938432755 1765.4009 765.16003 1935.0 1109.4617 1.197711008643622 0.5030171474676899 2.0489640245219447 4.450844129068063 1.9637002658088492 7.113605044287949 -1.3864521628538535 1
bicycle 274 2 1.535731667678374 862.1584 817.5297 884.44305 872.61115 1.1512668364499927 0.5070975422226555 1.6250474004248892 -2.2361811359924064 6.142341484813565 37.91434342779966 1.4768200951246326 1
Cyclist 1705 2 1.942645457145796 7.1465316 762.4637 71.820656 847.63556 1.8362623657823214 0.7004193175629979 1.8956715795335717 -22.446914509065266 5.281002494878565 36.451770871965614 1.3906909534078955 1
Pedestrian 1244 0 -2.9019027305467535 1408.8911 740.95374 1491.4061 964.7713 1.784662620576647 0.5542486383669694 0.5501140730284865 4.154073981436574 2.799769548578201 12.699664336452011 -2.5857716473433863 1
Pedestrian 1246 0 2.655727438183382 1333.8284 747.36255 1412.6084 948.8402 1.732366846339303 0.6007783223973134 0.46480731141929693 3.7452603963268545 2.8758188201836234 13.619500486517829 -3.3590986370202787 1
Pedestrian 1706 2 2.020915599311717 1517.2919 769.9279 1615.093 983.3033 1.5230870627098554 0.49370099948865087 0.5911376510176837 4.682463508741685 2.682592404936843 11.574614573902858 -3.8778505574170103 1
Pedestrian 1250 0 -2.194391707174746 310.05597 796.6695 458.38928 1010.5991 1.3724558348090008 0.5927851270005895 0.9004821566375864 -4.199119181669859 2.6792482849990957 10.882561000066298 -2.5626472514300254 1
Pedestrian 1252 2 0.617828575469552 402.20993 799.07336 484.31882 941.333 1.4094142545970694 0.5710333073032355 0.6163059248398626 -5.557660537328552 3.321873175896015 16.059602958540758 0.2846639474892918 1
Pedestrian 1253 1 2.3399715583133105 350.24075 805.60864 481.64728 994.0132 1.3107968518783257 0.7554092845958339 0.6033674557497137 -4.245727162996721 2.771424753259393 11.657808051293895 -4.292478948679056 1
Pedestrian 1254 1 -0.3288976886551362 214.63223 804.9661 409.37347 1013.5275 1.3141766232208272 0.9149904918435803 1.1237604102699965 -4.936826169385248 2.7703663139056687 11.377005935149441 -0.7383078936225338 1
Pedestrian 273 0 1.4979423791722417 794.69464 786.41736 812.8245 840.6486 1.8111043290061262 0.5970371106795679 0.3523488432631365 -5.426760311216127 7.399651461439006 51.51614510274227 1.3929884890788005 1
Pedestrian 1247 1 2.868005542923093 1005.381 793.4592 1117.3357 931.7153 1.2227598452440744 0.6650071684971591 0.9521946431717433 0.9740953696638598 2.92537539516516 14.681966212748826 -3.3489304726375777 1
