Pedestrian 1240 1 -1.0640245021358328 1735.0637 737.27167 1895.4341 992.1235 1.8420245500116972 0.8188159300944163 0.8005450755316806 6.764082139287481 2.7750280003563788 11.858495723530261 -0.5456543591995242 1
Car 268 1 -1.4604212542722315 590.3035 780.0818 687.1494 869.8853 1.5942314194918583 1.8301080405015608 3.9474591051895707 -7.634895715283946 5.5129058321174895 35.707391779508676 -1.671067702152544 1
Car 262 1 -1.4984879449203818 632.34735 783.1734 712.82556 853.81616 1.4250775446416706 1.9349958675312235 4.315896785999202 -8.150117862402082 6.165600295654994 42.53420691290436 -1.6878064759424536 1
Car 265 1 1.9113903357768536 198.89182 764.5622 327.25845 842.37805 1.5767807101247313 1.82051019956133 4.253180003494621 -18.773242875656386 5.556790372460792 40.41290447009153 1.4765143634096214 1
Car 269 1 -1.4237955992737643 545.12146 774.0845 674.9402 890.2395 1.6102889614181926 1.7976694845988892 3.8041443448364443 -6.4338335569035765 4.575691453090064 27.75685645736784 -1.651565842432169 1
Car 270 1 -1.406757726097478 453.2207 778.09784 633.6253 928.6309 1.4839978053154295 1.7976694845988892 3.9676219081881063 -5.746647942415261 3.8482669224167774 21.012971859251596 -1.673711159871171 1
Car 271 1 -1.4988012885871944 669.5156 783.264 730.4132 841.42523 1.4958884857596717 1.7730813531467196 3.6193814341329604 -8.810255097604768 7.058814898445075 50.6413356756621 -1.671050873966444 1
Car 272 1 1.96624437260139 69.90376 752.95734 245.8936 862.5822 1.9337143919035784 1.8919781804539009 4.730395304799326 -18.40716569915114 5.100085834852237 34.532338304721 1.4765143634096214 1
Car 1703 1 -0.9486485575273336 0.0 717.4233 207.83517 1215.0 1.5462134232860216 1.7677690275753704 3.539953177401181 -4.338300845901454 1.9851542843870196 5.269455388999185 -1.6374315041746716 1
Car 1249 1 2.044594524741871 0.0 760.7059 108.26614 873.53625 1.537463020647397 1.7216348772569687 4.094958389496257 -17.615639826106154 4.236352406086507 27.59933099439186 1.4765143634096214 1
Pedestrian 1241 0 -0.4559861183937791 1252.4431 741.7854 1357.4213 955.0033 1.732366846339303 0.7228488314497287 0.6389263906934003 2.987118700717997 2.784920625773368 13.041311188275937 -0.23081972303482834 1
Pedestrian 1251 0 -3.020565236183844 482.96783 805.1974 551.65894 937.0429 1.2939128962620121 0.5345506430189126 0.6382657735189616 -4.700773575727239 3.2441286010059898 15.858972424918235 -3.3087261089732887 1
Pedestrian 1242 0 -3.1271507187946623 1043.6398 784.4496 1159.9303 944.78046 1.2997148900145647 0.8726422246668551 1.0182764855324016 1.2807363375173038 2.801251835150806 13.584788117555643 -3.0331513162934067 1
Pedestrian 1248 1 -1.3320871610954081 1763.7839 846.0766 1833.0022 989.0161 0.9430935008096987 0.38135133861492654 0.28112499063437596 6.056124426583647 2.5778102075814617 10.820035251006516 -0.8218166431802835 1
ride_other 1846 2 -1.1066702095506673 1816.3917 821.3358 1935.0 985.8125 1.1290023913191334 0.6200377987489663 1.0988334142534961 7.555580641086801 2.7952716868531997 12.133681392195694 -0.5497302640034019 1
rider 1704 1 1.9514995036358214 13.3834505 762.0492 57.515434 837.441 1.711065698959042 0.7004193175629979 0.6629659369658985 -22.11767215057466 5.023957986150137 35.73557997294204 1.3972800869323887 1
bicycle 1245 0 -1.397993312382288 1495.747 766.8455 1751.5555 1103.2562 1.197711008643622 0.7982499302709023 1.9214472503481024 3.2395571092182065 1.9782277695737467 7.203660784274506 -0.9753807131511346 1
bicycle 1847 2 -1.9642950189955595 1808.3503 761.4898 1935.0 1121.5133 1.197711008643622 0.5030171474676899 2.0489640245219447 4.51695957177202 1.9176160439020986 6.828130322689185 -1.3798624532299633 1
bicycle 274 2 1.5375028250222817 869.46906 805.2387 891.5864 859.6323 1.1512668364499927 0.5070975422226555 1.6250474004248892 -2.0574406570940047 5.833821763451798 37.99791711687609 1.4834095043582205 1
Cyclist 1705 2 1.9513434876450981 1.7710965 759.7683 68.39958 846.43 1.8362623657823214 0.7004193175629979 1.8956715795335717 -22.134665721456745 5.152413492927554 35.77550801805822 1.3972800869323887 1
Pedestrian 1244 0 -2.9096120797709384 1431.7144 740.733 1516.1377 969.89215 1.784662620576647 0.5542486383669694 0.5501140730284865 4.2576838370272565 2.7756712107399335 12.412919046843525 -2.5791831082716996 1
Pedestrian 1246 0 2.6496962273399145 1353.1718 742.35486 1434.0895 947.8108 1.732366846339303 0.6007783223973134 0.46480731141929693 3.8511051068441455 2.8072915161861314 13.343388704342022 -3.3525094822050665 1
Pedestrian 1706 1 1.592763289232198 1543.3605 773.39026 1616.4407 990.7902 1.5230870627098554 0.49370099948865087 0.3674729537912834 4.59762896003347 2.652858334526967 11.110222086457131 -4.298059151074531 1
Pedestrian 1250 0 -2.189890219754826 312.15027 787.90295 463.5166 1005.166 1.3652953686289873 0.5927851270005895 0.9004821566375864 -4.079052579584898 2.578837045802845 10.637501605913815 -2.5560568589857104 1
Pedestrian 1252 2 0.6259213093774307 398.94333 797.8849 482.53198 942.52924 1.4094142545970694 0.5710333073032355 0.6163059248398626 -5.4942888557548875 3.278917951542776 15.799651400670125 0.2912546028644023 1
Pedestrian 1253 1 2.3467605372336693 348.5071 805.7788 482.67694 998.5067 1.3107968518783257 0.7554092845958339 0.6033674557497137 -4.158391576108793 2.743107190194782 11.41086785746817 -4.285891051244784 1
Pedestrian 1254 1 -0.31546372420120133 200.12839 805.1573 399.52756 1019.5132 1.3141766232208272 0.9149904918435803 1.1237604102699965 -4.901950396114212 2.7370085702276654 11.088165203281813 -0.7317190051430723 1
Pedestrian 273 0 1.498911605723415 803.0843 785.9048 821.4336 840.6824 1.8111043290061262 0.5970371106795679 0.4093402530091969 -5.100834178235715 7.348738141364602 51.18163933227201 1.3995782052497958 1
Pedestrian 1247 1 2.8656889230788405 1017.5993 791.49396 1131.9889 932.4281 1.2227598452440744 0.6650071684971591 0.9521946431717433 1.0835485224504446 2.872749029683572 14.390376969048347 -3.342341459347521 1
Pedestrian 1707 1 1.5496779557259908 1623.018 784.11847 1694.3799 957.1066 1.3793083000663622 0.5629559072589262 0.9683287859096525 6.284915319114185 2.87644006935532 13.505010040747104 -4.297940097019039 1
