Pedestrian 1240 1 -0.9874750369933661 1538.3683 760.54114 1655.3379 965.40533 1.7281541810917167 0.5912407330672327 0.9034366812582062 5.851619784941016 3.0219670190657064 13.768073077242109 -0.5855927791573541 1
Car 268 1 -1.4686406509956063 543.0945 781.0666 634.9205 866.95856 1.5942314194918583 1.8301080405015608 3.9474591051895707 -9.248839928056196 5.718520815649045 37.41139192727533 -1.7110010264775908 1
Car 262 1 -1.506927896052408 585.1115 785.4763 662.05597 854.0192 1.4250775446416706 1.9349958675312235 4.315896785999202 -9.892751575513875 6.402389210887959 44.07052471103317 -1.7277430234289382 1
Car 265 1 1.8981848771436094 151.65294 766.27423 276.33224 842.3017 1.5767807101247313 1.82051019956133 4.253180003494621 -20.662278560213892 5.7142198662691985 41.53565829060791 1.4365722971850157 1
Car 269 1 -1.4352541193624546 504.78015 776.2558 625.89056 886.053 1.6102889614181926 1.7976694845988892 3.8041443448364443 -7.711905756926662 4.791388065064141 29.433486973613608 -1.6915051850097917 1
Car 270 1 -1.4239592976001199 425.96405 779.73737 589.92804 919.24225 1.4839978053154295 1.7976694845988892 3.9676219081881063 -6.749119635431746 4.045001872742131 22.64277453975399 -1.713644016989116 1
Car 272 1 1.9471196564919304 33.06028 748.16595 202.54846 854.0068 1.9337143919035784 1.8919781804539009 4.730395304799326 -19.90935202044755 5.067503503778784 35.54749137047422 1.4365722971850157 1
Car 1703 1 -1.0858344352902236 0.0 732.9533 285.76364 1215.0 1.5462134232860216 1.7677690275753704 3.539953177401181 -4.664432562398845 2.1818842048758587 6.943467842688647 -1.6773637013072746 1
Pedestrian 1241 0 -0.42553843370538946 1153.7805 754.6826 1236.9624 940.3577 1.732366846339303 0.7228488314497287 0.5755108645738298 2.3362394761348564 3.0686862272818756 14.97254044737531 -0.27075163162647886 1
Pedestrian 1246 0 2.6856658732637717 1237.6304 757.93427 1308.0764 936.2775 1.732366846339303 0.6007783223973134 0.4965150744790835 3.204263871670365 3.1341930400759375 15.405163638971635 -3.39244416602789 1
Pedestrian 1251 0 -3.046967179866207 464.6318 807.4203 526.0096 926.9911 1.2939128962620121 0.5345506430189126 0.6382657735189616 -5.448661712772759 3.470845475278609 17.50898665636883 -3.3486602425020697 1
Pedestrian 1242 0 -3.1130898140730268 969.2037 793.7682 1070.8009 934.31836 1.2997148900145647 0.8726422246668551 1.0182764855324016 0.6175146753153314 3.095091770123582 15.429027877908759 -3.073088248315644 1
bicycle 1245 0 -1.3070859665184718 1294.5114 780.8242 1511.9729 1040.1005 1.197711008643622 0.7982499302709023 1.9214472503481024 2.754127784760669 2.260893410055613 9.169957690711659 -1.015315004787818 1
bicycle 1847 0 -1.8519381269782704 1563.4281 778.764 1762.1962 1050.2527 1.197711008643622 0.5030171474676899 2.0489640245219447 4.076672495106894 2.215259714367003 8.83906530676876 -1.4198004954483658 1
Cyclist 1705 2 1.9117696528690633 5.4879904 764.2199 63.56061 843.3648 1.8362623657823214 0.7004193175629979 1.8956715795335717 -24.285243627911182 5.583350594220919 39.21979211217726 1.3573455798637521 1
Pedestrian 1244 0 -2.8638472016575207 1298.247 754.3309 1370.737 950.491 1.784662620576647 0.5542486383669694 0.5501140730284865 3.6165317667107293 3.0706999389112744 14.48123626486095 -2.619114050963794 1
Pedestrian 1706 1 2.0520046450965683 1417.8722 781.3222 1495.744 960.2184 1.5230870627098554 0.49370099948865087 0.5192454269092012 4.545008533198604 2.9952283900520618 13.716041586563838 -3.911203150947658 1
Pedestrian 1250 0 -2.2315426747981477 325.53107 783.3777 455.6809 983.3992 1.4819282964473761 0.5927851270005895 0.8693935066890536 -4.699145696942755 2.8380357417372 12.317585681028023 -2.595998823640953 1
Pedestrian 1252 2 0.5951859246412206 387.27725 803.16895 463.32935 934.59863 1.4094142545970694 0.5710333073032355 0.6163059248398626 -6.212456750810526 3.51958240701566 17.348267530176454 0.2513112195240754 1
Pedestrian 1253 1 2.304637714395607 360.908 804.1981 477.8809 970.4469 1.3107968518783257 0.7554092845958339 0.6033674557497137 -4.749644965153451 2.9347565713657175 13.122803279292073 -4.325818019735271 1
Pedestrian 1254 1 -0.366320747184093 231.25397 802.9085 407.0235 987.5964 1.3141766232208272 0.9149904918435803 1.1237604102699965 -5.470233185087317 2.9173502516089593 12.748400121093134 -0.7716520237570176 1
Pedestrian 1247 1 2.8773932596579908 946.6797 799.45105 1047.5189 925.00696 1.2227598452440744 0.6650071684971591 0.9521946431717433 0.3813726320724821 3.1662231602045985 16.213857708531616 -3.3822749839084856 1
Pedestrian 1248 2 -0.9761209288884256 1540.8479 848.475 1599.6752 972.71014 0.9430935008096987 0.31462801586394407 0.3404790844573401 5.044412829425442 2.8290160662864725 12.389095007732184 -0.5894526468290991 1
Pedestrian 1707 1 1.5986558727347662 1470.7299 792.65045 1530.8943 942.1553 1.3793083000663622 0.5629559072589262 0.9683287859096525 5.632621289339782 3.1905352353175482 15.592832612050307 -4.337884131194559 1
rider 1704 2 1.9107818273452926 17.4124 766.278 56.803837 834.8824 1.711065698959042 0.7004193175629979 0.6629659369658985 -24.304526842020017 5.467703848046366 39.337697998193406 1.3573455798637521 1
