Car 268 1 -1.4216580977287387 622.12067 765.1792 755.1598 880.611 1.5942314194918583 1.8301080405015608 3.9474591051895707 -4.926398499399449 4.362341777237048 27.51040015103294 -1.5988539910358348 1
Car 262 1 -1.4505257758732082 687.7578 773.0214 795.29486 859.19073 1.4250775446416706 1.9349958675312235 4.315896785999202 -4.977437013097365 5.049008011414058 34.407047468064334 -1.594192414688258 1
Car 263 2 -1.4370529662354994 755.73004 780.4052 821.9572 836.3535 1.4958884857596717 1.81483051955828 3.3565740083752598 -5.855936421100839 6.98670659651189 51.10712832631787 -1.5511370323321665 1
Car 265 1 1.9953944492178401 153.49576 747.0402 325.42752 840.3513 1.5767807101247313 1.82051019956133 4.253180003494621 -15.821636595725215 4.4502709865271095 33.035328522168925 1.5487438153004645 1
Car 266 1 1.9378199181406173 284.15042 754.3548 406.08563 826.6198 1.4764898364840822 1.685515124542026 3.9289103254401376 -16.251682386550428 5.079701075488805 39.640635862780144 1.5487438153004645 1
Car 267 2 1.9508467743412572 390.52014 759.9872 506.74585 825.68665 1.493277031613426 1.7833085327089713 4.658450151051504 -15.720173089902042 5.873499337019696 46.11727558480618 -4.66086012767523 1
Car 269 1 -1.362059419127022 520.32965 753.6518 722.16187 918.3887 1.6102889614181926 1.7976694845988892 3.8041443448364443 -4.307810124247756 3.454717521574957 19.51291573819365 -1.5793413074548244 1
Car 270 0 -1.2899202683788418 269.94852 750.61664 631.61127 1007.8818 1.4839978053154295 1.7976694845988892 3.9676219081881063 -4.058647508483307 2.712419411904456 12.601821270526301 -1.6014982897511734 1
Car 271 1 -1.479194031603273 742.69855 771.0574 817.1042 839.20905 1.4958884857596717 1.7730813531467196 3.6193814341329604 -5.111748238139765 5.831286859345149 42.52431838576583 -1.598827651565828 1
Car 272 1 2.078099940201663 0.0 716.83936 202.99109 852.3437 1.9337143919035784 1.8919781804539009 4.730395304799326 -15.775230824834251 3.738146967860996 26.96379030419097 1.5487438153004645 1
Pedestrian 1251 0 -2.815142526138951 195.66954 794.1285 378.9413 1078.7938 1.2939128962620121 0.5345506430189126 0.6974724646729875 -3.340201157712444 2.1710869357911684 7.4522584534041325 -3.2365096161312046 1
Pedestrian 1252 1 0.8783431821518715 15.464984 765.87463 210.76819 1084.1776 1.4094142545970694 0.5710333073032355 0.6163059248398626 -4.147877678627985 2.136058751548106 7.3316498163263795 0.3634886390413974 1
Pedestrian 273 0 1.4996529962430747 902.7231 769.3406 936.75903 840.8765 1.801655317265701 0.8539474283224164 0.7024649072822869 -1.1042901693799922 5.668005092192509 39.637489164417346 1.471800460126818 1
Pedestrian 1242 0 2.85779914748025 1519.9908 765.5815 1935.0 1215.0 1.2997148900145647 0.8726422246668551 1.0182764855324016 2.426302168286477 1.8042851518412513 4.842810854578323 -2.96092996900999 1
bicycle 274 2 1.5344024055913146 977.6997 792.26764 1009.2928 868.9934 1.1512668364499927 0.5070975422226555 1.6250474004248892 0.5693024214756116 4.2439640762108795 26.817020929309518 1.555628362133492 1
bicycle 275 1 -1.6301899520463807 944.02344 790.1426 973.5886 858.41284 1.1801203982869164 0.509935796551421 1.8983840245662587 -0.06112253662710665 4.764545678493958 31.47572036112057 -1.6321318443715096 1
Pedestrian 1247 0 2.6285988291343987 1410.3463 795.06793 1737.7246 1163.9044 1.2227598452440744 0.6650071684971591 0.9521946431717433 2.3098826620278308 1.9168801057724858 5.709133037527063 -3.270125786169074 1
