Car 268 1 -1.4040184199668055 625.54 763.3612 781.5885 896.01416 1.5942314194918583 1.8301080405015608 3.9474591051895707 -4.044512934504377 4.005420263584452 24.06760571710546 -1.570510792713389 1
Car 262 1 -1.4374676979403909 702.7745 772.83466 825.1334 869.4143 1.4250775446416706 1.9349958675312235 4.315896785999202 -3.9830053773919096 4.691304955166984 30.85462299343997 -1.565847150740241 1
Car 263 2 -1.4309887486918993 786.66174 776.69904 858.0774 836.7295 1.4958884857596717 1.81483051955828 3.3565740083752598 -4.389989928693695 6.5107793760003085 47.68364719465232 -1.5227948453242464 1
Car 265 2 2.0347188191471677 118.81691 740.66583 316.67307 843.3582 1.5767807101247313 1.82051019956133 4.253180003494621 -14.726566322987692 4.0566724565624375 29.90195638463502 -4.70609215381266 1
Car 266 2 1.9598722829877504 288.8323 752.6528 422.361 830.2153 1.4764898364840822 1.685515124542026 3.9289103254401376 -14.86806125270581 4.799372129180513 36.926549021524934 -4.70609215381266 1
Car 267 2 1.9838872921098858 375.49594 754.1837 505.03195 824.557 1.493277031613426 1.7833085327089713 4.658450151051504 -14.854905357021462 5.410573604186043 42.91832901412912 -4.632512368420501 1
Car 269 1 -1.3256146654109793 473.52728 745.50977 732.7636 949.30646 1.6102889614181926 1.7976694845988892 3.8041443448364443 -3.6702063520142545 3.0561861921577824 16.00791369416298 -1.5509938916638935 1
Car 270 0 -1.1975680125036856 21.696882 736.7666 596.75287 1108.3481 1.4839978053154295 1.7976694845988892 3.9676219081881063 -3.6095566216114183 2.317352548847775 9.15422126161642 -1.5731554193786914 1
Car 271 1 -1.468714344947658 765.4166 774.9097 847.8677 849.7298 1.4958884857596717 1.7730813531467196 3.6193814341329604 -3.9792815077809593 5.586320851932512 38.96703750224636 -1.5704807418432094 1
Car 272 1 2.1345651976166575 0.0 712.8888 167.17677 866.24915 1.9337143919035784 1.8919781804539009 4.730395304799326 -14.93019516697119 3.4823423709116 23.94833669834464 -4.70609215381266 1
bicycle 274 2 1.5254337759051673 1030.8402 794.19885 1068.3099 883.3444 1.1512668364499927 0.5070975422226555 1.6250474004248892 1.361296774434164 3.8732400947529015 23.227643979834067 -4.699211741025405 1
bicycle 275 1 -1.6397459149872866 998.4577 788.1462 1032.8378 865.34064 1.1801203982869164 0.509935796551421 1.8983840245662587 1.0024483658296424 4.326687351174362 27.86732395381478 -1.6037892399124898 1
Pedestrian 273 0 1.4986880774083589 947.7468 767.94836 979.4496 850.17035 1.801655317265701 0.6820286597928019 0.6743090341458025 0.050163001260147874 5.12514194179406 34.38329844279998 1.5001470114822126 1
