Car 262 1 -1.4259883860723739 712.704 776.5422 854.9259 889.0369 1.4250775446416706 1.9349958675312235 4.315896785999202 -3.1057599349378844 4.38726001369667 27.02539249555043 -1.5404065231213604 1
Car 263 2 -1.4253516508480701 813.0004 782.1988 890.9575 848.1666 1.4958884857596717 1.81483051955828 3.3565740083752598 -3.1702167907591217 6.302036415892758 43.95142019401907 -1.4973569680434273 1
Car 264 1 -1.512315665869645 842.876 783.67267 900.92725 839.35095 1.3735827492046815 1.710292088706367 3.9284531536229768 -2.9536687916628184 6.897415451008315 50.062657118012645 -1.5712467919062607 1
Car 265 2 2.0918988103707843 35.478355 738.4256 275.0898 856.32465 1.5767807101247313 1.82051019956133 4.253180003494621 -14.008631457386791 3.737217471698873 26.30392378920542 -4.68064788586279 1
Car 266 1 2.0020675061016338 246.96428 754.4541 403.50797 842.22504 1.4764898364840822 1.685515124542026 3.9289103254401376 -13.943449404514853 4.5097861011234315 33.022614503510745 -4.68064788586279 1
Car 267 2 2.002358186578552 380.07568 766.6576 522.5561 844.944 1.493277031613426 1.7833085327089713 4.658450151051504 -13.419500668561826 5.481624534568821 39.663729348323855 -4.607069522770333 1
Car 268 1 -1.3791479947930474 605.3073 761.6915 797.8368 922.1539 1.5942314194918583 1.8301080405015608 3.9474591051895707 -3.3925977087863597 3.630001221428266 20.258711666473815 -1.5450720107118454 1
Car 269 0 -1.2717632388285958 362.77884 738.056 728.54944 1013.6792 1.6102889614181926 1.7976694845988892 3.8041443448364443 -3.1829831909515574 2.6857103536811806 12.271461656834308 -1.525551343389252 1
Car 270 1 -0.9979744250182607 0.0 703.6124 479.54602 1215.0 1.4839978053154295 1.7976694845988892 3.9676219081881063 -3.32397736654211 1.8750201553001375 5.424678963686479 -1.5477169303701335 1
Car 271 1 -1.4655292379928195 793.9189 779.6058 885.6537 863.77075 1.4958884857596717 1.7730813531467196 3.6193814341329604 -2.800349780034513 5.321355328314766 35.14610957719185 -1.5450386429401874 1
Car 272 2 2.213545993164006 0.0 694.9841 88.80295 874.63464 1.9337143919035784 1.8919781804539009 4.730395304799326 -14.25979083716849 3.000075384460156 20.35888045602673 -4.68064788586279 1
Pedestrian 273 0 1.493007149567462 992.52856 769.6796 1027.8168 866.1307 1.801655317265701 0.6452387575997617 0.5512807194355255 0.9482981900509905 4.646554813771993 29.094984932194834 1.5255887992504857 1
bicycle 274 2 1.5080922305775326 1090.549 797.4863 1138.1156 906.32355 1.1512668364499927 0.5070975422226555 1.6250474004248892 1.956809678111797 3.467335248114256 19.24666466918416 -4.673771167733894 1
bicycle 275 1 -1.6506867615223395 1049.787 798.23846 1091.1211 889.2236 1.1801203982869164 0.509935796551421 1.8983840245662587 1.7370661335604727 4.069006407736487 23.972030298219536 -1.5783509876019892 1
ride_other 276 2 1.6183486711231847 1001.1338 787.08527 1032.0411 839.1657 1.479176991966024 0.9482926612325147 2.4048682567069144 1.9140797881660572 7.190665103995101 51.42459280231316 -4.627632713002276 1
