Car 262 1 -1.4202333082569003 709.8235 777.29626 861.5351 897.0223 1.4250775446416706 1.9349958675312235 4.315896785999202 -2.895557204405311 4.254988131518995 25.57625489940212 -1.5329660202634137 1
Car 263 2 -1.4233521387067023 819.6516 784.10455 900.4651 852.64105 1.4958884857596717 1.81483051955828 3.3565740083752598 -2.833124542943441 6.206233903815788 42.49881164241949 -1.489917267261799 1
Car 264 1 -1.5111634901737092 851.4555 781.87665 911.10364 838.92584 1.3735827492046815 1.710292088706367 3.9284531536229768 -2.572304323960415 6.705005816644716 48.819348663239936 -1.5638050736158862 1
Car 265 1 2.1112865354381753 2.0197525 734.1299 259.9078 858.21136 1.5767807101247313 1.82051019956133 4.253180003494621 -13.682849357424708 3.5583911341451904 24.96863541513015 -4.673206321605537 1
Car 267 2 2.0216244894656956 355.49173 760.72626 506.78134 841.43024 1.493277031613426 1.7833085327089713 4.658450151051504 -13.434690077642152 5.183508206334093 38.21405432876898 -4.5996283752670495 1
Car 268 1 -1.369586041365379 591.57495 760.08374 801.8717 934.00653 1.5942314194918583 1.8301080405015608 3.9474591051895707 -3.1935365728009972 3.4770203971158447 18.824717579227762 -1.5376320459624808 1
Car 269 0 -1.2420016894864812 283.13104 728.16425 717.4725 1045.5159 1.6102889614181926 1.7976694845988892 3.8041443448364443 -3.0606950373242365 2.4906422788854625 10.801976475650742 -1.5181102809003624 1
Car 270 1 -0.8544328539124507 0.0 678.17474 383.47363 1215.0 1.4839978053154295 1.7976694845988892 3.9676219081881063 -3.2478199095064824 1.6970087884168246 3.9686288961251166 -1.5402770510414423 1
Car 271 1 -1.4617104023224952 796.8147 780.61523 893.2208 868.9486 1.4958884857596717 1.7730813531467196 3.6193814341329604 -2.5580603538316864 5.190542948917989 33.643938479003594 -1.5375977109728418 1
Car 272 2 2.247286748264366 0.0 689.4589 47.759224 882.5026 1.9337143919035784 1.8919781804539009 4.730395304799326 -14.05672739051658 2.8570243837931235 18.98614819887637 -4.673206321605537 1
Car 266 1 2.0173371224250536 227.73044 752.6033 394.08765 844.367 1.4764898364840822 1.685515124542026 3.9289103254401376 -13.641147651780988 4.346632512543393 31.61376874646008 -4.673206321605537 1
Pedestrian 273 0 1.4881324927472541 1009.7652 772.9005 1047.5428 877.1346 1.801655317265701 0.635789745859343 0.5794365925720248 1.2133302580928684 4.5042936548158234 27.00650057019072 1.5330296421174223 1
bicycle 274 2 1.4970212504535843 1115.9786 806.7697 1169.1735 926.17834 1.1512668364499927 0.5070975422226555 1.6250474004248892 2.1372622564441923 3.4100717060277765 17.749830083497386 -4.6663306808540685 1
bicycle 275 1 -1.6574755576300446 1069.4932 801.5918 1114.5116 899.2328 1.1801203982869164 0.509935796551421 1.8983840245662587 1.949059005817714 3.9459525808677887 22.459448175778512 -1.570911177131306 1
ride_other 276 2 1.613292678752149 1019.53485 791.81604 1051.0591 845.8127 1.479176991966024 0.9482926612325147 2.4048682567069144 2.481189377048795 7.185180303699903 49.88017016904128 -4.620190593641665 1
