Car 262 1 -1.4161959481146549 707.3061 770.69696 870.35706 898.0893 1.4250775446416706 1.9349958675312235 4.315896785999202 -2.647770528769741 3.9755648525811056 23.961248653090134 -1.5262516371089832 1
Car 263 2 -1.422745371536427 827.2277 778.36206 911.0162 849.03424 1.4958884857596717 1.81483051955828 3.3565740083752598 -2.482468260942003 5.884164303303701 41.01083779709282 -1.4832036069435184 1
Car 264 1 -1.511333726933972 860.61847 780.754 922.4161 839.93146 1.3735827492046815 1.710292088706367 3.9284531536229768 -2.1563660427967366 6.487723438300889 47.09474611574008 -1.5570895947295678 1
Car 265 1 2.140172799278595 0.0 729.67694 227.48799 861.80176 1.5767807101247313 1.82051019956133 4.253180003494621 -13.5343614399967 3.371499958928521 23.44871583565544 -4.6664909819943 1
Car 266 2 2.029915303052891 212.24399 746.3942 387.76147 841.34296 1.4764898364840822 1.685515124542026 3.9289103254401376 -13.319436995811207 4.107050757878706 30.377352783298036 -4.6664909819943 1
Car 268 1 -1.3573345083747046 569.2835 753.7944 802.6786 943.67426 1.5942314194918583 1.8301080405015608 3.9474591051895707 -3.0320703772516793 3.2577791181950926 17.291696685118673 -1.5309181477084837 1
Car 269 0 -1.2022584773712595 161.04636 718.1552 699.0504 1097.4991 1.6102889614181926 1.7976694845988892 3.8041443448364443 -2.957439206219199 2.3094913475477132 9.260051050662335 -1.511395393589216 1
Car 270 2 -0.6132207739078037 0.0 645.0433 204.88913 1215.0 1.4839978053154295 1.7976694845988892 3.9676219081881063 -3.18426815310071 1.543818097741838 2.4241680133886554 -1.5333261788644097 1
Car 271 1 -1.4586065974987605 799.4514 775.2391 900.93976 867.4516 1.4958884857596717 1.7730813531467196 3.6193814341329604 -2.3252107087547023 4.909841028470698 32.115078278793526 -1.5308829410847853 1
bicycle 274 2 1.4815718205296111 1146.2803 795.0342 1206.9291 925.0156 1.1512668364499927 0.5070975422226555 1.6250474004248892 2.320162381557258 3.0915206644467563 16.229530084555567 -4.659616312151185 1
bicycle 275 1 -1.6699407091191578 1096.047 793.5247 1146.2396 898.18695 1.1801203982869164 0.509935796551421 1.8983840245662587 2.2158661099005097 3.6414230688419833 20.876983415531946 -1.5641974178412936 1
Pedestrian 273 0 1.4788700098873213 1030.2485 759.70844 1075.377 874.53864 1.801655317265701 0.6735857928210365 0.8896240146382839 1.522951718519829 4.095194319262445 24.98705529941039 1.5397443323404238 1
ride_other 276 2 1.6092178093170748 1035.3334 786.10535 1067.595 841.6061 1.479176991966024 0.9482926612325147 2.4048682567069144 2.9267610428991646 6.822361074134611 48.32298858088206 -4.613474754724599 1
