Car 262 1 -1.3936071477309326 659.47076 779.9309 868.78925 943.5144 1.4250775446416706 1.9349958675312235 4.315896785999202 -2.41253690410973 3.6668301082095365 19.417307861316083 -1.5172203871881516 1
Car 263 2 -1.415905607222109 823.782 792.51483 920.06 874.9946 1.4958884857596717 1.81483051955828 3.3565740083752598 -2.1015221469273495 5.730872541168521 36.02583517678501 -1.474173327774114 1
Car 264 1 -1.50521335175414 860.7869 796.00037 930.3442 863.6909 1.3735827492046815 1.710292088706367 3.9284531536229768 -1.8157569511877694 6.446568487180217 42.355198494040536 -1.5480568727003028 1
Car 267 1 2.0776057059540793 263.98343 763.1027 456.6351 861.06055 1.493277031613426 1.7833085327089713 4.658450151051504 -12.742915939826844 4.68040631093869 32.062092888349746 -4.583881384263173 1
Car 266 2 2.099929255692712 71.7301 752.8925 298.699 868.2345 1.4764898364840822 1.685515124542026 3.9289103254401376 -13.14331655264621 3.8400547259597406 25.607323273643647 -4.657458447695104 1
Car 268 0 -1.3029985369409838 430.3576 754.7152 779.08093 1028.6997 1.5942314194918583 1.8301080405015608 3.9474591051895707 -2.7870930465378962 2.865848167981783 12.631041631425328 -1.5201728044999778 1
Car 269 1 -0.9585379496666254 0.0 672.48175 548.6634 1215.0 1.6102889614181926 1.7976694845988892 3.8041443448364443 -2.820377839249759 1.8210524572787148 4.6645441439253315 -1.502363466873885 1
Car 271 1 -1.4476615987524475 785.9111 787.6208 906.5889 898.3085 1.4958884857596717 1.7730813531467196 3.6193814341329604 -2.0442257261545977 4.689999075402943 27.50351202242945 -1.52185117176239 1
Car 242 2 -1.5125751608204283 879.192 794.18243 937.3188 853.3678 1.5509929800468734 1.7921670353273804 3.6478157516321166 -1.7937645540648652 7.599219997960061 51.58530548411183 -1.5473339373108466 1
rider 664 1 1.9475758339102813 336.46222 755.971 367.01248 812.597 1.503169598106683 0.6317887509998715 0.5206696945270166 -16.78248735259119 5.1357712547727274 41.18172503727523 1.5606012486654763 1
bicycle 274 1 1.4215161603847228 1236.0837 809.63715 1334.3323 997.32324 1.1512668364499927 0.5070975422226555 1.6250474004248892 2.491422994933602 2.6897347515460286 11.627166624393563 -4.650585081715793 1
bicycle 275 1 -1.7042302687998865 1152.4954 804.6817 1223.3842 942.6794 1.1801203982869164 0.509935796551421 1.8983840245662587 2.4366624444841842 3.245302200177072 16.225246727960577 -1.5551670055815008 1
Cyclist 665 2 1.948232028958032 324.3505 753.80206 375.80154 821.612 1.650308956842261 0.6317887509998715 1.9574422562979346 -16.78497186212857 5.278589376853034 41.11061091848512 1.5606012486654763 1
Pedestrian 273 0 1.451180015675504 1078.5251 764.53015 1138.1116 921.055 1.8202355049644758 0.6436143662279578 0.7963054448022758 1.8131282537765474 3.5872007412979983 18.518876789390042 1.5487759956185383 1
Pedestrian 1716 2 0.2680336816869212 443.08386 773.8784 480.2883 853.8872 1.9981619824294317 0.6896421482678536 0.7666635103017276 -13.04848507580524 5.927100202481017 39.07310816841756 -0.054272244384370616 1
ride_other 276 0 1.6035715914444753 1055.7625 793.5763 1091.1139 855.7622 1.479176991966024 0.9482926612325147 2.4048682567069144 3.2822426880779467 6.535436293272873 43.580730852781926 -4.6044415512971835 1
