Car 262 1 -1.3985487535124 677.64435 780.8531 877.06805 937.66504 1.4250775446416706 1.9349958675312235 4.315896785999202 -2.3435603184902813 3.7614834072454153 20.194410002486805 -1.514081904404547 1
Car 263 2 -1.4157253506262453 829.416 794.90686 923.5004 875.683 1.4958884857596717 1.81483051955828 3.3565740083752598 -2.041066624543471 5.886946835983506 36.864781972182115 -1.4710351819215763 1
Car 264 1 -1.5049976407522871 865.8512 797.4066 934.1573 863.9668 1.3735827492046815 1.710292088706367 3.9284531536229768 -1.723086886800979 6.579119872087673 43.14031064315297 -1.5449178788200968 1
Car 266 2 2.0883933323276747 105.29614 744.56433 321.5163 854.6244 1.4764898364840822 1.685515124542026 3.9289103254401376 -13.08574037373113 3.7533453405270967 26.44329253439212 -4.654319519157267 1
Car 268 1 -1.3137962741000822 468.7828 757.4027 791.18134 1013.7178 1.5942314194918583 1.8301080405015608 3.9474591051895707 -2.7636074223398794 2.9614357231041373 13.410187306622689 -1.5170336706560126 1
Car 269 1 -1.0197013996734436 0.0 690.0062 590.963 1215.0 1.6102889614181926 1.7976694845988892 3.8041443448364443 -2.8377112716073674 1.9332811569300423 5.457082964527748 -1.4992247492600577 1
Car 271 1 -1.4498780831875855 796.0821 788.1281 912.97797 895.6783 1.4958884857596717 1.7730813531467196 3.6193814341329604 -1.9496748238164512 4.7849153340366595 28.27937524160778 -1.5187125086957167 1
Car 267 2 2.065871696549123 294.35544 762.9163 478.4468 857.8023 1.493277031613426 1.7833085327089713 4.658450151051504 -12.557954195138462 4.764610222389251 33.01920169362306 -4.580742631849892 1
Pedestrian 1716 1 0.2628835773704724 457.338 772.2356 493.53195 850.42993 1.9981619824294317 0.6896421482678536 0.7666635103017276 -12.974426173794592 5.970104228343956 39.950464319278574 -0.05113380189043548 1
bicycle 274 1 1.4317937770023326 1228.2572 814.3558 1318.9761 991.74963 1.1512668364499927 0.5070975422226555 1.6250474004248892 2.543840426335361 2.8143191099349205 12.299757609856506 -4.647446605715951 1
bicycle 275 1 -1.6964757344028165 1147.6279 808.78577 1213.6675 940.0135 1.1801203982869164 0.509935796551421 1.8983840245662587 2.4838161593685473 3.3971008255354214 17.075595639998472 -1.5520288134899611 1
Pedestrian 273 0 1.461052873542972 1069.2385 766.31696 1127.331 920.07056 1.8486263716984643 0.6436143662279578 1.0254204346707927 1.7724452045039203 3.737308935768532 19.45334379185545 1.5519146221320752 1
ride_other 276 1 1.606021900812559 1057.0391 798.0157 1091.9396 859.29486 1.479176991966024 0.9482926612325147 2.4048682567069144 3.3743143617798825 6.762878298722018 44.39485704379057 -4.60130239089912 1
