Car 262 1 -1.373163363594932 583.4114 774.9585 837.6671 968.55225 1.4250775446416706 1.9349958675312235 4.315896785999202 -2.6051546961218306 3.3123030544157777 16.610673110425026 -1.52873227480323 1
Car 263 2 -1.4107628918080697 794.17444 788.7731 898.86664 877.56055 1.4958884857596717 1.81483051955828 3.3565740083752598 -2.507251682124456 5.3479244771403565 33.402595368960846 -1.4856839776939963 1
Car 264 1 -1.5026725429853531 836.91455 794.2038 911.5902 866.393 1.3735827492046815 1.710292088706367 3.9284531536229768 -2.260541592147433 6.090128050569136 39.68677122217653 -1.5595706371199538 1
Car 267 1 2.11138127187487 167.27084 760.82324 389.81445 869.1014 1.493277031613426 1.7833085327089713 4.658450151051504 -13.125694436180904 4.35897227298028 29.11091328905724 -4.595394263837172 1
Car 268 0 -1.2400925362387345 213.74974 740.8101 712.6094 1105.976 1.5942314194918583 1.8301080405015608 3.9474591051895707 -2.9449750402703208 2.510377820093288 9.811672493906078 -1.531687083812356 1
Car 269 2 -0.538902840283784 0.0 0.0 1935.0 1215.0 1.6102889614181926 1.7976694845988892 3.8041443448364443 -2.857698048152276 1.5139084074653235 1.9375825923333494 -1.5138762174483191 1
Car 271 1 -1.440572796028177 749.10547 782.50256 885.3167 905.7888 1.4958884857596717 1.7730813531467196 3.6193814341329604 -2.298102266695037 4.292601004147334 24.695332981399474 -1.5333637216019569 1
Car 242 2 -1.5111857209945196 858.39746 789.63165 919.2624 851.0788 1.5509929800468734 1.7921670353273804 3.6478157516321166 -2.356981699354049 7.196793999154951 49.41802938731844 -1.5588443781695287 1
Car 266 0 2.1486114822450535 0.0 752.97644 201.8943 884.5911 1.4764898364840822 1.685515124542026 3.9289103254401376 -13.415097099872268 3.589021722233603 22.66675006401147 -4.668971972899534 1
Pedestrian 650 1 2.8838202908238415 1065.6058 794.3584 1089.8535 845.73944 1.633919843956101 0.7579585513704934 0.6498976872300144 3.9557844270084757 7.4427277892556365 50.83038226854783 -3.3216983308788013 1
rider 664 2 2.003677877954631 211.4511 748.2255 249.0579 814.7411 1.503169598106683 0.6317887509998715 0.5206696945270166 -17.131553926448568 4.416020476865959 35.05347957227363 1.5490899155205136 1
bicycle 274 1 1.3597894930578764 1294.6755 805.2514 1441.2462 1055.0132 1.1512668364499927 0.5070975422226555 1.6250474004248892 2.382094803385664 2.32497991300496 8.907930769860183 -4.662096944502736 1
bicycle 275 1 -1.7373695364927741 1176.2479 795.5876 1268.2992 961.456 1.1801203982869164 0.509935796551421 1.8983840245662587 2.334897367505479 2.8347009724934615 13.545923947314167 -1.5666778251551008 1
Cyclist 665 2 2.00167171014956 200.34625 746.2228 266.0394 825.2209 1.650308956842261 0.6317887509998715 1.9574422562979346 -17.14156069125225 4.590317848182458 35.25305380040002 1.5490899155205136 1
Pedestrian 273 0 1.4296271641688896 1086.3029 747.6281 1160.6552 942.2702 1.839328420786854 0.6629075525282918 0.5100596609909162 1.591996031243683 3.0703146547402875 14.733333253110123 1.537263581173729 1
ride_other 276 0 1.5989712259192954 1044.3044 789.46344 1081.6597 855.7414 1.479176991966024 0.9482926612325147 2.4048682567069144 2.7884645985394463 6.104417204708506 40.788280222295846 -4.6159559299180914 1
