Car 262 0 -1.332903466428758 411.73712 750.9134 797.70245 1027.7538 1.4250775446416706 1.9349958675312235 4.315896785999202 -2.554244929912224 2.608969555029863 11.867157683531708 -1.5449056215767472 1
Car 263 1 -1.401972381389717 765.0786 772.1746 889.78174 875.35547 1.4958884857596717 1.81483051955828 3.3565740083752598 -2.476434511230663 4.4663056036081485 28.41475044337246 -1.4889058520410556 1
Car 1271 1 1.8929307250076484 472.1253 760.2973 572.27026 825.219 1.4565988602660869 1.651267115858554 3.955102475216936 -12.83394558242932 5.616154240701809 43.933630019163004 -4.674467556155932 1
Car 264 1 -1.4975730193561696 818.2912 776.1699 904.09717 856.61035 1.3735827492046815 1.710292088706367 3.9284531536229768 -2.2807664620426342 5.105345929472306 34.920559718152965 -1.562793384300423 1
bicycle_rack 1796 1 0.36341658117356773 385.3692 767.545 525.8528 842.89795 1.3660473118235248 4.295527267172535 1.934559971938949 -12.603196704500425 5.1577571357835215 37.566101790428654 0.03972280971599096 1
bicycle_rack 1799 2 0.5327610897628348 277.98685 775.4145 405.77258 837.73676 1.0745544394884459 1.5826182240852775 1.9202311522544098 -12.869199861121666 4.3010540808283375 31.13845147167273 0.14085086998635488 1
Car 268 1 -1.0231260015985004 0.0 683.86694 560.4955 1215.0 1.5942314194918583 1.8301080405015608 3.9474591051895707 -2.8784046078045065 1.8753783409897287 5.12442261502284 -1.5349099755320714 1
Car 271 1 -1.4230910952928302 696.1001 764.603 870.01764 916.5241 1.4958884857596717 1.7730813531467196 3.6193814341329604 -2.2735728502534944 3.531069492685129 19.946268448580035 -1.536586128504749 1
Car 242 2 -1.5075840406095191 844.34216 774.82666 912.3182 841.9674 1.5509929800468734 1.7921670353273804 3.6478157516321166 -2.430042041623351 6.201906260242726 44.55839300040628 -1.5620661938820908 1
Pedestrian 650 1 2.86723220032575 1084.3376 794.1517 1111.4192 850.8847 1.633919843956101 0.7579585513704934 0.6498976872300144 4.2062693287906345 6.897912346713335 46.07843926667366 -3.3249204259531258 1
Pedestrian 273 0 1.3166890623875478 1217.193 682.87915 1372.6666 1033.6586 1.796086842492057 0.6629075525282918 0.7383849180853567 1.8030173271593648 2.1274161241351184 8.164330607349205 1.5340412125389866 1
bicycle 274 1 1.1133790285515976 1595.3441 788.51044 1935.0 1215.0 1.1512668364499927 0.5070975422226555 1.6250474004248892 2.431018942468337 1.7230741936847849 4.402878178417703 -4.665319158853457 1
bicycle 275 1 -1.8463932572255675 1304.8293 779.41693 1486.1223 1043.6079 1.1801203982869164 0.509935796551421 1.8983840245662587 2.480124085539591 2.181307768164514 8.740164971448378 -1.5698997469994647 1
bicycle_rack 1795 2 0.5175712370135707 302.73874 765.35834 433.18054 834.4631 1.2478158606102607 1.9735880078655064 1.9202311522544098 -12.910886214422403 4.417493907142359 32.63498898445971 0.14085086998635488 1
ride_other 276 0 1.588082201789761 1053.7765 774.2589 1094.9734 848.4227 1.479176991966024 0.9482926612325147 2.4048682567069144 2.7437172111579815 5.205533382358853 36.06809343215364 -4.619178849971831 1
