Car 262 0 -1.3423665038502313 446.74683 751.13934 804.7291 1009.5466 1.4250775446416706 1.9349958675312235 4.315896785999202 -2.5639172345896855 2.6700165636926894 12.564053343705599 -1.5436702187433795 1
Car 263 1 -1.401837887412673 767.64795 774.312 889.0802 874.8976 1.4958884857596717 1.81483051955828 3.3565740083752598 -2.5283868923568438 4.585821199654832 29.178997549704867 -1.4882729067439004 1
Car 264 1 -1.4973675612768216 819.89703 779.2412 903.97046 858.3084 1.3735827492046815 1.710292088706367 3.9284531536229768 -2.3130024880480784 5.256298853480704 35.64853178699021 -1.5621602674969852 1
Car 268 1 -1.0715369791115914 0.0 686.6125 592.0427 1215.0 1.5942314194918583 1.8301080405015608 3.9474591051895707 -2.9010204302157017 1.916998580394539 5.815231932169214 -1.534276830319238 1
Car 271 1 -1.4247950176594137 702.92334 765.169 871.2178 912.33734 1.4958884857596717 1.7730813531467196 3.6193814341329604 -2.2933864849991434 3.5956851697709746 20.546714241373227 -1.5359530785600717 1
Car 1271 1 1.8894869497390507 480.01947 760.1098 577.782 823.7474 1.4565988602660869 1.651267115858554 3.955102475216936 -12.880471505181267 5.686077291195607 44.770222589956425 -4.67383451965296 1
Car 242 2 -1.5090387364100115 848.0171 776.96423 914.9806 843.43463 1.5509929800468734 1.7921670353273804 3.6478157516321166 -2.3656944625492584 6.3243860511813335 45.1102356174279 -1.5614332601078502 1
Car 266 2 2.2351821193885106 0.0 694.9651 53.524345 844.4874 1.4764898364840822 1.685515124542026 3.9289103254401376 -13.405075526176441 2.4432655133110335 18.63641770149262 -4.671561549575208 1
Car 267 2 2.130274084312042 37.928017 730.8851 306.80228 851.2 1.493277031613426 1.7833085327089713 4.658450151051504 -13.076107436016855 3.446839339908456 25.170777703498402 -4.632033366636338 1
Pedestrian 650 1 2.8733233261936597 1076.3695 782.6683 1102.9282 838.33777 1.633919843956101 0.7579585513704934 0.6498976872300144 4.012229056418928 6.613847469496344 46.77127380424956 -3.3242874372190263 1
bicycle 274 0 1.1719528256454197 1522.5024 805.62665 1892.3312 1215.0 1.1512668364499927 0.5070975422226555 1.6250474004248892 2.42203061266558 1.862144468573316 5.058516082684176 -4.664686146744286 1
bicycle 275 1 -1.827463422207153 1283.3978 792.3484 1445.378 1038.6088 1.1801203982869164 0.509935796551421 1.8983840245662587 2.484443453989879 2.3398375355575025 9.407510975604477 -1.569266792371074 1
bicycle_rack 1796 2 0.36667799937516943 381.9382 758.26843 520.7496 831.2316 1.3660473118235248 4.295527267172535 1.934559971938949 -12.918220856257127 4.965271313689765 38.172069904502884 0.040355771507781135 1
Pedestrian 273 0 1.347336632054655 1182.2601 702.86676 1311.3126 1018.3019 1.844454222865862 0.6629075525282918 0.6047319354261338 1.7465988445778433 2.341230081512257 9.213943959094065 1.5346742549530368 1
ride_other 276 0 1.5898092609850165 1052.4935 781.6344 1093.0143 854.752 1.479176991966024 0.9482926612325147 2.4048682567069144 2.760264830715692 5.468171716987145 36.81809462872379 -4.618545699174167 1
