Car 262 0 -1.24938010816299 186.53883 738.97394 778.0251 1133.6362 1.4250775446416706 1.9349958675312235 4.315896785999202 -2.4296159512586653 2.2711162236661737 8.883466892470253 -1.5163499645573384 1
Car 263 1 -1.393809584608638 753.9292 777.7524 895.0904 895.0755 1.4958884857596717 1.81483051955828 3.3565740083752598 -2.246393372984343 4.269656887493711 25.385029522202856 -1.4820725092935372 1
Car 1271 2 1.911065541879685 448.61725 760.04095 558.2361 829.663 1.4565988602660869 1.651267115858554 3.955102475216936 -12.515920982264527 5.353837368450063 41.11302052815512 -4.667633229332754 1
Car 264 1 -1.4951608529928515 820.309 784.6615 914.42957 874.1432 1.3735827492046815 1.710292088706367 3.9284531536229768 -1.9473914667776149 5.0024988857392625 31.99139223787664 -1.5559581908905695 1
Car 1 1 -1.5276239399001186 876.87726 777.2381 939.624 841.2819 1.5684593360904695 1.8722939390592113 4.343120856413278 -1.6980580960005898 6.799747938711684 49.173423621018735 -1.5621422527910154 1
Car 242 1 -1.5057261793857433 849.0126 782.6429 922.15344 855.65704 1.5509929800468734 1.7921670353273804 3.6478157516321166 -2.0584568745349823 6.127166852381441 41.54530403046107 -1.555232975432956 1
Car 657 2 1.8405516764789889 529.41034 764.05835 622.23663 827.88837 1.5375491557375243 1.7706370282299184 4.354888459816826 -12.248583378935308 6.188120851417308 47.78231229536076 -4.693571679160025 1
Car 267 1 2.1918138590460767 0.0 729.4834 218.28705 872.9991 1.493277031613426 1.7833085327089713 4.658450151051504 -12.848637623203864 3.160356639223029 21.443262399924727 -4.631196836495857 1
bicycle_rack 1799 1 0.5713235506922723 213.22594 765.35486 357.28912 833.9029 1.0745544394884459 1.5826182240852775 1.9202311522544098 -12.695609811997128 3.805584005466417 28.153356516677395 0.14768420334541288 1
bicycle_rack 1795 1 0.5477184640220442 254.56264 761.21436 399.27942 836.50946 1.2478158606102607 1.9735880078655064 1.9202311522544098 -12.662392412245111 4.079419389569594 29.9465139132255 0.14768420334541288 1
Car 268 2 -0.6210684603983768 0.0 0.0 306.97095 1215.0 1.5942314194918583 1.8301080405015608 3.9474591051895707 -2.80367880934192 1.514554595613015 2.1930269776143274 -1.5280744757822142 1
Car 271 1 -1.4076320898058667 661.483 766.01495 871.9441 948.94507 1.4958884857596717 1.7730813531467196 3.6193814341329604 -2.0765294600446835 3.2665429329925275 16.9194558884232 -1.5297516566384035 1
Pedestrian 273 1 1.1127970887437442 1461.8322 615.40344 1875.0237 1215.0 1.809606405416967 0.6571069665981243 1.032890185345898 1.9266466021626085 1.7861441573920307 4.222348127569315 1.5408756034342956 1
bicycle 275 1 -1.991643051007388 1492.2249 785.6211 1857.3065 1215.0 1.1801203982869164 0.509935796551421 1.8983840245662587 2.625498550001461 1.8999294074754767 5.746336649894532 -1.563066303518592 1
bicycle 1797 2 0.6114442365398705 151.1388 751.6628 274.8067 833.04596 1.3077487246337776 0.5854245915602774 1.9202311522544098 -12.905426525460033 3.531567636969874 25.80360027081116 0.14768420334541288 1
bicycle 1798 2 0.6089921579896558 154.95485 760.06744 279.88477 840.5638 1.3077487246337776 0.702021734132953 1.9202311522544098 -13.135033931436334 3.7403370236887232 26.424447732438917 0.14768420334541288 1
bicycle_rack 1796 2 0.3862703127914133 349.94717 759.31354 506.11917 840.11096 1.3660473118235248 4.295527267172535 1.934559971938949 -12.285652813486713 4.687513909902718 34.76267015495147 0.046556326889544586 1
Pedestrian 650 2 2.8644159423635798 1097.8931 789.1581 1127.0236 849.9371 1.633919843956101 0.7579585513704934 0.6498976872300144 4.3397884831262035 6.399654558014749 42.95784981744992 -3.3180866161770215 1
Pedestrian 1273 1 0.5825494529542219 240.21219 727.4937 292.42862 825.94495 1.7981381238621212 0.6951630786874728 0.6232345857401255 -13.246043312420987 3.7811899172008463 28.51537743210417 0.14768420334541288 1
ride_other 276 0 1.5775620387928155 1078.4952 784.28906 1123.1561 866.2076 1.479176991966024 0.9482926612325147 2.4048682567069144 3.0953518319693205 5.138307716749605 33.08715305725287 -4.612343290406995 1
