Car 262 0 -1.1938832813406823 0.0 730.85065 767.12683 1215.0 1.4250775446416706 1.9349958675312235 4.315896785999202 -2.274573396309211 2.075569396180871 6.967951571919224 -1.5094112601285923 1
Car 263 1 -1.3885648064103555 748.723 775.9627 902.89984 903.8105 1.4958884857596717 1.81483051955828 3.3565740083752598 -2.038581821918276 4.03789029815856 23.40719901662416 -1.4754376917673295 1
Car 1271 2 1.9225057485977075 436.07916 756.2485 553.0122 829.28406 1.4565988602660869 1.651267115858554 3.955102475216936 -12.126498173488047 5.067834095074569 39.097413006209976 -4.661432233694293 1
Car 264 1 -1.492185177333531 821.3191 784.59875 922.29346 880.51733 1.3735827492046815 1.710292088706367 3.9284531536229768 -1.7288510749772585 4.788590643925833 29.996588949378978 -1.5497564096517393 1
Car 1 1 -1.5394055733678809 885.1126 781.81226 948.8461 849.01843 1.5684593360904695 1.8722939390592113 4.343120856413278 -1.3525917678642765 6.752121761874995 47.228012653607834 -1.5680373548668154 1
Car 242 1 -1.5054522819927187 855.8393 780.70105 932.7642 857.51135 1.5509929800468734 1.7921670353273804 3.6478157516321166 -1.7232682655197544 5.86007011267737 39.516966356702 -1.5490329841028039 1
Car 657 2 1.8602030665101514 504.21826 759.0048 603.9128 825.2868 1.5375491557375243 1.7706370282299184 4.354888459816826 -12.395871802783303 5.840830105375907 45.78762272931417 -4.6873700493519195 1
Car 267 1 2.248676749033547 0.0 717.4335 172.73932 873.00696 1.493277031613426 1.7833085327089713 4.658450151051504 -12.654744225582302 2.8571707173872474 19.631402227124518 -4.60709059323759 1
Car 271 0 -1.3959833900737182 633.9464 760.665 876.3932 969.2665 1.4958884857596717 1.7730813531467196 3.6193814341329604 -1.9215377394443747 3.0238964013207834 14.981155180084336 -1.5235505295442093 1
Pedestrian 650 2 2.8569814830682665 1117.7004 786.899 1148.4988 850.7197 1.633919843956101 0.7579585513704934 0.6498976872300144 4.695022435046219 6.110025265386819 40.89087619866707 -3.311886092144921 1
bicycle 275 2 -2.161290033852568 1709.843 783.63715 1935.0 1215.0 1.1801203982869164 0.509935796551421 1.8983840245662587 2.610777826963622 1.6825004616609356 3.780169032511381 -1.5568661082290576 1
bicycle 1797 2 0.6399311589088401 103.92731 758.19147 237.64781 846.48285 1.3077487246337776 0.5854245915602774 1.9202311522544098 -12.629323926410265 3.4773393892453925 23.90464142648221 0.15388429149011995 1
bicycle 1798 2 0.6308180450061306 120.6988 755.6599 255.27628 842.2323 1.3077487246337776 0.702021734132953 1.9202311522544098 -12.699301604946866 3.4999429441371657 24.576769084250678 0.15388429149011995 1
bicycle_rack 1799 2 0.6024407026160461 160.35732 763.5939 318.84833 838.04694 1.0745544394884459 1.5826182240852775 1.9202311522544098 -12.500838426653447 3.5697313007508926 25.974372100740254 0.15388429149011995 1
bicycle_rack 1795 2 0.5767954370882427 205.71754 756.79144 365.88214 838.67944 1.2478158606102607 1.9735880078655064 1.9202311522544098 -12.388456035174904 3.774476345154559 27.525693427429363 0.15388429149011995 1
Pedestrian 1273 1 0.6140152735756611 191.33444 739.915 248.23593 845.5741 1.7981381238621212 0.6951630786874728 0.6232345857401255 -13.229550546665171 3.881262570903669 26.693366675978616 0.15388429149011995 1
ride_other 276 0 1.5699126513366188 1098.3641 784.1078 1146.0227 871.4232 1.479176991966024 0.9482926612325147 2.4048682567069144 3.3471546295306975 4.925352643144814 31.123808210624283 -4.606141178573062 1
