Car 262 1 -1.104451409567613 0.0 715.7506 707.4351 1215.0 1.4250775446416706 1.9349958675312235 4.315896785999202 -2.2956060973055594 1.870721302816826 5.135179950093562 -1.5248370560292446 1
Car 263 1 -1.3780334108326138 728.16205 785.25726 898.40216 927.10754 1.4958884857596717 1.81483051955828 3.3565740083752598 -2.038350529096584 3.9907955723211783 21.507332552904373 -1.4725258459717727 1
Car 1271 1 1.9383130073451724 410.35953 765.76843 535.57916 843.6577 1.4565988602660869 1.651267115858554 3.955102475216936 -12.095008657750661 5.159452078339913 37.28945454032915 -4.65852040777132 1
Car 264 1 -1.4846011499248712 809.4708 793.2851 919.07574 897.7192 1.3735827492046815 1.710292088706367 3.9284531536229768 -1.7482976808804813 4.7556353952572925 28.051949924057936 -1.5468442150638697 1
Car 1 1 -1.5361500775537291 882.8204 791.7609 949.8282 863.09827 1.5684593360904695 1.8722939390592113 4.343120856413278 -1.3112323305501485 6.859323214984602 45.24067110604326 -1.565125451257411 1
Car 242 1 -1.5001830603800141 849.8349 791.68616 931.31665 873.63837 1.5509929800468734 1.7921670353273804 3.6478157516321166 -1.7312580263505783 5.957036172919452 37.65985837538894 -1.5461216293212776 1
Car 649 1 1.8336640818676528 561.1363 775.6168 642.19934 832.14886 1.3981695540236643 1.6227681287882907 4.1493497289123145 -12.030570758031594 6.675134435719807 50.262085431410185 -4.684457925828582 1
Car 271 0 -1.3780376166676338 584.5701 767.47504 870.1503 1013.0539 1.4958884857596717 1.7730813531467196 3.6193814341329604 -1.8824905981164726 2.9225066855584307 13.111498186535101 -1.5206386419426408 1
Car 657 1 1.868324251945518 493.6233 766.20557 597.43195 835.2966 1.5375491557375243 1.7706370282299184 4.354888459816826 -12.292564267176877 5.949123501530968 44.48602505377032 -4.684457925828582 1
Car 267 2 2.2838773807549755 0.0 718.97894 95.62379 894.079 1.493277031613426 1.7833085327089713 4.658450151051504 -12.665401457367103 2.760238893922235 17.736677074415507 -4.619420999674144 1
Pedestrian 1273 1 0.6464265163340779 132.44499 736.81665 195.43463 851.2772 1.7981381238621212 0.6951630786874728 0.6232345857401255 -13.137316792767514 3.6724153084645033 24.65184982944846 0.1567956893065967 1
Pedestrian 650 2 2.8586749380811787 1118.9003 791.6986 1151.0131 858.4363 1.633919843956101 0.7579585513704934 0.6498976872300144 4.546892133747132 6.051674112253621 39.17953994136199 -3.3089744884618684 1
ride_other 276 0 1.5660828183779563 1107.1881 795.36346 1158.1284 889.65137 1.479176991966024 0.9482926612325147 2.4048682567069144 3.3414414305653586 4.951681925590657 29.216465735148645 -4.603228829283967 1
