Car 263 1 -1.3720933498094494 692.09985 763.09045 875.15424 910.5224 1.4958884857596717 1.81483051955828 3.3565740083752598 -2.302231025089759 3.5244490433825035 20.20257672298235 -1.4855611613725639 1
Car 264 1 -1.4818911122375384 782.6406 773.92474 897.79205 880.0278 1.3735827492046815 1.710292088706367 3.9284531536229768 -2.100403134740408 4.248640885131513 26.877079326591584 -1.559881092406269 1
Car 1 1 -1.5340656688600414 859.02625 771.77277 928.1324 843.004 1.5684593360904695 1.8722939390592113 4.343120856413278 -1.9454759023212056 6.112805962015857 44.09114700686434 -1.5781610245671793 1
Car 242 1 -1.4943217543698188 819.63025 772.2901 904.5201 854.66455 1.5509929800468734 1.7921670353273804 3.6478157516321166 -2.3733465418601756 5.334731364300135 36.55577698201704 -1.5591547437473599 1
Car 649 1 1.8369209125365042 533.50555 757.1073 617.83826 813.76483 1.3981695540236643 1.6227681287882907 4.1493497289123145 -12.506411179649316 5.890663746277963 48.728943174331064 -4.697494484826299 1
Car 262 1 -0.9817435989358858 0.0 691.451 620.9877 1215.0 1.4250775446416706 1.9349958675312235 4.315896785999202 -2.395053719086597 1.6936105992156278 3.84597397445254 -1.5387183217059759 1
Car 271 0 -1.3596196766313013 510.74704 744.35815 837.0537 1011.46716 1.4958884857596717 1.7730813531467196 3.6193814341329604 -2.085996085347959 2.590666734097053 11.86346086602752 -1.5336741441142203 1
Car 1271 1 1.951296155178981 362.5178 747.034 495.90817 826.02386 1.4565988602660869 1.651267115858554 3.955102475216936 -12.650785241461742 4.544689875576896 35.80123790219865 -4.67155563358466 1
Car 657 1 1.8816242081716634 446.8595 747.21747 558.12646 817.53156 1.5375491557375243 1.7706370282299184 4.354888459816826 -12.961506777179608 5.194022267140426 42.512622471004235 -4.697494484826299 1
Pedestrian 1273 2 0.6682926063033189 61.454536 706.83124 129.67879 826.97656 1.7981381238621212 0.6951630786874728 0.6232345857401255 -13.481471487294469 3.0960406583949065 23.30044463314011 0.14376237013825888 1
Pedestrian 650 2 2.849988795261691 1112.0078 788.1244 1144.7365 855.7586 1.633919843956101 0.7579585513704934 0.6498976872300144 4.314083683016407 5.898477930785077 38.63995430992246 -3.322008723325012 1
bicycle_rack 1898 1 0.5743298594820272 201.26863 746.7985 374.48236 834.1551 1.3854882136318172 2.34824543539561 2.091819051515769 -12.8750201964582 3.8342793837622375 28.721382676839948 0.15291304099041736 1
bicycle_rack 1272 1 0.4197023110470866 282.81784 761.78595 414.98788 831.9969 1.2454329651088654 1.9090057547409316 1.955268602375933 -12.798742686244706 4.205801992859681 31.355388901701335 0.03216142549589884 1
ride_other 276 0 1.5611979964689118 1094.1221 772.75836 1147.1925 868.91254 1.479176991966024 0.9482926612325147 2.4048682567069144 2.9785613441314265 4.377277633039833 28.068771450931923 -4.616266401839598 1
