Car 263 1 -1.3622561304318985 648.5726 780.74133 847.6935 943.04315 1.4958884857596717 1.81483051955828 3.3565740083752598 -2.581475947949155 3.6430093547856943 18.86380580532894 -1.4982594311729924 1
Car 264 1 -1.476042977250788 750.06665 791.18695 873.3152 906.5506 1.3735827492046815 1.710292088706367 3.9284531536229768 -2.4634544027845915 4.4208617069648355 25.438679243035086 -1.5725808848902656 1
Car 1 1 -1.531827382866788 835.13513 790.62036 906.9565 866.50433 1.5684593360904695 1.8722939390592113 4.343120856413278 -2.5215452243385266 6.53919168803118 42.66514219063059 -1.5908595433326926 1
Car 2 2 -1.515547690431982 837.45447 784.85864 903.36237 853.7876 1.759039309821629 1.9832549824699317 4.4205547288851115 -3.029142896511702 7.41454228506137 50.65777261420751 -1.5752727858083768 1
Car 657 1 1.8889564569059054 410.93414 759.67334 527.6508 833.75134 1.5375491557375243 1.7706370282299184 4.354888459816826 -13.452446004389092 5.4425036611933315 41.14937664032651 -4.710193966698761 1
Car 649 2 1.8418678625492015 503.26816 771.66296 591.2655 831.45825 1.3981695540236643 1.6227681287882907 4.1493497289123145 -13.016284780415994 6.237912181818144 47.237644484203834 -4.710193966698761 1
bicycle 1929 1 0.6226084716960393 0.0 757.51715 105.20561 851.42554 1.1792289884853577 0.9419127643011826 1.903092866698362 -13.118113695562116 3.0700551238543814 20.794413201244584 0.05981491121904381 1
bicycle_rack 1272 2 0.43538423545741894 226.86989 769.29193 370.07004 844.53735 1.2454329651088654 1.9090057547409316 1.955268602375933 -13.012751925882577 4.184085983779767 29.461460614015394 0.019464648174984278 1
Car 262 1 -0.7875855315317936 0.0 674.931 501.72037 1215.0 1.4250775446416706 1.9349958675312235 4.315896785999202 -2.456584132031399 1.5838277928911082 2.5679487351163974 -1.5508231527591214 1
Car 271 0 -1.3400366797030605 425.02838 754.2467 806.6706 1065.926 1.4958884857596717 1.7730813531467196 3.6193814341329604 -2.2036333582988634 2.5648510958631325 10.527839339139486 -1.5463725948893146 1
Car 1271 1 1.9620212212413186 318.279 758.65393 459.86517 842.4004 1.4565988602660869 1.651267115858554 3.955102475216936 -13.069482195661777 4.712231943457052 34.39930819851707 -4.684253814568035 1
Car 242 1 -1.4944557023665728 798.5907 791.08844 887.3757 879.3287 1.5509929800468734 1.7921670353273804 3.6478157516321166 -2.7130498503249307 5.64164227952624 34.98449532500032 -1.571850862557698 1
bicycle 1930 1 0.5882030804118115 13.277368 757.5269 161.58018 846.367 1.2552311508733784 0.6385579722806559 1.903092866698362 -13.20842175626681 3.295271622457461 22.62669617207258 0.05981491121904381 1
bicycle 1931 1 0.5674137871460766 54.92025 756.69507 201.93687 845.96075 1.3035961633021194 0.7889692620223615 1.903092866698362 -13.138039579008975 3.4250554568413634 23.62062298159578 0.05981491121904381 1
bicycle 1932 1 0.6028109972873519 0.0 760.1042 141.267 849.58 1.1792289884853577 0.9419127643011826 1.903092866698362 -13.173985799092188 3.20047527068817 21.82895850378719 0.05981491121904381 1
bicycle_rack 1898 1 0.5854886120010717 150.83284 764.42816 337.32034 859.07294 1.3854882136318172 2.34824543539561 2.091819051515769 -12.913887890155717 4.032360162732784 27.059677938031253 0.14021641544385988 1
Pedestrian 650 2 2.8505242406240874 1091.2279 800.7019 1125.5236 872.07153 1.633919843956101 0.7579585513704934 0.6498976872300144 3.6173849504201945 6.012421089869952 36.81081489014041 -3.334705949198494 1
Pedestrian 1273 1 0.6912046425265824 0.0 715.8154 60.414345 845.182 1.7981381238621212 0.6951630786874728 0.6232345857401255 -13.617327002198603 3.1416599616131258 21.71328451037351 0.1310660216257511 1
ride_other 276 0 1.5561158895577645 1081.6283 796.82935 1137.4445 900.31104 1.479176991966024 0.9482926612325147 2.4048682567069144 2.6304496183320385 4.6942966554957195 26.72719416967534 -4.628966878119545 1
