Car 263 1 -1.3377372459889842 541.7544 765.64124 788.7711 958.4931 1.4958884857596717 1.81483051955828 3.3565740083752598 -2.9975013377102937 3.147028690816514 15.825814160616721 -1.5249256544050778 1
Car 1271 1 1.989025807221683 212.2645 746.83234 375.87335 837.6874 1.4565988602660869 1.651267115858554 3.955102475216936 -13.841075306963344 4.16725777980661 31.26567056786795 -4.710919846332139 1
Car 264 1 -1.4674909176760138 686.0192 780.1591 827.6868 909.7398 1.3735827492046815 1.710292088706367 3.9284531536229768 -2.9955785431645716 3.926707095905888 22.603500857228703 -1.5992503081841907 1
Car 1 1 -1.530810131299186 790.38904 779.5333 867.8302 860.249 1.5684593360904695 1.8722939390592113 4.343120856413278 -3.4557956752587957 5.907785985707283 39.75187018777928 -1.6175262818049458 1
Car 2 2 -1.513925501939376 792.3242 776.30084 862.9787 849.38245 1.759039309821629 1.9832549824699317 4.4205547288851115 -4.192747487761321 6.796561091499816 47.516931504910076 -1.6019344846940657 1
Car 657 2 1.9020938116360677 336.76514 751.0959 466.8771 830.7623 1.5375491557375243 1.7706370282299184 4.354888459816826 -14.129777002437939 4.932016094012917 38.025937294234865 1.546322570839544 1
Car 271 0 -1.2618294223404558 100.320335 730.83026 713.56866 1185.2482 1.4958884857596717 1.7730813531467196 3.6193814341329604 -2.437957369792602 2.1611123217732056 7.579253694583743 -1.573039194874481 1
bicycle 1862 2 -1.8363113312970416 1216.3041 806.9418 1322.974 960.7865 1.1328922973049287 0.513270806172401 1.8900253340754545 2.9038585760348763 2.9835183263258136 14.242939997792059 -1.635187263943323 1
bicycle 1931 2 0.6230943366601105 0.0 732.88947 46.702236 834.6989 1.3035961633021194 0.7889692620223615 1.903092866698362 -13.709188445136448 2.813106749746348 20.477530482875228 0.0331502331363851 1
bicycle_rack 1898 1 0.6294316310992853 0.0 742.3422 219.19615 847.43164 1.3854882136318172 2.34824543539561 2.091819051515769 -13.538718459277744 3.361314118013135 23.873540241427964 0.11355360697833605 1
bicycle_rack 1272 1 0.47241660261830687 96.86029 757.18256 263.93988 840.51337 1.2454329651088654 1.9090057547409316 1.955268602375933 -13.713035552404987 3.662694577226268 26.36505041721754 -0.007198502361966064 1
Pedestrian 650 2 2.8384371300401656 1067.7465 786.9061 1105.085 863.91205 1.633919843956101 0.7579585513704934 0.6498976872300144 2.8436250729639543 5.367847271766017 34.02608397826681 -3.3613700114702656 1
ride_other 276 0 1.5428771359250284 1057.9442 784.0548 1121.7198 898.5978 1.479176991966024 0.9482926612325147 2.4048682567069144 2.0327525928632344 4.158787510306308 23.950427760562086 -4.655637758043836 1
Car 242 1 -1.4879568207744354 743.4252 780.46643 841.465 875.989 1.5509929800468734 1.7921670353273804 3.6478157516321166 -3.5688509429406867 5.087674487120134 32.14938742792196 -1.5985125479652385 1
