Car 263 1 -1.334152684039877 527.9114 768.54205 783.50696 968.3171 1.4958884857596717 1.81483051955828 3.3565740083752598 -3.003199964279992 3.1383327080379715 15.382688364759415 -1.5269598883000748 1
Car 1271 2 1.9948992417205695 195.22798 755.2314 363.95782 849.3577 1.4565988602660869 1.651267115858554 3.955102475216936 -13.835975264333596 4.295729328294925 30.598162448467104 1.570231241833318 1
Car 264 1 -1.4643448998978388 675.6467 783.98425 821.5943 917.68976 1.3735827492046815 1.710292088706367 3.9284531536229768 -3.043602145200052 3.934804542106719 22.086722249297782 -1.6012847862802853 1
Car 1 1 -1.5296339523030218 784.9072 782.04675 863.513 864.12286 1.5684593360904695 1.8722939390592113 4.343120856413278 -3.541268798970212 5.9282064613154635 39.2733376188132 -1.6195605545715637 1
Car 242 1 -1.4877788877786084 739.16876 780.80634 838.83307 878.0076 1.5509929800468734 1.7921670353273804 3.6478157516321166 -3.583869723094395 5.0431219460825645 31.646209209085054 -1.600546434602157 1
Car 2 2 -1.512911596560369 787.28345 780.391 858.75745 854.6113 1.759039309821629 1.9832549824699317 4.4205547288851115 -4.2987436492718345 6.887302017203869 47.07893797777997 -1.6039683723598912 1
Car 657 2 1.9093361835793958 319.22076 758.13226 452.45532 839.70233 1.5375491557375243 1.7706370282299184 4.354888459816826 -14.360807723129096 5.0813685953365075 37.5763151497394 1.5442881426736483 1
bicycle_rack 1898 1 0.6337351543232365 0.0 752.47754 208.65154 860.403 1.3854882136318172 2.34824543539561 2.091819051515769 -13.533117506266874 3.501086504266052 23.515105862500395 0.11151963129748688 1
Car 271 0 -1.2440829520313859 25.529526 735.07495 698.3071 1215.0 1.4958884857596717 1.7730813531467196 3.6193814341329604 -2.452815773372529 2.1553832582995516 7.13791518925103 -1.5750734573190486 1
bicycle 1862 2 -1.8304367057482054 1203.129 800.0766 1311.9047 958.1071 1.1328922973049287 0.513270806172401 1.8900253340754545 2.701814252330128 2.862942300477574 13.808991218135155 -1.63722137879355 1
bicycle_rack 1272 1 0.4749137615860791 86.62953 765.35925 256.69833 850.61536 1.2454329651088654 1.9090057547409316 1.955268602375933 -13.664942996978342 3.7765295065007707 25.984298046274166 -0.009232505437727578 1
Pedestrian 650 2 2.8366869681633724 1067.0107 790.0157 1104.9755 868.33417 1.633919843956101 0.7579585513704934 0.6498976872300144 2.790140031870046 5.381557198890948 33.50069590428076 -3.3634040824062246 1
ride_other 276 0 1.541452520548793 1056.3369 783.54944 1121.6335 900.48486 1.479176991966024 0.9482926612325147 2.4048682567069144 1.9777154545969977 4.099421795880652 23.471861641363482 -4.65767234839038 1
