Car 263 0 -1.2499120177489407 294.78653 739.1191 728.0072 1048.5159 1.4958884857596717 1.81483051955828 3.3565740083752598 -2.8391300150040646 2.408207446169725 10.223021221366833 -1.5208045527904082 1
Car 264 1 -1.426359230331501 591.24097 764.2334 797.3964 939.62854 1.3735827492046815 1.710292088706367 3.9284531536229768 -2.8709023387369954 3.128351167473924 16.848976353607 -1.5951287118732764 1
Car 2 2 -1.505313276664374 779.6317 765.03375 861.1117 847.0973 1.759039309821629 1.9832549824699317 4.4205547288851115 -3.889603273183925 5.897728710821806 41.92939914457265 -1.5978140840382569 1
Car 657 0 1.96028055373416 223.6445 737.2165 388.4666 828.7284 1.5375491557375243 1.7706370282299184 4.354888459816826 -14.210242510176183 4.159136997618229 32.709572308409925 1.5504440660245908 1
Car 649 1 1.9085310186285944 337.4494 750.08105 459.17017 822.41205 1.3981695540236643 1.6227681287882907 4.1493497289123145 -14.308500297764793 4.773865939109932 38.2354965394599 1.5504440660245908 1
Car 0 2 1.828609048570184 436.99542 762.52234 530.2843 825.99774 1.4331788126932483 1.6675694677483959 4.165499383562139 -14.33441277534005 5.777876178707262 45.08828588430713 1.5207951434466782 1
bicycle 1862 1 -1.939790113917502 1342.2946 783.7586 1557.4202 1046.4595 1.1328922973049287 0.513270806172401 1.8900253340754545 2.732356605155531 2.1448609702500896 8.567507493952034 -1.6310664031679258 1
bicycle_rack 1863 1 1.026911524079622 0.0 734.9475 90.35749 845.1723 1.286164027782897 1.6821690159520892 1.8972202907234006 -13.625221730308127 2.9144885061229253 20.956798930633912 0.4504255328850868 1
Car 271 2 -0.717320806874679 0.0 505.8846 396.61124 1215.0 1.4958884857596717 1.7730813531467196 3.6193814341329604 -2.349393823938704 1.4763195595546814 2.0572511669069784 -1.568918035337109 1
Car 1271 1 2.06553674931137 45.64201 732.73175 267.70004 843.2197 1.4565988602660869 1.651267115858554 3.955102475216936 -13.608977700168484 3.443086811651718 25.566507697294153 -4.706798774745077 1
Car 1 1 -1.5184993808224556 769.4434 769.5653 862.35876 863.3294 1.5684593360904695 1.8722939390592113 4.343120856413278 -3.24063633723825 5.075494562487698 34.04326842854809 -1.61340510125021 1
Car 242 1 -1.4686747805225744 706.1708 764.3562 829.7386 879.7032 1.5509929800468734 1.7921670353273804 3.6478157516321166 -3.338223773809576 4.186188884534871 26.41336299865732 -1.5943921493936246 1
Pedestrian 650 2 2.822694356573864 1093.8583 771.9011 1139.0559 863.7961 1.633919843956101 0.7579585513704934 0.6498976872300144 2.9463098748851033 4.47246782848835 28.43651411205749 -3.357249240846844 1
ride_other 276 0 1.5131504632278814 1097.3378 766.5774 1187.4354 917.2315 1.479176991966024 0.9482926612325147 2.4048682567069144 2.170037082938688 3.3221521806331764 18.22381700959337 -4.651515934814846 1
