Car 263 0 -1.2780309419278368 378.55203 756.86523 746.13837 1029.8597 1.4958884857596717 1.81483051955828 3.3565740083752598 -2.8878192505797315 2.669377873836055 11.577761778394432 -1.5224712842462267 1
Car 1271 1 2.0469201485079793 86.77454 746.9682 293.02396 853.99036 1.4565988602660869 1.651267115858554 3.955102475216936 -13.71489608831888 3.8102575080561216 26.85314318868999 -4.708465494075803 1
Car 264 1 -1.4377238155324783 618.0188 780.89526 804.39417 945.5101 1.3735827492046815 1.710292088706367 3.9284531536229768 -2.924274079691666 3.48218143957999 18.228037500308325 -1.59679564339889 1
Car 2 2 -1.5077754564769374 782.3406 779.92267 861.06885 861.1147 1.759039309821629 1.9832549824699317 4.4205547288851115 -3.9712436070803743 6.467561170865028 43.18305014572787 -1.5994805320737726 1
Car 657 1 1.946023873713902 250.2639 752.8897 407.1898 843.8316 1.5375491557375243 1.7706370282299184 4.354888459816826 -14.123257669696171 4.606652522208606 33.66274950208072 1.5487771753938162 1
Car 649 1 1.8967890021114662 358.11804 763.3543 473.31198 834.372 1.3981695540236643 1.6227681287882907 4.1493497289123145 -14.399235874092723 5.266729003708215 39.69169603642915 1.5487771753938162 1
Car 0 1 1.8195134384844687 451.46667 769.8115 540.54565 831.94086 1.4331788126932483 1.6675694677483959 4.165499383562139 -14.41116435002577 6.147219991436986 46.523901300948225 1.5191282970294617 1
bicycle 1862 1 -1.9126202446821319 1310.5288 797.8135 1488.4451 1025.4856 1.1328922973049287 0.513270806172401 1.8900253340754545 2.833324459624062 2.3835732449698397 9.85736586011391 -1.6327330372725475 1
Car 271 1 -0.9385912133078727 0.0 675.9208 514.17444 1215.0 1.4958884857596717 1.7730813531467196 3.6193814341329604 -2.413354633246596 1.6701045898137494 3.2961555447713 -1.5705847902327161 1
Car 1 1 -1.51982862394201 770.9796 783.5638 860.2479 875.5715 1.5684593360904695 1.8722939390592113 4.343120856413278 -3.3751054650166896 5.551454974879951 35.32947597373808 -1.6150718646631423 1
Car 242 1 -1.473991243943701 715.36536 780.94476 832.4348 893.2976 1.5509929800468734 1.7921670353273804 3.6478157516321166 -3.388122140683124 4.62550958350441 27.618172745204216 -1.5960585965862537 1
Pedestrian 650 2 2.831053973953699 1079.7023 790.6143 1122.8927 879.48175 1.633919843956101 0.7579585513704934 0.6498976872300144 2.765083058577605 4.960270663895454 29.577375489042588 -3.358915838300093 1
ride_other 276 0 1.5233612056724706 1083.0145 783.2282 1164.8337 924.9218 1.479176991966024 0.9482926612325147 2.4048682567069144 2.0965452623336174 3.682811815959657 19.585233476091616 -4.653182958036118 1
