Car 263 0 -1.2904223196528073 412.57428 760.7247 754.1649 1017.6374 1.4958884857596717 1.81483051955828 3.3565740083752598 -2.9076336214657874 2.764184427977342 12.24463249008007 -1.5235660485658087 1
Car 1271 2 2.036714260147953 108.11851 749.14484 306.7784 853.76086 1.4565988602660869 1.651267115858554 3.955102475216936 -13.733095404402025 3.906271956945525 27.50457687073381 -4.709560250417015 1
Car 2 2 -1.5093304624484003 783.8758 779.24945 861.06635 858.967 1.759039309821629 1.9832549824699317 4.4205547288851115 -4.01748799908655 6.522001597759098 43.90758901414848 -1.6005751101784886 1
Car 657 2 1.9417391806803979 258.11618 754.96075 411.00046 844.26416 1.5375491557375243 1.7706370282299184 4.354888459816826 -14.281055639533275 4.715777762889277 34.34554269696535 1.5476823065227978 1
Car 649 1 1.886845275035496 375.7149 766.8151 485.9892 836.12006 1.3981695540236643 1.6227681287882907 4.1493497289123145 -14.406052560417745 5.471907363054978 40.83401617350974 1.5476823065227978 1
bicycle 1862 1 -1.8867279571616453 1276.8998 803.9802 1431.9191 1011.22986 1.1328922973049287 0.513270806172401 1.8900253340754545 2.7889820083057604 2.5401103530020297 10.791873597348811 -1.6338277376091208 1
Car 271 1 -1.0319803999685098 0.0 692.2493 569.06055 1215.0 1.4958884857596717 1.7730813531467196 3.6193814341329604 -2.4187693858903763 1.7592879691600467 4.037872293442842 -1.5716795699382682 1
Car 264 1 -1.4427386411936949 629.0835 781.43994 806.9658 939.55566 1.3735827492046815 1.710292088706367 3.9284531536229768 -2.957999143372559 3.56122781291674 18.91195602198869 -1.5978905391342133 1
Car 1 1 -1.5233655200171918 776.1162 783.0864 862.7616 872.88947 1.5684593360904695 1.8722939390592113 4.343120856413278 -3.361929092012058 5.623528059790164 36.12318638107712 -1.6161666499505256 1
Car 242 1 -1.477285711606507 720.96155 781.715 833.99866 890.73413 1.5509929800468734 1.7921670353273804 3.6478157516321166 -3.4249666608756053 4.726539670945531 28.43596844070147 -1.597153174137302 1
Car 0 1 1.8148821212074804 458.3322 771.2089 545.40955 832.49536 1.4331788126932483 1.6675694677483959 4.165499383562139 -14.44884497572488 6.262416531038918 47.235934663356076 1.5180334572163865 1
Pedestrian 650 2 2.8331576159466594 1075.4277 795.13477 1117.4982 881.9409 1.633919843956101 0.7579585513704934 0.6498976872300144 2.73639014950766 5.135163064198343 30.316381663562815 -3.3600105147033643 1
ride_other 276 0 1.5272023353429063 1077.1628 782.1212 1155.3582 918.3384 1.479176991966024 0.9482926612325147 2.4048682567069144 2.071946205585426 3.74269550837398 20.301814923832612 -4.654277914058381 1
