Car 263 1 -0.7857394526875634 0.0 657.89 395.6682 1215.0 1.4958884857596717 1.81483051955828 3.3565740083752598 -2.740071951789427 1.6001743783397642 3.00831715959063 -1.5245070298014738 1
Car 242 1 -1.424792093131648 597.7695 773.8962 783.1958 940.81525 1.5509929800468734 1.7921670353273804 3.6478157516321166 -3.3334687816939375 3.632335358490257 19.042086517315948 -1.5980939948053694 1
Car 2 2 -1.4869385073750432 734.4203 780.34674 837.2474 883.4811 1.759039309821629 1.9832549824699317 4.4205547288851115 -3.970054163636295 5.5778224292723735 34.49777334004365 -1.6015159313224674 1
Car 3 2 -1.52263752411801 765.59393 788.9129 837.4848 866.51764 1.6438753466139084 1.8507944276110562 4.260063961351837 -4.5479144580020465 6.606567734663569 43.0693480329923 -1.627842809733429 1
Car 4 2 -1.530914079698514 787.3651 794.189 842.69977 854.97943 1.5362511457910628 1.719269265397387 3.919803032797427 -4.947052065274052 7.533145166168536 50.96862022426642 -1.6276717361990316 1
Car 648 2 1.1537422132757684 1377.2976 820.60974 1568.8917 947.83813 1.4126435938040258 1.6412676494365581 3.3928865724124475 8.040754084645444 4.757742028031254 23.796104923603853 1.4795990162019121 1
Car 657 0 2.064147148325727 0.0 734.88947 224.8788 857.1164 1.5375491557375243 1.7706370282299184 4.354888459816826 -14.20899938257246 3.5355396301012987 24.966507352867175 1.5467412354222656 1
Car 0 1 1.8873667104433838 316.03586 765.80133 438.60742 842.5931 1.4331788126932483 1.6675694677483959 4.165499383562139 -14.685275731241056 5.197868707579179 37.831219171185566 1.5170924111027388 1
Car 264 0 -1.3160590480396068 256.35233 763.8806 703.8054 1105.5281 1.3735827492046815 1.710292088706367 3.9284531536229768 -2.7971789642977494 2.4521127165805643 9.617295927152249 -1.5990992442564074 1
Car 1 1 -1.4954748624003371 711.1432 780.8224 835.5166 904.4959 1.5684593360904695 1.8722939390592113 4.343120856413278 -3.2707556583458457 4.58906919636089 26.757669896096914 -1.617107649194207 1
Car 649 1 1.9835202332542807 172.65775 761.88116 342.0628 854.5749 1.3981695540236643 1.6227681287882907 4.1493497289123145 -14.397155235547284 4.414787169071269 30.83882695546271 1.5467412354222656 1
Car 6 2 1.8565766817930847 382.33386 767.09033 479.57062 833.0173 1.5012220797248448 1.6964402183701541 3.9368141224925886 -15.800140418855328 5.946456407337161 44.739741481324565 1.5170924111027388 1
Pedestrian 650 0 2.784195199636079 1138.0818 789.3335 1200.8641 915.09283 1.633919843956101 0.7579585513704934 0.6498976872300144 2.9205072094781754 3.9939552890740004 21.0226124829666 -3.360951420436889 1
ride_other 276 0 1.427910812953547 1184.2582 772.12305 1365.0115 1036.7582 1.479176991966024 0.9482926612325147 2.4048682567069144 2.2207851939924175 2.678275346753389 10.952359112165212 -4.655219060106736 1
