Car 3 2 -1.5201385868120372 764.0796 764.59546 838.9445 842.4344 1.6438753466139084 1.8507944276110562 4.260063961351837 -4.386959536303583 5.731015115276705 41.5751338541239 -1.6252683903318683 1
Car 4 2 -1.5293949756798566 787.8567 767.4171 845.23816 828.0626 1.5362511457910628 1.719269265397387 3.919803032797427 -4.732980623428757 6.425968296850376 49.303916981614876 -1.6250977566455056 1
Car 648 1 1.1040263885409067 1450.1476 807.5068 1677.9138 948.8344 1.4126435938040258 1.6412676494365581 3.3928865724124475 8.447796321647923 4.224493222975603 21.264878905674955 1.4821729564207278 1
Car 657 1 2.090888552529697 0.0 704.9102 187.66492 829.753 1.5375491557375243 1.7706370282299184 4.354888459816826 -14.094083914832016 2.9085911419697457 23.428847589391363 1.5493156885690014 1
Car 649 1 2.0005000474140457 138.76262 726.09375 321.56262 818.5879 1.3981695540236643 1.6227681287882907 4.1493497289123145 -14.183962379931069 3.5207012432363682 29.274459801192997 1.5493156885690014 1
Car 6 2 1.8601081007902218 378.4857 740.88324 479.84653 806.825 1.5012220797248448 1.6964402183701541 3.9368141224925886 -15.275571427896589 5.001628134689648 43.12288999710409 1.5196667959173924 1
bicycle 241 2 -1.8084455277530012 1162.7081 812.594 1229.0676 901.1405 1.0111609635933088 0.5564060711664286 1.7511318544594485 3.3965276978950487 3.8559514050686277 21.770041848416597 -1.6536748473288814 1
Car 264 0 -1.2603766388494577 59.16787 731.7539 665.65027 1151.6718 1.3735827492046815 1.710292088706367 3.9284531536229768 -2.756110071046537 2.079088006474889 7.8879165067840376 -1.5965249767988383 1
Car 1 1 -1.4884455591682388 698.3823 755.48413 833.1453 883.38434 1.5684593360904695 1.8722939390592113 4.343120856413278 -3.177034278894139 3.950073874187509 25.0633229856949 -1.6145333925921095 1
Car 242 1 -1.4093216228161254 563.7752 747.7968 773.04236 926.95056 1.5509929800468734 1.7921670353273804 3.6478157516321166 -3.263568214662186 3.1264109446714663 17.324323609428898 -1.5955202266813118 1
Car 2 2 -1.4821925934913478 727.857 754.4955 836.5226 859.0451 1.759039309821629 1.9832549824699317 4.4205547288851115 -3.863905430893884 4.8080039498167455 32.94516549345559 -1.5989421618965176 1
Car 1912 2 -2.2065935200620737 1683.7839 804.4722 1935.0 1091.6476 1.4387532040601723 1.5840142258390983 3.3274875205656875 7.171052964465306 3.008559536356077 11.356186849987019 -1.6433575576226465 1
Car 0 2 1.9029551809583336 288.88928 735.35187 419.9406 811.93115 1.4331788126932483 1.6675694677483959 4.165499383562139 -14.610480527343135 4.266182423777907 36.233549038922476 1.5196667959173924 1
Car 240 2 1.831800643052314 434.27325 746.66815 519.64606 804.9204 1.5012220797248448 1.6964402183701541 3.9368141224925886 -15.794978519969348 5.650621557816976 48.949065977023 1.5196667959173924 1
Pedestrian 650 0 2.7672035682008373 1164.8491 765.38727 1234.1002 901.5598 1.633919843956101 0.7579585513704934 0.6498976872300144 3.0659119393566847 3.4876263564225516 19.291888490709752 -3.35837741981995 1
ride_other 276 0 1.3865187545733901 1232.7699 749.53973 1465.3206 1063.0522 1.479176991966024 0.9482926612325147 2.4048682567069144 2.30590328038505 2.3534812008183503 9.26125277585028 -4.652644402013296 1
