Car 242 0 -1.3955271649555343 529.7729 757.6223 763.786 957.982 1.5509929800468734 1.7921670353273804 3.6478157516321166 -3.1919023085250493 3.1226624198412334 15.864206318576727 -1.5940777580488106 1
Car 4 2 -1.5263574800072066 784.2896 788.39264 843.829 852.8217 1.5362511457910628 1.719269265397387 3.919803032797427 -4.667928835754019 6.983723156973239 47.82425332033106 -1.6236551695407735 1
Car 648 1 1.06612023904398 1505.7495 825.8356 1764.9414 984.3293 1.4126435938040258 1.6412676494365581 3.3928865724124475 8.674854562792897 4.277088328747638 19.556827310762362 1.4836155214931956 1
Car 6 2 1.8702331065824975 360.74744 757.61035 467.80444 828.0312 1.5012220797248448 1.6964402183701541 3.9368141224925886 -15.091919414426128 5.358530789616099 41.4572717603144 1.5211096101011288 1
Car 264 1 -1.2012715480606098 0.0 734.6149 628.75 1215.0 1.3735827492046815 1.710292088706367 3.9284531536229768 -2.684001578640018 1.992932682447305 6.457219828238255 -1.5952037626979745 1
Car 1 1 -1.480928397539698 682.9973 767.91754 828.3401 907.0603 1.5684593360904695 1.8722939390592113 4.343120856413278 -3.138398694961995 4.037542917163701 23.608138176544593 -1.6130906502541202 1
Car 2 2 -1.4768376252670252 718.3936 769.42017 833.33136 881.49915 1.759039309821629 1.9832549824699317 4.4205547288851115 -3.816172349599232 5.016751588562668 31.47330494602128 -1.5974996925344302 1
Car 3 2 -1.5170177014653237 759.66254 779.47406 837.9499 862.20435 1.6438753466139084 1.8507944276110562 4.260063961351837 -4.2911318214254734 6.005784290931381 40.023290041011506 -1.623825556765434 1
Car 657 1 2.116213128795109 0.0 715.1256 149.86555 850.5979 1.5375491557375243 1.7706370282299184 4.354888459816826 -14.01851652979581 3.0028524153520126 22.091214328301383 1.5507585410168412 1
Car 649 2 2.0253514677481705 85.12906 738.8157 285.644 839.2225 1.3981695540236643 1.6227681287882907 4.1493497289123145 -14.209875058557525 3.664366198526798 27.658721147077458 1.5507585410168412 1
Car 0 2 1.9134947171132055 268.89893 750.42804 407.42236 832.23004 1.4331788126932483 1.6675694677483959 4.165499383562139 -14.415850467660862 4.535281671315726 34.83387206815946 1.5211096101011288 1
Car 240 1 1.8420169936365123 417.6283 764.8768 506.9639 826.5548 1.5012220797248448 1.6964402183701541 3.9368141224925886 -15.79624873174444 6.137430508475992 47.52227335197773 1.5211096101011288 1
bicycle 241 2 -1.8243811762306106 1186.6486 828.3555 1258.9153 923.7027 1.0111609635933088 0.5564060711664286 1.7511318544594485 3.5774955584904724 3.9323100709046908 20.575730051041425 -1.6522324543837565 1
Pedestrian 650 0 2.7530664026535856 1185.8752 780.6627 1261.1572 928.2409 1.633919843956101 0.7579585513704934 0.6498976872300144 3.1357252496770833 3.5467607517775646 17.924930951809678 -3.3569348211860093 1
ride_other 276 0 1.3396792070814163 1283.416 753.20996 1587.2306 1139.5686 1.479176991966024 0.9482926612325147 2.4048682567069144 2.338495331933823 2.2514126804926415 7.771038902244575 -4.651201434820798 1
