Car 242 0 -1.3777045974277937 489.80527 763.65955 753.5205 987.2733 1.5509929800468734 1.7921670353273804 3.6478157516321166 -3.130203261050297 3.067145616852576 14.498648142918135 -1.5903372176305084 1
Car 4 2 -1.5232479552599958 784.02106 801.72925 845.83075 869.462 1.5362511457910628 1.719269265397387 3.919803032797427 -4.495491141823124 7.254633146045484 46.36028049147066 -1.6199143219865184 1
Car 648 1 1.02162135112838 1577.3948 841.33405 1875.3422 1018.73254 1.4126435938040258 1.6412676494365581 3.3928865724124475 9.026684757763528 4.266486250090279 17.959551706142406 1.487356311957877 1
Car 657 2 2.148378291909809 0.0 720.6576 103.98004 867.8675 1.5375491557375243 1.7706370282299184 4.354888459816826 -13.951025277349776 3.000996446776091 20.66245719357609 1.5545000763662724 1
Car 649 2 2.129063216400679 37.340527 748.5241 268.1939 856.24554 1.3981695540236643 1.6227681287882907 4.1493497289123145 -14.123362209221618 3.7571823767519854 26.41131549819358 -4.645179096176391 1
Car 6 1 1.8843159311842965 339.8244 767.17377 453.07184 841.2926 1.5012220797248448 1.6964402183701541 3.9368141224925886 -15.029254694100315 5.496962145075174 39.993541377788084 1.5248510463356943 1
Car 0 1 1.9697203704705475 231.20724 760.4004 386.4791 847.3954 1.4331788126932483 1.6675694677483959 4.165499383562139 -14.393384174164156 4.634558094437558 33.2406458810514 1.561088537475264 1
Car 264 1 -1.106792899982302 0.0 729.43567 570.3432 1215.0 1.3735827492046815 1.710292088706367 3.9284531536229768 -2.6480665171131093 1.8638203197754941 5.031677737465128 -1.591242048905163 1
Car 1 1 -1.4726669409746505 669.1413 780.4763 826.39655 932.19684 1.5684593360904695 1.8722939390592113 4.343120856413278 -3.0520424798166226 4.106510649104208 22.19021079196877 -1.6093494002884425 1
Car 2 2 -1.4711928541925159 711.66125 778.4261 833.3993 897.71155 1.759039309821629 1.9832549824699317 4.4205547288851115 -3.699463963197944 5.071432145215954 30.032076035071125 -1.5937591502244182 1
Car 3 2 -1.5142917176232953 759.3413 790.4636 841.0686 877.8201 1.6438753466139084 1.8507944276110562 4.260063961351837 -4.092798455779985 6.152643535656404 38.551845229979655 -1.6200590386307172 1
Car 240 1 1.8481636157392445 411.94733 774.09644 504.41986 838.2879 1.5012220797248448 1.6964402183701541 3.9368141224925886 -15.514068113296043 6.320661514794079 46.301002354968055 1.5248510463356943 1
bicycle 241 2 -1.8372046792050292 1208.8239 849.02155 1288.4957 954.07556 1.0111609635933088 0.5564060711664286 1.7511318544594485 3.648850756317649 4.008548165440965 19.105419263154825 -1.6484921101865886 1
Pedestrian 650 0 2.738906605846542 1209.7966 792.3541 1292.8594 954.4762 1.633919843956101 0.7579585513704934 0.6498976872300144 3.1757927049995436 3.5213842765154877 16.417035880970484 -3.3531939446502705 1
ride_other 276 0 1.2820737711434358 1347.5864 759.34753 1757.5684 1215.0 1.479176991966024 0.9482926612325147 2.4048682567069144 2.3746962556962354 2.168139954372535 6.432482825959506 -4.647459602316841 1
