Car 3 2 -1.5203118154552904 765.37195 767.47363 841.52576 847.07623 1.6438753466139084 1.8507944276110562 4.260063961351837 -4.2562505875246615 5.746517726941528 40.85545061339876 -1.6241156449107257 1
Car 4 2 -1.528457069020292 787.82245 772.84576 845.87134 834.5616 1.5362511457910628 1.719269265397387 3.919803032797427 -4.677006582286846 6.565347007510406 48.83101732802376 -1.6239452081368242 1
Car 648 1 1.0898596907780027 1471.8754 811.2488 1711.0251 958.1964 1.4126435938040258 1.6412676494365581 3.3928865724124475 8.5538180784285 4.199917787316326 20.606043205073732 1.4833254873260846 1
Car 1912 2 -2.2234052259882735 1708.6261 813.2334 1935.0 1118.5366 1.4387532040601723 1.5840142258390983 3.3274875205656875 7.14733358209814 3.0251600471255644 10.880639105098009 -1.6422048331915884 1
Car 657 1 2.0996880790870733 0.0 696.01733 175.66609 821.5656 1.5375491557375243 1.7706370282299184 4.354888459816826 -14.07452281843601 2.735599027422119 22.996383239478924 1.550468449077154 1
Car 6 2 1.8619763494808892 376.2302 739.99634 479.52542 806.98456 1.5012220797248448 1.6964402183701541 3.9368141224925886 -15.062030081516522 4.9209730656296315 42.42359454411224 1.520819525852724 1
Car 0 2 1.9049888464639464 286.3312 734.01355 419.2401 811.3417 1.4331788126932483 1.6675694677483959 4.165499383562139 -14.483069636367619 4.202097768245466 35.82654519358587 1.520819525852724 1
bicycle 241 2 -1.816740486780605 1176.3861 814.8837 1244.4747 904.6101 1.0111609635933088 0.5564060711664286 1.7511318544594485 3.569403323520006 3.861402629248922 21.540018431009198 -1.65252245394533 1
Car 264 0 -1.245005192045773 0.0 731.49835 658.70233 1188.3983 1.3735827492046815 1.710292088706367 3.9284531536229768 -2.7066987114258554 2.043024086637633 7.4065916086401336 -1.5953722994134305 1
Car 1 1 -1.4864204189973986 695.44354 755.2102 832.9926 885.34924 1.5684593360904695 1.8722939390592113 4.343120856413278 -3.14751138454293 3.909670530521633 24.657957367450145 -1.6133807200582606 1
Car 242 1 -1.404833141964802 554.6673 745.45386 770.5655 928.8358 1.5509929800468734 1.7921670353273804 3.6478157516321166 -3.245503652820144 3.0635425733835877 16.918001190386025 -1.5943677728268582 1
Car 2 2 -1.4805817115327626 726.05444 755.1663 836.6919 861.49036 1.759039309821629 1.9832549824699317 4.4205547288851115 -3.8217640971038604 4.781189921398955 32.4572334014039 -1.597789707459161 1
Car 649 1 2.006348342824729 127.56486 725.66064 314.84732 819.7014 1.3981695540236643 1.6227681287882907 4.1493497289123145 -14.124068458287418 3.4799495442410975 28.805363590091236 1.550468449077154 1
Car 240 2 1.8340543892861985 431.96402 745.10706 518.2553 803.67474 1.5012220797248448 1.6964402183701541 3.9368141224925886 -15.736489804310846 5.568069457459266 48.58470678536545 1.520819525852724 1
Pedestrian 650 0 2.763294370317175 1171.6868 769.0545 1242.8561 908.8442 1.633919843956101 0.7579585513704934 0.6498976872300144 3.0897060033514685 3.4911094465511123 18.826337007600326 -3.35722486208421 1
ride_other 276 0 1.3757778120644915 1245.4198 749.0156 1494.3031 1079.5936 1.479176991966024 0.9482926612325147 2.4048682567069144 2.3139292516290424 2.3151713165340277 8.843497176344329 -4.651491549823605 1
