Car 4 2 -1.520641235083125 781.2872 789.2203 845.2479 857.8484 1.5362511457910628 1.719269265397387 3.919803032797427 -4.415372839563497 6.705530581677605 45.04557794490987 -1.6183492259628107 1
Car 648 2 1.0088058151133867 1592.2537 821.2332 1919.8668 1009.9314 1.4126435938040258 1.6412676494365581 3.3928865724124475 8.65052395551776 3.8243134627355304 16.611416791646086 1.488921384115172 1
Car 657 2 2.1811525314473545 0.0 709.1832 51.617603 865.3201 1.5375491557375243 1.7706370282299184 4.354888459816826 -13.913863430129094 2.747736631999649 19.281511413017082 1.556065460028233 1
Car 649 1 2.1496117289801786 0.0 734.83655 239.65077 846.5453 1.3981695540236643 1.6227681287882907 4.1493497289123145 -14.000324776489322 3.394301172938749 25.02689117790499 -4.6436136009285205 1
Car 6 1 1.8942646823309097 322.71573 755.49786 441.0462 830.662 1.5012220797248448 1.6964402183701541 3.9368141224925886 -14.967378021042697 5.067946433972721 38.836983573507425 1.5264163885772097 1
Car 0 0 1.9830471657003175 205.35747 751.0822 369.41296 840.1986 1.4331788126932483 1.6675694677483959 4.165499383562139 -14.330898121691575 4.314425543363518 32.056998730258385 1.5626539302299975 1
Car 240 2 1.856966927660231 397.61615 762.5814 494.3004 827.82056 1.5012220797248448 1.6964402183701541 3.9368141224925886 -15.398622190426412 5.817364253651015 44.87561078836367 1.5264163885772097 1
Car 264 1 -0.9772835117102987 0.0 705.07855 490.56924 1215.0 1.3735827492046815 1.710292088706367 3.9284531536229768 -2.611001044756954 1.6790293094503348 3.716796544740186 -1.5896766164036589 1
Car 1 1 -1.4644152421278278 650.9377 767.6638 821.722 927.7865 1.5684593360904695 1.8722939390592113 4.343120856413278 -3.000482508311636 3.763198411726981 20.784817800994016 -1.6077841359613496 1
Car 242 0 -1.3585472962306426 440.13052 752.5703 739.6062 998.4478 1.5509929800468734 1.7921670353273804 3.6478157516321166 -3.0900054979150773 2.8336049847206017 13.18370500331053 -1.5887722500710784 1
Car 2 2 -1.4631251468115556 697.2789 766.16064 826.9637 889.7025 1.759039309821629 1.9832549824699317 4.4205547288851115 -3.7154044768255012 4.673862003002804 28.62615431108245 -1.592194181873635 1
Car 3 2 -1.508096775976022 750.0969 776.2642 835.9003 865.21875 1.6438753466139084 1.8507944276110562 4.260063961351837 -4.123414093149909 5.628894757621024 37.198940148996144 -1.61849371477422 1
bicycle 241 2 -1.851939539647123 1230.3542 829.873 1318.3273 941.27814 1.0111609635933088 0.5564060711664286 1.7511318544594485 3.692525002417824 3.5677573435140313 17.758187504903884 -1.6469272247012718 1
Pedestrian 650 0 2.715249755500444 1244.4037 779.6703 1337.2676 957.6397 1.633919843956101 0.7579585513704934 0.6498976872300144 3.280936546207916 3.2245515539712954 14.930678809106867 -3.351628836890611 1
ride_other 276 1 1.1903750627426906 1443.8752 731.58203 1935.0 1215.0 1.479176991966024 0.9482926612325147 2.4048682567069144 2.4202038738883713 1.9272744509682498 5.049905410555106 -4.645894094501523 1
