Car 242 0 -1.3228281372223463 340.91858 740.4852 711.46985 1030.3531 1.5509929800468734 1.7921670353273804 3.6478157516321166 -3.061621238361993 2.566997032116493 11.306410812916596 -1.5872727073403543 1
Car 4 2 -1.5179302781952537 777.7829 784.02795 844.83276 855.1886 1.5362511457910628 1.719269265397387 3.919803032797427 -4.2888542082635865 6.347342889337745 43.21560106269501 -1.6168495601583377 1
Car 5 2 -1.5411337565051564 796.2263 788.3537 850.3794 848.2707 1.5220200767082113 1.719269265397387 3.919803032797427 -4.665046042185417 7.31157338009315 50.95927523214247 -1.632423899233151 1
Car 648 1 0.9688822691810525 1654.0354 818.011 1935.0 1023.6787 1.4126435938040258 1.6412676494365581 3.3928865724124475 8.807483210773922 3.6188495975390014 15.327842673447904 1.4904210270614229 1
Car 649 1 2.1847151021241986 0.0 731.33325 186.91216 852.8117 1.3981695540236643 1.6227681287882907 4.1493497289123145 -13.940462567454597 3.1911477871749048 23.065230463338448 -4.642113552750226 1
Car 6 1 1.9115351239410583 290.52325 750.6139 417.93695 829.15814 1.5012220797248448 1.6964402183701541 3.9368141224925886 -14.932876406107525 4.77985925956971 36.99782668502109 1.5279162902641983 1
Car 0 1 2.0054711898204443 158.49225 744.6265 338.6736 838.88983 1.4331788126932483 1.6675694677483959 4.165499383562139 -14.233228198545165 4.012659789141183 30.130197874641947 1.564153880285875 1
Car 7 2 1.871548009212228 439.58664 766.1442 526.1009 823.7498 1.5012220797248448 1.6964402183701541 3.9368141224925886 -16.141260477478497 6.470073372473312 50.632795986896504 1.5629424913601664 1
Car 264 2 -0.6466716366839074 0.0 0.0 1935.0 1184.7891 1.3735827492046815 1.710292088706367 3.9284531536229768 -2.6054065851920716 1.4398718483127522 1.896813876745647 -1.5881766282636864 1
Car 1 1 -1.4521646832023136 621.2542 761.58246 814.1316 938.3734 1.5684593360904695 1.8722939390592113 4.343120856413278 -2.9327423860229755 3.495317886542928 18.878096675052248 -1.6062843089219598 1
Car 2 1 -1.4592070309531862 687.7346 761.3607 827.60016 893.44824 1.759039309821629 1.9832549824699317 4.4205547288851115 -3.5379647908505376 4.403667907819893 26.751965753735206 -1.5906946383847007 1
Car 3 2 -1.5039760321667472 743.13055 776.2556 834.33136 870.2851 1.6438753466139084 1.8507944276110562 4.260063961351837 -4.006919051095652 5.436629580709829 35.30279656653297 -1.6169938306986997 1
Car 240 1 1.8664959111472679 381.20187 757.48254 483.3659 825.0648 1.5012220797248448 1.6964402183701541 3.9368141224925886 -15.170611244335293 5.498338241467463 43.08124560205642 1.5279162902641983 1
bicycle 241 2 -1.8792625733397856 1267.8037 826.9203 1372.9105 954.5088 1.0111609635933088 0.5564060711664286 1.7511318544594485 3.7101871258841657 3.2361534859308234 15.576451300050692 -1.6454277606016623 1
Pedestrian 650 0 2.692825446145977 1274.9396 765.4146 1382.7743 968.71075 1.633919843956101 0.7579585513704934 0.6498976872300144 3.1999016459564977 2.9025077482476367 13.062890003249317 -3.3501291600547507 1
ride_other 276 2 0.9742388422670416 1667.2847 690.5624 1935.0 1215.0 1.479176991966024 0.9482926612325147 2.4048682567069144 2.448286440722968 1.6704930593451006 3.1251048953986267 -4.644394034283513 1
