Car 242 0 -1.3071776895237666 293.31772 737.3436 699.3662 1049.5411 1.5509929800468734 1.7921670353273804 3.6478157516321166 -3.0433594137246294 2.4856285352118848 10.591777039119311 -1.586972587059005 1
Car 4 2 -1.5165643660044474 775.56213 784.71954 843.7388 856.98267 1.5362511457910628 1.719269265397387 3.919803032797427 -4.275998122495309 6.304977523359561 42.62376809083301 -1.6165494152472328 1
Car 5 2 -1.542133502514138 797.7359 788.30426 852.7193 849.31036 1.5220200767082113 1.719269265397387 3.919803032797427 -4.518989365147501 7.213810482590924 50.08080354999468 -1.6321237547930234 1
Car 648 1 0.9463976646432672 1688.386 821.4376 1935.0 1038.9839 1.4126435938040258 1.6412676494365581 3.3928865724124475 8.862881107856659 3.5677803899123965 14.64159907812413 1.4907211673988856 1
Car 6 1 1.9132366245139816 287.6295 748.27 415.88058 826.8862 1.5012220797248448 1.6964402183701541 3.9368141224925886 -14.931436056701562 4.70613908443263 36.84541104754271 1.5282164823801359 1
Car 240 2 1.8729068949214596 369.17337 757.62805 474.55252 826.74286 1.5012220797248448 1.6964402183701541 3.9368141224925886 -15.142757000993186 5.422506853948611 42.17767822521405 1.5282164823801359 1
Car 7 2 1.875790859612432 432.10425 765.5608 520.4539 824.00745 1.5012220797248448 1.6964402183701541 3.9368141224925886 -16.12198401771501 6.379820704845365 49.891724841654636 1.5632426928332532 1
Car 1 1 -1.4481646642441037 610.8128 760.38007 811.5634 943.3008 1.5684593360904695 1.8722939390592113 4.343120856413278 -2.9106797639164292 3.4250411054664376 18.28972160369839 -1.6059841317449461 1
Car 2 1 -1.455573387015415 679.6544 760.359 824.7348 896.5954 1.759039309821629 1.9832549824699317 4.4205547288851115 -3.5228836474991074 4.313536832958038 25.97154369965177 -1.59039451795161 1
Car 3 2 -1.5028310576529962 740.86664 775.18286 833.8316 870.75757 1.6438753466139084 1.8507944276110562 4.260063961351837 -3.9701867922522696 5.350897169588573 34.71741443692953 -1.6166936421069578 1
Car 649 1 2.1957276837052673 0.0 728.9455 169.82751 853.4212 1.3981695540236643 1.6227681287882907 4.1493497289123145 -13.917688417840552 3.110220887800673 22.479998006713853 -4.6418133313292955 1
Car 0 1 2.0119561678087856 144.2559 743.7391 329.61203 839.82196 1.4331788126932483 1.6675694677483959 4.165499383562139 -14.188004799391027 3.9481842329795596 29.559698826659776 1.5644540820785813 1
bicycle 241 2 -1.877432112724911 1264.2593 827.6496 1371.9204 959.00977 1.0111609635933088 0.5564060711664286 1.7511318544594485 3.5875571104788273 3.188329656069511 15.164535288431601 -1.645127656056235 1
Pedestrian 650 0 2.6764919088877175 1298.1539 768.61224 1412.8127 982.9606 1.633919843956101 0.7579585513704934 0.6498976872300144 3.2635891386188867 2.870049589554561 12.424824734646142 -3.3498290129608668 1
