Car 242 0 -1.3404765840726578 390.4075 745.2606 726.0366 1013.8066 1.5509929800468734 1.7921670353273804 3.6478157516321166 -3.061349536021203 2.674844991027977 12.12439861158277 -1.5878020623400093 1
Car 4 2 -1.5184237825583524 778.4056 784.31586 844.21185 854.20197 1.5362511457910628 1.719269265397387 3.919803032797427 -4.3669100411735675 6.438219809797545 43.98604623298901 -1.6173789586021237 1
Car 648 1 0.9896739289334997 1621.539 815.15094 1935.0 1011.5852 1.4126435938040258 1.6412676494365581 3.3928865724124475 8.699257877048089 3.6610024279045383 15.915648269186017 1.4898916366856705 1
Car 649 0 2.1702891497578642 0.0 734.364 208.97206 852.1411 1.3981695540236643 1.6227681287882907 4.1493497289123145 -13.95530872930595 3.2982832640280204 23.831718192383818 -4.6426430861581744 1
Car 6 1 1.9046076088687391 303.74454 751.7464 427.25986 828.708 1.5012220797248448 1.6964402183701541 3.9368141224925886 -14.967469362600745 4.875618775783439 37.77815907763848 1.5273868085560238 1
Car 0 0 1.996595859126279 177.39209 747.4506 350.94025 839.6378 1.4331788126932483 1.6675694677483959 4.165499383562139 -14.278615385257867 4.135902680290913 30.891221980674626 1.5636243815066009 1
Car 264 2 -0.8126507749031336 0.0 677.8245 384.68973 1215.0 1.3735827492046815 1.710292088706367 3.9284531536229768 -2.607041993420596 1.5376433573591237 2.656216988733556 -1.5887061404869431 1
Car 1 1 -1.4568945745439115 633.73206 762.07666 816.5842 930.5515 1.5684593360904695 1.8722939390592113 4.343120856413278 -2.9780468679287226 3.5791243873297898 19.715301811656726 -1.6068137642797926 1
Car 2 1 -1.4626814788006386 694.85175 762.6355 830.12054 891.1601 1.759039309821629 1.9832549824699317 4.4205547288851115 -3.5516203017411394 4.4952513370385265 27.477581036301395 -1.5912239936520056 1
Car 3 2 -1.5048278642270045 744.80646 774.87933 833.87964 866.58453 1.6438753466139084 1.8507944276110562 4.260063961351837 -4.083273033175286 5.480063921101115 36.07929562485047 -1.6175233061903889 1
Car 240 1 1.8619868859778086 389.07443 760.6634 489.0248 827.4928 1.5012220797248448 1.6964402183701541 3.9368141224925886 -15.206062829782377 5.653777345136311 43.736706819172376 1.5273868085560238 1
bicycle 241 2 -1.8663653200543673 1250.5522 830.57104 1347.0625 950.295 1.0111609635933088 0.5564060711664286 1.7511318544594485 3.7182880238975735 3.4165880751464934 16.595935921909902 -1.6459570878450052 1
Pedestrian 650 0 2.6972889035180634 1269.9762 768.68097 1371.6554 960.8522 1.633919843956101 0.7579585513704934 0.6498976872300144 3.3096630911149463 3.0037395689879642 13.808951380894452 -3.350658562368892 1
ride_other 276 1 1.087160170252468 1549.9073 708.8233 1935.0 1215.0 1.479176991966024 0.9482926612325147 2.4048682567069144 2.4383705133950664 1.7709469871963535 3.967269300982533 -4.64492357194135 1
