Car 242 1 -0.8988731818313168 0.0 646.651 418.18378 1215.0 1.5509929800468734 1.7921670353273804 3.6478157516321166 -2.8279502407381947 1.6287632691154155 3.5174334803851686 -1.5760369491282018 1
Car 5 2 -1.5275285306796997 786.20966 782.30945 852.3089 853.22626 1.5220200767082113 1.719269265397387 3.919803032797427 -4.0371175272294915 6.256541350304052 42.9784512953591 -1.6211872370347704 1
Car 0 1 2.118736699348208 0.0 729.9979 177.32677 856.3448 1.4331788126932483 1.6675694677483959 4.165499383562139 -13.727319454539078 3.161729565314434 22.512045758209208 -4.712025812992053 1
Car 240 1 1.937756647187467 258.43182 746.6698 396.67645 828.7128 1.5012220797248448 1.6964402183701541 3.9368141224925886 -14.857341202994215 4.5362766912287515 35.27834661170366 1.539154736050003 1
Car 7 1 1.9092867061046483 386.19528 760.89124 490.18066 826.49756 1.5012220797248448 1.6964402183701541 3.9368141224925886 -15.449118333125524 5.714826409918498 44.36351008739905 -4.709004020574284 1
Car 1 0 -1.3637531992076786 373.1199 726.14215 766.96106 1040.5912 1.5684593360904695 1.8722939390592113 4.343120856413278 -2.606028022419106 2.4661330792246847 11.065565305838785 -1.5950464221405927 1
Car 2 1 -1.4159725972581387 594.2849 741.006 809.5512 930.07117 1.759039309821629 1.9832549824699317 4.4205547288851115 -3.1107343505565725 3.395441724821247 18.857671546059347 -1.5794588744935758 1
Car 3 1 -1.4769418768779021 700.57214 764.98645 824.757 886.412 1.6438753466139084 1.8507944276110562 4.260063961351837 -3.548300093024885 4.412447317169025 27.3934713761809 -1.6057555167139206 1
Car 4 1 -1.5002666154349709 758.0244 778.40906 843.43634 866.0452 1.5362511457910628 1.719269265397387 3.919803032797427 -3.718905627142832 5.350772830468766 35.17104446398144 -1.6056128804310001 1
Car 6 1 1.9983627767429226 124.02645 742.07465 307.06174 842.19305 1.5012220797248448 1.6964402183701541 3.9368141224925886 -14.38203042928827 3.936555794088803 29.086173085787276 1.539154736050003 1
bicycle 241 0 -2.091958791396961 1575.0787 830.02496 1849.2024 1082.6456 1.0111609635933088 0.5564060711664286 1.7511318544594485 4.101482931915985 2.275353956129587 8.32501540614023 -1.6341925911713817 1
Pedestrian 650 2 2.3456990282167327 1817.7416 698.29016 1935.0 1215.0 1.633919843956101 0.7579585513704934 0.6498976872300144 3.5504643238898517 1.9107532751640726 5.205390503227686 -3.3388924042321357 1
