Car 242 1 -0.970949305178712 0.0 656.0321 473.17612 1215.0 1.5509929800468734 1.7921670353273804 3.6478157516321166 -2.820320809273595 1.6741913627467615 4.089857758795899 -1.5746537748301506 1
Car 5 2 -1.5297542504630333 792.2726 781.23645 857.22473 851.11145 1.5220200767082113 1.719269265397387 3.919803032797427 -3.9297959513780176 6.281013569033983 43.52227700288485 -1.6198039515199272 1
Car 7 1 1.9141719785599252 378.6977 758.5304 485.68536 825.44196 1.5012220797248448 1.6964402183701541 3.9368141224925886 -15.285327258722292 5.555968820615874 43.403201099833474 -4.707620472780036 1
bicycle 241 0 -2.052812027911757 1521.9471 829.0642 1758.5131 1057.2167 1.0111609635933088 0.5564060711664286 1.7511318544594485 4.070029164847735 2.377088101795624 9.11386391332845 -1.6328094893062435 1
Car 1 0 -1.3741600638894806 411.33542 732.245 775.6755 1028.4143 1.5684593360904695 1.8722939390592113 4.343120856413278 -2.610561997426965 2.565799038871673 11.701437585974027 -1.5936629860204343 1
Car 2 1 -1.417247433804084 602.6151 744.3781 810.93085 928.05444 1.759039309821629 1.9832549824699317 4.4205547288851115 -3.1511785253176505 3.488124423412418 19.424212325935514 -1.5780756994967098 1
Car 3 1 -1.4782764272733002 706.3812 762.325 827.6435 880.58044 1.6438753466139084 1.8507944276110562 4.260063961351837 -3.54553928160927 4.412601599973936 27.96868276384695 -1.6043720280236913 1
Car 4 1 -1.5020302997521553 763.7162 777.14734 847.43365 863.1273 1.5362511457910628 1.719269265397387 3.919803032797427 -3.6660805898611564 5.377939415802327 35.74690085445128 -1.6042295927729437 1
Car 6 1 1.9930134813720146 139.4448 739.67004 317.2371 837.2315 1.5012220797248448 1.6964402183701541 3.9368141224925886 -14.434723523099946 3.9331668435046225 29.694261893095366 1.5405382409458084 1
Car 240 1 1.9330784608045435 271.13947 748.95 405.628 829.5238 1.5012220797248448 1.6964402183701541 3.9368141224925886 -14.90238547553932 4.652359982098435 35.993713086785746 1.5405382409458084 1
Car 0 2 2.111752423164144 0.0 729.63965 190.55605 852.8912 1.4331788126932483 1.6675694677483959 4.165499383562139 -13.771801755261134 3.191220892690857 23.016088632631078 -4.710642268857086 1
Pedestrian 650 1 2.39688478550525 1733.5913 708.58044 1935.0 1176.8712 1.633919843956101 0.7579585513704934 0.6498976872300144 3.5514540239713903 1.9832865290233868 5.808310531528594 -3.337509107994492 1
