Car 242 2 -0.7707443723891516 0.0 632.3018 334.28644 1215.0 1.5509929800468734 1.7921670353273804 3.6478157516321166 -2.7795194107201584 1.5733150992752947 2.680470562587414 -1.5742813941766818 1
Car 1 0 -1.344760847226302 314.62375 725.7339 754.93195 1070.7332 1.5684593360904695 1.8722939390592113 4.343120856413278 -2.606862399863734 2.4089181664883648 10.272283393514293 -1.5932905348870625 1
Car 2 1 -1.3844825161212833 574.4108 742.03284 810.3042 941.0781 1.759039309821629 1.9832549824699317 4.4205547288851115 -3.075565717799568 3.348519028390829 18.065184595457385 -1.5531139218734076 1
Car 3 1 -1.4731321823032757 694.7361 764.74634 823.6689 890.1286 1.6438753466139084 1.8507944276110562 4.260063961351837 -3.4989843555740245 4.331867416130697 26.58406280233829 -1.60399956273814 1
Car 4 1 -1.4972292592810255 754.69275 779.21295 842.63525 869.1099 1.5362511457910628 1.719269265397387 3.919803032797427 -3.678321501394687 5.287529370168825 34.36595782312018 -1.6038571816037133 1
Car 5 1 -1.5260967580293816 786.0278 782.7454 853.3635 854.8621 1.5220200767082113 1.719269265397387 3.919803032797427 -3.9608447058280105 6.199344357677806 42.313662938821935 -1.6194315409271456 1
Car 0 1 2.1371639552917125 0.0 733.9121 150.47069 866.49475 1.4331788126932483 1.6675694677483959 4.165499383562139 -13.71968627286933 3.1654133197614467 21.67805183910553 -4.710269788649533 1
Car 6 1 2.0087371020552984 104.055885 743.8236 294.03906 846.74005 1.5012220797248448 1.6964402183701541 3.9368141224925886 -14.355127242428907 3.9192435658459956 28.41280394593335 1.5409107105934976 1
Car 240 1 1.9442875974985374 247.37367 752.92065 390.4136 837.94763 1.5012220797248448 1.6964402183701541 3.9368141224925886 -14.68033255629764 4.616582373241126 34.39793726703553 1.5409107105934976 1
Car 7 1 1.9246049239927565 359.75903 761.8969 470.41898 830.48334 1.5012220797248448 1.6964402183701541 3.9368141224925886 -15.481072621780028 5.583339993772109 42.58665933072538 -4.707247991587746 1
bicycle 241 0 -2.1423573451774525 1650.8943 831.46136 1935.0 1120.0365 1.0111609635933088 0.5564060711664286 1.7511318544594485 4.1422633639358155 2.157316839777149 7.4067660696450375 -1.6324371281513939 1
