bicycle 1458 2 -2.834876400839075 250.3338 802.95337 605.786 1061.3878 1.2217816671073045 0.5634321128504393 1.653574790708648 -2.745160426905719 2.187331454597488 7.801748398165024 -3.1732115207809484 1
Pedestrian 1459 0 -1.7206816858423588 1147.4827 780.6803 1227.8223 969.00146 1.5493122685435596 0.5903496524734595 0.8769951580212552 2.0269055792413306 2.997932516695019 13.467540790871507 -1.571299822147486 1
Pedestrian 1460 0 1.5054172799637788 1077.9865 794.43616 1121.9766 901.31995 1.6901509543568063 0.6925937273591924 0.6034918743843606 2.3091739123934762 4.553434457887555 24.945283683531876 -4.685461530221321 1
Pedestrian 572 0 -1.5756623424423608 996.8876 801.5978 1020.9319 871.3352 1.676251369123946 0.6091962159620001 0.7551299194267437 1.2176497374105526 6.245600401904736 38.28583647615957 -1.5438688766315278 1
Pedestrian 573 2 -2.3874555956931482 1082.9209 828.5525 1132.9368 882.7163 1.043390481122586 0.45785810990925835 1.1059960010814995 3.294345214449079 5.701490216555133 33.63797302791846 -2.2898316088555744 1
Car 1461 1 -1.3518171894566189 417.4139 745.2688 780.5073 1025.1382 1.6132474885607762 2.0143510518341206 4.473232975575783 -2.8257663005514044 2.822362138795512 12.783553983156654 -1.569365942592754 1
Car 566 1 -1.4176719191238576 754.7426 793.77783 875.9018 896.41516 1.4576039503768645 1.8233104559114892 3.993458748219734 -2.8511502057900375 5.0787802158994015 30.019374221259618 -1.5123648740952316 1
bicycle 1462 1 1.2220688322563174 1408.8362 788.78516 1644.2975 1057.0358 1.2227883604893894 0.679024820484074 1.9876836660474195 3.3346068994237323 2.3213767348946046 9.028934508786236 -4.707330828739309 1
Car 568 1 -1.4558180086791512 828.4259 804.5071 896.21094 865.9211 1.4478653577726135 1.7562564680420278 3.482165302682461 -3.102340783223395 7.362746855704456 47.46559103586358 -1.521084960441459 1
Car 567 1 -1.433944753145617 797.77057 801.02045 885.7817 880.7405 1.4478653577726135 1.7182888927987665 4.478920515773621 -3.095766179926257 6.374687043775071 39.54749174599338 -1.512065156452062 1
Car 1463 1 -1.4185098763117754 616.6993 775.21606 819.49664 953.9327 1.4590839527168888 1.7456061619119934 4.490153276993928 -2.8125397052996752 3.5175385947300386 18.232918157537043 -1.5715596936457106 1
Car 1466 2 1.96014416846955 299.1192 780.2652 415.155 847.22656 1.4328387104751545 1.60161459447943 4.621008484614911 -18.115587309988797 6.355364928348937 45.06441803586044 -4.705264565835952 1
Car 1464 2 2.0963328945217654 0.0 759.67444 199.5867 859.193 1.4328387104751545 1.8405836146378967 4.621008484614911 -17.430356407174706 4.354092295960614 30.102370784128375 -4.711714564440328 1
Car 1465 2 2.0236485824802006 168.09714 770.7152 318.89902 849.5133 1.4195623673890037 1.6469043437145259 4.304565515975298 -17.6932127240998 5.246481320406767 37.088876520964405 -4.704655561000226 1
Car 1467 1 -1.0289827273880454 0.0 697.81055 582.0622 1215.0 1.4505627811670547 1.7043390431150196 4.074480422711815 -2.6302175823658804 1.7819280142978924 4.730906362227666 -1.5363939298894786 1
