bicycle 1458 1 -2.6482930556398183 0.0 816.4473 388.92114 1215.0 1.2217816671073045 0.5634321128504393 1.653574790708648 -2.753499539165152 1.8697581196767348 4.750843256515822 -3.1735634293179915 1
Pedestrian 1460 0 1.4737759329615843 1120.5461 789.9153 1174.5774 919.33606 1.6901509543568063 0.6786941421263066 0.7702868971786647 2.5999511485327917 4.043032713604883 20.92868626717607 -4.685813524988321 1
Pedestrian 573 2 -2.399966331915024 1098.6503 836.3191 1154.0542 896.3598 1.043390481122586 0.45785810990925835 1.1059960010814995 3.3670802883857514 5.442145655960806 30.54708248431836 -2.290183590986283 1
Car 1461 0 -1.2889635759256557 197.28566 735.4347 737.8064 1126.5765 1.6132474885607762 2.0143510518341206 4.473232975575783 -2.788685635195065 2.4934500484910838 9.67047099723374 -1.5697179292162962 1
Car 566 1 -1.4079527029836734 730.475 797.5024 867.6957 913.3935 1.4576039503768645 1.8233104559114892 3.993458748219734 -2.83384451791853 4.804427822415432 26.950722409648982 -1.512716843886836 1
bicycle 1462 1 1.059887523064151 1615.0476 770.56805 1935.0 1198.8617 1.2227883604893894 0.679024820484074 1.9876836660474195 3.36774314340348 1.8985725314757795 5.942161903281859 -4.7076827857517225 1
Car 1467 2 -0.5350249220216838 0.0 0.0 1935.0 1215.0 1.4505627811670547 1.7043390431150196 4.074480422711815 -2.65120344491893 1.4725837269667696 1.6958812643754961 -1.536745960648694 1
Car 567 1 -1.429323678307 785.7078 803.7268 881.97125 890.92 1.4478653577726135 1.7182888927987665 4.478920515773621 -3.0394574046193914 6.085287212251194 36.49454454422477 -1.512417162053462 1
Car 1465 1 2.0611146011208366 84.947426 781.9205 258.3618 869.82214 1.4195623673890037 1.6469043437145259 4.304565515975298 -17.83853207153728 5.218325541745367 34.020319823039024 -4.705007495491593 1
Car 568 1 -1.4529656519165015 820.9136 807.3609 893.7357 873.4417 1.4478653577726135 1.7562564680420278 3.482165302682461 -3.044298787020518 7.081608812838249 44.391438269163736 -1.521436957852492 1
Car 1466 1 1.9864673867598812 244.58897 792.4928 374.7453 866.34576 1.4328387104751545 1.60161459447943 4.621008484614911 -18.13055491310991 6.381467531491431 41.84079393272033 -4.7056165780384305 1
Pedestrian 1459 0 -1.7472907422512125 1173.8969 773.1151 1281.9917 988.0601 1.596924589776231 0.7514484418522165 0.5559326208866417 2.089255453389073 2.791315022961966 11.772604824110122 -1.571651846571567 1
Car 1463 1 -1.389703590142081 536.3426 774.7224 796.43304 996.8174 1.4590839527168888 1.7456061619119934 4.490153276993928 -2.782407317682416 3.197044941622627 15.101128614717329 -1.5719116393381074 1
Car 1464 1 2.1450532830009337 0.0 773.66205 117.75092 888.4628 1.4328387104751545 1.8405836146378967 4.621008484614911 -17.433676943444926 4.345118632019434 26.964841109254742 -4.712066577140106 1
Pedestrian 572 0 -1.5005431236065805 1005.7497 806.1271 1032.258 878.50726 1.676251369123946 0.6091962159620001 0.5345654902742147 1.4083610939076163 6.12713767538407 36.42866736187629 -1.461901576926698 1
