bicycle 1458 2 -2.8455096760853738 276.5619 799.4475 614.9082 1045.7213 1.2217816671073045 0.5634321128504393 1.653574790708648 -2.7795246687570883 2.210637724522732 8.163929669768207 -3.1736641005410897 1
Pedestrian 1459 0 -1.7181331594766855 1141.4619 782.9621 1223.8253 959.9124 1.5206932865325073 0.6653855747786552 0.5893574558513047 2.016018541097149 2.997163430610453 13.673933205827685 -1.5717525509527113 1
Pedestrian 1460 0 1.5099822532219749 1070.988 792.17505 1113.8191 896.5669 1.6901509543568063 0.6925937273591924 0.6034918743843606 2.2332153245078574 4.579425658498056 25.519192857216545 -4.685914220885328 1
Pedestrian 572 0 -1.5753033356575703 995.79095 798.12604 1019.58606 867.07056 1.676251369123946 0.6091962159620001 0.7551299194267437 1.1988244868929263 6.201716053529453 38.68213319736987 -1.5443215672955348 1
Pedestrian 573 2 -2.384806417054977 1078.576 826.23206 1127.9075 879.63324 1.043390481122586 0.45785810990925835 1.1059960010814995 3.2290693577720004 5.705255537914697 34.06024451975317 -2.290284283262465 1
Car 1461 1 -1.3535620853681953 427.06696 741.8618 778.6111 1010.9997 1.6132474885607762 2.0143510518341206 4.473232975575783 -2.8881885871224546 2.8164948533742384 13.146533056977214 -1.5698186227833875 1
Car 566 1 -1.416787780722184 753.95557 791.3055 872.9406 891.46747 1.4576039503768645 1.8233104559114892 3.993458748219734 -2.9483549464918344 5.091236338921252 30.608080828010483 -1.5128175326389925 1
bicycle 1462 1 1.2347313620169995 1392.3933 789.34174 1613.8848 1046.0792 1.2227883604893894 0.679024820484074 1.9876836660474195 3.3297905432995045 2.36514050300948 9.393148276234193 -4.707783470847609 1
Car 568 1 -1.4545363234948896 825.99945 802.0184 893.45496 862.7967 1.4478653577726135 1.7562564680420278 3.482165302682461 -3.20712745746282 7.3197598727287065 47.794974366214056 -1.5215376545061141 1
Car 567 1 -1.434812551614093 798.8637 798.16296 886.02246 876.85175 1.4478653577726135 1.7182888927987665 4.478920515773621 -3.104207191321057 6.331851745411022 39.868019880234655 -1.5125178610503156 1
Car 1463 1 -1.421011182276735 622.8747 775.11053 820.6783 949.8486 1.4590839527168888 1.7456061619119934 4.490153276993928 -2.829447157642419 3.5525317539139962 18.5952857774709 -1.572012321195501 1
Car 1464 2 2.091168337315059 0.0 760.1555 207.14137 858.4928 1.4328387104751545 1.8405836146378967 4.621008484614911 -17.44474821158753 4.396580272466217 30.457267671403503 -4.712167278167145 1
Car 1465 2 2.0197548013242956 175.64485 767.7464 324.1788 845.36255 1.4195623673890037 1.6469043437145259 4.304565515975298 -17.709414099831807 5.203406460450695 37.45395266367481 -4.705108174144607 1
Car 1466 2 1.9572368169558398 304.16672 775.9899 418.74887 841.9074 1.4328387104751545 1.60161459447943 4.621008484614911 -18.136715125522105 6.257717637819614 45.43895337610466 -4.705717278923265 1
Car 1467 1 -1.0579346226355717 0.0 698.7653 595.47394 1215.0 1.4505627811670547 1.7043390431150196 4.074480422711815 -2.6692455102898625 1.806495907821594 5.1407886690263815 -1.5368466668425897 1
