bicycle 1458 1 -2.605100977691123 0.0 814.4762 335.64236 1215.0 1.2217816671073045 0.5634321128504393 1.653574790708648 -2.748279440502074 1.8068419402051434 4.307600216599131 -3.172999070510509 1
Pedestrian 1460 0 1.4649686436490228 1133.9908 791.7525 1189.631 924.21857 1.6901509543568063 0.6786941421263066 0.728588141480109 2.72795040534948 4.007360077184591 20.3948452053469 -4.685249027908696 1
Pedestrian 573 2 -2.404182274300536 1105.3737 849.0482 1161.8282 910.61194 1.043390481122586 0.45785810990925835 1.1059960010814995 3.4566920809618287 5.6310940853953815 30.04068782182064 -2.289619114155968 1
Car 1461 0 -1.274533432165712 142.98518 731.07196 729.04236 1147.984 1.6132474885607762 2.0143510518341206 4.473232975575783 -2.78114754594397 2.4228667643911086 9.165057161166224 -1.569153445195612 1
Car 566 1 -1.4060971903639121 727.0269 798.04285 866.8894 916.0592 1.4576039503768645 1.8233104559114892 3.993458748219734 -2.8234684716234906 4.765406598649736 26.522742607023066 -1.5121523868602391 1
bicycle 1462 1 1.0289784580031363 1656.2776 775.36005 1935.0 1215.0 1.2227883604893894 0.679024820484074 1.9876836660474195 3.362583703241779 1.878398917592687 5.520519291191716 -4.707118349217909 1
Car 567 1 -1.429566504009864 786.0826 803.6661 883.846 892.3443 1.4478653577726135 1.7182888927987665 4.478920515773621 -2.9624584384917827 6.01515347999602 35.920618118667335 -1.5118526475997316 1
Car 1464 1 2.1544638134065988 0.0 771.1554 102.88462 888.1799 1.4328387104751545 1.8405836146378967 4.621008484614911 -17.401021900201602 4.240777705941804 26.399191179955018 -4.711502051301429 1
Car 1465 1 2.0621833515925303 82.452774 779.30444 258.6022 868.20917 1.4195623673890037 1.6469043437145259 4.304565515975298 -17.60608679204805 5.105067267406612 33.53588107888063 -4.70444309507438 1
Car 568 1 -1.4516550801784804 819.19977 807.9542 893.12897 874.99286 1.4478653577726135 1.7562564680420278 3.482165302682461 -3.0377567012215296 7.029678586523254 43.81708708846753 -1.520872456533212 1
Car 1466 2 1.990563503839411 236.99167 783.9725 369.5555 857.789 1.4328387104751545 1.60161459447943 4.621008484614911 -18.082000755382474 6.075394403802951 41.328058120322034 -4.705052052997427 1
Pedestrian 1459 0 -1.7508781500267236 1182.9227 774.06464 1286.0441 998.19446 1.596924589776231 0.6711695523270649 0.6200155146615538 2.0680082839327807 2.7627891766394526 11.378095839407386 -1.5710873019308134 1
Car 1463 1 -1.3851870366633314 522.76904 775.21564 794.6147 1006.7002 1.4590839527168888 1.7456061619119934 4.490153276993928 -2.747544272995623 3.1511541000281973 14.588143177249682 -1.5713472209579078 1
Car 1467 2 -0.40461973674147567 0.0 0.0 1935.0 1215.0 1.4505627811670547 1.7043390431150196 4.074480422711815 -2.60794257208634 1.3869190406319516 1.225331113001886 -1.5361814058493997 1
Pedestrian 572 0 -1.5013104807879087 1007.84174 805.43317 1034.1445 878.7882 1.676251369123946 0.595410939139961 0.5621360439182884 1.4406281192205246 6.06240120118538 36.02048472565938 -1.4613370952119182 1
