Pedestrian 1460 1 1.403134176688468 1212.5712 751.3512 1280.5674 911.3215 1.6901509543568063 0.6369953864277266 0.7146885562472025 3.1851170260852504 3.1363502078720362 16.73908954676563 -4.692018776845501 1
Pedestrian 572 0 -1.366569303257268 1029.117 770.0039 1060.1234 847.41504 1.676251369123946 0.5810289801160311 0.6999888121386635 1.9168250108976055 5.048742563063316 34.343651400414714 -1.31081406823002 1
Pedestrian 573 1 -2.4300785582139177 1131.4071 793.3652 1193.9933 858.5998 1.043390481122586 0.45785810990925835 1.1059960010814995 3.685915135957429 4.194499492089655 27.406171152986452 -2.296388614787495 1
Car 1461 1 -1.1833598451604233 0.0 671.06195 669.4403 1215.0 1.6132474885607762 2.0143510518341206 4.473232975575783 -2.7107313481305333 1.8845553833652184 6.546800531098042 -1.5759230372461492 1
Car 566 1 -1.408609315775619 712.0315 761.9982 866.6583 887.08636 1.4576039503768645 1.8233104559114892 3.993458748219734 -2.651883207533954 3.8397308925962665 23.94217840044963 -1.5189216553825697 1
Car 568 1 -1.4577226707416788 816.00934 774.4096 893.85706 842.7433 1.4478653577726135 1.7562564680420278 3.482165302682461 -2.8882732434286456 5.748759746424971 41.24116291481618 -1.5276422565257266 1
Car 567 1 -1.4341376922286635 779.1588 767.4576 883.2777 857.71765 1.4478653577726135 1.7182888927987665 4.478920515773621 -2.834987090214575 4.856593305191778 33.476258419973774 -1.5186226052863985 1
Car 1465 2 2.084745899527502 14.269744 746.0482 210.79404 837.24457 1.4195623673890037 1.6469043437145259 4.304565515975298 -17.53914820502374 4.117781746584742 31.15279224677106 -4.711211684040632 1
Pedestrian 1459 0 -1.741941555143202 1225.575 734.85394 1332.9475 997.0684 1.596924589776231 0.5631433874235866 0.8038761641754549 2.0829089364773776 2.3525910448314304 9.86527577930741 -1.5338621669919645 1
Car 1463 1 -1.3598823878508903 419.7485 730.78925 772.7788 1006.0503 1.4590839527168888 1.7456061619119934 4.490153276993928 -2.641385698488143 2.4618967527218616 11.910717215685736 -1.578116025415205 1
Car 1466 2 2.0052676658226662 191.40883 756.31854 336.6049 831.8755 1.4328387104751545 1.60161459447943 4.621008484614911 -17.93640754310083 5.037768166543711 38.70983853668488 -4.711822137278052 1
Car 569 2 -1.434513379552753 837.5829 783.31555 908.2298 836.7007 1.2199877842366915 1.7471387171579407 3.68099275242804 -2.757508664490659 6.439959406279611 47.37304773761933 -1.4926561583432658 1
