bicycle 1458 2 -2.571683556013935 0.0 818.4686 291.57068 1215.0 1.2217816671073045 0.5634321128504393 1.653574790708648 -2.750322811872214 1.7804448070384533 4.008444542564202 -3.173041500781875 1
Pedestrian 1459 0 -1.7505870973414541 1180.8015 783.54816 1289.6444 1021.18 1.596924589776231 0.6222337341827192 1.1088513685279522 2.0580434075193272 2.8593050749843645 11.344772221092686 -1.5711297461707927 1
Pedestrian 1460 0 1.4564993453931434 1147.8809 804.317 1201.2578 939.1541 1.6901509543568063 0.6369953864277266 0.6173914596171737 2.8336141568226068 4.116551949100332 19.9067537297073 -4.685291468572915 1
Pedestrian 572 0 -1.4659828531126127 1008.96545 815.5281 1037.3328 890.5317 1.676251369123946 0.6091962159620001 0.6862035353166032 1.482288563829377 6.283251998382928 35.75710658744824 -1.4245521979941786 1
Pedestrian 573 2 -2.4080441902079586 1110.7451 852.9921 1168.0514 915.5402 1.043390481122586 0.45785810990925835 1.1059960010814995 3.5263260907257457 5.651954826378823 29.64824571374777 -2.2896615533006655 1
Car 1461 0 -1.263173613099091 102.09824 731.35156 719.88855 1166.6732 1.6132474885607762 2.0143510518341206 4.473232975575783 -2.804011550563682 2.4043429686299387 8.874937694058268 -1.5691958848781653 1
Car 566 1 -1.403874374353636 722.1944 807.3518 864.54047 928.7421 1.4576039503768645 1.8233104559114892 3.993458748219734 -2.844388632444593 4.898525512051361 26.15623558878086 -1.5121948245131882 1
bicycle 1462 1 0.9957303729253235 1700.6948 780.4443 1935.0 1215.0 1.2227883604893894 0.679024820484074 1.9876836660474195 3.362747819841775 1.859864149105466 5.129354096883409 -4.707160785330391 1
Car 567 1 -1.429142960423522 785.01917 812.01404 883.4318 902.38245 1.4478653577726135 1.7182888927987665 4.478920515773621 -2.962153788735225 6.202542736833363 35.7137538902385 -1.5118950895699843 1
Car 1464 2 2.1593251132389977 0.0 779.0636 94.728874 899.3204 1.4328387104751545 1.8405836146378967 4.621008484614911 -17.358416445265963 4.357175265836144 26.055590283702237 -4.711544494127862 1
Car 1465 1 2.0644942597994262 77.24753 789.2621 254.68883 879.9268 1.4195623673890037 1.6469043437145259 4.304565515975298 -17.635547130006266 5.327887051478484 33.400771047409584 -4.704485528471611 1
Car 568 1 -1.44805732079749 813.1076 819.244 888.2041 887.95135 1.4478653577726135 1.7562564680420278 3.482165302682461 -3.1663031428134 7.317362587879689 43.38188033164366 -1.52091489751607 1
Car 1463 1 -1.3817695576369926 512.2273 779.8147 792.2106 1019.2023 1.4590839527168888 1.7456061619119934 4.490153276993928 -2.738214785739323 3.1696630779129724 14.267040563552902 -1.571389655705616 1
Car 1466 2 1.9925229365993093 232.81543 790.8389 366.4898 865.8944 1.4328387104751545 1.60161459447943 4.621008484614911 -18.083731981619238 6.251336166529749 41.107726201647196 -4.705094495763861 1
