moped_scooter 561 0 -0.04495592972708642 1014.9992 792.9348 1075.3436 846.6613 1.6562361942204094 0.8009715365026138 1.943332567746835 2.7453961934750057 7.217719391178364 49.08355607559606 0.0109189654931805 1
Pedestrian 1459 0 -1.8207547992113657 1286.9722 740.1338 1462.5646 1082.5924 1.6363233003863582 0.7177368673833885 0.739831696271452 2.1276166923787083 2.264400087570068 7.774677714438713 -1.5536349947046073 1
Pedestrian 572 0 -1.0842382314593415 1050.0575 791.7214 1092.1042 876.29266 1.676251369123946 0.6499553642262121 0.6862035353166946 2.346361676896939 5.290103790445361 31.932231486153928 -1.0108906340312815 1
Pedestrian 573 1 -2.4545333034197725 1157.9741 823.42224 1231.9335 901.4252 1.043390481122586 0.45785810990925835 1.1059960010814995 3.656996333102675 4.230686593187067 23.4444759527022 -2.299794850342551 1
Car 1461 1 -0.7818337395511347 0.0 325.19556 443.9073 1215.0 1.6132474885607762 2.0143510518341206 4.473232975575783 -2.6645432985480664 1.5419605021429044 2.600842605616995 -1.5793293230768488 1
Car 566 0 -1.3884410661723752 654.46826 776.6507 846.47284 932.68524 1.4576039503768645 1.8233104559114892 3.993458748219734 -2.690323252623933 3.6913396348682372 19.973817378362572 -1.522327778589524 1
Car 567 1 -1.4266540468489124 753.5588 790.3213 873.8827 897.84485 1.4478653577726135 1.7182888927987665 4.478920515773621 -2.815193754475154 4.955136745264236 29.42754062357781 -1.5220290756434962 1
Car 568 1 -1.453879394503396 800.2723 796.36224 887.03467 874.5412 1.4478653577726135 1.7562564680420278 3.482165302682461 -2.880648159986956 5.922873711725597 37.25483407686929 -1.5310486473888052 1
Car 1465 2 2.140814208025814 0.0 765.81683 111.11879 875.6646 1.4195623673890037 1.6469043437145259 4.304565515975298 -17.396325876262942 4.167465836760492 27.006957036198635 1.5685678424117997 1
Car 1466 1 2.043774108302564 99.36391 775.6781 270.57028 862.9721 1.4328387104751545 1.60161459447943 4.621008484614911 -17.95788470473316 5.179709192501196 34.84895765196783 1.5679566361557686 1
Pedestrian 1460 1 1.3067957209977958 1344.304 756.54297 1443.613 983.1274 1.6901509543568063 0.6369953864277266 0.5061947777542891 3.3806131436797973 2.7440842685795594 11.713884656572821 -4.695425141844395 1
Car 1463 1 -1.264807228463028 55.50851 729.7083 703.4196 1194.4419 1.4590839527168888 1.7456061619119934 4.490153276993928 -2.610946366033518 2.175415070851052 7.966340938273464 -1.581521914627381 1
Car 576 2 1.958574102719452 228.70357 777.965 354.09314 851.6146 1.4490403504269824 1.6052227080994397 4.251425591060866 -18.05557405424833 5.815470173213237 40.50960466470006 1.539292679687044 1
Car 569 2 -1.4316084791405952 824.31305 804.95526 902.01074 865.566 1.2199877842366915 1.7471387171579407 3.68099275242804 -2.794332421614054 6.661572022540275 43.29407143058493 -1.4960621510050718 1
