Pedestrian 1460 2 1.3738868844439285 1253.1694 757.3134 1329.9431 933.4853 1.6901509543568063 0.6369953864277266 0.7146885562472025 3.3603544723387224 3.0733231997992947 15.257372460989336 -4.692514785733831 1
Pedestrian 572 0 -1.3706462645853268 1039.4353 780.77106 1069.8369 859.4674 1.676251369123946 0.5810289801160311 0.5621360439183333 2.098095428559391 5.211946034437112 33.574680452129876 -1.308237010796005 1
Pedestrian 573 1 -2.4363633170940404 1138.3673 812.7973 1204.746 882.7366 1.043390481122586 0.45785810990925835 1.1059960010814995 3.6381254525486573 4.3705121069382376 25.914365966199743 -2.2968846050145233 1
Car 567 1 -1.431136966484419 770.8641 780.28394 880.3582 876.89795 1.4478653577726135 1.7182888927987665 4.478920515773621 -2.825243658757005 5.012844307548218 32.028833517409026 -1.5191186295028833 1
Car 568 1 -1.4542506215918454 808.4829 784.74036 889.22864 856.27405 1.4478653577726135 1.7562564680420278 3.482165302682461 -2.959939642017155 5.911849722987769 39.987078956089164 -1.5281382691729546 1
Pedestrian 1459 0 -1.7356119684919415 1237.7224 742.3061 1364.6322 1027.3029 1.596924589776231 0.6098492839545057 1.040268427836231 2.104234547815513 2.3737533979026235 9.358086510085919 -1.514433305182116 1
Car 1461 1 -1.1066431718029723 0.0 668.7301 627.2274 1215.0 1.6132474885607762 2.0143510518341206 4.473232975575783 -2.670334559719767 1.8331436674294326 5.25983639471167 -1.5764190346160296 1
Car 1463 1 -1.33463655996865 334.88583 735.2797 753.9512 1056.8295 1.4590839527168888 1.7456061619119934 4.490153276993928 -2.6346729066739325 2.406510243053119 10.583808061174551 -1.5786119650457142 1
Car 566 0 -1.4015734927717676 694.1502 771.16547 859.9962 906.2692 1.4576039503768645 1.8233104559114892 3.993458748219734 -2.675005243020674 3.8671399432987643 22.594343967330033 -1.5194176290653552 1
Car 1465 2 2.1008813073550803 0.0 743.2393 184.10847 838.82 1.4195623673890037 1.6469043437145259 4.304565515975298 -17.374794011506943 3.939799656206033 29.694606311326435 -4.711707607876631 1
Car 1466 2 2.0190834530940416 160.30385 751.83844 314.46304 829.9814 1.4328387104751545 1.60161459447943 4.621008484614911 -17.906439193673886 4.789957670236776 37.238590197003035 -4.712318170737671 1
Car 569 2 -1.4320666296977995 831.76074 794.2711 905.03033 850.43866 1.2199877842366915 1.7471387171579407 3.68099275242804 -2.8048943607825687 6.629586008310218 45.86040052098005 -1.493152113017996 1
