moped_scooter 561 0 -0.05459965885182501 1030.734 783.68726 1096.0159 841.4561 1.6562361942204094 0.8009715365026138 1.943332567746835 3.101669799529228 6.537933880918647 45.56150844194262 0.013372006480088405 1
Pedestrian 1460 0 1.1274481844979096 1603.7903 700.655 1819.4374 1110.399 1.6901509543568063 0.6369953864277266 0.6451906300829668 3.2971884664627975 2.0420905615532727 6.61867423468018 -4.693559000510756 1
Pedestrian 572 0 -1.2801714979291123 1094.8439 773.13336 1133.0842 864.04663 1.676251369123946 0.5534584264720169 0.7721180300517911 3.019760153162857 4.650657518960628 29.544258969547403 -1.178313820527963 1
Pedestrian 573 1 -2.4905592216890593 1209.8732 815.4917 1299.0536 907.9293 1.043390481122586 0.45785810990925835 1.1059960010814995 3.869590185119647 3.6360380538269013 19.77722232807938 -2.2973412295811806 1
Car 569 2 -1.4295226400121164 821.31964 792.119 905.568 856.59955 1.2199877842366915 1.7471387171579407 3.68099275242804 -2.571080502339911 5.9126885591517615 40.06424349516711 -1.4936087049095195 1
bicycle 564 1 -3.117094893732165 1041.863 793.66455 1102.5736 835.15247 1.1947097521058354 0.7069326156187679 1.8911878314963964 3.50163951575847 6.563553927916279 47.128762040508654 -3.042931747160953 1
bicycle_rack 565 1 3.02625125155076 1008.84125 789.4883 1081.0239 837.7597 1.2705607108372834 2.349072027545157 2.1050683586263146 2.7157355523944102 6.802133977214087 49.023741032129 -3.2015942830128457 1
Car 1463 1 -1.044411255730643 0.0 677.4949 578.2106 1215.0 1.4590839527168888 1.7456061619119934 4.490153276993928 -2.521965230942824 1.6880875989725135 4.2587073970246045 -1.5790685430812155 1
Car 566 0 -1.3679898655247436 596.24603 761.22974 839.5035 952.55316 1.4576039503768645 1.8233104559114892 3.993458748219734 -2.5013493448868083 3.1334361961449604 16.341939743415452 -1.5198742384565964 1
Car 567 1 -1.4179968481660827 733.3109 776.5434 872.5704 897.6207 1.4478653577726135 1.7182888927987665 4.478920515773621 -2.6375434073950665 4.303088883266624 25.876216290443864 -1.519575285421817 1
Car 568 1 -1.4506135594973468 793.6297 783.0964 890.3078 868.75354 1.4478653577726135 1.7562564680420278 3.482165302682461 -2.626814345424317 5.192013097169291 33.61685052161192 -1.5285949144390274 1
Car 1466 2 2.084321478663769 8.72607 757.9898 210.54752 852.93896 1.4328387104751545 1.60161459447943 4.621008484614911 -17.70095892809686 4.429176439033226 31.35661975693319 1.5704104720173548 1
Pedestrian 1459 0 -1.9031114348051508 1396.9987 697.41516 1648.396 1176.7007 1.6363233003863582 0.5770956583678316 1.13008218755722 2.1478272467534056 1.947622569254062 5.848922615542932 -1.5511810976323614 1
Car 575 2 -1.4194466984482996 830.316 791.3492 901.9606 853.5948 1.4516878707515855 1.7085023640171502 3.6257951275943023 -2.937086510507525 6.872538751259536 46.82119399300215 -1.4820944615401106 1
Car 577 2 1.966204947417264 284.8623 776.6287 400.48422 844.2538 1.4490403504269824 1.6052227080994397 4.251425591060866 -18.006867342014893 6.102031089570133 43.73004482019457 -4.707594800098751 1
Car 576 2 1.9931717293896232 159.86101 766.4831 304.2593 846.0347 1.4490403504269824 1.6052227080994397 4.251425591060866 -17.954995425511765 5.158779938072433 37.034791158161816 1.541746336732094 1
