bicycle 559 2 -2.7441956192737846 1014.43677 794.2982 1074.5675 840.71954 1.3975871069243453 0.8332321986698941 1.8958042136346396 2.8695574940189514 7.329238029340592 51.57465521488885 -2.6886140184870073 1
moped_scooter 561 0 -0.055386055026379624 1034.2229 783.9571 1100.2161 842.35364 1.6562361942204094 0.8009715365026138 1.943332567746835 3.1853322701773767 6.496369593528387 45.091028298470015 0.015139048968376478 1
Pedestrian 1459 0 -1.9207907761242369 1432.5209 697.74567 1669.0037 1170.6263 1.6363233003863582 0.6369953864277266 0.6590902153158028 2.1866387689288374 1.9262176122973573 5.614705113244431 -1.5494134386901532 1
Pedestrian 1460 0 1.0913054196841587 1668.503 692.03613 1899.0074 1135.8812 1.6901509543568063 0.6369953864277266 0.5478935334529352 3.3112865502597746 1.9748101342309519 6.060001484829248 -4.691791864408736 1
Pedestrian 572 0 -1.3475559925089016 1102.3376 774.5676 1135.9125 864.3872 1.676251369123946 0.5534584264720169 0.5239830472551691 3.1019345446695823 4.649488277203165 29.370318861181264 -1.2423314735935018 1
Pedestrian 573 1 -2.493926786222146 1216.9359 815.79553 1308.006 910.09216 1.043390481122586 0.45785810990925835 1.1059960010814995 3.900101662620723 3.5925572562829187 19.403882118305035 -2.2955737686605326 1
Car 569 2 -1.4301839175772748 824.5934 792.0132 909.52576 857.1231 1.2199877842366915 1.7471387171579407 3.68099275242804 -2.4507264287107984 5.868833577641541 39.69706694850306 -1.4918413707601834 1
bicycle 564 1 -3.117942499810338 1045.4954 792.1957 1106.8018 834.0835 1.1947097521058354 0.7069326156187679 1.8911878314963964 3.5899853507882105 6.46526417114398 46.666242070449535 -3.0411647626033576 1
bicycle_rack 565 1 3.0249059149103243 1013.1305 790.16895 1086.1108 838.94037 1.2705607108372834 2.349072027545157 2.1050683586263146 2.8413707702641715 6.772996347783246 48.55484498180288 -3.199827263693302 1
Car 1463 1 -0.9986929753778039 0.0 672.77155 555.5184 1215.0 1.4590839527168888 1.7456061619119934 4.490153276993928 -2.51250870546403 1.6542807290240746 3.846572527931526 -1.5773012625334608 1
Car 566 0 -1.3637396522318785 588.0904 761.41876 838.55054 957.80817 1.4576039503768645 1.8233104559114892 3.993458748219734 -2.486626574173814 3.1028812237368264 15.980363134332666 -1.518106836572504 1
Car 568 1 -1.4502828562614292 795.2672 780.76044 892.9031 867.0296 1.4478653577726135 1.7562564680420278 3.482165302682461 -2.554026851017764 5.103996084007618 33.30136394285508 -1.5268273737094282 1
Car 577 1 1.969948547000473 280.4698 777.57983 397.82104 846.0332 1.4490403504269824 1.6052227080994397 4.251425591060866 -17.927224698969162 6.086764714029748 43.293438520216355 -4.705827308924558 1
Car 1466 2 2.090623884547531 0.0 757.4188 203.57243 853.7203 1.4328387104751545 1.60161459447943 4.621008484614911 -17.6423357202061 4.378086668395975 30.924342192958964 -4.711007220264687 1
Car 575 2 -1.4189014289679527 831.746 790.716 904.14825 853.5551 1.4516878707515855 1.7085023640171502 3.6257951275943023 -2.8516751976300356 6.801621247060125 46.36637059677718 -1.480327149557652 1
Car 576 2 1.9980454638758887 152.66553 766.1024 299.71402 846.58984 1.4490403504269824 1.6052227080994397 4.251425591060866 -17.88625694614551 5.1079032495407555 36.6029297153874 1.543513822899944 1
Car 567 1 -1.4197525395806054 737.66296 776.5728 878.55414 899.6726 1.4478653577726135 1.7182888927987665 4.478920515773621 -2.507878852689238 4.265027967579133 25.494181026842398 -1.5178077034678465 1
