bicycle 559 2 -2.7510316889712385 1036.3945 801.316 1101.0408 851.52374 1.3975871069243453 0.8332321986698941 1.8958042136346396 3.44866303583241 7.155759195891759 48.014963244930094 -2.6793300614817217 1
moped_scooter 561 0 -0.0621126989712143 1055.4624 789.8391 1127.2858 853.42017 1.6562361942204094 0.8009715365026138 1.943332567746835 3.607180572140292 6.289112638881101 41.580206692569554 0.024422994926484698 1
moped_scooter 562 2 3.1347811396093515 1036.3259 797.11475 1083.898 847.9773 1.6140889157617768 0.5968327661681743 1.581980688334736 3.310832882861335 7.427474660042066 50.13613244558361 -3.082463047380294 1
Pedestrian 1459 2 -2.1546486494387733 1793.3386 655.6486 1935.0 1215.0 1.6363233003863582 0.6639092134129257 1.022426879616239 2.5568972659004854 1.7194186731623313 3.5151972796446276 -1.5257797730827982 1
Pedestrian 572 0 -1.2216311752950957 1136.0302 783.3738 1186.6217 882.94147 1.676251369123946 0.7449516005500038 0.6015277704635268 3.615326122252075 4.585517664396193 27.01395759982534 -1.088589931500917 1
Pedestrian 573 1 -2.5482244443100557 1305.5482 833.3742 1420.8108 951.654 1.043390481122586 0.45785810990925835 1.1059960010814995 4.225307365556374 3.319616666607326 15.760396819370388 -2.2862876134722687 1
Car 563 1 -1.445319629489541 869.89154 796.1152 936.42834 857.9552 1.5101438434750498 1.7371174306593855 4.137377377757774 -1.9177659987690368 7.535267733864457 50.48814447937873 -1.483285858695357 1
bicycle 564 1 -3.1261217126923806 1069.3043 806.4738 1135.7224 852.2243 1.1947097521058354 0.7069326156187679 1.8911878314963964 4.0755014961422775 6.485224743131882 43.11761280574609 -3.0318811263589875 1
bicycle_rack 565 1 3.0174678819159464 1035.2185 802.0467 1114.5692 855.3593 1.2705607108372834 2.349072027545157 2.1050683586263146 3.3894860531201654 6.746678967510075 45.0035898666645 -3.1905434480053065 1
Car 566 0 -1.328639001016242 492.01645 758.0757 832.7834 1019.6781 1.4576039503768645 1.8233104559114892 3.993458748219734 -2.271228635449632 2.7504980244473094 12.468483685373888 -1.5088210047221269 1
Car 567 1 -1.4072621833093135 717.1096 782.0154 884.8591 928.772 1.4478653577726135 1.7182888927987665 4.478920515773621 -2.229535047128831 3.9937137333423065 21.942893069971213 -1.5085209266778066 1
Car 568 1 -1.4446213618067467 793.7624 790.49 904.02655 889.06824 1.4478653577726135 1.7562564680420278 3.482165302682461 -2.1730725033884535 4.939587245108136 29.748160639969335 -1.5175408130740577 1
Car 569 1 -1.4286167740302598 831.9231 803.20337 924.66614 875.7775 1.2199877842366915 1.7471387171579407 3.68099275242804 -1.9672548289816965 5.792133751075289 36.43638553146596 -1.482555894708135 1
Car 577 1 2.0010122141065683 233.511 773.29553 366.46478 847.6292 1.4490403504269824 1.6052227080994397 4.251425591060866 -17.517582571891857 5.613433287429213 39.82770021650004 -4.696541007677517 1
Car 1466 1 2.1405742134890904 0.0 755.5144 138.62064 863.96625 1.4328387104751545 1.60161459447943 4.621008484614911 -17.30865345118676 4.05149697327667 27.662454135789464 -4.7017202694751195 1
Car 575 2 -1.4209115003345332 845.4437 797.5252 923.8784 866.77637 1.4516878707515855 1.7085023640171502 3.6257951275943023 -2.1401261224598396 6.593673054161946 42.655510132670656 -1.4710417899571642 1
Car 576 1 2.0374101065082746 83.23462 760.7434 253.68118 848.89777 1.4490403504269824 1.6052227080994397 4.251425591060866 -17.540692295343817 4.6698841592149964 33.31663779054156 1.5528000984729 1
Car 570 1 1.9530750004853417 341.39987 773.1625 455.6804 836.57104 1.441778991407494 1.806426241020876 4.463916795856654 -17.52334624005628 6.304375280873065 46.79289613161783 -4.688431427834033 1
