bicycle 559 2 -2.7447457376657933 1018.2868 791.4188 1078.8936 838.12714 1.3975871069243453 0.8332321986698941 1.8958042136346396 2.9872758584048555 7.1843063367101205 51.17707734424061 -2.686440532144113 1
moped_scooter 561 0 -0.056155697264904436 1038.3416 781.54395 1104.9604 840.4431 1.6562361942204094 0.8009715365026138 1.943332567746835 3.2891426929707763 6.381047989150534 44.68901371447805 0.017312533178081457 1
Pedestrian 572 0 -1.3343312690130469 1105.4542 774.382 1139.5228 864.83954 1.676251369123946 0.5534584264720169 0.5239830472551691 3.146985798511698 4.626626682903329 29.175792745437413 -1.2268837736989873 1
Pedestrian 573 1 -2.4957725863426825 1222.2836 816.0878 1315.2325 912.289 1.043390481122586 0.45785810990925835 1.1059960010814995 3.9059318617603638 3.5495413167239294 19.036467394478045 -2.2933997688669496 1
Car 569 2 -1.427390771061783 822.811 791.90063 909.3282 857.9934 1.2199877842366915 1.7471387171579407 3.68099275242804 -2.4405469494067766 5.803448025227164 39.13805276606451 -1.4896675279893614 1
bicycle 564 1 -3.117285592836518 1047.4921 793.3255 1109.365 835.6278 1.1947097521058354 0.7069326156187679 1.8911878314963964 3.6289118346206752 6.4547535320059986 46.25491751704287 -3.038991350095878 1
bicycle_rack 565 1 3.024294892852587 1016.9918 789.36597 1090.6407 838.50024 1.2705607108372834 2.349072027545157 2.1050683586263146 2.952147468859375 6.701349477344934 48.14859360884185 -3.197653808694784 1
Car 1463 1 -0.9605066810631588 0.0 668.04034 538.1981 1215.0 1.4590839527168888 1.7456061619119934 4.490153276993928 -2.502199844719571 1.626239528009864 3.545100248364112 -1.5751274855783246 1
Car 566 0 -1.3607935318870723 582.6785 761.66486 840.0737 963.3417 1.4576039503768645 1.8233104559114892 3.993458748219734 -2.443537404176783 3.0734174022496497 15.624028067613983 -1.5159329104930446 1
Car 567 1 -1.4156914024316585 732.76807 776.1921 877.2351 901.6399 1.4478653577726135 1.7182888927987665 4.478920515773621 -2.5120539473546297 4.213315726657707 25.051336747988092 -1.515633555994145 1
Car 568 1 -1.4488285883770824 795.5937 780.8732 894.6169 868.27167 1.4478653577726135 1.7562564680420278 3.482165302682461 -2.499917798464893 5.065636353817972 32.90649805788561 -1.5246532769060475 1
Car 1466 2 2.096173810647758 0.0 756.9367 198.5873 854.426 1.4328387104751545 1.60161459447943 4.621008484614911 -17.57104485704903 4.33528710965118 30.55924011709077 -4.708833032193283 1
Pedestrian 1459 0 -1.9224465990990374 1465.7782 693.8952 1697.5421 1181.7765 1.6363233003863582 0.6100815594425021 0.5783487343601268 2.2173895136573925 1.8993963566343353 5.401238760201018 -1.5328927193088118 1
Pedestrian 1460 1 1.0504873609120118 1729.0143 680.7973 1935.0 1179.7671 1.6901509543568063 0.6369953864277266 0.7146885562472323 3.3270229471149895 1.909808367923174 5.511750594220952 -4.689618265087002 1
Car 575 2 -1.417595243632979 832.65204 789.55743 905.7997 852.8595 1.4516878707515855 1.7085023640171502 3.6257951275943023 -2.7879579817771147 6.7220244674985 45.98145438012279 -1.4781533340515052 1
Car 576 2 2.0024145625083687 147.32925 766.72174 296.69037 848.14154 1.4490403504269824 1.6052227080994397 4.251425591060866 -17.80446989021626 5.088781303806086 36.2337124416734 1.545687852725195 1
Car 577 1 1.9730664560485165 278.05286 775.4202 396.81702 844.2618 1.4490403504269824 1.6052227080994397 4.251425591060866 -17.827064380585014 5.985446578887236 42.93685860420859 -4.703653272993952 1
