bicycle 559 2 -2.751528229939641 1038.1117 802.0448 1103.2056 852.6311 1.3975871069243453 0.8332321986698941 1.8958042136346396 3.4870933585891004 7.1409701919760185 47.6887626264203 -2.678536227565978 1
moped_scooter 561 0 -0.0628370548583598 1057.4614 789.64087 1129.8756 853.72906 1.6562361942204094 0.8009715365026138 1.943332567746835 3.6422289250956754 6.247989346556794 41.256678612664665 0.025216827664079844 1
moped_scooter 562 2 3.1351982699929515 1036.7047 797.05005 1084.6455 848.31 1.6140889157617768 0.5968327661681743 1.581980688334736 3.3044259742373066 7.38138134966427 49.75406831009224 -3.0816692400387327 1
Pedestrian 572 0 -1.3423475346932705 1141.5396 785.59924 1186.161 885.14777 1.676251369123946 0.6760252164398264 0.6015277704635317 3.643343196002131 4.607694098883254 26.878123866448746 -1.2076181970953135 1
Pedestrian 573 1 -2.547083773096203 1304.1039 834.0337 1421.2108 954.37305 1.043390481122586 0.45785810990925835 1.1059960010814995 4.151686683510309 3.2914412484739906 15.507281759672889 -2.285493590996558 1
Car 563 1 -1.4451782913472706 870.6538 796.06946 937.59045 858.28284 1.5101438434750498 1.7371174306593855 4.137377377757774 -1.8739636709722893 7.500562343301032 50.19843322620385 -1.4824920828626609 1
bicycle 564 1 -3.126863279531191 1071.372 806.5024 1138.308 852.6107 1.1947097521058354 0.7069326156187679 1.8911878314963964 4.111156734939779 6.446772319302662 42.793395015204034 -3.031087320520506 1
bicycle_rack 565 1 3.0168991354161108 1036.9707 802.4483 1116.9478 856.1752 1.2705607108372834 2.349072027545157 2.1050683586263146 3.4262172046184127 6.720382829721357 44.67832358885442 -3.1897496270723913 1
Car 566 0 -1.3263873240042199 484.06125 759.765 833.6974 1028.9244 1.4576039503768645 1.8233104559114892 3.993458748219734 -2.241238150461388 2.7430043595233986 12.202924538287963 -1.508027010920742 1
Car 567 1 -1.4066829724726109 716.0443 781.5769 886.13245 930.3293 1.4478653577726135 1.7182888927987665 4.478920515773621 -2.196847730849552 3.9578130588909652 21.66747888964795 -1.5077268521687746 1
Car 568 1 -1.4433105642548574 792.19104 788.52783 903.8953 888.01544 1.4478653577726135 1.7562564680420278 3.482165302682461 -2.164740586265189 4.8629054892660655 29.424834185459837 -1.5167467570131945 1
Car 569 1 -1.4291915179523866 833.6455 803.13464 926.989 876.2744 1.2199877842366915 1.7471387171579407 3.68099275242804 -1.903178463943969 5.758583306526663 36.16910692236921 -1.4817619313230068 1
Car 577 1 2.003720638745187 229.0439 770.4639 363.91586 845.32825 1.4490403504269824 1.6052227080994397 4.251425591060866 -17.42034838039931 5.492573030818878 39.40178309964808 -4.695746973719649 1
Car 570 1 1.955304894368167 338.36435 772.8493 453.73026 836.67114 1.441778991407494 1.806426241020876 4.463916795856654 -17.484633177732967 6.263821748086071 46.48614450179267 -4.687637623983745 1
Car 1466 1 2.1458064859535977 0.0 755.9755 131.41132 865.9524 1.4328387104751545 1.60161459447943 4.621008484614911 -17.271492578457025 4.031877248598021 27.33253743402117 -4.700926180017073 1
Car 575 2 -1.4210357891167837 846.6538 797.6548 925.3974 867.2249 1.4516878707515855 1.7085023640171502 3.6257951275943023 -2.0921599711790377 6.577186121731404 42.478841249681885 -1.4702478365281768 1
Car 576 1 2.0413194597114934 75.903564 759.3622 248.83345 848.1859 1.4490403504269824 1.6052227080994397 4.251425591060866 -17.512230419165444 4.609750426014822 33.012677431626024 1.5535941302845209 1
