bicycle 559 2 -2.7490302514268268 1031.698 795.0234 1095.261 844.1694 1.3975871069243453 0.8332321986698941 1.8958042136346396 3.335796921215175 7.042253171465601 48.82358308122746 -2.6808127919010216 1
moped_scooter 561 0 -0.060552594405697505 1051.5566 784.427 1121.9949 846.6976 1.6562361942204094 0.8009715365026138 1.943332567746835 3.5453287153472695 6.220553594742444 42.3639411880984 0.02294026660961479 1
moped_scooter 562 2 3.13827624837113 1029.252 790.1007 1075.957 839.9466 1.6140889157617768 0.5968327661681743 1.581980688334736 3.1157968229245148 7.291102622939574 51.0460282984445 -3.0839457284914467 1
Pedestrian 572 0 -1.2354690817672367 1133.2344 779.3431 1174.963 876.14276 1.676251369123946 0.6070988323296445 0.5739572168194447 3.5528686319379887 4.561152428936735 27.54127068009688 -1.1071759870371425 1
Pedestrian 573 1 -2.531078816081017 1279.0002 825.25836 1387.7208 936.9862 1.043390481122586 0.45785810990925835 1.1059960010814995 4.112501628669028 3.3391140017086993 16.56758417341241 -2.287770695833123 1
Car 566 0 -1.3392910439944175 521.9454 755.7872 837.7537 998.9975 1.4576039503768645 1.8233104559114892 3.993458748219734 -2.282298609930374 2.7935544849004095 13.215406420967263 -1.5103040339582983 1
Car 569 2 -1.4312174364551866 834.8575 798.4814 925.2837 868.9266 1.2199877842366915 1.7471387171579407 3.68099275242804 -1.9677105277508142 5.761595853390382 37.21747259512146 -1.4840388671295557 1
Car 563 1 -1.4442594961010795 866.65857 791.98694 932.13025 852.3084 1.5101438434750498 1.7371174306593855 4.137377377757774 -2.083555315004834 7.492465276765351 51.40626261884249 -1.484768480704434 1
bicycle 564 1 -3.123197976724949 1063.2351 802.353 1128.428 847.1795 1.1947097521058354 0.7069326156187679 1.8911878314963964 3.954492119567929 6.458011591527958 43.90142948879883 -3.033363804609179 1
bicycle_rack 565 1 3.0187201373896806 1031.8011 796.73987 1109.6892 848.835 1.2705607108372834 2.349072027545157 2.1050683586263146 3.322680413244332 6.672986599102982 45.788399319425274 -3.192026154554118 1
Car 568 1 -1.4452227411154939 793.885 787.8799 901.5353 883.7323 1.4478653577726135 1.7562564680420278 3.482165302682461 -2.2506701689441075 4.959932764756414 30.440995132924318 -1.5190239586230456 1
Car 1466 1 2.1300897688768954 0.0 753.625 153.12523 858.7998 1.4328387104751545 1.60161459447943 4.621008484614911 -17.39482761328576 4.073977591316522 28.364813100880347 -4.703203477388416 1
Pedestrian 1459 1 -2.0775840139418293 1673.3627 661.0854 1935.0 1215.0 1.6363233003863582 0.7102494013758985 0.928228485167962 2.51317443370392 1.747042195932498 4.096140332753036 -1.527263019179949 1
Car 1463 2 -0.4579736284328546 0.0 0.0 1935.0 1194.6686 1.4590839527168888 1.7456061619119934 4.490153276993928 -2.4398381453208144 1.3146546512194288 1.2066002416529578 -1.5694989945424496 1
Car 575 2 -1.4201778252791517 842.95294 792.2508 919.84576 859.5101 1.4516878707515855 1.7085023640171502 3.6257951275943023 -2.2823509881394144 6.537751143905365 43.56065214785278 -1.4725247437818576 1
Car 576 1 2.0283783234795916 100.73953 764.06824 265.48465 850.677 1.4490403504269824 1.6052227080994397 4.251425591060866 -17.595691401929532 4.816324913033382 34.042029999390124 1.5513169982698463 1
Car 577 1 1.9925408525333657 248.38077 774.45215 376.85077 847.1426 1.4490403504269824 1.6052227080994397 4.251425591060866 -17.580928479168854 5.737203870114533 40.74191863845576 -4.698024111910044 1
Car 570 1 1.9479718402275887 348.91425 775.6174 460.69214 838.2425 1.441778991407494 1.806426241020876 4.463916795856654 -17.59946992046658 6.457970053476807 47.519300741193184 -4.689914102184341 1
Car 567 1 -1.4124091767766531 727.07007 779.1004 887.2715 919.3882 1.4478653577726135 1.7182888927987665 4.478920515773621 -2.2274254201216137 4.029664289615437 22.750659507224352 -1.5100041066990475 1
