bicycle 559 2 -2.7585797875163465 1036.1545 806.046 1105.5988 860.1864 1.3975871069243453 0.8332321986698941 1.8958042136346396 3.274572203195984 6.907246090639566 44.692927038085124 -2.685442231688204 1
bicycle 560 2 3.103305194232187 1029.9835 808.23145 1090.1101 851.83167 1.3255608091309958 0.6370193807381 1.9312053026831848 3.210451877230755 7.339658591106943 48.71208335252069 -3.114068607254021 1
moped_scooter 561 0 -0.07247659986537083 1058.7251 793.6351 1136.9617 862.7084 1.6562361942204094 0.8009715365026138 1.943332567746835 3.4885471757556945 6.027188250498394 38.31981138657274 0.01831083256106525 1
moped_scooter 562 2 3.1277206306114675 1035.9408 802.6364 1087.2812 857.5729 1.6140889157617768 0.5968327661681743 1.581980688334736 3.1135278542422817 7.178496924231122 46.47778070823707 -3.088575017074909 1
Pedestrian 572 0 -1.43541515076525 1162.5339 784.50964 1206.4971 890.8515 1.676251369123946 0.6622399396177895 0.5050308327092248 3.7213343190037165 4.371113763403443 24.913869566343948 -1.2871433749069623 1
Pedestrian 573 1 -2.6083436803806896 1377.414 840.5335 1525.9673 991.02496 1.043390481122586 0.45785810990925835 1.1059960010814995 4.105097010054145 2.9358414767349945 12.557950332173434 -2.29240123233789 1
Car 563 1 -1.4457575665509808 858.6973 797.2408 930.20807 864.01184 1.5101438434750498 1.7371174306593855 4.137377377757774 -2.0507870839620055 7.168186131375792 46.96343464036221 -1.4893975826577235 1
bicycle 564 1 -3.1372496621738697 1074.2443 814.26263 1146.211 863.93463 1.1947097521058354 0.7069326156187679 1.8911878314963964 3.967869878503801 6.2970030019580845 39.84452282120674 -3.0379930838114317 1
bicycle_rack 565 1 3.009565265553068 1034.6713 808.1104 1120.8263 866.14386 1.2705607108372834 2.349072027545157 2.1050683586263146 3.2190534585958535 6.535343771034709 41.74254504903328 -3.196655522992416 1
Car 566 0 -1.2754336728434654 287.433 746.8593 797.0474 1121.646 1.4576039503768645 1.8233104559114892 3.993458748219734 -2.244396755650191 2.3739422411122915 9.191280484772346 -1.5149344082276948 1
Car 567 1 -1.3914427225131358 661.72327 780.2937 866.397 956.64215 1.4478653577726135 1.7182888927987665 4.478920515773621 -2.3015405075540327 3.6167320578647058 18.587907231560703 -1.5146349520755753 1
Car 568 1 -1.4384015108171835 766.57654 792.8356 892.274 905.14105 1.4478653577726135 1.7562564680420278 3.482165302682461 -2.2549186725946453 4.610888875641561 26.38555986702525 -1.523654696247349 1
Car 569 1 -1.4232355390151343 808.689 805.3804 912.31885 886.4076 1.2199877842366915 1.7471387171579407 3.68099275242804 -2.156717598705067 5.422247981251164 32.91338334668322 -1.4886690639860514 1
Car 576 1 2.0808032990578837 0.0 759.9785 170.69696 858.54913 1.4490403504269824 1.6052227080994397 4.251425591060866 -17.747474353985293 4.353140245074692 30.00617998954317 1.5466864026696978 1
Car 577 2 2.0328007537203483 154.25757 772.8725 306.30786 854.1651 1.4490403504269824 1.6052227080994397 4.251425591060866 -17.761546765883438 5.277462962089901 36.557071043870316 -4.7026547202646185 1
Car 1466 2 2.1993616117536376 0.0 752.5097 24.123993 877.49384 1.4328387104751545 1.60161459447943 4.621008484614911 -17.412078977783146 3.6940269307871176 24.184072316840897 -4.70783440959956 1
Pedestrian 574 1 1.5171086522657262 1094.941 793.47345 1115.2416 852.26636 1.851671847958594 0.6333647733024274 0.6292358465217118 4.739555336862365 7.446698185025875 49.30636646780887 -4.6702464744088035 1
Car 575 2 -1.4158939866511977 824.8315 797.7986 910.5034 873.081 1.4516878707515855 1.7085023640171502 3.6257951275943023 -2.4154872120962096 6.22265377935009 39.380174379434266 -1.4771548825707328 1
Car 570 1 1.978909342302983 278.75012 777.9077 406.87918 847.0204 1.441778991407494 1.806426241020876 4.463916795856654 -17.852440918643516 6.112087631242055 43.39778769633378 -4.6945433676395005 1
