bicycle 559 2 -2.756770919286261 1039.4601 807.38824 1107.706 860.63745 1.3975871069243453 0.8332321986698941 1.8958042136346396 3.414968146238953 7.045172317866632 45.486265954234085 -2.6818345954715057 1
bicycle 560 2 3.1063319001986023 1031.4788 811.2205 1090.3467 854.0087 1.3255608091309958 0.6370193807381 1.9312053026831848 3.3053492030927227 7.5627074776345555 49.71183529074012 -3.110460944475191 1
moped_scooter 561 0 -0.0668372855824215 1056.7274 794.4027 1132.7952 861.73376 1.6562361942204094 0.8009715365026138 1.943332567746835 3.500049523000808 6.1620835651955765 39.33101854408181 0.02191846441346268 1
moped_scooter 562 2 3.1322923886191836 1035.0061 800.4733 1085.2277 854.20483 1.6140889157617768 0.5968327661681743 1.581980688334736 3.1363999987316222 7.231828466191616 47.50602884650169 -3.084967498330249 1
Pedestrian 572 0 -1.4724805748746452 1159.1444 788.5365 1202.0997 893.6807 1.676251369123946 0.6622399396177895 0.6704541545736816 3.744979749553005 4.511827473857945 25.508279043893943 -1.3267076875944532 1
Pedestrian 573 1 -2.5889635015737933 1356.9926 838.1544 1494.0146 977.4403 1.043390481122586 0.45785810990925835 1.1059960010814995 4.180468155192184 3.050276915301999 13.506147538442624 -2.288792741747417 1
Car 563 1 -1.4437367896493376 862.01514 798.89307 931.8037 863.93024 1.5101438434750498 1.7371174306593855 4.137377377757774 -2.031657319011248 7.3762375287524655 48.282863169874304 -1.485790209624338 1
bicycle 564 1 -3.1328367085025093 1073.8813 814.20544 1144.0254 862.6552 1.1947097521058354 0.7069326156187679 1.8911878314963964 4.036355645245784 6.4251832870624455 40.866021554483005 -3.0343855724358244 1
bicycle_rack 565 1 3.01316366628272 1035.7808 807.5502 1119.638 864.102 1.2705607108372834 2.349072027545157 2.1050683586263146 3.2973586269392094 6.642202172782836 42.752834669834776 -3.193047941962054 1
Car 567 1 -1.3977261772822203 684.3855 784.46985 876.3876 952.08575 1.4478653577726135 1.7182888927987665 4.478920515773621 -2.2255407174230775 3.7788944747418736 19.5587705430428 -1.5110262202723708 1
Car 568 1 -1.4396921381136738 776.859 795.4916 897.39246 903.5847 1.4478653577726135 1.7562564680420278 3.482165302682461 -2.209974227616281 4.781956229936744 27.44378901535623 -1.520046048429252 1
Car 569 1 -1.4242099702758526 817.2151 808.90497 917.8691 888.08295 1.2199877842366915 1.7471387171579407 3.68099275242804 -2.0606321467143154 5.616409997124468 33.82183722384037 -1.485060837606977 1
Car 576 1 2.0688631818028105 5.426604 771.0173 197.08856 867.5871 1.4490403504269824 1.6052227080994397 4.251425591060866 -17.726321339461247 4.693425722216808 31.06271888976912 1.550294939753302 1
Car 577 2 2.021171039945468 186.25005 773.92163 330.93704 852.7185 1.4490403504269824 1.6052227080994397 4.251425591060866 -17.620147111187283 5.420535965420266 37.71761342122171 -4.699046173219131 1
Car 1466 1 2.177709210802343 0.0 754.48535 69.86781 873.1725 1.4328387104751545 1.60161459447943 4.621008484614911 -17.351267536110083 3.837284208646177 25.430457560022383 -4.704225610160503 1
Pedestrian 574 1 1.5204182198985956 1095.6199 795.5848 1115.4578 853.23517 1.851671847958594 0.6333647733024274 0.6292358465217118 4.85103516362327 7.6312821774291 50.30853793685 -4.6666385999307405 1
Car 566 0 -1.296117845878437 370.82697 754.6894 813.59607 1088.0095 1.4576039503768645 1.8233104559114892 3.993458748219734 -2.22561442380832 2.518965196864231 10.181528539711127 -1.5113260435910365 1
Car 575 2 -1.4193460043781077 836.8882 803.8541 919.8549 877.6944 1.4516878707515855 1.7085023640171502 3.6257951275943023 -2.193799846124155 6.516365379254628 40.43584844172418 -1.473546701443196 1
Car 570 1 1.9700479113900142 303.07455 780.1831 426.3497 847.7944 1.441778991407494 1.806426241020876 4.463916795856654 -17.652511703965576 6.294256743367441 44.4802019333076 -4.690935867181796 1
