bicycle 559 2 -2.7544820318979197 1039.0793 807.5325 1106.032 859.76904 1.3975871069243453 0.8332321986698941 1.8958042136346396 3.4491366817142826 7.1571596742185255 46.365630922188295 -2.680228855475897 1
bicycle 560 2 3.1091708574672032 1030.0536 810.79004 1088.0576 852.9912 1.3255608091309958 0.6370193807381 1.9312053026831848 3.289091882724409 7.634807214180777 50.4062791883697 -3.1088551927009935 1
moped_scooter 561 0 -0.06537443223977764 1057.6049 794.61584 1132.3231 860.7923 1.6562361942204094 0.8009715365026138 1.943332567746835 3.5673084026577455 6.2463491899590435 40.02205465637178 0.023524202222020785 1
moped_scooter 562 2 3.1334972611106098 1036.0157 801.3919 1085.3964 854.2447 1.6140889157617768 0.5968327661681743 1.581980688334736 3.2090400030115607 7.356452859521653 48.31169651750869 -3.08336181143419 1
Pedestrian 572 0 -1.5090843004221637 1154.666 788.74664 1195.5255 891.7626 1.676251369123946 0.6622399396177895 0.7393805386838483 3.739821448191346 4.585965324345884 26.12792565309266 -1.3669149260440197 1
Pedestrian 573 1 -2.572753610286426 1336.9836 836.6051 1466.0945 968.3857 1.043390481122586 0.45785810990925835 1.1059960010814995 4.178104583803488 3.138358290154491 14.231020129446772 -2.2871866208439027 1
Car 563 1 -1.4449650627135124 866.94507 800.2795 935.46344 864.3685 1.5101438434750498 1.7371174306593855 4.137377377757774 -1.9252968016809682 7.51484532751373 49.065091737590606 -1.484184586961888 1
bicycle 564 1 -3.1307598982427054 1073.7372 810.53143 1142.6938 858.0962 1.1947097521058354 0.7069326156187679 1.8911878314963964 4.085208025263534 6.410098089486516 41.56079277504046 -3.0327798886869592 1
bicycle_rack 565 1 3.014784259888029 1036.4595 804.63715 1118.8446 860.0639 1.2705607108372834 2.349072027545157 2.1050683586263146 3.350859050374266 6.640732211649455 43.45494267934706 -3.1914422274708505 1
Car 566 0 -1.30519175451207 411.24493 759.0394 818.37976 1068.1906 1.4576039503768645 1.8233104559114892 3.993458748219734 -2.256292127532326 2.617073835232282 10.877434888421774 -1.5097199798235144 1
Car 567 1 -1.4012143323541402 697.2951 786.3527 880.659 947.31476 1.4478653577726135 1.7182888927987665 4.478920515773621 -2.2084199314460564 3.8897627127412058 20.329750868115603 -1.5094199931753403 1
Car 568 1 -1.4403063265550713 781.91797 795.35095 899.38745 900.6554 1.4478653577726135 1.7562564680420278 3.482165302682461 -2.201905131716717 4.856876384792812 28.123937077159386 -1.518439858677641 1
Car 569 1 -1.426966144988146 825.23065 806.3343 923.20306 883.3635 1.2199877842366915 1.7471387171579407 3.68099275242804 -1.9560912043805998 5.648468415258181 34.591174579710675 -1.4834548353703032 1
Car 576 1 2.060516096782821 28.598492 770.80927 213.8702 865.19763 1.4490403504269824 1.6052227080994397 4.251425591060866 -17.68337959458174 4.752496513372775 31.71668839344651 1.5519010803486517 1
Car 1466 1 2.1660814326798548 0.0 757.42957 93.35163 873.3178 1.4328387104751545 1.60161459447943 4.621008484614911 -17.313356929572663 3.9522906149000665 26.11050631556385 -4.7026193528847635 1
Pedestrian 574 1 1.521662402530425 1096.3087 795.7483 1115.8573 852.62085 1.851671847958594 0.6333647733024274 0.6292358465217118 4.936072102672731 7.715568750274222 50.99736824246253 -4.665032754195933 1
Car 575 2 -1.4194990873017903 840.3463 800.36017 921.8025 872.49695 1.4516878707515855 1.7085023640171502 3.6257951275943023 -2.160988223181321 6.503715927846169 41.169711543238705 -1.4719407193465468 1
Car 577 1 2.014227330506266 204.06734 776.2727 344.53796 853.7999 1.4490403504269824 1.6052227080994397 4.251425591060866 -17.556966539165586 5.5560293008768 38.43594599079649 -4.697440028241114 1
Car 570 2 1.9646570446743068 316.76755 779.844 437.06073 846.287 1.441778991407494 1.806426241020876 4.463916795856654 -17.576019806299094 6.359150359452124 45.20743845661693 -4.689330187827002 1
