bicycle 559 2 -2.761788168241382 1036.4564 796.846 1106.4432 851.06946 1.3975871069243453 0.8332321986698941 1.8958042136346396 3.265989481750384 6.586983304230992 44.34308076392023 -2.6882681765374272 1
bicycle 560 2 3.1019370784417233 1027.4471 802.3284 1088.274 846.3193 1.3255608091309958 0.6370193807381 1.9312053026831848 3.1039193521748074 7.080862753746492 48.165613647905914 -3.116894573007765 1
moped_scooter 561 0 -0.07475667581358383 1057.3031 791.83215 1136.7579 861.8736 1.6562361942204094 0.8009715365026138 1.943332567746835 3.4166787263937364 5.917538847028464 37.75864274619172 0.015484890597146084 1
moped_scooter 562 2 3.126914320281288 1032.6226 792.1855 1084.5502 847.5842 1.6140889157617768 0.5968327661681743 1.581980688334736 2.984913538414032 6.791934648413061 45.94913055344377 -3.091400871674997 1
Pedestrian 572 0 -1.450180013742704 1161.8118 776.87573 1212.4946 888.0641 1.676251369123946 0.7173810469059435 0.9185891373703142 3.7148909942065362 4.226523755572991 24.555966388692536 -1.3000359042047545 1
Pedestrian 573 1 -2.6257167166369353 1397.2872 836.9986 1554.8282 995.46246 1.043390481122586 0.45785810990925835 1.1059960010814995 4.091933507368994 2.815303960992672 11.927359879171025 -2.2952278450596393 1
Car 563 1 -1.4464755257063395 855.1978 790.32745 927.3299 857.1028 1.5101438434750498 1.7371174306593855 4.137377377757774 -2.129085195716536 6.890528078082978 46.507151793762525 -1.4922233217627996 1
bicycle 564 1 -3.1399228634783074 1073.5555 806.4831 1146.51 856.6316 1.1947097521058354 0.7069326156187679 1.8911878314963964 3.9085548218270603 6.02214503190643 39.309746020277785 -3.040818932350776 1
bicycle_rack 565 1 3.0062302948952637 1034.7908 798.33 1122.2977 856.5523 1.2705607108372834 2.349072027545157 2.1050683586263146 3.1996333263862065 6.1936710113425715 41.217005396294724 -3.199481426659933 1
Car 566 0 -1.2585633666382596 218.44562 738.6785 782.781 1144.2853 1.4576039503768645 1.8233104559114892 3.993458748219734 -2.270380484451808 2.2644441730630147 8.562223231780003 -1.5177609246198205 1
Car 567 1 -1.3897051651832653 650.4083 774.20306 862.21405 954.8542 1.4478653577726135 1.7182888927987665 4.478920515773621 -2.3173578130703074 3.476820825096077 18.04005787527326 -1.517461756280279 1
Car 568 1 -1.4377984402623727 759.7231 785.9027 888.4011 899.8296 1.4478653577726135 1.7562564680420278 3.482165302682461 -2.294932723744745 4.418110583875322 25.810058462142848 -1.526481434587122 1
Car 569 1 -1.4233571350921046 803.4508 800.2181 909.1936 882.31256 1.2199877842366915 1.7471387171579407 3.68099275242804 -2.201536357712813 5.225189090820091 32.25978617173746 -1.4914954720638973 1
Pedestrian 574 1 1.5142695763498875 1094.8188 792.8223 1115.4058 852.28296 1.851671847958594 0.6333647733024274 0.6292358465217118 4.686078737464442 7.361776022838186 48.74341643686445 -4.673072606559945 1
Car 575 2 -1.4196942205821423 825.757 795.73096 912.38873 872.1175 1.4516878707515855 1.7085023640171502 3.6257951275943023 -2.3374813747649745 6.090598932569691 38.72555390723164 -1.4799812551997478 1
Car 576 2 2.090217190393212 0.0 753.7452 149.31108 853.84076 1.4490403504269824 1.6052227080994397 4.251425591060866 -17.830941779026837 4.160377974833748 29.322163913104728 1.5438597513549306 1
Car 577 1 2.03580654190658 141.7411 763.5962 296.88144 844.94916 1.4490403504269824 1.6052227080994397 4.251425591060866 -17.768522663316244 4.9888621810241975 36.03520686560675 -4.705481379494222 1
Car 570 1 1.9824550024692185 266.17932 765.66284 396.87857 834.40015 1.441778991407494 1.806426241020876 4.463916795856654 -17.93009029286762 5.682714393540039 42.80924038185547 -4.697369206609089 1
truck 578 1 2.017218965504825 200.0207 708.2359 386.816 835.1556 3.2817231138333334 2.5499821341020996 7.0031819779018 -20.70792239697254 6.0899899650876534 46.853550282054066 -4.682123535733901 1
