bicycle 559 2 -2.780276820253901 1005.4205 800.86017 1093.1516 869.1773 1.3975871069243453 0.8332321986698941 1.8958042136346396 2.0780129711267668 5.642740315662936 35.311340963863636 -2.721496295900819 1
bicycle 560 2 3.0881111976673723 991.2905 806.24176 1066.3867 860.39197 1.3255608091309958 0.6370193807381 1.9312053026831848 1.759819967194306 6.109401686412811 39.123224848553434 -3.150122945269235 1
bicycle_rack 984 2 -0.010789232013102557 985.73145 803.3298 1074.2614 863.74365 1.288712154361265 2.9649060360392094 2.4213298625045985 1.9317003115079596 6.532355553560528 42.423837060529955 0.034712710131190594 1
bicycle_rack 994 2 -3.134166406234 981.7659 803.4705 1036.5465 852.59705 1.3086532399981503 1.2213839134951305 1.6307417227611876 1.4496628827273903 6.776726019824618 45.149809154762394 -3.102069592121535 1
bicycle_rack 985 2 -3.1289534351749904 974.3279 805.1482 1028.134 853.0465 1.3086532399981503 1.3397680786668806 1.660935663878201 1.2596906434525337 7.03968414729832 46.845503063903 -3.102069592121535 1
moped_scooter 561 0 -0.10155491259472221 1034.8181 784.6602 1140.4036 877.15576 1.6562361942204094 0.8009715365026138 1.943332567746835 2.4058778602611706 4.760372746138254 28.638512976682087 -0.017743230710403957 1
moped_scooter 562 2 3.112647459054723 997.8062 797.9779 1062.6971 866.9335 1.6140889157617768 0.5968327661681743 1.581980688334736 1.6944559967865327 5.918859780792601 36.8824374906023 -3.1246280473946992 1
moped_scooter 986 2 3.129216359421618 1005.0461 794.27954 1074.5201 866.4677 1.737619542029324 0.6198454826438172 1.7467593395897403 1.9880925904140752 6.075994501137842 37.958465121325325 -3.101641287381468 1
Pedestrian 572 0 -1.711042887564005 1202.6217 772.5143 1261.1963 916.1507 1.676251369123946 0.6208841091516786 0.7290664530509621 3.358997856467404 3.549564866893402 18.60167965557033 -1.5323930738406086 1
Car 992 1 -1.4956515305824265 799.8548 771.4445 881.7164 858.6478 2.009386611520109 2.102918805818639 5.08666101073814 -3.6016120511079666 6.724454167506452 45.56810166515582 -1.574525570545307 1
Car 563 1 -1.4331687651267448 774.6211 794.8284 866.2005 878.5341 1.5101438434750498 1.7371174306593855 4.137377377757774 -3.482996351726555 6.026137634610835 37.63646964885445 -1.5254490482342982 1
bicycle 564 1 3.1162235456857026 1053.7765 812.08636 1148.5773 877.07776 1.1947097521058354 0.7069326156187679 1.8911878314963964 2.824054713189026 5.040321720209243 30.30619908966498 -3.0740460177679054 1
bicycle_rack 565 1 2.986289240191036 1002.18066 803.1371 1116.4319 879.43756 1.2705607108372834 2.349072027545157 2.1050683586263146 2.0619647465939823 5.2449507200847565 32.080272075227754 -3.232709197555481 1
Car 567 1 -1.2583809982864678 162.73717 753.29926 721.35547 1162.1025 1.4478653577726135 1.7182888927987665 4.478920515773621 -2.6994836199065158 2.4117855592811495 8.970169020184262 -1.5507000524369456 1
Car 568 1 -1.3854013697873944 577.31006 781.8923 795.78424 964.247 1.4478653577726135 1.7562564680420278 3.482165302682461 -2.930204582596247 3.378438713109608 16.6389677233375 -1.5597189513616456 1
Car 569 1 -1.3964912046356486 684.91705 801.62775 839.8915 918.9344 1.2199877842366915 1.7471387171579407 3.68099275242804 -2.9776992721290396 4.171072437951865 23.092695724350317 -1.5247290973454863 1
Pedestrian 574 2 1.4926859318183157 1074.7343 797.30414 1100.4384 870.3185 1.851671847958594 0.6333647733024274 0.6292358465217118 3.3536510673499116 6.469341775012174 39.73711932371704 -4.70630297007825 1
Car 570 2 2.0732068686705323 0.73763657 768.46796 193.88283 858.211 1.441778991407494 1.806426241020876 4.463916795856654 -19.189112443356482 4.87054274061264 33.466524957023694 1.552589196907625 1
Car 571 2 2.0277753728039833 135.06041 779.1784 282.7322 855.1072 1.441778991407494 1.806426241020876 4.042547660206075 -19.352118702577776 5.639841538994791 38.66443125224573 1.5637160370068255 1
Car 1645 2 1.9622961034657918 233.63843 777.39905 349.18915 842.24146 1.4211633797378318 1.7454062964582482 3.8969310503480727 -19.644171143361117 6.111919496641708 44.02599044580935 1.5426110271893245 1
truck 578 2 2.2028039128241113 0.0 673.6923 34.087555 876.09753 3.2817231138333334 2.5499821341020996 7.0031819779018 -21.692130206919263 4.356793065241538 29.44248141358205 1.5678284646705682 1
bicycle 1003 0 -1.5521212698392952 1183.5903 808.46515 1216.9814 875.6256 1.1607513246407182 0.7183470478431316 2.7261987204488562 5.597412497146728 5.621241644003965 34.932818613045 -1.3932382130020684 1
Car 575 1 -1.400243700124018 729.70447 794.3549 846.5809 894.92365 1.4516878707515855 1.7085023640171502 3.6257951275943023 -3.370810115506848 5.029031484042294 29.710855512632474 -1.5132144636293112 1
