bicycle 559 2 -2.77958664861681 1006.42114 800.93176 1093.0436 868.3743 1.3975871069243453 0.8332321986698941 1.8958042136346396 2.1153734642712725 5.697980261541751 35.76524753767515 -2.7205094139237698 1
bicycle 560 2 3.088857006608363 992.08374 806.2487 1066.3041 859.7626 1.3255608091309958 0.6370193807381 1.9312053026831848 1.7898019154826827 6.1645250609893605 39.57721704340481 -3.1491360555775376 1
bicycle_rack 994 2 -3.1327055627769655 981.30316 804.2476 1035.5342 852.9117 1.3086532399981503 1.2213839134951305 1.6307417227611876 1.442479316590176 6.854591455426991 45.59987217319436 -3.1010827009841684 1
bicycle_rack 984 2 -0.01042891487020211 987.1358 800.9937 1074.6837 860.57416 1.288712154361265 2.9649060360392094 2.4213298625045985 1.979593467586195 6.518069429128692 42.88436095722445 0.035699537135666315 1
bicycle_rack 985 2 -3.1287397510531187 975.74506 805.16754 1029.0275 852.6059 1.3086532399981503 1.3397680786668806 1.660935663878201 1.3085172018609275 7.095202037630582 47.30018378312566 -3.1010827009841684 1
moped_scooter 561 0 -0.10030375653350787 1035.2465 784.3074 1139.1383 875.3107 1.6562361942204094 0.8009715365026138 1.943332567746835 2.436377199312428 4.801939361191954 29.093730355677003 -0.016756347706331942 1
moped_scooter 562 2 3.1130340925624256 999.1129 792.25085 1063.177 860.2398 1.6140889157617768 0.5968327661681743 1.581980688334736 1.738609975501577 5.82932960372376 37.35444512779498 -3.123641190301387 1
moped_scooter 986 2 3.1291431496769504 1007.01117 790.1212 1075.7329 861.4566 1.737619542029324 0.6198454826438172 1.7467593395897403 2.050581080008635 6.015354255911549 38.37275011298797 -3.1006544674391305 1
Pedestrian 572 0 -1.7089523446937296 1201.2184 773.1662 1259.2828 914.53705 1.676251369123946 0.6208841091516786 0.8117781139831659 3.4139713685838307 3.604047520903876 19.026141865919296 -1.5314059343291997 1
Car 992 1 -1.495623880558452 801.88184 770.9533 882.6938 856.9163 2.009386611520109 2.102918805818639 5.08666101073814 -3.6034700488474627 6.765888761989983 46.15519249363408 -1.5735387371532004 1
Car 563 1 -1.4361799485079603 781.4179 790.67065 871.58606 873.0148 1.5101438434750498 1.7371174306593855 4.137377377757774 -3.3648061796130504 5.957699906197677 38.0151013857261 -1.5244622366512857 1
bicycle 564 1 3.1175077099781197 1054.0109 810.57886 1147.3844 874.5612 1.1947097521058354 0.7069326156187679 1.8911878314963964 2.8575023542292346 5.066325603085671 30.76414550965244 -3.0730591638629856 1
bicycle_rack 565 1 2.9847190268250885 1006.8648 803.9288 1119.3073 878.91364 1.2705607108372834 2.349072027545157 2.1050683586263146 2.1819190171183447 5.329780874619018 32.64232667429861 -3.2317223223027916 1
Car 567 1 -1.272643396175948 216.9003 751.5264 733.4011 1133.196 1.4478653577726135 1.7182888927987665 4.478920515773621 -2.6811306126585173 2.437299548372169 9.427848581361506 -1.5497128663810786 1
Car 568 1 -1.3896271597825727 589.4407 780.5526 800.9929 957.57336 1.4478653577726135 1.7562564680420278 3.482165302682461 -2.913326200265209 3.406231011992899 17.06341774570647 -1.5587317885802683 1
Car 569 1 -1.3967637776035533 688.45184 801.73755 840.617 916.86426 1.2199877842366915 1.7471387171579407 3.68099275242804 -3.000272811012623 4.22129311294324 23.50111117006733 -1.5237420503373278 1
Car 570 1 2.063876792086737 24.558582 772.40875 211.48361 860.8857 1.441778991407494 1.806426241020876 4.463916795856654 -19.09310702572536 5.028030086552155 34.10984050637667 1.553576043524182 1
Car 1645 1 1.958232964039785 243.71127 778.1237 357.32996 842.3032 1.4211633797378318 1.7454062964582482 3.8969310503480727 -19.586928914093555 6.182723196646908 44.5002696600869 1.5435978806151178 1
Pedestrian 574 2 1.496232762132978 1071.0687 791.16815 1096.3893 863.2255 1.851671847958594 0.6333647733024274 0.6292358465217118 3.2897918683859477 6.357441334851505 40.2084769783469 -4.705316020388639 1
truck 578 1 2.1917157970250485 0.0 676.5145 55.2212 874.19183 3.2817231138333334 2.5499821341020996 7.0031819779018 -21.664563868466942 4.443730711082659 30.161028817615428 1.5688155019894352 1
Car 577 2 2.158243574191516 0.0 760.87665 27.640402 873.78503 1.4490403504269824 1.6052227080994397 4.251425591060866 -18.635365717865636 4.054209306378378 26.50538399911454 1.545454486821951 1
Car 571 2 2.0229675700179652 147.3995 777.7719 292.24832 852.5562 1.441778991407494 1.806426241020876 4.042547660206075 -19.309495955886156 5.650542095757259 39.14436089946529 1.5647028862941275 1
bicycle 1003 0 -1.5501973913608753 1182.2738 805.7115 1215.449 871.738 1.1607513246407182 0.7183470478431316 2.7261987204488562 5.637012189791068 5.609881603278315 35.39214184312777 -1.3922510743326968 1
Car 575 1 -1.4023144816351347 735.66907 791.00073 850.13947 889.2957 1.4516878707515855 1.7085023640171502 3.6257951275943023 -3.3362767396808923 5.016131312580403 30.231478275752238 -1.5122274290000854 1
