bicycle 1646 2 0.37541351394940153 264.0184 775.76263 331.41516 815.97186 1.1258745658494695 0.6537353833734526 1.7331326122198765 -19.9413763425499 5.698246361942904 44.96071179940125 -0.04204605317541854 1
bicycle 559 2 -2.790972768719967 1005.3167 784.79266 1102.5453 859.86145 1.3975871069243453 0.8332321986698941 1.8958042136346396 1.9733552255478541 4.8842674414861715 31.848234811308487 -2.7290906683310987 1
bicycle 560 2 3.0810908587157373 986.90576 789.6599 1069.1516 848.6762 1.3255608091309958 0.6370193807381 1.9312053026831848 1.5892480715333757 5.305418621434169 35.78885790201791 -3.157717377517888 1
bicycle_rack 994 2 -3.13847234500695 974.5068 791.2562 1034.1245 844.28723 1.3086532399981503 1.2213839134951305 1.6307417227611876 1.1968306541444427 5.999717098360122 41.53313928830823 -3.10966403517034 1
bicycle_rack 984 2 -0.01616602738246605 978.8528 790.01874 1075.227 854.6293 1.288712154361265 2.9649060360392094 2.4213298625045985 1.6928615790285773 5.771596854016769 39.08543200611684 0.02711874977030404 1
bicycle_rack 985 2 -3.133339651356083 967.3255 792.1878 1025.6927 843.66736 1.3086532399981503 1.3397680786668806 1.660935663878201 1.0238284426841084 6.223138785477549 43.235923844458405 -3.10966403517034 1
moped_scooter 561 0 -0.11728036953378831 1039.8757 765.9405 1160.2323 870.51044 1.6562361942204094 0.8009715365026138 1.943332567746835 2.3288054901164097 4.0784644955695075 25.257450563547096 -0.02533761306755511 1
moped_scooter 562 2 3.1058691132375564 993.3377 781.8096 1064.8234 857.2904 1.6140889157617768 0.5968327661681743 1.581980688334736 1.514221818791632 5.167127129941925 33.55649707256963 -3.132222234822264 1
moped_scooter 986 2 3.1124147275838303 1015.649 776.90936 1091.921 855.62006 1.737619542029324 0.6198454826438172 1.7467593395897403 2.135367656107786 5.294906726980679 34.657647793620775 -3.1092351942598415 1
Pedestrian 572 0 -1.747257790467256 1243.2445 752.9862 1309.2986 914.9842 1.676251369123946 0.6208841091516786 0.48844123871215317 3.39173357264959 3.0794612229534963 16.12896485419274 -1.5399894315342026 1
Car 992 1 -1.49322035489909 780.6617 754.9237 869.8713 847.7732 2.009386611520109 2.102918805818639 5.08666101073814 -3.750349935736824 5.889905596974317 42.07534274312333 -1.582119570510079 1
Car 563 1 -1.4273567447084627 748.17053 777.34875 850.9315 868.3929 1.5101438434750498 1.7371174306593855 4.137377377757774 -3.600201976583249 5.183983106225941 33.93811063265952 -1.533042880286005 1
bicycle 564 1 3.105215783249374 1053.1858 788.25854 1159.9913 860.6074 1.1947097521058354 0.7069326156187679 1.8911878314963964 2.6044873902419146 4.183813177648817 26.95363955747064 -3.081640179621167 1
bicycle_rack 565 1 2.9723539436182946 1004.83246 780.30835 1133.7821 863.8123 1.2705607108372834 2.349072027545157 2.1050683586263146 2.032015566812847 4.392000163530287 28.76375215570888 -3.2403035257092223 1
Car 567 1 -1.0951761688432753 0.0 707.44305 607.5662 1215.0 1.4478653577726135 1.7182888927987665 4.478920515773621 -2.686790232753737 1.869065631778406 5.380667755917971 -1.558296768364176 1
Car 568 1 -1.3438764236108274 452.6966 759.3623 750.60284 991.88654 1.4478653577726135 1.7562564680420278 3.482165302682461 -2.9706726541495514 2.7801814939420293 13.07323038864412 -1.5673154879347948 1
Car 569 1 -1.3764151816279684 622.0242 782.7804 812.6698 920.4102 1.2199877842366915 1.7471387171579407 3.68099275242804 -3.053425786150889 3.468570528073542 19.425652291311074 -1.5323247426609916 1
Pedestrian 574 1 1.482193789637577 1077.8406 777.774 1106.1 857.02203 1.851671847958594 0.6333647733024274 0.6292358465217118 3.1846410829499865 5.612449451205471 36.47320764781098 1.5692874415499038 1
Car 1645 2 1.989254629268804 162.4703 756.61176 293.24152 825.23334 1.4211633797378318 1.7454062964582482 3.8969310503480727 -19.797727986937147 5.166466634998878 40.54481925661853 1.5350168730072498 1
Car 571 2 2.066578900315358 32.107075 749.1709 205.50908 830.3254 1.441778991407494 1.806426241020876 4.042547660206075 -19.505081614407924 4.505496967511003 34.83306327329092 1.5561219146492777 1
Car 570 2 2.1207314369582755 0.0 740.79315 98.06533 837.8074 1.441778991407494 1.806426241020876 4.463916795856654 -19.38587014614249 3.931097744442521 29.866155994370757 1.5449950951355027 1
bicycle 1003 0 -1.574903646331856 1206.5298 795.1144 1242.6025 868.4773 1.1607513246407182 0.7183470478431316 2.7261987204488562 5.5536105244192076 4.915305844839274 31.581745172323846 -1.400834565849685 1
Car 575 1 -1.3876776295984645 688.51636 775.21655 824.28174 887.6069 1.4516878707515855 1.7085023640171502 3.6257951275943023 -3.4990615862969325 4.264208178705922 26.127109608249604 -1.520810013694597 1
