bicycle 1646 2 0.36304211902671263 300.00958 790.23376 363.76297 828.74695 1.1258745658494695 0.6537353833734526 1.7331326122198765 -19.832396514011386 6.377269190124822 47.1413439326761 -0.035181356403732655 1
bicycle 559 2 -2.7843336264909104 1008.74664 797.274 1099.8099 868.0756 1.3975871069243453 0.8332321986698941 1.8958042136346396 2.1155052044655442 5.407148411305338 34.018529540082696 -2.7222267537694207 1
bicycle 560 2 3.08518294371877 993.3135 803.6991 1070.9907 859.63947 1.3255608091309958 0.6370193807381 1.9312053026831848 1.7862487570575234 5.891035132895874 37.857147656033845 -3.1508534088565536 1
bicycle_rack 994 2 -3.134062501837769 979.678 801.46185 1036.1244 852.01965 1.3086532399981503 1.2213839134951305 1.6307417227611876 1.370810592040277 6.5598192989022355 43.83419074213111 -3.102800056772648 1
bicycle_rack 984 2 -0.013019018833470272 986.7022 803.3858 1078.0757 865.7346 1.288712154361265 2.9649060360392094 2.4213298625045985 1.9356035265677978 6.382052900585464 41.151574772837726 0.033982292740679876 1
bicycle_rack 985 2 -3.128533639307082 971.8103 803.64 1027.1758 852.87665 1.3086532399981503 1.3397680786668806 1.660935663878201 1.1722542427342226 6.836032514616738 45.5434243330349 -3.102800056772648 1
moped_scooter 561 0 -0.10534672360447049 1036.9791 779.28564 1147.5989 875.9662 1.6562361942204094 0.8009715365026138 1.943332567746835 2.384015157950861 4.525418337180497 27.37345175518701 -0.018473689378007307 1
moped_scooter 562 2 3.10890705534356 1001.3478 792.80255 1068.2104 863.67224 1.6140889157617768 0.5968327661681743 1.581980688334736 1.7549729131035119 5.673698851053021 35.84589433773556 -3.1253584869698576 1
moped_scooter 986 2 3.124497760303285 1010.0291 789.2503 1081.6328 863.54047 1.737619542029324 0.6198454826438172 1.7467593395897403 2.077107431233631 5.824651273792233 36.84417858492753 -3.1023716995614135 1
Pedestrian 572 0 -1.7249226791816616 1222.0416 771.57855 1282.2902 920.61346 1.676251369123946 0.6208841091516786 0.5573676228223504 3.433493234772042 3.4389948383299362 17.6814682355837 -1.533123722394905 1
Car 992 1 -1.491633409192976 791.0205 768.93115 875.9452 858.4844 2.009386611520109 2.102918805818639 5.08666101073814 -3.713089852158943 6.521466515137862 44.29940792133474 -1.5752559924803111 1
Car 563 1 -1.4304077266017676 767.0315 790.7468 862.8172 877.5398 1.5101438434750498 1.7371174306593855 4.137377377757774 -3.474868567083153 5.755172157420668 36.17182301573656 -1.5261794540252454 1
bicycle 564 1 3.112195736911546 1056.7621 807.8741 1155.7473 875.5936 1.1947097521058354 0.7069326156187679 1.8911878314963964 2.8032554968547254 4.799503978449107 29.045938978166884 -3.074776454963132 1
bicycle_rack 565 1 2.983726629284652 1002.61273 799.1344 1121.8297 878.3698 1.2705607108372834 2.349072027545157 2.1050683586263146 2.0373201156989365 5.008332040823108 30.81474301662756 -3.233439650590574 1
Car 568 1 -1.3726279101638006 542.3647 778.0539 784.38776 976.8642 1.4478653577726135 1.7562564680420278 3.482165302682461 -2.9150680214905305 3.197880454519205 15.33746499181815 -1.5604496171359898 1
Car 569 1 -1.3875560240420983 663.1032 800.1507 830.4686 925.4249 1.2199877842366915 1.7471387171579407 3.68099275242804 -3.0112005029811564 3.9827706465907022 21.696943958713046 -1.5254596774214382 1
Pedestrian 574 1 1.4921624859414697 1074.0232 789.3093 1100.5385 864.47974 1.851671847958594 0.6333647733024274 0.6292358465217118 3.244399092035473 6.123335011047841 38.53782504535006 -4.707033478105366 1
Car 570 1 2.091115971981977 0.0 768.089 162.5829 862.07764 1.441778991407494 1.806426241020876 4.463916795856654 -19.173841260821916 4.72503418780856 32.040755705217265 1.5518587651835043 1
Car 571 2 2.044030093686063 97.353455 769.28394 255.42346 847.83545 1.441778991407494 1.806426241020876 4.042547660206075 -19.276981440572904 5.2035400411528325 36.93338847218873 1.5629856033052656 1
Car 1645 2 1.9711496616160207 213.70425 771.67114 334.2181 837.9854 1.4211633797378318 1.7454062964582482 3.8969310503480727 -19.570608429354934 5.811071146085531 42.755170093681485 1.5418805904250115 1
bicycle 1003 0 -1.559662368274947 1193.8256 806.617 1227.6008 876.2716 1.1607513246407182 0.7183470478431316 2.7261987204488562 5.628378785190615 5.421315599578704 33.65718155860032 -1.3939688609645329 1
Car 567 1 -1.2143094246994504 0.0 739.1746 694.7704 1215.0 1.4478653577726135 1.7182888927987665 4.478920515773621 -2.641339340437089 2.1961042806829205 7.5358910361605425 -1.5514307354431418 1
Car 575 1 -1.3953596786168672 717.3755 790.76965 841.1113 896.2392 1.4516878707515855 1.7085023640171502 3.6257951275943023 -3.3703583659902945 4.795466138139196 28.28802063273927 -1.5139450345429464 1
