bicycle 559 2 -2.7878627049675915 1004.95105 787.91815 1099.7738 861.24286 1.3975871069243453 0.8332321986698941 1.8958042136346396 1.9893545597046436 5.0411168318313635 32.660444480470964 -2.72702765360211 1
bicycle 560 2 3.0837192583080872 986.90784 790.315 1067.431 848.1169 1.3255608091309958 0.6370193807381 1.9312053026831848 1.6013770785606818 5.402778758461448 36.527965438752304 -3.1556543464591718 1
bicycle_rack 994 2 -3.1359673490135838 974.38434 792.4454 1032.8179 844.4752 1.3086532399981503 1.2213839134951305 1.6307417227611876 1.201958725017652 6.126221548838273 42.361333642671504 -3.1076010012346966 1
bicycle_rack 984 2 -0.014414706334212636 980.13904 788.6049 1074.6376 851.8674 1.288712154361265 2.9649060360392094 2.4213298625045985 1.7376859873251147 5.81534304399821 39.83325462474496 0.029181654481619246 1
bicycle_rack 985 2 -3.132998934030367 970.46216 794.38544 1027.7031 844.9548 1.3086532399981503 1.3397680786668806 1.660935663878201 1.119656346198122 6.3829937629039835 44.07506698330488 -3.1076010012346966 1
moped_scooter 561 0 -0.11115145081920204 1035.5106 770.8464 1152.244 872.5672 1.6562361942204094 0.8009715365026138 1.943332567746835 2.2894896332264882 4.233653156971494 25.98628701463446 -0.023274595286550515 1
moped_scooter 562 2 3.106994448133936 995.65607 783.02765 1065.2854 856.5965 1.6140889157617768 0.5968327661681743 1.581980688334736 1.5864230968760529 5.288244592551063 34.439445820378296 -3.130159269212383 1
moped_scooter 986 2 3.114893615445 1015.83136 780.44025 1090.4624 857.59357 1.737619542029324 0.6198454826438172 1.7467593395897403 2.165729534417556 5.453919588013131 35.39027775750695 -3.1071723039258954 1
Pedestrian 572 0 -1.737983686640476 1231.281 752.26447 1299.4427 912.1359 1.676251369123946 0.6208841091516786 0.8192878824410395 3.400098332549068 3.1401353717959943 16.768233070075325 -1.5379258769085073 1
Car 992 1 -1.4936224073218198 785.4548 757.1515 872.7374 848.24426 2.009386611520109 2.102918805818639 5.08666101073814 -3.721985346110879 6.033924653616514 42.95417519988878 -1.5800566567164083 1
Car 563 1 -1.4292271894138917 755.8942 778.20636 855.46063 866.71936 1.5101438434750498 1.7371174306593855 4.137377377757774 -3.563124633711437 5.303069584244454 34.89651631574446 -1.5309800121205606 1
bicycle 564 1 3.1077664964228386 1053.9502 792.2245 1157.6656 862.65765 1.1947097521058354 0.7069326156187679 1.8911878314963964 2.6661120297391303 4.343758879600632 27.732675848865718 -3.079577221140453 1
bicycle_rack 565 1 2.9757514019586937 1004.50806 783.53937 1129.8558 865.11273 1.2705607108372834 2.349072027545157 2.1050683586263146 2.0448672927661256 4.535402093863133 29.50575223316028 -3.2382405216988515 1
Car 567 1 -1.1506482410249408 0.0 715.90466 643.98895 1215.0 1.4478653577726135 1.7182888927987665 4.478920515773621 -2.696375081631234 1.967046158237296 6.27951774126026 -1.5562331164144043 1
Car 568 1 -1.358288765549248 494.49786 762.32544 766.31946 978.27 1.4478653577726135 1.7562564680420278 3.482165302682461 -2.938523816099035 2.894413013558954 13.994993631947114 -1.5652518847500367 1
Car 569 1 -1.382135042641216 640.223 785.47974 820.1034 916.5437 1.2199877842366915 1.7471387171579407 3.68099275242804 -3.0422579387432553 3.61050976363503 20.38783153053413 -1.5302613816458055 1
Pedestrian 574 1 1.4862572476949314 1075.1512 778.2763 1102.752 855.9457 1.851671847958594 0.6333647733024274 0.6292358465217118 3.1740470059082404 5.700412953517727 37.21069041831221 -4.711834708438842 1
Car 1645 2 1.98317085528617 179.50124 756.6398 306.57117 823.8805 1.4211633797378318 1.7454062964582482 3.8969310503480727 -19.765963911004402 5.236323329959502 41.330375674709316 1.537079828702892 1
Car 571 2 2.0575296085132644 57.122456 750.3884 224.46077 829.77563 1.441778991407494 1.806426241020876 4.042547660206075 -19.427922767930735 4.60122827895676 35.61802573399593 1.558184861703786 1
Car 570 2 2.1094147429306678 0.0 743.8819 121.95623 838.7102 1.441778991407494 1.806426241020876 4.463916795856654 -19.312579860909395 4.059136149824353 30.64333924426072 1.5470580365921807 1
bicycle 1646 2 0.37113468931416826 276.00983 777.0967 342.08295 816.6269 1.1258745658494695 0.6537353833734526 1.7331326122198765 -19.939085550929303 5.817402127951391 45.73599659366417 -0.03998280765463291 1
bicycle 1003 0 -1.5690434073537791 1200.726 795.6966 1235.9084 867.35266 1.1607513246407182 0.7183470478431316 2.7261987204488562 5.5578471517838715 5.013048977978587 32.32485649234838 -1.3987710122540506 1
Car 575 1 -1.392454534979422 702.04486 778.0034 832.24097 886.7954 1.4516878707515855 1.7085023640171502 3.6257951275943023 -3.432055535124393 4.409041336604017 27.030892410389832 -1.5187466785523178 1
