bicycle 559 2 -2.8038819299577318 1015.2748 793.15686 1126.1482 879.5195 1.3975871069243453 0.8332321986698941 1.8958042136346396 2.043660458860948 4.625052874702489 27.924580807493022 -2.7308271719176718 1
bicycle 560 2 3.0703564346134615 995.08997 802.07587 1088.131 868.98956 1.3255608091309958 0.6370193807381 1.9312053026831848 1.6956668574944072 5.125676531912232 31.73877293124925 -3.1594538948967585 1
bicycle_rack 984 2 -0.02358093796850591 982.47437 797.8275 1089.8319 870.47565 1.288712154361265 2.9649060360392094 2.4213298625045985 1.726973822653413 5.538987134747096 35.24260776219065 0.025382337676855826 1
bicycle_rack 994 2 -3.1407905345362694 972.23834 801.44775 1038.2399 860.49567 1.3086532399981503 1.2213839134951305 1.6307417227611876 1.104672294980074 5.819750797766137 37.57587553617597 -3.1114005549378225 1
bicycle_rack 985 2 -3.139083503484355 970.5173 802.2772 1034.7584 859.28186 1.3086532399981503 1.3397680786668806 1.660935663878201 1.0895795118751903 6.058351607068866 39.34917425144949 -3.1114005549378225 1
moped_scooter 561 0 -0.13301140177371004 1050.1666 772.99414 1192.9135 897.00397 1.6562361942204094 0.8009715365026138 1.943332567746835 2.2775626189641645 3.8196059895967402 21.418673836192955 -0.02707411942943483 1
moped_scooter 562 2 3.094557529334487 1002.86957 788.95593 1084.1859 874.6877 1.6140889157617768 0.5968327661681743 1.581980688334736 1.6211925375991485 4.8975012306550365 29.625102919645823 -3.133958697722222 1
moped_scooter 986 2 3.1044741115626877 1019.9458 785.07697 1106.4646 874.37585 1.737619542029324 0.6198454826438172 1.7467593395897403 2.0789473035265917 5.055899308142278 30.643322884372495 -3.110971594338886 1
moped_scooter 987 2 -0.03199492599083463 991.22565 810.55225 1072.8623 865.6556 1.1388358164760486 0.5977787253624451 1.7987934225113567 1.568523830092768 5.314724685444641 33.324577122295324 0.015038440910916329 1
Pedestrian 572 0 -1.7799634237804902 1318.2656 750.02734 1408.0005 956.7567 1.7241169136449042 0.6216713893813818 0.8082580864229306 3.5883250215186404 2.880504584509099 13.400331611543098 -1.5183229999580685 1
Car 992 1 -1.4862975282111242 761.7859 759.87885 861.3828 863.37415 2.009386611520109 2.102918805818639 5.08666101073814 -3.744591365417737 5.69367500281963 38.26120125730818 -1.5838559892763187 1
Car 563 1 -1.4162781830570879 720.12256 782.4014 838.3331 886.59686 1.5101438434750498 1.7371174306593855 4.137377377757774 -3.5857809999479904 4.90322628901286 30.11770769566607 -1.5347792606374064 1
bicycle 564 1 3.084023447108488 1073.2811 802.2073 1199.3582 887.54486 1.1947097521058354 0.7069326156187679 1.8911878314963964 2.679576403439051 3.974722313072035 23.03913465819486 -3.083376636415088 1
bicycle_rack 565 1 2.958990421167744 1012.0743 795.35114 1163.2153 894.44525 1.2705607108372834 2.349072027545157 2.1050683586263146 2.0446839280806084 4.246187363500623 24.83214734225024 -3.242040021031494 1
Car 567 2 -0.5243239836540428 0.0 0.0 1935.0 1183.2834 1.4478653577726135 1.7182888927987665 4.478920515773621 -2.6338204868620667 1.4156322218585542 1.5612502637427086 -1.5600338086659529 1
Car 568 0 -1.2659460391486026 210.60045 749.8738 687.1389 1095.3206 1.4478653577726135 1.7562564680420278 3.482165302682461 -2.899583606415833 2.3683223236244926 9.271451084345314 -1.5690524871646867 1
Car 569 1 -1.342478940403868 530.40924 790.03186 782.6394 968.98456 1.2199877842366915 1.7471387171579407 3.68099275242804 -3.0103231817511045 3.1404360057263174 15.520212116532605 -1.5340615380163485 1
Car 571 1 2.118637190363948 0.0 742.1676 113.18283 833.806 1.441778991407494 1.806426241020876 4.042547660206075 -19.477220879781047 4.014749357191579 30.775130381792387 1.5543854678791358 1
Pedestrian 574 1 1.4729248089325289 1087.4141 779.9969 1119.3059 868.8314 1.851671847958594 0.6333647733024274 0.6292358465217118 3.0930466936736822 5.264386734906696 32.58944782841505 1.5675508178459334 1
Car 575 1 -1.369895426870228 642.431 781.47894 806.8593 916.6442 1.4516878707515855 1.7085023640171502 3.6257951275943023 -3.4161003910449654 3.970506355675962 22.204352324060743 -1.5225467872731417 1
bicycle 1646 1 0.4082343756710597 197.40659 771.77484 272.23932 815.72876 1.1258745658494695 0.6537353833734526 1.7331326122198765 -19.959183524910323 5.199011707002646 41.106738240605715 -0.043782748155997586 1
bicycle 1003 0 -1.599702459854437 1239.103 807.5286 1283.0299 892.9302 1.1607513246407182 0.7183470478431316 2.7261987204488562 5.539339443986951 4.7193062281247125 27.734859541095773 -1.402571523524388 1
Car 1645 1 2.028304850414755 72.91562 750.04193 226.59824 826.0544 1.4211633797378318 1.7454062964582482 3.8969310503480727 -19.682692518849354 4.63785143754561 36.45892065687856 1.533280418965976 1
Car 997 1 -2.2166728013188277 680.9309 772.7497 796.99146 834.39874 1.551848208790472 1.7792429545627089 3.9244009313270998 -7.356803879928266 6.624271710060402 49.295162642469 -2.3648192670129133 1
