bicycle 559 2 -2.805911014317398 1019.5708 789.8188 1133.2297 878.22955 1.3975871069243453 0.8332321986698941 1.8958042136346396 2.0973989854486526 4.4860641305675655 27.24364680107558 -2.729075855474571 1
bicycle 979 2 2.758429606890931 1036.104 807.9116 1132.1149 873.7341 1.1116566111263335 0.4484431696305304 1.7778955070726055 2.3336438909241264 4.644673492590407 28.39138616829323 -3.442744570718104 1
bicycle 560 2 3.06897125277594 998.78955 794.2288 1093.885 862.4061 1.3255608091309958 0.6370193807381 1.9312053026831848 1.7576522746908558 4.881397024598747 31.06944855499298 -3.157702564543895 1
Cyclist 993 0 1.5314672798241815 942.89667 775.9175 969.1436 835.5233 1.8022844935331073 0.8224669913609022 1.919565832173207 -0.18788294358544944 7.065666155790133 51.143281103434276 1.5277936379629127 1
bicycle_rack 994 2 3.136799939564719 982.7299 791.17285 1050.0299 851.0241 1.3086532399981503 1.2213839134951305 1.6307417227611876 1.3551136176580736 5.47901389719664 36.871151050155994 -3.1096492221758405 1
bicycle_rack 984 2 -0.026391301313390125 988.45325 789.1679 1097.9832 862.5077 1.288712154361265 2.9649060360392094 2.4213298625045985 1.85258120078804 5.253434782581163 34.578541515404616 0.027133561841995224 1
bicycle_rack 985 2 -3.1398139700543126 973.6298 792.08185 1039.1152 849.8283 1.3086532399981503 1.3397680786668806 1.660935663878201 1.165224718592633 5.703655394238672 38.61697384382378 -3.1096492221758405 1
moped_scooter 561 0 -0.13900267254583049 1059.2886 766.15894 1207.4285 894.3105 1.6562361942204094 0.8009715365026138 1.943332567746835 2.3621444627104293 3.6507059065212912 20.689328870196107 -0.02532280018816646 1
moped_scooter 562 2 3.0929634244534627 1006.9402 781.363 1090.1965 868.95685 1.6140889157617768 0.5968327661681743 1.581980688334736 1.6817159856232586 4.675610592630939 28.955347436517034 -3.1322074223153953 1
moped_scooter 986 2 3.099450647189814 1028.8875 777.61566 1117.9476 869.22705 1.737619542029324 0.6198454826438172 1.7467593395897403 2.2268880375750784 4.818434589683918 29.830055018494495 -3.10922038229098 1
moped_scooter 987 2 -0.03386902768572948 995.80994 803.18774 1079.1832 859.3105 1.1388358164760486 0.5977787253624451 1.7987934225113567 1.6556505964344015 5.069378549974644 32.654491394728204 0.01678967139693288 1
Pedestrian 572 0 -1.7957460812342467 1348.6123 743.9708 1433.3907 956.34235 1.7241169136449042 0.5791346385707169 0.5955743323696595 3.670668061776812 2.768617901451897 12.804902433559741 -1.5165712381918548 1
rider 995 0 1.5463701445295548 943.516 777.4557 968.0116 829.4733 1.6837104366199063 0.819103046676298 0.7782905343836388 -0.19152533880589617 6.943163221017745 51.15533339592339 1.5426261665081666 1
Car 992 1 -1.484369278132907 760.1831 751.7446 862.1612 856.2425 2.009386611520109 2.102918805818639 5.08666101073814 -3.678216679677911 5.408168166076232 37.51449820310824 -1.5821047583776422 1
Car 563 1 -1.4145022862610919 718.1995 775.6009 839.75555 881.58856 1.5101438434750498 1.7371174306593855 4.137377377757774 -3.4986792212599553 4.682516539367339 29.379939298326967 -1.5330280684812256 1
bicycle 564 2 3.076901595455999 1084.6666 800.884 1215.056 888.88434 1.1947097521058354 0.7069326156187679 1.8911878314963964 2.8006549618781453 3.873085834111227 22.350150766800557 -3.081625367165971 1
bicycle_rack 565 1 2.957941570932176 1014.1891 788.8128 1169.9403 890.21344 1.2705607108372834 2.349072027545157 2.1050683586263146 2.0544925592682173 4.0543691284830095 24.125089150111947 -3.2402887129261724 1
Car 568 0 -1.2486015103494328 147.38289 739.30646 679.93494 1116.6309 1.4478653577726135 1.7562564680420278 3.482165302682461 -2.8178204030717295 2.23466982174888 8.540238654784428 -1.567300670851554 1
Car 569 1 -1.3341041204347126 510.21777 782.61975 778.78656 969.8971 1.2199877842366915 1.7471387171579407 3.68099275242804 -2.9662798832197548 2.975173669156462 14.76916263205864 -1.532309927316729 1
Car 571 1 2.1262975531170296 0.0 738.8029 103.25941 831.6353 1.441778991407494 1.806426241020876 4.042547660206075 -19.397844913156817 3.901011293921232 30.2526228993881 1.5561367270205682 1
Pedestrian 574 1 1.4665899942732412 1099.0997 779.47626 1132.0625 870.75665 1.851671847958594 0.6333647733024274 0.6292358465217118 3.26940209032872 5.162867768840503 31.718674776821747 1.5693022554302702 1
Car 575 1 -1.365020624832525 633.597 773.9467 805.0941 912.93604 1.4516878707515855 1.7085023640171502 3.6257951275943023 -3.3683226144015634 3.7740782258477275 21.447874555750694 -1.5207951985361012 1
bicycle 1646 1 0.418085900382229 181.57806 766.6758 257.98764 811.30286 1.1258745658494695 0.6537353833734526 1.7331326122198765 -20.02098422848346 4.99026462937438 40.397900566302646 -0.042031238674960614 1
bicycle 1003 0 -1.6064334485378264 1251.2867 802.72766 1297.448 889.9048 1.1607513246407182 0.7183470478431316 2.7261987204488562 5.640554082220559 4.5437645325312825 27.045087951035892 -1.4008197491216514 1
Car 1645 1 2.0365967096851207 57.860992 743.05804 215.91553 819.6669 1.4211633797378318 1.7454062964582482 3.8969310503480727 -19.643478414290275 4.408044560584586 35.823776980576945 1.5350316854405728 1
Car 997 1 -2.2196479524019037 687.06384 767.93256 805.37445 830.36017 1.551848208790472 1.7792429545627089 3.9244009313270998 -6.989939596405052 6.373791250510705 48.402835917727444 -2.3630682167688026 1
