bicycle 559 2 -2.8075178157618517 1020.4654 786.98126 1136.519 877.14215 1.3975871069243453 0.8332321986698941 1.8958042136346396 2.0914140631227953 4.37192678884781 26.68097878555799 -2.729291813011878 1
bicycle 979 2 2.7550715308742295 1039.9012 805.31714 1137.7743 872.3645 1.1116566111263335 0.4484431696305304 1.7778955070726055 2.3768852072861026 4.5287537906706925 27.84553373348569 -3.442960535559312 1
bicycle 560 2 3.067972947198422 999.0748 795.66077 1095.982 865.1648 1.3255608091309958 0.6370193807381 1.9312053026831848 1.7492444369352094 4.846201098087068 30.49769609594732 -3.157918523794061 1
Cyclist 993 0 1.425621273331664 941.6149 771.10815 973.9863 831.60815 1.8022844935331073 0.8224669913609022 1.919565832173207 -0.12672149892129453 6.83260998777526 50.44065914404858 1.42310898989866 1
bicycle_rack 984 2 -0.028616455378352168 990.69073 787.8164 1102.142 862.31104 1.288712154361265 2.9649060360392094 2.4213298625045985 1.8906404092677696 5.158815196502492 34.00968760889902 0.02691761573953433 1
bicycle_rack 994 2 3.1350714782978093 984.5081 790.5485 1052.8754 851.32263 1.3086532399981503 1.2213839134951305 1.6307417227611876 1.389362501817826 5.4008211882503 36.30677192924075 -3.1098651817247385 1
bicycle_rack 985 2 -3.139691329156325 972.57007 791.3651 1039.1544 850.05334 1.3086532399981503 1.3397680786668806 1.660935663878201 1.1334394980669347 5.615033169960161 37.990269393318364 -3.1098651817247385 1
moped_scooter 561 0 -0.14346782607905323 1063.6124 762.13965 1216.1411 893.77826 1.6562361942204094 0.8009715365026138 1.943332567746835 2.3846506124954474 3.5423922295831614 20.127231846845145 -0.02553875806013961 1
moped_scooter 986 2 3.0978538841644725 1030.0968 776.40674 1120.9312 869.777 1.737619542029324 0.6198454826438172 1.7467593395897403 2.2253393011557456 4.736773886724542 29.264933743148553 -3.109436326894849 1
moped_scooter 987 2 -0.03492264490179189 996.32904 800.80914 1081.2045 857.883 1.1388358164760486 0.5977787253624451 1.7987934225113567 1.6538773070605233 4.950279339750647 32.08799198918844 0.016573724515019927 1
Pedestrian 572 0 -1.806478996551296 1361.1957 738.6765 1455.3192 958.35815 1.7241169136449042 0.6216713893813818 0.609753249306564 3.6934016145590647 2.691288756641338 12.390758800393913 -1.516787250624411 1
rider 995 0 1.4193278230642083 943.96515 772.0427 971.4562 825.04395 1.6837104366199063 0.819103046676298 0.7782905343836388 -0.12308770303363772 6.690611456375799 50.43834297076222 1.416887468138945 1
Car 992 1 -1.4859409075173153 761.55536 748.6399 864.70013 854.30804 2.009386611520109 2.102918805818639 5.08666101073814 -3.5749999803373558 5.280598080250989 36.97791165249186 -1.5823207053593147 1
Car 563 1 -1.4143665602834745 716.26807 773.34576 840.2799 881.2329 1.5101438434750498 1.7371174306593855 4.137377377757774 -3.4412302907673684 4.578574884223956 28.811222580584 -1.5332440106859073 1
bicycle 564 2 3.07221332714998 1089.717 797.1462 1223.728 887.30707 1.1947097521058354 0.7069326156187679 1.8911878314963964 2.829434327632693 3.7515977984370226 21.789481362739544 -3.0818413188558975 1
bicycle_rack 565 1 2.9529695637290327 1019.1691 788.5144 1179.6887 892.68945 1.2705607108372834 2.349072027545157 2.1050683586263146 2.1147857003452493 3.982029997038794 23.510022113360336 -3.240504669397235 1
Car 568 0 -1.2241194606966197 66.533966 732.8611 657.92596 1139.723 1.4478653577726135 1.7562564680420278 3.482165302682461 -2.857401649418724 2.1507008493797355 7.991305398053681 -1.5675166900124953 1
Car 569 1 -1.328927084837583 493.75436 778.8112 775.4674 973.5209 1.2199877842366915 1.7471387171579407 3.68099275242804 -2.9323810697201274 2.874521718543994 14.203177900133683 -1.5325259211247877 1
Car 571 1 2.1347718651543146 0.0 737.2492 87.80273 831.77454 1.441778991407494 1.806426241020876 4.042547660206075 -19.397345064556703 3.824534398294055 29.680988029254674 1.555920776556598 1
moped_scooter 562 1 3.091834750491394 1007.4789 780.1965 1092.4325 869.52954 1.6140889157617768 0.5968327661681743 1.581980688334736 1.6748127144887064 4.593937135682477 28.38882946377647 -3.1324233747593513 1
Pedestrian 574 1 1.4655343831497112 1100.0804 779.0313 1133.6313 871.8613 1.851671847958594 0.6333647733024274 0.6292358465217118 3.241555922366143 5.099031131235803 31.191713912722392 1.5690862829650096 1
Car 575 1 -1.3632046339575523 627.27386 770.45215 804.3059 913.18713 1.4516878707515855 1.7085023640171502 3.6257951275943023 -3.316647941208455 3.6606835565173608 20.84242138718993 -1.5210111896358578 1
bicycle 1646 2 0.42237589021728955 172.444 769.15173 250.27213 814.57086 1.1258745658494695 0.6537353833734526 1.7331326122198765 -19.918820886589636 4.9943695200355975 39.74067673547993 -0.04224722016033655 1
bicycle 1003 0 -1.6124582401186085 1259.4445 799.6798 1307.5991 888.48724 1.1607513246407182 0.7183470478431316 2.7261987204488562 5.682939595215604 4.419482801035976 26.47784418783856 -1.4010357631052281 1
Car 1645 1 2.0434636669124693 41.60443 743.9765 204.0999 822.1809 1.4211633797378318 1.7454062964582482 3.8969310503480727 -19.61608498005108 4.380048866127735 35.18044190166046 1.5348157340722195 1
Car 997 1 -2.21792482113735 683.45215 769.4271 803.1055 832.7671 1.551848208790472 1.7792429545627089 3.9244009313270998 -7.001719630533327 6.368664337158514 47.82862305626116 -2.3632841414634793 1
