bicycle 559 2 -2.799273727994232 1008.033 783.51624 1115.1565 866.3504 1.3975871069243453 0.8332321986698941 1.8958042136346396 1.938890839605345 4.543453494587856 28.89970519949225 -2.7322837846009382 1
bicycle 560 2 3.072197796812471 991.66046 791.79706 1081.6089 856.3103 1.3255608091309958 0.6370193807381 1.9312053026831848 1.6443440700485954 5.024802029079824 32.80886673442267 -3.1609105191827505 1
bicycle_rack 984 2 -0.022533685317097416 980.0772 788.4779 1084.4939 858.30597 1.288712154361265 2.9649060360392094 2.4213298625045985 1.6825825015329912 5.41264555652678 36.190062635993414 0.023925800955231002 1
bicycle_rack 994 2 3.139834121351277 974.8762 790.8662 1039.0266 847.88965 1.3086532399981503 1.2213839134951305 1.6307417227611876 1.178769226276902 5.6677706441536895 38.6437873655002 -3.112857181204151 1
bicycle_rack 985 2 -3.137656317785976 966.9763 790.4693 1029.5953 845.6128 1.3086532399981503 1.3397680786668806 1.660935663878201 1.0008006200556359 5.852629512842614 40.3479953891638 -3.112857181204151 1
moped_scooter 561 0 -0.12859968070288527 1044.3475 759.9614 1180.7727 878.1093 1.6562361942204094 0.8009715365026138 1.943332567746835 2.2461126752406213 3.715337332145982 22.370679240065837 -0.028530734586469597 1
moped_scooter 562 2 3.0992805700997885 994.98126 778.3949 1073.4838 861.06 1.6140889157617768 0.5968327661681743 1.581980688334736 1.4863800402513314 4.7891300133538826 30.629644213459848 -3.1354152767413783 1
moped_scooter 986 2 3.1064415966144163 1016.3101 771.67114 1099.7455 857.52527 1.737619542029324 0.6198454826438172 1.7467593395897403 2.0447539358856517 4.886547616221955 31.748660033870166 -3.1124281210442897 1
moped_scooter 987 2 -0.029112909535034794 985.8762 800.27185 1065.1633 853.6275 1.1388358164760486 0.5977787253624451 1.7987934225113567 1.4642836584023569 5.1948783549092425 34.27568552865188 0.013581898932277126 1
Pedestrian 572 0 -1.788383680788979 1297.1383 743.6192 1375.7354 935.61334 1.7241169136449042 0.5933135555076124 0.6664689170541046 3.551534483945351 2.8779563351583635 14.192768434199255 -1.5431833843183722 1
Car 992 1 -1.4882968789294186 764.2166 751.8203 860.9399 851.4592 2.009386611520109 2.102918805818639 5.08666101073814 -3.8183732430227146 5.556475645840214 39.2347635192504 -1.585312530908726 1
Car 563 1 -1.4202914231084787 726.76965 773.3325 840.036 872.30096 1.5101438434750498 1.7371174306593855 4.137377377757774 -3.634723730486846 4.81598813825855 31.2082641605024 -1.5362357700410783 1
bicycle 564 1 3.0886873981631404 1066.7783 790.4407 1187.1195 871.5806 1.1947097521058354 0.7069326156187679 1.8911878314963964 2.651890386643249 3.9058403985643033 24.08478783377794 -3.084833210238217 1
bicycle_rack 565 1 2.965415744769289 1003.5613 783.56537 1147.4255 877.02094 1.2705607108372834 2.349072027545157 2.1050683586263146 1.9300449085933669 4.157921837337393 25.938043102705052 -3.243496627317159 1
Car 567 2 -0.7668852283673928 0.0 644.18896 411.68082 1215.0 1.4478653577726135 1.7182888927987665 4.478920515773621 -2.6595445399478654 1.5105433336099854 2.611014600469531 -1.5614908717985518 1
Car 568 0 -1.292700080427061 295.23514 746.4408 705.2182 1048.0021 1.4478653577726135 1.7562564680420278 3.482165302682461 -2.9445612127856546 2.4285720096143955 10.325123406931533 -1.570509515827967 1
Car 569 1 -1.354818455013352 560.40784 780.17 790.7235 942.7165 1.2199877842366915 1.7471387171579407 3.68099275242804 -3.0450008142450438 3.1447308376729497 16.667333531544948 -1.5355183956430514 1
Car 571 1 2.1080750173417675 0.0 742.35944 128.4337 831.42676 1.441778991407494 1.806426241020876 4.042547660206075 -19.60980852508504 4.085269154266525 31.618105072063873 1.5529289027514905 1
Pedestrian 574 1 1.473197159200197 1085.3115 773.38947 1116.1714 859.2367 1.851671847958594 0.6333647733024274 0.6292358465217118 3.13649812913785 5.225949303116398 33.666020309082946 1.566094104264033 1
Car 575 1 -1.3761168681007971 654.9127 771.1025 810.24225 897.67505 1.4516878707515855 1.7085023640171502 3.6257951275943023 -3.4679234958796474 3.9085096663774523 23.278654957999226 -1.5240036266339503 1
bicycle 1646 1 0.39989666193477497 211.01666 770.3823 284.00555 813.3572 1.1258745658494695 0.6537353833734526 1.7331326122198765 -20.046914125347374 5.24944651933458 42.02087827382417 -0.045239519360528835 1
bicycle 1003 0 -1.5934342640787977 1228.2339 794.9988 1269.7139 876.09717 1.1607513246407182 0.7183470478431316 2.7261987204488562 5.501364070691564 4.584609982018918 28.697228016443958 -1.4040285174613483 1
Car 1645 1 2.0181081083652397 93.04128 750.7933 240.61694 824.748 1.4211633797378318 1.7454062964582482 3.8969310503480727 -19.80420935753781 4.741845963061113 37.4636482662911 1.5318238477408683 1
Car 997 1 -2.2160123984342937 678.82477 770.0787 792.54724 830.20685 1.551848208790472 1.7792429545627089 3.9244009313270998 -7.6165563470464175 6.630661574318539 50.30600962958576 -2.366275658534758 1
