bicycle 559 2 -2.8101822304995268 1024.2297 786.0799 1142.3699 877.85876 1.3975871069243453 0.8332321986698941 1.8958042136346396 2.138799430429118 4.304744804101784 26.210759890513657 -2.72876256923945 1
bicycle 979 2 2.7535879929448783 1042.1193 804.2289 1141.6172 872.3665 1.1116566111263335 0.4484431696305304 1.7778955070726055 2.3935252032089895 4.453443794182316 27.38979750514923 -3.4424312739069647 1
bicycle 560 2 3.0655937101028203 1002.6747 797.7362 1101.1434 868.3578 1.3255608091309958 0.6370193807381 1.9312053026831848 1.8104866502528651 4.835690778972984 30.037028860443737 -3.157389275825137 1
Cyclist 993 0 1.2197171237230606 939.06085 774.1505 982.0698 835.7885 1.8022844935331073 0.8224669913609022 1.919565832173207 -0.03447482682311441 6.878583985987682 49.81968727739604 1.2190251317976926 1
bicycle_rack 984 2 -0.029287065196223025 991.75366 791.8055 1104.8346 867.77185 1.288712154361265 2.9649060360392094 2.4213298625045985 1.905040447219292 5.201498486390582 33.542488362025765 0.02744683146081517 1
bicycle_rack 994 2 3.1345761614084675 985.59784 794.81616 1054.8871 856.5673 1.3086532399981503 1.2213839134951305 1.6307417227611876 1.4080019231168421 5.452463071115931 35.833023488510065 -3.10933593302289 1
bicycle_rack 985 2 3.1411234280643874 976.54175 795.92145 1043.9939 855.5464 1.3086532399981503 1.3397680786668806 1.660935663878201 1.2281047916856485 5.678427995970889 37.51354746485167 -3.10933593302289 1
moped_scooter 561 0 -0.1462456225914281 1066.8237 763.2166 1223.1063 898.05 1.6562361942204094 0.8009715365026138 1.943332567746835 2.3959361839401003 3.514452503949216 19.66564283212743 -0.025009513472733724 1
moped_scooter 986 2 3.0967364478875434 1031.9863 774.6287 1124.0247 869.1701 1.737619542029324 0.6198454826438172 1.7467593395897403 2.2451310255855366 4.664661924913577 28.89578321838499 -3.1089071148483423 1
moped_scooter 987 2 -0.03686454651692321 999.3846 806.2523 1085.5874 864.3021 1.1388358164760486 0.5977787253624451 1.7987934225113567 1.7078992275985736 5.011044633106466 31.616087168628336 0.017102942146498767 1
Pedestrian 572 0 -1.8195819852125563 1381.829 740.8135 1479.4196 966.15356 1.7241169136449042 0.6216713893813818 0.609753249306564 3.7852369432651973 2.6864707547332234 12.094096323489564 -1.5162578723301907 1
rider 995 0 1.21561158703252 944.98517 776.05536 976.1773 830.25183 1.6837104366199063 0.819103046676298 0.7782905343836388 -0.025333531379534306 6.7684166480957675 49.797227571493146 1.2151028533051726 1
Car 992 1 -1.482945346849736 756.61005 753.81085 861.94 861.94794 2.009386611520109 2.102918805818639 5.08666101073814 -3.613189385812403 5.370407046852969 36.43454427336435 -1.5817914874589325 1
Car 563 1 -1.411540079180563 711.08514 777.07043 838.1095 887.79474 1.5101438434750498 1.7371174306593855 4.137377377757774 -3.4424270295964674 4.600491781732169 28.26960621475788 -1.5327148044922179 1
bicycle 564 2 3.0699459332956622 1092.4963 799.9932 1229.5743 892.2808 1.1947097521058354 0.7069326156187679 1.8911878314963964 2.8297046292741665 3.739461079213215 21.3243889478404 -3.081312089427456 1
bicycle_rack 565 1 2.9505150017854502 1022.0032 788.98804 1186.1759 895.46704 1.2705607108372834 2.349072027545157 2.1050683586263146 2.1416555768284997 3.938046303959584 23.038146031052033 -3.2399754282568805 1
Car 568 0 -1.207356643971571 0.0 734.81085 648.4204 1178.8254 1.4478653577726135 1.7562564680420278 3.482165302682461 -2.8140573535358597 2.1261832798804194 7.48456867079766 -1.5669872952280697 1
Car 569 1 -1.3224142509371146 476.8002 780.52216 770.92395 983.31415 1.2199877842366915 1.7471387171579407 3.68099275242804 -2.9235180172007538 2.8452171951975957 13.744417775165063 -1.5319965884714504 1
Car 571 1 2.143272823688375 0.0 735.78345 73.8657 832.1861 1.441778991407494 1.806426241020876 4.042547660206075 -19.336646089854067 3.748797457857912 29.079243000950115 1.5564500029908097 1
Car 1645 1 2.048177836433438 31.652277 746.19586 197.3071 825.7542 1.4211633797378318 1.7454062964582482 3.8969310503480727 -19.552569580413195 4.398144257475074 34.724081161890744 1.5353449627228515 1
moped_scooter 562 1 3.090779212341746 1009.1653 777.689 1095.5345 868.4376 1.6140889157617768 0.5968327661681743 1.581980688334736 1.6925104032385847 4.499571775036953 27.935705944460057 -3.131894143485664 1
Pedestrian 574 1 1.4606826784695162 1107.8768 778.6643 1142.1251 873.0079 1.851671847958594 0.6333647733024274 0.6292358465217118 3.3567867448334416 5.040022766103424 30.693197977135117 1.5696155633160478 1
Car 575 1 -1.3605132627700003 621.5242 774.44 802.7696 921.04614 1.4516878707515855 1.7085023640171502 3.6257951275943023 -3.298431037450602 3.6813088832080854 20.443057814184066 -1.5204818636197457 1
bicycle 1646 2 0.4304942120474955 157.61916 771.92267 236.5701 817.8973 1.1258745658494695 0.6537353833734526 1.7331326122198765 -20.075264316373644 5.025829913650346 39.30531065910109 -0.04171791762660715 1
bicycle 1003 0 -1.6157351847673929 1264.7507 802.729 1314.3346 893.5678 1.1607513246407182 0.7183470478431316 2.7261987204488562 5.686542918617291 4.4209052424484 26.01168483199933 -1.4005063810135514 1
Car 997 1 -2.2165737763150437 681.6795 769.1131 802.4045 833.0616 1.551848208790472 1.7792429545627089 3.9244009313270998 -6.975118018162069 6.314513070216596 47.37519852821515 -2.362754978186581 1
