bicycle 1646 2 0.45918042245611945 106.64824 756.6093 193.43065 806.3142 1.1258745658494695 0.6537353833734526 1.7331326122198765 -19.5926460318076 4.340308162497426 36.13730412479181 -0.03763319657891229 1
bicycle 559 2 -2.8228560572763852 1040.1322 785.74664 1177.021 892.5894 1.3975871069243453 0.8332321986698941 1.8958042136346396 2.2288700375963106 3.9138359421987445 22.629406633953433 -2.72467830986001 1
bicycle 979 2 2.736413953975671 1066.6366 807.2291 1181.2563 886.03674 1.1116566111263335 0.4484431696305304 1.7778955070726055 2.5867879547285106 4.066939316330837 23.76440716304158 -3.438346878776418 1
bicycle 560 2 3.0534275184470636 1020.4514 791.51 1132.5043 871.4465 1.3255608091309958 0.6370193807381 1.9312053026831848 2.0302240455798604 4.315129214019649 26.50350031252171 -3.1533049841940453 1
Cyclist 993 1 0.9901072816579641 963.1034 768.8624 1020.4949 836.3409 1.8022844935331073 0.8224669913609022 1.919565832173207 0.9148399341931439 6.269834996675108 45.37567083638441 1.0102660141116515 1
bicycle_rack 984 2 -0.0390695514514848 1006.5594 787.22894 1133.7566 872.2225 1.288712154361265 2.9649060360392094 2.4213298625045985 2.121587377900795 4.710268759045688 30.000687901444955 0.03153087119057285 1
bicycle_rack 994 2 3.1269485731501137 999.5199 789.4675 1076.5677 857.93335 1.3086532399981503 1.2213839134951305 1.6307417227611876 1.6482746905938446 4.933645280702576 32.30054027399903 -3.10525163564159 1
bicycle_rack 985 2 3.1327501200180365 991.8916 792.98413 1066.4862 858.8151 1.3086532399981503 1.3397680786668806 1.660935663878201 1.5373195798407304 5.2089138309564795 34.00071956373417 -3.10525163564159 1
moped_scooter 561 0 -0.17845866583695544 1104.2522 752.1754 1297.9845 917.3105 1.6562361942204094 0.8009715365026138 1.943332567746835 2.5524316982395874 3.0596125381183663 16.06822442628531 -0.020925248392130058 1
moped_scooter 986 2 3.085393631349006 1048.8794 770.323 1153.9446 877.8473 1.737619542029324 0.6198454826438172 1.7467593395897403 2.371361095241714 4.244153927224254 25.43359640437545 -3.104823103727139 1
moped_scooter 987 2 -0.04684666215611054 1015.02545 804.0455 1112.4207 869.47516 1.1388358164760486 0.5977787253624451 1.7987934225113567 1.913879795569052 4.541709776900445 28.087950444755958 0.021186996618351772 1
Pedestrian 572 0 -1.865037123869913 1523.3647 721.47736 1671.078 1020.37726 1.7241169136449042 0.6216713893813818 0.8933315880443224 3.978641845248746 2.3627340926160265 9.41138868320048 -1.4650758373236263 1
rider 995 1 0.9920288394793745 972.03406 770.40546 1008.6259 830.05176 1.6837104366199063 0.819103046676298 0.7782905343836388 0.8813703895987828 6.157426500323973 45.43128055448562 1.0114264842752556 1
Car 563 1 -1.3990275476324645 686.04156 767.47943 834.49896 893.7585 1.5101438434750498 1.7371174306593855 4.137377377757774 -3.2241411989756354 4.0692668975334385 24.737558939973912 -1.528630835492478 1
bicycle 564 2 3.0411609743901358 1128.6161 796.4993 1295.2109 907.56683 1.1947097521058354 0.7069326156187679 1.8911878314963964 2.9565063836562184 3.282131530189517 17.777656860877855 -3.0772279423215796 1
bicycle_rack 565 1 2.929738908782423 1044.7367 783.7479 1241.8221 909.6763 1.2705607108372834 2.349072027545157 2.1050683586263146 2.309690927822467 3.482696547890443 19.557123754795903 -3.2358911913527724 1
Car 568 1 -0.9529022813459352 0.0 681.0147 472.33356 1215.0 1.4478653577726135 1.7562564680420278 3.482165302682461 -2.7410284544277173 1.6606286688570449 3.9218155289748875 -1.5629018713903564 1
Car 569 1 -1.2593892919905243 290.54562 771.6063 730.8552 1058.6158 1.2199877842366915 1.7471387171579407 3.68099275242804 -2.793282552953227 2.3999198871453977 10.151191252265605 -1.5279116440138336 1
Car 575 1 -1.3314533819098828 553.51074 766.45135 785.08307 947.66046 1.4516878707515855 1.7085023640171502 3.6257951275943023 -3.1313298876009474 3.2117684635951895 16.737788886549033 -1.5163969703859592 1
Car 1644 1 2.7109807859599426 226.28049 738.27026 397.8598 799.1754 1.4277847663440721 1.760512176976701 4.485744357133343 -19.784388284279387 5.064780505544924 45.71707100209539 -3.9806271349782985 1
moped_scooter 562 1 3.0778523554015154 1028.2953 773.2077 1127.8452 877.3648 1.6140889157617768 0.5968327661681743 1.581980688334736 1.8926322568301683 4.061130265973942 24.364898547097326 -3.1278099824401258 1
Pedestrian 574 1 1.4844703066774567 1138.1606 775.5852 1175.8159 881.6978 1.851671847958594 0.6333647733024274 0.5683241969257985 3.5611292540838124 4.62640926767191 27.23929741996989 -4.668717290169219 1
Car 992 1 -1.476447866442458 745.7304 743.7252 863.7786 862.48413 2.009386611520109 2.102918805818639 5.08666101073814 -3.3487468221805283 4.830865177148156 32.95781136741532 -1.5777074281403685 1
bicycle 1003 0 -1.6520702536978735 1321.7657 800.2565 1386.5712 906.1798 1.1607513246407182 0.7183470478431316 2.7261987204488562 5.866126920298584 3.95727528978024 22.4439197181273 -1.3964210556570051 1
Car 1645 2 2.0925671799949956 0.0 732.43945 129.50833 819.75256 1.4211633797378318 1.7454062964582482 3.8969310503480727 -19.25209976034004 3.8054959218232414 31.180962482462025 1.5394291049886943 1
Car 997 2 -2.205462524625432 666.6047 761.8753 796.3103 830.5027 1.551848208790472 1.7792429545627089 3.9244009313270998 -6.774915713877943 5.755041923984516 43.87360772968562 -2.358671340981872 1
