bicycle 1646 2 0.452615919510117 121.04642 749.78424 205.60707 798.21875 1.1258745658494695 0.6537353833734526 1.7331326122198765 -19.717619024864316 4.243490082322498 36.97276577449582 -0.03731636110196157 1
bicycle 559 2 -2.819244623116316 1038.0499 784.4531 1169.1571 886.54767 1.3975871069243453 0.8332321986698941 1.8958042136346396 2.248632824756891 4.000147711793325 23.62781653684046 -2.7243615107993135 1
bicycle 979 2 2.7406336688444655 1063.0055 805.5115 1173.0991 881.0558 1.1116566111263335 0.4484431696305304 1.7778955070726055 2.596106029941542 4.157800486177245 24.747477661674264 -3.4380300693511012 1
bicycle 560 2 3.056108627296944 1018.90094 789.63354 1126.8519 866.622 1.3255608091309958 0.6370193807381 1.9312053026831848 2.040280192368671 4.389877236225203 27.48801496912221 -3.152988182641505 1
Cyclist 993 1 1.0359584080950672 959.4498 770.54474 1013.6901 836.477 1.8022844935331073 0.8224669913609022 1.919565832173207 0.7751788441475459 6.432166129718135 46.500447493516425 1.0526272164685544 1
bicycle_rack 984 2 -0.03686220356146909 1005.5615 787.7679 1128.5275 869.9955 1.288712154361265 2.9649060360392094 2.4213298625045985 2.132017772477859 4.828372205763954 30.9804401631992 0.031847652979216656 1
bicycle_rack 994 2 3.1284422948627437 998.8489 791.8284 1073.5972 858.3475 1.3086532399981503 1.2213839134951305 1.6307417227611876 1.6586927279811445 5.09434670673874 33.27407037227236 -3.1049348336360723 1
bicycle_rack 985 2 3.1339703184291468 991.5002 794.14343 1064.0814 858.2483 1.3086532399981503 1.3397680786668806 1.660935663878201 1.5474634166326173 5.340362032230022 34.92426558411724 -3.1049348336360723 1
moped_scooter 561 0 -0.1691300077048929 1096.2544 759.69226 1277.8481 915.1494 1.6562361942204094 0.8009715365026138 1.943332567746835 2.5558964510826305 3.2338618823839593 17.082203860999435 -0.020608448932642354 1
moped_scooter 986 2 3.0887805487521605 1046.2148 770.7951 1147.2457 874.2882 1.737619542029324 0.6198454826438172 1.7467593395897403 2.381093375284142 4.348071401310522 26.415092613765026 -3.104506324176014 1
moped_scooter 987 2 -0.044409997966477 1013.5844 805.41064 1107.4153 868.5072 1.1388358164760486 0.5977787253624451 1.7987934225113567 1.922884583223339 4.693514273459808 29.13046574604885 0.02150377955053373 1
Pedestrian 572 0 -1.8330427900353774 1476.8356 733.35516 1605.8212 1004.6692 1.7241169136449042 0.6216713893813818 0.8933315880443224 3.9984795894316503 2.5102005715771813 10.361704790661864 -1.4647589583055949 1
Car 992 1 -1.478009498064771 750.45386 745.1873 865.20483 861.02374 2.009386611520109 2.102918805818639 5.08666101073814 -3.3690216386356737 4.932358123197984 33.78832845016497 -1.5773906446275054 1
Car 563 1 -1.40377168186848 697.58417 769.2233 839.32385 890.7271 1.5101438434750498 1.7371174306593855 4.137377377757774 -3.215926998223596 4.192345168918396 25.688305052073346 -1.5283140589834927 1
bicycle 564 2 3.0473261479780454 1123.9644 799.62335 1281.506 904.9523 1.1947097521058354 0.7069326156187679 1.8911878314963964 3.0055470065116077 3.433712982475633 18.749483829099447 -3.076911152086174 1
bicycle_rack 565 1 2.936607618195029 1039.5695 787.474 1226.0693 907.44867 1.2705607108372834 2.349072027545157 2.1050683586263146 2.289683394323066 3.6416629412371084 20.542375579656056 -3.2355743941953503 1
Car 568 1 -1.053283399031904 0.0 696.41644 544.48035 1215.0 1.4478653577726135 1.7562564680420278 3.482165302682461 -2.7461376500422245 1.7666530373625262 4.91749723179279 -1.562584982076518 1
Car 569 1 -1.2797786749486268 357.0184 770.3142 745.81287 1026.6588 1.2199877842366915 1.7471387171579407 3.68099275242804 -2.8142300945286034 2.4840202918124277 11.122694245759336 -1.5275947918763149 1
moped_scooter 562 1 3.080857796085535 1026.173 776.7565 1121.7834 876.9482 1.6140889157617768 0.5968327661681743 1.581980688334736 1.8998410675428956 4.218715304046519 25.33988767436171 -3.1274931911457022 1
Pedestrian 574 1 1.5227539976715088 1130.5016 776.4018 1165.8645 879.2655 1.851671847958594 0.6333647733024274 0.6292358465217118 3.5272142483701274 4.748218096031506 28.25312931809361 -4.636230595004477 1
rider 995 0 1.0329931796622078 968.5262 771.76013 1003.963 829.98346 1.6837104366199063 0.819103046676298 0.7782905343836388 0.7752153696226689 6.305318156498128 46.518868776091864 1.0496561734348564 1
Car 575 1 -1.3389558268975874 574.5847 763.3335 791.01385 932.8584 1.4516878707515855 1.7085023640171502 3.6257951275943023 -3.1675469296448067 3.2617061239522487 17.695778362819183 -1.5160801222218876 1
Car 1644 1 2.7817944081062 269.0059 737.4524 433.35062 795.51483 1.4277847663440721 1.760512176976701 4.485744357133343 -19.269962420956904 5.155039655424665 47.352756060000246 -3.8878698817199107 1
bicycle 1003 0 -1.641813916550536 1308.0378 803.91895 1368.173 905.6378 1.1607513246407182 0.7183470478431316 2.7261987204488562 5.8719152909774275 4.131923017507164 23.414895722712377 -1.3961041740210431 1
Car 1645 2 2.0824231196274248 0.0 734.18964 147.40959 819.20215 1.4211633797378318 1.7454062964582482 3.8969310503480727 -19.329589035883803 3.9079187640078943 32.05173392471487 1.5397458949343656 1
Car 997 2 -2.2087603123313038 673.4249 764.41956 800.46094 831.7196 1.551848208790472 1.7792429545627089 3.9244009313270998 -6.760220440849502 5.924488661875835 44.85276705240595 -2.3583545902529894 1
