bicycle 559 1 -2.8465420454257058 1062.7195 782.9827 1227.7904 912.5126 1.3975871069243453 0.8332321986698941 1.8958042136346396 2.308829407836061 3.4624953415001047 18.76846177742283 -2.7241405660765303 1
bicycle 979 2 2.7156378484619377 1087.9158 809.53937 1224.5513 904.0507 1.1116566111263335 0.4484431696305304 1.7778955070726055 2.5984264502323073 3.6291387072310783 19.915709585571893 -3.437809117413793 1
bicycle 560 2 3.0370733646380694 1036.1578 795.4794 1168.1857 889.48956 1.3255608091309958 0.6370193807381 1.9312053026831848 2.116735375281717 3.9422466756963876 22.610644064073927 -3.1527672361816643 1
Cyclist 982 1 1.042306584119052 813.72894 760.3544 896.62537 846.2658 1.9166778272315412 0.9249968113541406 2.6982868460480867 -2.7956704288049417 5.580436095395121 39.073419360646405 0.9708791414911815 1
bicycle_rack 984 2 -0.0508744795229427 1015.7457 791.29395 1164.0981 890.39166 1.288712154361265 2.9649060360392094 2.4213298625045985 2.167674092256812 4.359160096078909 26.07452390629777 0.032068585635986135 1
bicycle_rack 994 2 3.1201660186477964 1005.1037 795.32025 1093.5426 874.175 1.3086532399981503 1.2213839134951305 1.6307417227611876 1.6476315142208484 4.59834455636849 28.226613516549264 -3.104713886859721 1
bicycle_rack 985 2 3.127042288068591 996.3758 798.5768 1081.2106 873.70953 1.3086532399981503 1.3397680786668806 1.660935663878201 1.543437058578881 4.872295415337559 29.984484996787373 -3.104713886859721 1
moped_scooter 561 0 -0.23042531209583328 1154.3535 741.2228 1413.8771 959.10297 1.6562361942204094 0.8009715365026138 1.943332567746835 2.608676758380376 2.6407812777389825 12.236854517140259 -0.0203875039354231 1
moped_scooter 986 2 3.069468821483989 1064.314 768.1963 1188.8185 895.06647 1.737619542029324 0.6198454826438172 1.7467593395897403 2.3729193097481702 3.839958384889697 21.59751538665503 -3.1042853930813266 1
moped_scooter 987 2 -0.06298350406389247 1032.3633 809.55994 1145.6309 885.5099 1.1388358164760486 0.5977787253624451 1.7987934225113567 2.0625266182814035 4.177574625215826 24.290335936992275 0.021724713004844354 1
moped_scooter 988 2 3.132112557049749 1005.35345 799.2879 1087.4064 870.8249 1.3086532399981503 0.506480044419207 1.578228532013491 1.6504911670763227 4.731570237824911 29.06241398852045 -3.094342425544448 1
Pedestrian 572 0 -1.9736772627183652 1713.3154 687.86847 1935.0 1092.6232 1.7241169136449042 0.6216713893813818 1.0918364251606918 4.119557735762835 2.048751303721194 7.129946998731134 -1.4497544657488524 1
rider 995 1 1.1385409111325566 1009.6954 775.431 1049.9966 843.5738 1.6837104366199063 0.819103046676298 0.7782905343836388 1.8194834725284643 5.735827995712022 39.74034115709661 1.1842932545061018 1
Car 992 1 -1.4612621554012766 712.07355 745.2518 850.1332 881.64087 2.009386611520109 2.102918805818639 5.08666101073814 -3.3860922288879687 4.555203521930462 29.08278986334287 -1.5771697107507912 1
Car 563 1 -1.3772955186570357 633.2583 772.89056 816.8864 927.0391 1.5101438434750498 1.7371174306593855 4.137377377757774 -3.1597162185496175 3.7761938930417687 20.794290034329645 -1.5280931299913296 1
bicycle 1646 1 0.5109035943208514 0.0 777.08765 97.87048 833.4994 1.1258745658494695 0.6537353833734526 1.7331326122198765 -19.617706868448703 4.433375837196981 32.14144932272954 -0.03709539092975489 1
bicycle 564 2 2.9944950918568978 1178.9894 799.5952 1393.6173 940.87585 1.1947097521058354 0.7069326156187679 1.8911878314963964 3.0313894605624605 2.888375684220396 14.08414396343882 -3.0766902135283356 1
Cyclist 993 1 1.1335608649881168 1000.3795 773.56586 1059.0714 851.2213 1.8022844935331073 0.8224669913609022 1.919565832173207 1.8051677959631032 5.857752075453057 39.74979961688812 1.1789429392580453 1
bicycle_rack 565 1 2.9009755358448377 1065.9359 785.4567 1315.9572 944.021 1.2705607108372834 2.349072027545157 2.1050683586263146 2.3399267298689037 3.105066881217942 15.818733066834671 -3.2353534508135855 1
Car 569 1 -1.1192848410040301 0.0 767.7624 631.63403 1215.0 1.2199877842366915 1.7471387171579407 3.68099275242804 -2.753234036329036 2.007617254065729 6.36790480282824 -1.5273738101415422 1
Car 1644 1 2.524981972681484 35.124256 745.30597 241.2566 819.9456 1.4277847663440721 1.760512176976701 4.485744357133343 -21.219474391277423 4.741849870123394 38.75816403139589 -4.259112817883032 1
Car 997 1 -2.191009539226526 639.6964 760.2548 780.9454 835.613 1.551848208790472 1.7792429545627089 3.9244009313270998 -6.756372625865314 5.359287298011639 40.05018233415304 -2.358133679244352 1
moped_scooter 562 1 3.0598116804128503 1046.8246 775.2506 1165.8375 899.269 1.6140889157617768 0.5968327661681743 1.581980688334736 1.9784869399524068 3.7087220257069555 20.52408129692974 -3.1272722518511697 1
Pedestrian 574 1 1.5147529534277844 1168.636 769.6939 1211.5879 893.57245 1.851671847958594 0.6333647733024274 0.5683241969257985 3.5759929576550795 4.1475397210587115 23.398540696418106 -4.616776086891365 1
rider 991 1 1.0386890257246377 824.8146 762.39935 871.6326 836.4556 1.8056756947039365 0.9219269111224403 0.8559058171317624 -2.9767544914869863 5.481179840673816 39.35977176240927 0.963203364196549 1
Car 575 1 -1.28043108927702 418.02698 766.79553 742.7198 1010.8687 1.4516878707515855 1.7085023640171502 3.6257951275943023 -3.097063588198426 2.852984975203983 12.911083959369147 -1.5158591432583293 1
Car 996 2 -1.4907303115995676 772.04236 772.8263 857.8752 855.463 1.4963598955693054 1.7326269215482644 3.5724903604045206 -3.4043208065898223 5.168562093444775 35.32341747315024 -1.5868093238120053 1
bicycle 1003 0 -1.7039708468767474 1395.0443 800.9394 1486.1571 930.62 1.1607513246407182 0.7183470478431316 2.7261987204488562 5.920362756356017 3.5162176220780585 18.604607474405096 -1.3958831717171656 1
Car 1645 2 2.1540627769218514 0.0 751.11005 19.41438 854.59534 1.4211633797378318 1.7454062964582482 3.8969310503480727 -19.267081543946155 3.894214438362412 27.327908249432497 1.53996683329741 1
