bicycle 559 1 -2.846499591348832 1060.1487 785.1573 1228.3948 917.4747 1.3975871069243453 0.8332321986698941 1.8958042136346396 2.253010620805509 3.4527498628191657 18.412897326261525 -2.7247443653963934 1
bicycle 979 2 2.7122181933848193 1090.7888 811.693 1230.2301 908.33734 1.1116566111263335 0.4484431696305304 1.7778955070726055 2.601391529511593 3.6078893439844233 19.510042557032804 -3.4384129364769125 1
bicycle 560 2 3.035660718597877 1036.336 796.03937 1170.5026 891.5861 1.3255608091309958 0.6370193807381 1.9312053026831848 2.1019633545302785 3.910641323915203 22.25883668403666 -3.153371040250177 1
Cyclist 982 1 1.0413238057130367 813.78906 759.2829 897.74927 846.18146 1.9166778272315412 0.9249968113541406 2.6982868460480867 -2.7478213632123882 5.50982610306658 38.61038885117971 0.9702756663640288 1
bicycle_rack 984 2 -0.05403440262338263 1018.51855 791.2305 1169.2694 891.607 1.288712154361265 2.9649060360392094 2.4213298625045985 2.2075679235640226 4.322573317075333 25.756797064623598 0.03146481925131739 1
bicycle_rack 994 2 3.119473474630776 1004.7009 795.1899 1094.2773 875.04706 1.3086532399981503 1.2213839134951305 1.6307417227611876 1.629631016768684 4.555815694920467 27.87571312371456 -3.1053176917920458 1
bicycle_rack 985 2 3.126472423666521 995.83746 798.4911 1081.6993 874.5239 1.3086532399981503 1.3397680786668806 1.660935663878201 1.5243630922563551 4.82974201816547 29.63352447088845 -3.1053176917920458 1
moped_scooter 986 2 3.0675085128419743 1065.3315 767.5953 1191.9717 896.5561 1.737619542029324 0.6198454826438172 1.7467593395897403 2.3637019159224186 3.7977460491697315 21.24806880520564 -3.104889155200186 1
moped_scooter 987 2 -0.0641746375849719 1032.4182 809.6157 1147.3872 886.6845 1.1388358164760486 0.5977787253624451 1.7987934225113567 2.0469154168500476 4.135113786974726 23.939680809752176 0.021120944440657485 1
moped_scooter 988 2 3.1318336678300596 1004.3674 799.1961 1087.4293 871.60657 1.3086532399981503 0.506480044419207 1.578228532013491 1.6212257552020986 4.688860108893051 28.711890493189916 -3.09494622631283 1
rider 995 1 1.1399467114184538 1006.47363 776.6085 1047.1998 845.5517 1.6837104366199063 0.819103046676298 0.7782905343836388 1.7203291910740803 5.7231927131732405 39.3032260913085 1.1836894770679356 1
rider 991 1 1.0391183730800075 822.9947 761.1824 870.34735 836.06067 1.8056756947039365 0.9219269111224403 0.8559058171317624 -2.9835266513953784 5.4081047661104495 38.91479738854937 0.9625998852814854 1
Car 992 1 -1.4614454185505446 710.3777 744.4578 850.2333 882.6599 2.009386611520109 2.102918805818639 5.08666101073814 -3.3545879706851798 4.508424227308121 28.707111388832494 -1.5777734804354304 1
Car 563 1 -1.3746373373149914 625.8532 771.00446 813.5802 927.7039 1.5101438434750498 1.7371174306593855 4.137377377757774 -3.173824439549226 3.7124627505402303 20.43803900145762 -1.5286968863271335 1
bicycle 1646 1 0.5158499631410666 0.0 777.68835 87.13469 834.7789 1.1258745658494695 0.6537353833734526 1.7331326122198765 -19.636554538236478 4.408982350058537 31.774398546863647 -0.03769925969741972 1
bicycle 564 2 2.986550837748492 1187.6577 800.2829 1408.2843 945.16144 1.1947097521058354 0.7069326156187679 1.8911878314963964 3.064508245214894 2.8554008349077686 13.74668843600144 -3.0772939960199217 1
Cyclist 993 1 1.1347338369225177 997.432 774.8289 1056.7166 853.44916 1.8022844935331073 0.8224669913609022 1.919565832173207 1.7151413915442864 5.847948632904247 39.308368162172975 1.1783391622844142 1
bicycle_rack 565 1 2.8971161579741938 1067.7507 787.3989 1325.0219 950.7467 1.2705607108372834 2.349072027545157 2.1050683586263146 2.33294665183804 3.084477592661474 15.42447343232567 -3.2359572464952047 1
Car 569 1 -1.0972233019843225 0.0 766.3382 614.5661 1215.0 1.2199877842366915 1.7471387171579407 3.68099275242804 -2.7632803850531538 1.966173522630836 6.0132173598219225 -1.5279777106183536 1
Car 997 1 -2.1895361015680366 635.92676 758.94214 778.36536 834.86414 1.551848208790472 1.7792429545627089 3.9244009313270998 -6.781443727122748 5.290569492445562 39.695941975296115 -2.358737386441935 1
Car 1645 2 2.1579158715558564 0.0 750.6271 10.903731 854.9638 1.4211633797378318 1.7454062964582482 3.8969310503480727 -19.290905196804452 3.8659983744006965 27.104379489818538 1.5393630513523169 1
moped_scooter 561 0 -0.2351487026857932 1157.6134 740.62085 1423.9093 963.98285 1.6562361942204094 0.8009715365026138 1.943332567746835 2.598116194867881 2.61320649433122 11.945768672185556 -0.020991304012451195 1
moped_scooter 562 1 3.0582016771817764 1047.3054 774.7306 1168.4558 900.9122 1.6140889157617768 0.5968327661681743 1.581980688334736 1.9651686208959633 3.66629163696169 20.173372196636187 -3.1278760363596865 1
Pedestrian 572 0 -1.9955731320634464 1756.6674 684.764 1935.0 1103.2771 1.7241169136449042 0.6216713893813818 0.8649737541705655 4.100814886147728 2.0134630833302873 6.760992640825019 -1.4503584193991315 1
Pedestrian 574 1 1.5066123275328032 1168.6372 769.08014 1212.553 894.88495 1.851671847958594 0.6333647733024274 0.5683241969257985 3.52766616473657 4.1024930376127875 23.034527967333396 -4.6246068254570005 1
Car 575 1 -1.2774668051971838 406.39798 766.6804 740.6323 1017.60284 1.4516878707515855 1.7085023640171502 3.6257951275943023 -3.0716541831696906 2.8229428843270425 12.606670723218803 -1.5164630361619826 1
Car 996 2 -1.4898150986091534 769.2517 773.09436 855.99316 856.53424 1.4963598955693054 1.7326269215482644 3.5724903604045206 -3.428247370814484 5.144664191125965 35.014599129840256 -1.5874131127582491 1
Car 1644 1 2.496894539917431 11.014649 743.99005 221.25443 820.16974 1.4277847663440721 1.760512176976701 4.485744357133343 -21.334942302561302 4.642790017383028 37.963445887917196 -4.2982900292006825 1
bicycle 1003 0 -1.7095612698037184 1401.8694 802.42395 1496.1588 935.043 1.1607513246407182 0.7183470478431316 2.7261987204488562 5.9094203709429 3.4945355270558394 18.254702920380627 -1.3964871284130647 1
