bicycle 211 2 0.07686626368314302 1031.0187 788.2854 1127.1584 851.7872 1.5019862176750303 1.2054308826969786 2.4920989320001277 3.1815113670188104 5.9824166558700735 40.21963506864014 0.15580532460497065 1
bicycle 559 1 -2.85760284785729 1074.4802 786.1622 1252.2761 926.42206 1.3975871069243453 0.8332321986698941 1.8958042136346396 2.3550354898637895 3.3595216665291403 17.427847325078304 -2.7232858583499753 1
bicycle 979 2 2.7074957622901867 1096.9543 813.46643 1242.8754 914.7855 1.1116566111263335 0.4484431696305304 1.7778955070726055 2.603158797359494 3.5221117573715386 18.642973315313593 -3.436954381887177 1
bicycle 560 2 3.031348582043471 1042.048 794.1825 1182.3945 893.9596 1.3255608091309958 0.6370193807381 1.9312053026831848 2.136567257133661 3.7751038841233906 21.310666966550162 -3.1519125217418194 1
bicycle 980 2 3.073116482894369 1056.4229 810.9951 1171.6425 891.08295 1.1025663577626674 0.5977787253624451 1.6820184944889631 2.2786974053980553 3.9344912243884824 22.43069882571877 -3.1088278088550174 1
bicycle_rack 984 2 -0.055728453514184734 1020.5583 790.64233 1177.4583 895.06714 1.288712154361265 2.9649060360392094 2.4213298625045985 2.204972823462346 4.206777889297261 24.80712054803382 0.03292324653142753 1
bicycle_rack 994 2 3.1157251172014586 1011.0331 797.8598 1103.9037 880.78687 1.3086532399981503 1.2213839134951305 1.6307417227611876 1.7141098238213839 4.495700920427639 26.91463109147467 -3.103859171190894 1
bicycle_rack 985 2 3.1246724633701093 999.3446 799.41583 1088.1404 878.1022 1.3086532399981503 1.3397680786668806 1.660935663878201 1.5690633249683348 4.737431182821101 28.68061123995122 -3.103859171190894 1
moped_scooter 986 2 3.0624583194501236 1072.1743 767.97614 1205.0604 903.1518 1.737619542029324 0.6198454826438172 1.7467593395897403 2.3912373609933493 3.7119619888971047 20.292726816978234 -3.1034307382408572 1
moped_scooter 987 2 -0.06831771248028813 1038.6075 806.7613 1158.2122 886.7974 1.1388358164760486 0.5977787253624451 1.7987934225113567 2.1008240430932634 3.980585297535242 23.04842762104399 0.022579376985546462 1
moped_scooter 988 2 3.1281876834666034 1010.6308 801.98224 1096.6073 876.99384 1.3086532399981503 0.506480044419207 1.578228532013491 1.7093209173848498 4.629631689711785 27.754303498969566 -3.0934877157903804 1
Pedestrian 572 2 -2.045724329847877 1870.9401 693.18695 1935.0 1136.9893 1.7241169136449042 0.6216713893813818 0.4396062460639703 4.175067795334814 2.0163941273865094 6.144454118709552 -1.448899539644104 1
rider 995 1 1.135950953104154 1014.12396 776.9084 1055.9098 847.55927 1.6837104366199063 0.819103046676298 0.7782905343836388 1.8891271223905883 5.6361041162630965 38.368266429318915 1.1851479312431787 1
Car 992 1 -1.4578936315097524 703.3622 742.6017 849.80927 886.41516 2.009386611520109 2.102918805818639 5.08666101073814 -3.2857842409088183 4.383685894269686 27.616714100973862 -1.576315045001317 1
Car 563 1 -1.3699607417202397 614.8551 765.7565 812.81354 929.25555 1.5101438434750498 1.7371174306593855 4.137377377757774 -3.0993715456648308 3.549217592605774 19.543602457684717 -1.5272384831361676 1
bicycle 1646 1 0.5288646984459953 0.0 756.6278 64.73731 814.83435 1.1258745658494695 0.6537353833734526 1.7331326122198765 -19.596521931000677 3.879774683124011 30.90522499673598 -0.036240584354114924 1
bicycle 564 2 2.9752540229427917 1199.6165 805.50934 1437.5543 961.68146 1.1947097521058354 0.7069326156187679 1.8911878314963964 3.028801679603296 2.7924817661576453 12.814623691979481 -3.0758355297272537 1
Cyclist 993 1 1.1311873116959599 1004.1342 775.1128 1065.0762 855.7252 1.8022844935331073 0.8224669913609022 1.919565832173207 1.8666490918003031 5.761353244045159 38.37002542707977 1.1797976153375913 1
Cyclist 982 1 1.0404563926829211 815.7292 758.01483 902.94666 848.2636 1.9166778272315412 0.9249968113541406 2.6982868460480867 -2.559953195530581 5.349681795170692 37.19164965498978 0.971733390148783 1
bicycle_rack 565 1 2.8847527286710113 1080.9772 789.3462 1356.6195 963.68146 1.2705607108372834 2.349072027545157 2.1050683586263146 2.407941740966807 3.010635860865718 14.55668064478327 -3.23449874838005 1
Car 569 1 -1.040032987711441 0.0 746.84625 582.5607 1215.0 1.2199877842366915 1.7471387171579407 3.68099275242804 -2.7054293571787236 1.7902203109929586 5.115366568011913 -1.5265189592780721 1
Car 575 1 -1.259205362480975 357.1284 757.5029 727.40186 1028.2731 1.4516878707515855 1.7085023640171502 3.6257951275943023 -3.0585736637951566 2.6534419127379945 11.695006145089177 -1.5150043031152265 1
Car 1644 1 2.4374747773548724 0.0 729.2509 185.45743 806.8055 1.4277847663440721 1.760512176976701 4.485744357133343 -21.410731677823026 4.137100702302078 36.418493501028124 -4.377191568749316 1
Car 997 1 -2.187918597849889 634.2425 757.85675 779.6884 835.4342 1.551848208790472 1.7792429545627089 3.9244009313270998 -6.641648496110019 5.18432868178399 38.840377885908296 -2.357279101986024 1
moped_scooter 561 0 -0.2554071436229861 1179.9446 742.1437 1471.5829 985.60516 1.6562361942204094 0.8009715365026138 1.943332567746835 2.6430641021749564 2.551288403441708 10.996804915837783 -0.019532795175792428 1
moped_scooter 562 1 3.0519213732380095 1055.9387 773.365 1183.4073 905.869 1.6140889157617768 0.5968327661681743 1.581980688334736 2.0228693904742503 3.553339677059198 19.222903668848446 -3.1264175652148904 1
Pedestrian 574 1 1.5173626726139808 1185.4867 767.51965 1231.0804 899.16925 1.851671847958594 0.6333647733024274 0.5683241969257985 3.635337868183878 3.983754231353636 22.038543517894755 -4.60234115203647 1
rider 991 1 1.037196025782962 827.1427 759.9992 876.3757 837.8458 1.8056756947039365 0.9219269111224403 0.8559058171317624 -2.7428180611546806 5.2431127357403575 37.43485475551725 0.9640576182151244 1
Car 996 2 -1.4849533451333508 762.2412 772.87396 852.4093 858.96173 1.4963598955693054 1.7326269215482644 3.5724903604045206 -3.4435769445791307 5.036582084473495 33.978373078230945 -1.5859546307993742 1
bicycle 1003 0 -1.7262410885031996 1427.6365 813.8913 1531.9125 956.70496 1.1607513246407182 0.7183470478431316 2.7261987204488562 5.941601273711515 3.521884247573551 17.278095148062096 -1.3950282413142927 1
