bicycle 211 2 0.07214981886831244 1023.9 787.99304 1126.4944 855.8897 1.5019862176750303 1.2054308826969786 2.4920989320001277 2.8794385871668995 5.689157973105097 37.612477746449365 0.1485561939083595 1
bicycle 559 1 -2.8801253875739365 1081.9994 785.0221 1291.2847 951.3575 1.3975871069243453 0.8332321986698941 1.8958042136346396 2.229170870702756 3.0627154789715445 14.790486303797877 -2.7305347444179544 1
bicycle 979 2 2.6752911520933886 1123.2045 818.8404 1292.8096 937.9625 1.1116566111263335 0.4484431696305304 1.7778955070726055 2.641763185479578 3.2480478295721333 15.994352612804748 -3.444203509217381 1
bicycle 560 2 3.013951647345817 1047.3353 800.51575 1208.3667 915.1261 1.3255608091309958 0.6370193807381 1.9312053026831848 2.062246817130054 3.5562433703533927 18.659675461146826 -3.159161465071385 1
bicycle 980 2 3.0613528137364954 1055.614 818.07965 1186.542 909.0133 1.1025663577626674 0.5977787253624451 1.6820184944889631 2.1032417989883765 3.7034260884418657 19.81344874630096 -3.1160763059479915 1
Cyclist 982 0 0.8857520229395641 822.31006 761.43207 930.9032 861.72687 1.9166778272315412 0.9249968113541406 2.6982868460480867 -1.9181714652928814 5.089420863361042 33.443972998009386 0.8284600173707615 1
bicycle_rack 984 2 -0.0713618726899665 1023.5261 792.3398 1202.369 910.1647 1.288712154361265 2.9649060360392094 2.4213298625045985 2.158100587962322 3.9404677137018846 22.170214103210345 0.02567474984033069 1
bicycle_rack 985 2 3.116135496400358 997.10535 800.0333 1095.0415 886.77136 1.3086532399981503 1.3397680786668806 1.660935663878201 1.4595765013790463 4.442419595571298 26.06381248211011 -3.11110812471232 1
moped_scooter 561 0 -0.3338424542878936 1246.23 725.1713 1642.531 1049.6074 1.6562361942204094 0.8009715365026138 1.943332567746835 2.6395290728794945 2.2429882271813018 8.324234330735656 -0.026781691449129452 1
moped_scooter 986 2 3.032550910939522 1096.316 767.21094 1250.5194 922.6331 1.737619542029324 0.6198454826438172 1.7467593395897403 2.489683332563543 3.451489314810904 17.67284336446938 -3.110679184193038 1
moped_scooter 987 2 -0.08049439239034978 1038.31 811.7759 1173.7971 902.2905 1.1388358164760486 0.5977787253624451 1.7987934225113567 1.9626938177778026 3.7295830655449302 20.41928138847885 0.015330854129805838 1
moped_scooter 988 2 3.1146980404863087 1015.6744 802.42163 1110.7632 885.295 1.3086532399981503 0.506480044419207 1.578228532013491 1.7046629065476475 4.324763838185521 25.12232678676987 -3.1007366199102657 1
rider 991 0 0.9048060850325814 834.65894 762.13074 890.27313 848.74927 1.8056756947039365 0.9219269111224403 0.8559058171317624 -2.232470982162779 4.963631785554936 33.78632108362029 0.8388258196351068 1
Car 563 1 -1.3452886776096165 538.9882 766.7264 781.2913 962.15436 1.5101438434750498 1.7371174306593855 4.137377377757774 -3.1981167636624708 3.2931586589858095 16.701352909044946 -1.534486853882104 1
Car 992 1 -1.4475906598290573 665.3008 738.42676 831.0545 898.4746 2.009386611520109 2.102918805818639 5.08666101073814 -3.414821075751847 4.098272937028483 24.95901433130387 -1.5835635760514357 1
bicycle 564 2 2.9002037595213177 1272.5245 807.8496 1587.7913 1010.247 1.1947097521058354 0.7069326156187679 1.8911878314963964 3.0840391390977016 2.464786176199956 9.973486970208848 -3.0830842167598247 1
Cyclist 993 2 1.094597320918055 1043.1407 784.6831 1114.556 877.0088 1.8022844935331073 0.8224669913609022 1.919565832173207 2.644121497311308 5.530773770394372 33.85127579772141 1.1725489971284118 1
bicycle_rack 565 1 2.84263529135373 1100.601 785.7248 1456.9849 1007.91693 1.2705607108372834 2.349072027545157 2.1050683586263146 2.350994608515998 2.662555035758613 11.669578086004503 -3.2417475948749566 1
bicycle_rack 994 1 3.1046769946938078 1011.84485 797.69946 1115.3025 889.756 1.3086532399981503 1.2213839134951305 1.6307417227611876 1.6389201679340843 4.187579803931438 24.27942289046042 -3.11110812471232 1
Car 569 2 -0.6746496247556628 0.0 725.2634 316.31436 1215.0 1.2199877842366915 1.7471387171579407 3.68099275242804 -2.739239705730457 1.5041519695288215 2.3624535470699697 -1.533769061364318 1
Car 575 0 -1.187858586950503 113.96227 746.6384 660.39624 1120.2775 1.4516878707515855 1.7085023640171502 3.6257951275943023 -3.081658750154392 2.324518056644658 8.869518350127713 -1.522254314288249 1
moped_scooter 562 1 3.032285243449476 1064.494 772.1282 1213.03 925.6929 1.6140889157617768 0.5968327661681743 1.581980688334736 1.95592635667452 3.2791282142739298 16.607478065593863 -3.133666277031968 1
Pedestrian 574 1 1.492009785251903 1209.6566 776.40765 1262.9164 927.2389 1.851671847958594 0.6333647733024274 0.5683241969257985 3.544978854333856 3.8397062670680335 19.30736701774354 -4.609590435769899 1
rider 995 1 1.1003554785404013 1053.6338 786.7793 1101.5928 867.28186 1.6837104366199063 0.819103046676298 0.7782905343836388 2.631724012036264 5.4060546134860665 33.870483841466616 1.1778993074559492 1
Car 996 2 -1.480505930697364 739.1093 771.24445 839.0943 866.22614 1.4963598955693054 1.7326269215482644 3.5724903604045206 -3.5003486508534123 4.699684021039415 30.928088631335463 -1.593203393166877 1
Car 1644 2 2.3632851884735313 0.0 732.5308 20.243793 825.3056 1.4277847663440721 1.760512176976701 4.485744357133343 -21.965035419588766 3.818525353850905 30.855376580477987 -4.538548579503562 1
bicycle 1003 1 -1.78627942681597 1501.1147 812.89575 1643.5697 983.4183 1.1607513246407182 0.7183470478431316 2.7261987204488562 5.931417605986368 3.1826713408662166 14.67959151722015 -1.4022790195237915 1
Car 997 2 -2.1751354684735005 598.39856 756.90643 754.00836 840.39905 1.551848208790472 1.7792429545627089 3.9244009313270998 -6.931937017111152 4.921484111155456 36.16244870615146 -2.36452688393983 1
