bicycle 211 2 0.058039539528826706 1063.1798 788.1625 1196.6921 877.676 1.5019862176750303 1.2054308826969786 2.4920989320001277 3.2695739457786 4.738414805660964 28.838752814330668 0.17093180905900662 1
bicycle 979 1 2.461877755802412 1402.5562 826.8242 1781.091 1103.6969 1.1116566111263335 0.4484431696305304 1.7778955070726055 3.0137931631222505 2.1378582175688203 7.138646349193717 -3.4218279576490795 1
bicycle 980 2 2.9577977935637443 1193.5656 822.0811 1442.3383 990.8695 1.1025663577626674 0.5977787253624451 1.6820184944889631 2.5713473701367735 2.5843521281086472 10.899177615982955 -3.09370271655534 1
bicycle 981 2 2.9523796969036407 1073.0378 805.3531 1221.1753 913.9383 1.2537927321370599 0.5993928221174345 1.7680507464376165 2.3259390550424084 3.567143396170767 18.81347311428936 -3.207798227656199 1
Cyclist 982 1 0.604223568928023 944.2882 755.71185 1122.053 900.4268 1.9166778272315412 0.9249968113541406 2.6982868460480867 1.0855669134563248 4.04417225674502 23.1356549865497 0.6511109936827282 1
bicycle 212 0 -1.5816512937113716 943.85095 788.1151 968.90314 840.2842 1.336665113488222 0.7333526586155653 1.824696561178083 -0.15482297443805823 6.345500501640454 44.97513576405419 -1.5850936927225345 1
Cyclist 983 2 1.547274154555076 1338.6285 809.0928 1370.1998 881.44 1.571217119180961 0.744789969234816 1.92641037230366 10.16602100446303 6.465342633498551 38.711530684912546 -4.47910025601777 1
bicycle_rack 984 2 -0.15945076053316454 1128.6171 783.1144 1462.2555 988.6466 1.288712154361265 2.9649060360392094 2.4213298625045985 2.796867994785081 2.8570511950550026 13.284933703601459 0.048048337992435464 1
bicycle_rack 985 1 3.0657315979793687 1080.6859 793.9741 1235.4232 927.6305 1.3086532399981503 1.3397680786668806 1.660935663878201 2.220959511973422 3.329214589582598 17.158705841765652 -3.0887330702445084 1
moped_scooter 986 2 2.877924353622895 1292.8297 722.37195 1624.2023 1038.6584 1.737619542029324 0.6198454826438172 1.7467593395897403 2.883653895380042 2.333846601349758 8.791262668852305 -3.08830575713264 1
moped_scooter 987 1 -0.17809382760926987 1167.8171 814.84076 1417.5939 978.516 1.1388358164760486 0.5977787253624451 1.7987934225113567 2.523087954802471 2.6429813525678862 11.509819131602102 0.03770452305457561 1
moped_scooter 988 2 3.0605890802090236 1104.731 795.67834 1255.0283 925.00903 1.3086532399981503 0.506480044419207 1.578228532013491 2.3578624921106606 3.1971204089546545 16.233904121218064 -3.078361723489177 1
moped_scooter 989 2 -1.4969800121746253 1238.7623 821.4552 1280.6143 892.82904 1.1921608465799698 0.7274490892176632 1.8842436937879774 6.301064514456134 5.4671599224179745 31.520067284633786 -1.299674413192858 1
Pedestrian 990 2 3.0925533318516547 1383.6886 803.2566 1410.8807 876.6849 1.7853459246723136 0.5927419750507802 0.643523023899765 11.21801815276083 6.4189793773584105 38.48775786518552 -2.9070193304220107 1
rider 991 0 0.6240552588161351 971.8893 759.30914 1050.8525 885.4387 1.8056756947039365 0.9219269111224403 0.8559058171317624 0.7856474776656704 3.962543738977249 23.370701679521122 0.6576593730144444 1
Car 563 0 -1.1836071674679634 29.146454 724.25006 703.0561 1183.8785 1.5101438434750498 1.7371174306593855 4.137377377757774 -2.707893135691254 2.1785270679673223 7.944368799168787 -1.5121136045751917 1
bicycle 559 1 -3.1382504667397946 1383.356 752.14 1935.0 1198.8058 1.3975871069243453 0.8332321986698941 1.8958042136346396 2.70543754486867 1.9654420262389212 5.897660343369455 -2.7081598975332595 1
bicycle 560 1 2.888936579445306 1200.2495 788.80005 1520.369 1008.85175 1.3255608091309958 0.6370193807381 1.9312053026831848 2.5838296913581673 2.43649029752445 9.813027618307919 -3.136786443745388 1
Cyclist 993 2 1.3115421634622042 1270.728 775.10925 1368.0742 929.07 1.8022844935331073 0.8224669913609022 1.919565832173207 4.846987618147502 3.945690197980905 20.3689512064713 1.5451569853838603 1
bicycle_rack 565 2 2.3035415416721934 1548.3596 724.9719 1935.0 1215.0 1.2705607108372834 2.349072027545157 2.1050683586263146 2.670746728908364 1.542335657503973 2.8084532506530073 -3.2193729088796785 1
bicycle_rack 994 1 3.0446317889970285 1104.9156 789.4412 1276.3927 936.85913 1.3086532399981503 1.2213839134951305 1.6307417227611876 2.3225405472662435 3.073402954117447 15.385997987645283 -3.0887330702445084 1
Car 992 1 -1.3946904368202673 545.85345 705.0994 829.71045 954.9965 2.009386611520109 2.102918805818639 5.08666101073814 -2.725371962572738 3.016064572944982 16.217121917282107 -1.5611898323961486 1
moped_scooter 562 1 2.8716402626999558 1260.9636 731.90405 1601.7917 1066.2628 1.6140889157617768 0.5968327661681743 1.581980688334736 2.398809933822536 2.191537264933623 7.7477555733936345 -3.1112920016261483 1
Pedestrian 574 1 1.3204849681257897 1493.5369 732.26355 1610.1376 1013.62665 1.851671847958594 0.6333647733024274 0.5683241969257985 4.097781751407713 2.622018495351462 10.408409005927327 -4.587637505002183 1
rider 995 2 1.3080655841840532 1280.5054 778.891 1355.5725 911.3308 1.6837104366199063 0.819103046676298 0.7782905343836388 4.8441327295941505 3.8199999834249336 20.34496957539132 1.5418130609439191 1
Car 996 2 -1.4529471883188927 704.4047 755.1373 851.9394 888.8929 1.4963598955693054 1.7326269215482644 3.5724903604045206 -2.604907322113208 3.5675032995481843 21.995178658759418 -1.5708289362370234 1
Car 997 2 -2.1261948161208286 536.82 744.6134 735.21 854.0907 1.551848208790472 1.7792429545627089 3.9244009313270998 -6.067781725767451 3.928277936718974 27.658536186545867 -2.3421554625922383 1
rider 998 2 1.5481527269642807 1338.7131 811.761 1369.8231 877.2282 1.5685605024525777 0.7635899151656318 0.7117904451058008 10.177971437885356 6.464552350801661 38.74750712884101 -4.478161262266704 1
