bicycle 211 1 0.04183975531618453 1091.9829 777.44135 1243.8501 879.16205 1.5019862176750303 1.2054308826969786 2.4920989320001277 3.5165388031878844 4.170427235439723 25.34414213046033 0.17971102893576107 1
bicycle 979 2 2.154309569235698 1889.2375 843.02045 1935.0 1215.0 1.1116566111263335 0.4484431696305304 1.7778955070726055 3.150344429202683 1.7062651132352045 3.62228636127869 -3.4130488056709662 1
bicycle 980 1 2.841102035240525 1333.4386 823.95123 1723.6818 1080.44 1.1025663577626674 0.5977787253624451 1.6820184944889631 2.7284594773577537 2.121857042754378 7.311715235185021 -3.084924347974731 1
bicycle 981 2 2.9173358813018684 1121.8066 798.0849 1307.4384 932.7322 1.2537927321370599 0.5993928221174345 1.7680507464376165 2.5554858245357757 3.051779918829524 15.175489202136436 -3.199019002366752 1
Cyclist 982 1 0.5840704602194079 1059.3656 746.52454 1282.1505 927.66064 1.9166778272315412 0.9249968113541406 2.6982868460480867 2.5825313139716006 3.540307989896374 18.72502258139126 0.7211245587175621 1
bicycle 212 0 -1.5866954162513627 963.3229 789.0556 990.89056 845.8824 1.336665113488222 0.7333526586155653 1.824696561178083 0.42967432121981125 5.978625587300849 41.373160666477915 -1.5763104500619212 1
Cyclist 983 2 1.5156648316908514 1400.8658 814.0368 1438.8246 894.494 1.571217119180961 0.744789969234816 1.92641037230366 10.733284868231685 6.133144048033094 35.04511379185483 -4.4703208940013015 1
bicycle_rack 985 1 3.0252901380159978 1134.4557 787.19476 1336.6915 957.26294 1.3086532399981503 1.3397680786668806 1.660935663878201 2.4460453401901012 2.862842755560055 13.60098619531059 -3.079954081462142 1
moped_scooter 986 1 2.700414268454631 1506.7838 671.17505 1935.0 1204.0265 1.737619542029324 0.6198454826438172 1.7467593395897403 2.91960104842678 1.9129866438611371 5.303336057884984 -3.079527455855418 1
moped_scooter 987 1 -0.2795144886733793 1285.97 816.44775 1663.9194 1058.1833 1.1388358164760486 0.5977787253624451 1.7987934225113567 2.6791264452428214 2.197534237577352 7.925031365351727 0.04648292284657907 1
moped_scooter 988 1 3.01569916857337 1165.4576 789.77155 1361.6428 956.2892 1.3086532399981503 0.506480044419207 1.578228532013491 2.541650995843329 2.7401566909671837 12.674784527752733 -3.069582801204815 1
moped_scooter 989 2 -1.544658381876062 1326.7922 819.21606 1370.2095 900.7953 1.1921608465799698 0.7274490892176632 1.8842436937879774 7.171806636770624 4.915985713098996 27.652253913800756 -1.2908926685700368 1
Pedestrian 990 2 3.0595190517083948 1450.3389 808.92633 1481.7483 890.6653 1.7853459246723136 0.5927419750507802 0.643523023899765 11.699675619371515 6.097171123601928 34.673597728807124 -2.898239366048642 1
bicycle 560 1 2.7375026690037636 1371.0479 777.7433 1907.5452 1133.0149 1.3255608091309958 0.6370193807381 1.9312053026831848 2.750013011778218 1.992798295004787 6.1966961864041545 -3.1280074693191433 1
Cyclist 993 2 1.1716833160529385 1420.7583 760.5079 1584.4409 977.0718 1.8022844935331073 0.8224669913609022 1.919565832173207 5.253560902475475 3.2201733167824926 14.654947037624673 1.5158959913864165 1
bicycle_rack 984 1 -0.2376933213816153 1202.882 769.92834 1707.553 1061.6141 1.288712154361265 2.9649060360392094 2.4213298625045985 2.9412782036782574 2.3792727084302943 9.696244335554216 0.05682670608627638 1
bicycle_rack 994 1 2.991795500197621 1172.3594 781.7834 1405.1561 975.53955 1.3086532399981503 1.2213839134951305 1.6307417227611876 2.538974175278174 2.6188076208046476 11.828776442948591 -3.079954081462142 1
Car 563 1 -0.9852359749259448 0.0 689.15027 604.57526 1215.0 1.5101438434750498 1.7371174306593855 4.137377377757774 -2.5596390295814326 1.794750308009779 4.500728908455596 -1.5023352559396488 1
Car 992 0 -1.3590223552795515 435.49118 684.9472 824.33716 1010.21155 2.009386611520109 2.102918805818639 5.08666101073814 -2.4963055744197487 2.6241317973676876 12.746886146330064 -1.5524113636527943 1
Car 996 1 -1.4330350777245096 667.27277 753.2269 849.63293 915.5035 1.4963598955693054 1.7326269215482644 3.5724903604045206 -2.3898106163356574 3.2310192913780567 18.420605807507922 -1.5620501882564535 1
moped_scooter 562 1 2.6462075031276435 1524.9148 673.0168 1935.0 1215.0 1.6140889157617768 0.5968327661681743 1.581980688334736 2.4851080330942708 1.759770894737983 4.19831487498721 -3.102513345141533 1
Pedestrian 574 1 1.2513384786266268 1797.7557 702.27277 1935.0 1137.4436 1.851671847958594 0.6333647733024274 0.5683241969257985 4.262272732080217 2.2236680085720204 6.8388164943976815 -4.4745089993075755 1
rider 995 1 1.1659140507604449 1439.0065 766.9544 1553.3822 951.2226 1.6837104366199063 0.819103046676298 0.7782905343836388 5.250134381885038 3.1209798859551903 14.716476887479732 1.5085914154084388 1
rider 991 1 0.6070514745402956 1091.4397 751.023 1188.7819 906.5223 1.8056756947039365 0.9219269111224403 0.8559058171317624 2.2758529034702644 3.46238557925823 19.01450765869719 0.7261751260643696 1
rider 998 2 1.516666014874966 1401.5363 816.82184 1437.2871 889.4501 1.5685605024525777 0.7635899151656318 0.7117904451058008 10.731287339002964 6.122476393139536 35.046375845807034 -4.4693819041194605 1
