bicycle 211 2 0.05017295070979927 1078.0594 787.17444 1220.2041 882.85205 1.5019862176750303 1.2054308826969786 2.4920989320001277 3.414587852816976 4.524234026500256 27.040026434329405 0.17578708237474383 1
bicycle 559 1 2.990038276706433 1580.2858 732.73505 1935.0 1215.0 1.3975871069243453 0.8332321986698941 1.8958042136346396 2.7398770102219148 1.7489816360918407 4.093479398229187 -2.7033047960840557 1
bicycle 979 1 2.3391668212329497 1576.0156 841.4996 1935.0 1215.0 1.1116566111263335 0.4484431696305304 1.7778955070726055 3.084598324083978 1.9456295703306994 5.300402930159532 -3.416972718895127 1
bicycle 980 2 2.90354202294718 1259.9352 828.4229 1569.5763 1035.8591 1.1025663577626674 0.5977787253624451 1.6820184944889631 2.682811533918144 2.369217678838497 8.964243359373182 -3.0888479101176616 1
bicycle 981 2 2.9367622130513023 1095.4482 808.6067 1261.6211 930.11554 1.2537927321370599 0.5993928221174345 1.7680507464376165 2.434771833555659 3.3674779944806756 16.852792260189556 -3.2029429533094484 1
Cyclist 982 1 0.562438328737127 1003.3104 756.78107 1204.2041 919.2335 1.9166778272315412 0.9249968113541406 2.6982868460480867 1.9477596539518787 3.8528049526234556 20.764697631452123 0.6559661547080435 1
bicycle 212 0 -1.5839045158433893 953.87994 798.8241 980.1922 853.81915 1.336665113488222 0.7333526586155653 1.824696561178083 0.1579433455124722 6.450710597143034 43.055813317294195 -1.580236192686002 1
Cyclist 983 2 1.528551027699696 1374.9243 821.77014 1409.9135 898.8367 1.571217119180961 0.744789969234816 1.92641037230366 10.581496363499037 6.543299748240891 36.744375660237054 -4.474244902446429 1
bicycle_rack 985 1 3.048256014621452 1104.8348 794.98444 1281.2335 946.04834 1.3086532399981503 1.3397680786668806 1.660935663878201 2.326638650751046 3.128690305563188 15.285637162374055 -3.083877923963748 1
moped_scooter 987 1 -0.21940276910304746 1216.0508 817.057 1519.0126 1013.8497 1.1388358164760486 0.5977787253624451 1.7987934225113567 2.5871384461612448 2.421984251266908 9.649051167967539 0.04255934675320616 1
moped_scooter 988 2 3.040148317305654 1133.3882 798.0301 1304.7821 944.83765 1.3086532399981503 0.506480044419207 1.578228532013491 2.457981913230095 3.006565920790089 14.359602150132485 -3.0735066136725315 1
moped_scooter 989 2 -1.5266769088626133 1292.5803 825.82135 1334.9755 902.9102 1.1921608465799698 0.7274490892176632 1.8842436937879774 6.935489891435181 5.273919701537179 29.374560979124553 -1.2948177406985777 1
Pedestrian 990 2 3.072182370655287 1423.8243 816.48145 1453.2681 894.39984 1.7853459246723136 0.5927419750507802 0.643523023899765 11.620067360644796 6.497933350136924 36.421043837610405 -2.9021636472007604 1
rider 991 0 0.5844119738264547 1034.4539 759.4325 1121.7506 900.2039 1.8056756947039365 0.9219269111224403 0.8559058171317624 1.644036673980255 3.7518919777460096 21.0068936617494 0.6625145462069089 1
bicycle 560 1 2.823601851075522 1274.092 787.24426 1682.0396 1063.5615 1.3255608091309958 0.6370193807381 1.9312053026831848 2.6808788359172118 2.217382434253149 7.887172511367785 -3.1319313053105313 1
Cyclist 993 2 1.2324352294043917 1342.7329 770.4568 1470.3807 952.93634 1.8022844935331073 0.8224669913609022 1.919565832173207 5.114866002720818 3.5827260038123643 17.31243993678704 1.5197074885427861 1
bicycle_rack 984 1 -0.1956596824823999 1164.7358 780.4416 1572.2184 1025.1042 1.288712154361265 2.9649060360392094 2.4213298625045985 2.8896948810297696 2.6335356123729152 11.385196024973272 0.05290314416091024 1
bicycle_rack 994 1 3.0207788750341957 1136.3552 795.1721 1335.594 964.9396 1.3086532399981503 1.2213839134951305 1.6307417227611876 2.4364120740170683 2.920771450982499 13.501889085852728 -3.083877923963748 1
Car 992 0 -1.3759686271886373 492.94656 700.132 825.67426 987.1384 2.009386611520109 2.102918805818639 5.08666101073814 -2.620265353069653 2.861015759210807 14.3695840093575 -1.5563349732995895 1
Car 996 1 -1.442216540947504 685.76184 757.02026 850.1616 905.0103 1.4963598955693054 1.7326269215482644 3.5724903604045206 -2.501335312898618 3.4311060803005393 20.108313232650286 -1.5659739226646106 1
moped_scooter 562 1 2.78461983487838 1359.5132 716.2727 1825.7402 1161.0564 1.6140889157617768 0.5968327661681743 1.581980688334736 2.4345191823049612 1.9937174216463611 5.886948710016057 -3.1064370372684924 1
moped_scooter 986 2 2.81364252705523 1365.8514 704.3409 1794.556 1104.4813 1.737619542029324 0.6198454826438172 1.7467593395897403 2.8443464339851845 2.128473938036117 6.997271380097922 -3.0834509876655813 1
Pedestrian 574 1 1.33711858563914 1619.7118 719.9792 1765.3864 1065.4565 1.851671847958594 0.6333647733024274 0.5683241969257985 4.165148818734454 2.41745125540575 8.552267707646967 -4.492854717037927 1
rider 995 1 1.217388593374982 1357.3546 774.76135 1450.8171 931.0432 1.6837104366199063 0.819103046676298 0.7782905343836388 5.1182523171340595 3.4613725808179794 17.32347349599231 1.5046675690114357 1
Car 563 1 -1.0998786386889938 0.0 715.59735 658.2645 1215.0 1.5101438434750498 1.7371174306593855 4.137377377757774 -2.649206644135328 2.0110531456681073 6.139243245049329 -1.5072588525566297 1
Car 997 2 -2.1123075095051065 517.09644 740.9331 727.3816 857.87726 1.551848208790472 1.7792429545627089 3.9244009313270998 -5.928817480083608 3.7194264241681316 25.904892704112594 -2.3373011112693587 1
rider 998 2 1.529543539148026 1375.2635 825.06165 1408.8243 894.4776 1.5685605024525777 0.7635899151656318 0.7117904451058008 10.579296404889815 6.545077288287201 36.74413131330503 -4.47330591083584 1
