bicycle 211 1 0.01594332691965325 1132.753 774.6685 1307.4523 891.0793 1.5019862176750303 1.2054308826969786 2.4920989320001277 3.8452617919816436 3.8118354692789396 22.239643175043174 0.18715187089598495 1
bicycle 980 1 2.6244153213521164 1610.3253 834.08325 1935.0 1215.0 1.1025663577626674 0.5977787253624451 1.6820184944889631 2.8666647406983876 1.7621556137532806 4.363213786615216 -3.0774842523633974 1
bicycle 981 2 2.8764153254581912 1173.9811 795.5742 1407.1738 963.08167 1.2537927321370599 0.5993928221174345 1.7680507464376165 2.6747297357704363 2.689614763725812 12.237057992394732 -3.191578143380516 1
Cyclist 982 2 0.46791883391394856 1174.5992 735.1281 1460.8901 959.8026 1.9166778272315412 0.9249968113541406 2.6982868460480867 3.56897483097772 3.1256023561129194 15.17888034903551 0.6988517831178878 1
bicycle 212 0 -1.5889813164763553 976.80115 784.66296 1006.62274 845.66705 1.336665113488222 0.7333526586155653 1.824696561178083 0.7737880225768913 5.543349734223456 38.462819047255174 -1.5688662111301883 1
Cyclist 983 2 1.4897563829256537 1452.953 814.4627 1497.3165 902.73883 1.571217119180961 0.744789969234816 1.92641037230366 10.996445489218457 5.76345145281155 32.04667952322295 -4.462879942055938 1
bicycle_rack 985 1 2.9696224061964487 1203.119 784.2648 1472.995 1003.7589 1.3086532399981503 1.3397680786668806 1.660935663878201 2.6292625054955288 2.525774013081418 10.695480677079429 -3.0725134402326164 1
moped_scooter 987 1 -0.4497146647241179 1483.6207 816.94006 1935.0 1213.9529 1.1388358164760486 0.5977787253624451 1.7987934225113567 2.7399315036624263 1.8219214674877533 4.972334018184002 0.053923044912217 1
moped_scooter 988 1 2.946661201160351 1255.5306 787.6178 1517.3419 1005.2171 1.3086532399981503 0.506480044419207 1.578228532013491 2.7529215090963315 2.4071103544962518 9.780118273309423 -3.0621422183111022 1
moped_scooter 989 2 -1.5740727619181598 1384.9996 812.7545 1432.7208 903.9661 1.1921608465799698 0.7274490892176632 1.8842436937879774 7.3872691030382995 4.421261815584335 24.699031119969828 -1.2834497051748286 1
Pedestrian 990 2 3.031339300081854 1508.386 802.5926 1543.9486 892.00433 1.7853459246723136 0.5927419750507802 0.643523023899765 11.964838915199598 5.594050392901858 31.686548147467985 -2.8907978815058435 1
rider 991 1 0.48689203403007003 1229.9894 741.1549 1348.4647 934.5007 1.8056756947039365 0.9219269111224403 0.8559058171317624 3.369283719958854 3.0478717714485795 15.350336179095176 0.7029582200127189 1
bicycle 560 2 2.448389829621639 1737.0754 746.0118 1935.0 1215.0 1.3255608091309958 0.6370193807381 1.9312053026831848 2.8248444190909474 1.6168984502915256 3.2585275894022594 -3.1205668408486256 1
Cyclist 993 1 1.0010850222519476 1644.6643 741.43115 1935.0 1062.6426 1.8022844935331073 0.8224669913609022 1.919565832173207 5.513563328514283 2.665592216563579 10.092526241954658 1.501084344148106 1
bicycle_rack 984 1 -0.3659975943073965 1318.9117 754.0832 1935.0 1202.0045 1.288712154361265 2.9649060360392094 2.4213298625045985 3.1015046118715603 2.0070190881080343 6.757958310676403 0.06426680128506312 1
bicycle_rack 994 1 2.917560153577218 1260.7285 776.799 1589.0276 1038.8198 1.3086532399981503 1.2213839134951305 1.6307417227611876 2.6879412320476073 2.2809080157562396 8.906225463935034 -3.0725134402326164 1
Car 563 2 -0.47467672169033337 0.0 0.0 1935.0 1215.0 1.5101438434750498 1.7371174306593855 4.137377377757774 -2.462826504713938 1.4346196701394878 1.5119346902295592 -1.494893981976607 1
Car 992 0 -1.3142567959206026 259.9467 652.48663 817.1711 1087.0597 2.009386611520109 2.102918805818639 5.08666101073814 -2.304502920826879 2.237797842537633 9.810694475176991 -1.5449711658886534 1
Car 996 1 -1.4157263106943363 627.67126 734.24677 851.2215 926.42633 1.4963598955693054 1.7326269215482644 3.5724903604045206 -2.165605222509164 2.76082071344043 15.492584233610373 -1.5546097541237167 1
Car 215 1 -1.7176007799879085 815.30774 779.8194 885.6713 838.52704 1.4890177801246458 1.8465808639493537 3.8802863390248934 -3.8241411110007166 6.998354693135507 51.08576122368395 -1.7923187040909958 1
rider 995 1 1.0004073966071956 1689.0525 749.4216 1876.77 1020.447 1.6837104366199063 0.819103046676298 0.7782905343836388 5.521104848106186 2.558597528524351 10.090074077528534 1.501084344148106 1
rider 998 2 1.4907298573585877 1454.461 817.5074 1494.8274 897.0751 1.5685605024525777 0.7635899151656318 0.7117904451058008 10.99559378523822 5.752806924690132 32.04779766636324 -4.461940955449299 1
