bicycle 211 1 -0.009030173817132836 1144.7155 769.35333 1345.8324 902.457 1.5019862176750303 1.2054308826969786 2.4920989320001277 3.673539829075446 3.459773542584416 19.454261122104693 0.1776018843284779 1
Cyclist 982 2 0.634838711874665 1350.2228 716.6296 1736.2245 1029.9443 1.9166778272315412 0.9249968113541406 2.6982868460480867 4.300249483227509 2.697387661391074 11.343154376763163 0.9972036471506089 1
bicycle 212 0 -1.5901409938000102 963.0589 783.89777 995.3682 849.925 1.336665113488222 0.7333526586155653 1.824696561178083 0.4172316377517097 5.2187236508718 35.59702038691613 -1.5784205596680732 1
Cyclist 983 2 1.4614541799758562 1481.0559 807.3887 1532.7012 903.6061 1.571217119180961 0.744789969234816 1.92641037230366 10.682961614898266 5.275311000689165 29.329729628874883 -4.472430071539837 1
bicycle_rack 985 1 2.8873930891903865 1268.7073 775.5628 1659.8729 1078.9999 1.3086532399981503 1.3397680786668806 1.660935663878201 2.556892940600425 2.1749881683658305 7.880842139235892 -3.082063169982402 1
moped_scooter 988 1 2.8447366379669585 1353.2471 778.631 1735.0934 1086.7284 1.3086532399981503 0.506480044419207 1.578228532013491 2.67624016026052 2.0564895248391113 6.966894709187379 -3.0716918735190117 1
moped_scooter 989 2 -1.611563029425985 1427.0758 811.2522 1484.4712 913.56793 1.1921608465799698 0.7274490892176632 1.8842436937879774 7.286550539358067 4.0707537838168975 22.094335071458634 -1.2930024175939552 1
rider 991 1 0.6640207044705908 1398.6417 726.3591 1566.677 980.8213 1.8056756947039365 0.9219269111224403 0.8559058171317624 4.075431407947515 2.641312831616373 11.707158252842678 0.9990147944107641 1
bicycle 981 2 2.816696349382924 1218.0752 792.492 1525.3582 1012.2206 1.2537927321370599 0.5993928221174345 1.7680507464376165 2.560525921177543 2.349094204464009 9.4216660101132 -3.2011281497236093 1
bicycle_rack 984 1 -0.5959546548285284 1479.6559 727.29553 1935.0 1215.0 1.288712154361265 2.9649060360392094 2.4213298625045985 3.0548169716866846 1.6693727496039643 4.012811691538529 0.05471776901082426 1
bicycle_rack 994 1 2.7963205902643318 1368.1573 758.1205 1892.2866 1148.7329 1.3086532399981503 1.2213839134951305 1.6307417227611876 2.621027432292435 1.9122411093782978 6.117255235187152 -3.082063169982402 1
Car 992 1 -1.2251013418205272 0.0 572.795 759.3472 1215.0 2.009386611520109 2.102918805818639 5.08666101073814 -2.373747808588498 1.8563375163507039 6.953566213056215 -1.554068521851757 1
Car 996 1 -1.3872993671711715 527.9886 722.05536 818.76843 962.24896 1.4963598955693054 1.7326269215482644 3.5724903604045206 -2.2444828730626063 2.4286753534525483 12.55814634177598 -1.5641592185813125 1
Pedestrian 990 1 2.996588493767036 1549.4441 799.40076 1589.9558 897.79504 1.7853459246723136 0.5927419750507802 0.643523023899765 11.709467205712048 5.187740372212289 28.793122997515887 -2.9003486908682894 1
Car 215 1 -1.713576974391168 793.168 776.81866 867.1672 838.77094 1.4890177801246458 1.8465808639493537 3.8802863390248934 -4.279642565712573 6.613474518357518 48.34313218428051 -1.8018731792512652 1
rider 998 2 1.4622679842316195 1483.8329 810.6779 1529.2208 897.48004 1.5685605024525777 0.7635899151656318 0.7117904451058008 10.68720710592161 5.2664716441063595 29.329967010950067 -4.471491080728914 1
