bicycle 211 1 0.0025054353457009126 1139.7512 754.43365 1326.8438 877.209 1.5019862176750303 1.2054308826969786 2.4920989320001277 3.777757633180498 3.377966880599951 20.839448746971996 0.1818371064968738 1
Cyclist 982 2 0.631464797164341 1249.844 708.52136 1572.8701 969.69006 1.9166778272315412 0.9249968113541406 2.6982868460480867 3.88549714746392 2.7301034518398506 13.19383033782168 0.9178621231529762 1
bicycle 212 0 -1.5892177597761443 968.6001 770.66156 999.68195 833.5707 1.336665113488222 0.7333526586155653 1.824696561178083 0.5551457647535263 5.024592216806955 36.922354596207995 -1.5741834006920563 1
Cyclist 983 2 1.4747083812202835 1467.5001 790.77997 1515.6116 881.8018 1.571217119180961 0.744789969234816 1.92641037230366 10.824936048675173 5.076305402123174 30.57422077864117 -4.468194784027363 1
bicycle_rack 985 1 2.931000017443132 1232.1136 762.83954 1557.978 1019.0775 1.3086532399981503 1.3397680786668806 1.660935663878201 2.571323660074318 2.2178981976744163 9.135831599859685 -3.0778280608013073 1
moped_scooter 987 2 -0.6290395984388033 1705.6758 807.54596 1935.0 1215.0 1.1388358164760486 0.5977787253624451 1.7987934225113567 2.763368374625657 1.6000120018195836 3.4336969045923817 0.04860879703398546 1
moped_scooter 988 1 2.900935181933911 1295.7758 767.188 1612.6731 1025.894 1.3086532399981503 0.506480044419207 1.578228532013491 2.6759040831737324 2.120162473615708 8.21785256422879 -3.0674567970275106 1
moped_scooter 989 2 -1.5940873768152675 1407.5984 795.56805 1459.891 891.51965 1.1921608465799698 0.7274490892176632 1.8842436937879774 7.301381328200848 3.9508346460992128 23.166007254330577 -1.2887659831149523 1
Pedestrian 990 2 3.0168403052439245 1523.0171 782.61066 1560.8585 875.9718 1.7853459246723136 0.5927419750507802 0.643523023899765 11.72114159796763 5.008750727394588 30.199012129242476 -2.896113105964358 1
rider 991 1 0.6323088213538 1303.0822 713.52167 1445.6677 932.76306 1.8056756947039365 0.9219269111224403 0.8559058171317624 3.7104832898840776 2.63905878353857 13.440867971218502 0.9016600503134149 1
bicycle 981 2 2.845179868553365 1197.3373 780.9202 1466.9998 973.2357 1.2537927321370599 0.5993928221174345 1.7680507464376165 2.621884459454096 2.4025508179816057 10.662567450170808 -3.1968929211059294 1
Cyclist 993 2 0.9878487452545226 1798.851 702.9275 1935.0 1099.6202 1.8022844935331073 0.8224669913609022 1.919565832173207 5.498466045365307 2.2772359788948258 8.13805780628838 -4.7011415586345136 1
bicycle_rack 984 1 -0.4678800524656461 1383.1145 732.8704 1935.0 1215.0 1.288712154361265 2.9649060360392094 2.4213298625045985 3.026461658830958 1.7763773979216235 5.203054796433678 0.05895257259704412 1
bicycle_rack 994 1 2.8609912979735 1308.7892 755.15656 1723.8074 1073.3772 1.3086532399981503 1.2213839134951305 1.6307417227611876 2.6371554748636306 2.0067251843058975 7.35286693005164 -3.0778280608013073 1
Car 992 0 -1.2684370798493148 46.573154 619.3367 783.6674 1151.2678 2.009386611520109 2.102918805818639 5.08666101073814 -2.378284942762827 1.9883863207012178 8.213540198676146 -1.55028546944577 1
Car 996 1 -1.4011158077684778 578.2528 719.5342 832.8904 931.23376 1.4963598955693054 1.7326269215482644 3.5724903604045206 -2.2376152866410854 2.494144640116663 13.97137903660134 -1.5599242264829465 1
rider 995 2 0.976962985255077 1859.3457 706.6855 1935.0 1041.4237 1.6837104366199063 0.819103046676298 0.7782905343836388 5.50910379396954 2.148253035039891 8.10339005106104 -4.7091470548249195 1
Car 215 1 -1.715897305690262 803.7911 768.966 876.1914 828.62976 1.4890177801246458 1.8465808639493537 3.8802863390248934 -4.059417208881799 6.464938185660951 49.55271567595615 -1.7976359656196914 1
rider 998 2 1.4755938698880895 1469.6647 794.8208 1512.6301 877.6031 1.5685605024525777 0.7635899151656318 0.7117904451058008 10.825937832175164 5.092091548988066 30.57185141355664 -4.467255795081751 1
