bicycle 211 1 -0.026385630666831472 1154.7377 799.6506 1374.5875 947.7007 1.5019862176750303 1.2054308826969786 2.4920989320001277 3.5952133076004524 3.6861675490170827 17.884120080381624 0.17199843236337564 1
bicycle 981 1 2.757033101251592 1273.12 827.18463 1650.3635 1098.852 1.2537927321370599 0.5993928221174345 1.7680507464376165 2.576359106385296 2.3557020631813783 7.789527926316911 -3.206731604541429 1
Cyclist 982 2 0.6454107078521105 1480.2926 728.22186 1935.0 1130.0209 1.9166778272315412 0.9249968113541406 2.6982868460480867 4.584234701725013 2.655042204988694 9.273536424552194 1.1045161482654278 1
bicycle 212 0 -1.59233765704056 957.112 816.4866 991.2037 887.7221 1.336665113488222 0.7333526586155653 1.824696561178083 0.28184672962565 5.798690045355968 33.91139718148162 -1.5840265798336832 1
Cyclist 983 2 1.442866323962611 1500.6426 846.69226 1557.6173 951.8999 1.571217119180961 0.744789969234816 1.92641037230366 10.488138715743581 5.827110970664682 27.67214804847415 -4.478033614734624 1
bicycle_rack 985 1 2.813980703476058 1332.6582 801.52057 1847.7482 1193.5841 1.3086532399981503 1.3397680786668806 1.660935663878201 2.546943456536082 2.1427249036706773 6.348355999805206 -3.0876664746841054 1
moped_scooter 988 1 2.7541040389908593 1446.6791 815.4157 1935.0 1215.0 1.3086532399981503 0.506480044419207 1.578228532013491 2.6271192726800336 2.03708332853222 5.414358947350189 -3.077332795808489 1
Pedestrian 990 2 2.9764719485534656 1573.302 838.9799 1617.0586 944.3321 1.7853459246723136 0.5927419750507802 0.643523023899765 11.517036963436485 5.728692939609897 27.182682143193993 -2.9059526174572756 1
rider 991 1 0.6769146281707038 1536.4592 741.6924 1748.4343 1055.0239 1.8056756947039365 0.9219269111224403 0.8559058171317624 4.382050119419866 2.605216079904322 9.64758881644659 1.1032656881390488 1
bicycle_rack 984 2 -0.8320793739298723 1659.7081 758.51544 1935.0 1215.0 1.288712154361265 2.9649060360392094 2.4213298625045985 3.018134437795265 1.6487070645282926 2.4889569960329805 0.04911485950520711 1
bicycle_rack 994 1 2.6815161619318655 1475.9663 784.4806 1935.0 1215.0 1.3086532399981503 1.2213839134951305 1.6307417227611876 2.5772244799399733 1.8655023811462328 4.564484170796307 -3.0876664746841054 1
Car 992 1 -1.1433997778732732 0.0 536.3909 715.4696 1215.0 2.009386611520109 2.102918805818639 5.08666101073814 -2.3784962103856304 1.842455997563251 5.375160825282318 -1.5599972872529348 1
Car 996 1 -1.3598047144890586 438.9547 744.4244 789.15424 1035.1136 1.4963598955693054 1.7326269215482644 3.5724903604045206 -2.3344822551282367 2.5147989544900886 10.954961208394439 -1.5697623697331509 1
moped_scooter 989 1 -1.6308636798795026 1446.316 845.0216 1511.4491 959.56445 1.1921608465799698 0.7274490892176632 1.8842436937879774 7.0505913488048515 4.347861203426541 20.433670063562793 -1.2986074819019309 1
Car 215 0 -1.7086670650624498 776.1627 808.4124 852.6211 875.9616 1.4890177801246458 1.8465808639493537 3.8802863390248934 -4.608998383441127 7.45231080634066 46.49211277346027 -1.8074792680557865 1
rider 998 1 1.4443190028487916 1503.1669 851.1312 1551.9946 944.207 1.5685605024525777 0.7635899151656318 0.7117904451058008 10.502346338609412 5.832818038940326 27.752642388731125 -4.477094621453917 1
