bicycle 211 1 -0.03789713271254999 1161.9191 791.73413 1395.3699 947.93085 1.5019862176750303 1.2054308826969786 2.4920989320001277 3.5455772379220236 3.477119146961285 16.90068080070539 0.16889298277394404 1
bicycle 981 1 2.7174631407994867 1308.1925 814.83905 1741.2006 1124.53 1.2537927321370599 0.5993928221174345 1.7680507464376165 2.547882176107478 2.170026323237345 6.854448429590787 -3.2098370529271385 1
Cyclist 982 2 0.539200472812964 1571.1943 707.3141 1935.0 1179.6063 1.9166778272315412 0.9249968113541406 2.6982868460480867 4.693427697153107 2.4331598099210865 7.965588545097013 1.0716505389665762 1
bicycle 212 0 -1.5912281677792004 950.3827 812.5405 985.3715 885.6884 1.336665113488222 0.7333526586155653 1.824696561178083 0.1349482657826543 5.587112791600067 32.956530657273404 -1.5871334554754626 1
bicycle_rack 985 1 2.773168966567961 1356.4272 782.0403 1935.0 1215.0 1.3086532399981503 1.3397680786668806 1.660935663878201 2.415342624439999 1.95288197469671 5.41961678597039 -3.0907718437541383 1
moped_scooter 988 1 2.6684734144301716 1548.6448 800.7258 1935.0 1215.0 1.3086532399981503 0.506480044419207 1.578228532013491 2.648585276900494 1.8703605122516065 4.476439172398066 -3.0804381680945214 1
moped_scooter 989 2 -1.6477275905014104 1466.6221 834.8207 1537.8885 954.2813 1.1921608465799698 0.7274490892176632 1.8842436937879774 7.0159652480107075 4.065014714131639 19.46080952627497 -1.3017138291395216 1
Pedestrian 990 1 2.9616007992037785 1593.1105 818.3395 1639.0149 926.71265 1.7853459246723136 0.5927419750507802 0.643523023899765 11.506914756860743 5.233352987174873 26.293231875885986 -2.9090583274804946 1
rider 991 1 0.5719538044031655 1654.6644 721.238 1905.3514 1087.3574 1.8056756947039365 0.9219269111224403 0.8559058171317624 4.523297289637537 2.3778905869949756 8.285811560270787 1.0716505389665762 1
Cyclist 983 1 1.4229623514302157 1527.3223 832.4811 1589.0327 940.7095 1.571217119180961 0.744789969234816 1.92641037230366 10.619035783557516 5.413519199926689 26.657498822048545 -4.481139117212223 1
bicycle_rack 994 1 2.577772096789926 1582.02 772.3846 1935.0 1215.0 1.3086532399981503 1.2213839134951305 1.6307417227611876 2.557807991187231 1.7302745422333712 3.623727342391261 -3.0907718437541383 1
Car 992 1 -1.0601388159420373 0.0 397.7661 669.0206 1215.0 2.009386611520109 2.102918805818639 5.08666101073814 -2.4293882623495184 1.726214434159572 4.415806639693258 -1.563102787321123 1
Car 996 1 -1.3369792985764675 362.80905 734.17816 767.5379 1059.235 1.4963598955693054 1.7326269215482644 3.5724903604045206 -2.37346633333538 2.348606304246009 9.874500327782583 -1.5728676543563143 1
rider 998 1 1.424241392756854 1530.9496 836.1124 1582.6997 932.2767 1.5685605024525777 0.7635899151656318 0.7117904451058008 10.639188147828811 5.405806813642817 26.734527697668955 -4.480200122561877 1
Car 215 0 -1.706904958458507 768.1172 806.8542 846.06 875.79565 1.4890177801246458 1.8465808639493537 3.8802863390248934 -4.7354341314065875 7.282255567300513 45.50924048655728 -1.8105861799342806 1
