bicycle 211 1 -0.04172646855575779 1162.6395 781.7193 1401.2634 940.28906 1.5019862176750303 1.2054308826969786 2.4920989320001277 3.505480835028167 3.3217500131549853 16.551847483676752 0.16697748163296477 1
bicycle 981 1 2.6969234958799855 1325.8965 797.0719 1789.3282 1126.1234 1.2537927321370599 0.5993928221174345 1.7680507464376165 2.5300733430242848 2.0364349491863516 6.436864436544223 -3.211752552335863 1
Cyclist 982 2 0.5426983420962712 1619.1873 683.31744 1935.0 1186.3203 1.9166778272315412 0.9249968113541406 2.6982868460480867 4.729418478910115 2.2625895286932862 7.440744572643657 1.1088916176737 1
bicycle 212 0 -1.5908925616854668 946.82166 805.6683 982.2194 879.3657 1.336665113488222 0.7333526586155653 1.824696561178083 0.05998146340537941 5.382434545162982 32.55038716671784 -1.5890498371978452 1
bicycle_rack 985 1 2.7301785391732216 1401.7322 772.13635 1935.0 1215.0 1.3086532399981503 1.3397680786668806 1.660935663878201 2.477172850697916 1.870406283790401 4.995843926451647 -3.0926872956191502 1
moped_scooter 988 1 2.6247855988313713 1600.864 778.0242 1935.0 1215.0 1.3086532399981503 0.506480044419207 1.578228532013491 2.6375178078489347 1.755111068500194 4.0606439503912 -3.0823536219197543 1
moped_scooter 989 2 -1.6542852639917682 1473.3485 825.8572 1547.073 946.6714 1.1921608465799698 0.7274490892176632 1.8842436937879774 6.987724058805989 3.894383160659809 19.10407561972169 -1.3036298854104493 1
rider 991 1 0.6001311749792324 1703.767 695.04913 1935.0 1081.7506 1.8056756947039365 0.9219269111224403 0.8559058171317624 4.556004691931992 2.1979520602269753 7.77850229276316 1.129982616173927 1
Cyclist 983 1 1.4178088054265725 1532.2045 823.5634 1595.482 932.73395 1.571217119180961 0.744789969234816 1.92641037230366 10.56251690979133 5.196664558787285 26.26789453702448 -4.483054651799444 1
bicycle_rack 994 2 2.5126293831228947 1658.0004 748.038 1935.0 1215.0 1.3086532399981503 1.2213839134951305 1.6307417227611876 2.5804669125668624 1.6260712953828498 3.204982458429834 -3.0926872956191502 1
Car 992 1 -1.0197587686463643 0.0 284.50262 651.93555 1215.0 2.009386611520109 2.102918805818639 5.08666101073814 -2.4141904435479904 1.6837816740751714 3.9798610385322704 -1.5650183202747443 1
Car 996 1 -1.3313245948629255 338.90353 727.46594 761.60345 1062.7081 1.4963598955693054 1.7326269215482644 3.5724903604045206 -2.37453288889538 2.274794367879885 9.55987319237255 -1.5747830543599326 1
Pedestrian 990 1 2.956047554235947 1599.1547 808.38995 1645.9764 918.09894 1.7853459246723136 0.5927419750507802 0.643523023899765 11.4515544636865 5.008895226090049 25.90971890176946 -2.9109739883343204 1
Car 215 0 -1.7061732970018957 763.83136 799.861 842.38 868.74835 1.4890177801246458 1.8465808639493537 3.8802863390248934 -4.815875392967582 7.014311493316949 45.12126965740996 -1.8125025833666537 1
rider 998 1 1.4192231210965192 1535.8394 827.09174 1588.601 924.38745 1.5685605024525777 0.7635899151656318 0.7117904451058008 10.579108372939968 5.189229120472877 26.34532635230493 -4.482115656303978 1
