bicycle 211 0 -0.07624983130881866 1190.4159 765.33307 1468.781 947.6473 1.5019862176750303 1.2054308826969786 2.4920989320001277 3.4628513722928016 2.9230860626724198 14.338474584346725 0.16072020452004843 1
bicycle 981 2 2.5459365027246754 1476.9855 776.6466 1935.0 1215.0 1.2537927321370599 0.5993928221174345 1.7680507464376165 2.4810812914870812 1.731456301143336 4.340956322093415 -3.218009818530148 1
bicycle 212 0 -1.5934932984651111 940.0987 793.55566 978.1398 871.70044 1.336665113488222 0.7333526586155653 1.824696561178083 -0.05536735094673089 4.877742703450696 30.476890772346838 -1.5953099959244752 1
bicycle_rack 985 2 2.4812485083254248 1649.0143 726.28265 1935.0 1215.0 1.3086532399981503 1.3397680786668806 1.660935663878201 2.460523536090948 1.5532772970901634 2.903558157924128 -3.098944413842288 1
moped_scooter 989 1 -1.6960129951254777 1526.1263 808.41364 1617.7662 943.5895 1.1921608465799698 0.7274490892176632 1.8842436937879774 6.878249675779249 3.3916490020796104 16.91936477506875 -1.309888983564952 1
Pedestrian 990 1 2.9198732055015384 1650.4958 788.3379 1703.2014 907.0219 1.7853459246723136 0.5927419750507802 0.643523023899765 11.405599022496176 4.431307329286277 23.849616569832868 -2.917231782231456 1
Cyclist 983 1 1.3893074751221413 1566.858 802.5803 1639.419 919.3073 1.571217119180961 0.744789969234816 1.92641037230366 10.388731077999765 4.575332121688751 24.26221448274406 -4.489312042525965 1
Car 992 1 -0.6455531481820704 0.0 0.0 1935.0 1215.0 2.009386611520109 2.102918805818639 5.08666101073814 -2.461914430025966 1.38816317681866 1.852492592641035 -1.5712757048775863 1
Car 996 1 -1.2615794675191792 74.6218 703.22186 703.75806 1161.1516 1.4963598955693054 1.7326269215482644 3.5724903604045206 -2.413373120727095 1.9724950069522245 7.295768439895117 -1.5810400043522246 1
rider 998 1 1.3908071882842306 1571.7694 807.5731 1630.5099 912.3011 1.5685605024525777 0.7635899151656318 0.7117904451058008 10.404433967029439 4.594115287312687 24.336590594966648 -4.4883730442682435 1
Car 215 0 -1.7015922200991465 745.7255 796.52826 827.92883 868.90155 1.4890177801246458 1.8465808639493537 3.8802863390248934 -5.046306011346693 6.651081221289303 42.870752627686905 -1.8187628095997426 1
Car 1365 2 -2.016913005543557 137.81595 708.5778 513.2993 933.1691 1.4963598955693054 1.6306048604395957 3.5724903604045206 -5.633422742916074 2.328757234935993 13.086371746349565 -2.4234161831818697 1
