bicycle 211 0 -0.09056615486318215 1203.6462 764.8071 1498.0088 957.05414 1.5019862176750303 1.2054308826969786 2.4920989320001277 3.4723163190225583 2.8512195574270858 13.629266424259551 0.15889603784479478 1
bicycle 981 2 2.449950631804981 1593.9679 770.7305 1935.0 1215.0 1.2537927321370599 0.5993928221174345 1.7680507464376165 2.510853743817167 1.6374726652536058 3.566589918815743 -3.2198339805067873 1
bicycle 212 0 -1.594125217460006 937.7977 802.87115 976.9355 883.82086 1.336665113488222 0.7333526586155653 1.824696561178083 -0.08929492285652288 4.977145834833708 29.668100641980164 -1.5971350041092596 1
bicycle 213 2 2.4072216745783237 413.44415 796.6697 542.7087 895.66315 1.250687418004434 0.7492917298943333 1.9208526432813056 -7.548575446498582 4.061081231448789 23.448531012926598 -4.187408200478243 1
moped_scooter 989 0 -1.7116410011796435 1547.0924 809.54034 1645.844 950.76996 1.1921608465799698 0.7274490892176632 1.8842436937879774 6.870046521548008 3.3227897114265734 16.25248134342748 -1.3117136833087282 1
Cyclist 983 1 1.3774908299920892 1582.6885 802.4625 1659.3861 923.1398 1.571217119180961 0.744789969234816 1.92641037230366 10.340732033266562 4.482615083746333 23.49838977082496 -4.491136243572292 1
Car 992 2 -0.40444237152445384 0.0 0.0 1935.0 1215.0 2.009386611520109 2.102918805818639 5.08666101073814 -2.4868917272826083 1.3572434055686773 1.0577163765520976 -1.5730999039109053 1
Car 996 1 -1.2260574615713111 0.0 700.9903 674.98016 1215.0 1.4963598955693054 1.7326269215482644 3.5724903604045206 -2.4435895206883615 1.921334073687281 6.555371749674602 -1.5828640765973263 1
Pedestrian 990 1 2.9070424602130895 1669.6508 784.93036 1724.7731 907.4432 1.7853459246723136 0.5927419750507802 0.643523023899765 11.358149387642444 4.295219358780667 23.093854523168435 -2.9190560981363625 1
Car 215 0 -1.6988312506507635 738.20264 799.6922 821.6405 873.8359 1.4890177801246458 1.8465808639493537 3.8802863390248934 -5.149184297429181 6.654092375764163 42.0816180081321 -1.820587836480417 1
Car 1365 2 -1.9929323393025553 81.716545 726.6329 478.82162 974.9317 1.4963598955693054 1.6306048604395957 3.5724903604045206 -5.65941151865502 2.4523926675666434 12.265252282829149 -2.4252410275729264 1
rider 998 1 1.3790405139598745 1588.1608 807.61365 1649.523 915.7888 1.5685605024525777 0.7635899151656318 0.7117904451058008 10.356296089435483 4.501399485603914 23.5727947377571 -4.490197244508872 1
