bicycle 211 0 -0.1259865723357697 1230.671 746.4933 1577.4904 967.3076 1.5019862176750303 1.2054308826969786 2.4920989320001277 3.4107216316841167 2.5277069741602314 11.827250596725907 0.15477424474071344 1
bicycle 212 0 -1.593204556352199 929.114 794.5955 970.6842 880.38275 1.336665113488222 0.7333526586155653 1.824696561178083 -0.22452408735594978 4.604693553308868 27.876235423460127 -1.6012587010034258 1
bicycle 213 2 2.430345309357922 361.033 781.6032 503.6448 887.8265 1.250687418004434 0.7492917298943333 1.9208526432813056 -7.621416201495902 3.624652064193953 21.63541481980147 -4.19153189858234 1
Cyclist 983 2 1.3486341145479548 1622.3759 788.54663 1709.751 917.6223 1.571217119180961 0.744789969234816 1.92641037230366 10.25050009228787 4.069990425975711 21.8134169763081 -4.495258116404288 1
moped_scooter 989 0 -1.7581404936071734 1612.4459 795.59436 1735.1234 953.7315 1.1921608465799698 0.7274490892176632 1.8842436937879774 6.840463678480082 2.955340265601814 14.443607604812101 -1.31583668451415 1
Pedestrian 990 0 2.8761893818038042 1716.9078 775.1797 1778.3259 907.43036 1.7853459246723136 0.5927419750507802 0.643523023899765 11.225920614497355 3.968300722356804 21.363459962003823 -2.9231782260549943 1
Car 214 1 -2.8860523110177385 447.61066 792.51294 576.4487 847.20807 1.5389945041524533 1.7903967119598565 3.7039637693519745 -14.656070354372844 7.130401557273078 48.92579553203507 -3.177102743141111 1
Car 996 1 -1.11188623296861 0.0 672.63934 596.2946 1215.0 1.4963598955693054 1.7326269215482644 3.5724903604045206 -2.4290576652802023 1.7045828822177276 4.722138151523421 -1.5869856578744268 1
rider 998 2 1.3497780899173026 1630.2028 792.02313 1698.4312 908.3643 1.5685605024525777 0.7635899151656318 0.7117904451058008 10.251989034538548 4.056049981766485 21.828208199327467 -4.494319115519669 1
Car 215 0 -1.6961900605257787 726.33484 796.8936 813.2306 874.2449 1.4890177801246458 1.8465808639493537 3.8802863390248934 -5.205632019911652 6.364466538621199 40.28071598146375 -1.8247115739821822 1
Car 1365 2 -1.9280256672303788 0.0 714.7676 381.42804 1010.8112 1.4963598955693054 1.6306048604395957 3.5724903604045206 -5.714311975538748 2.2302060128162484 10.426778051904371 -2.4293643487011027 1
