bicycle 211 0 -0.19450237314941404 1287.6906 727.4653 1741.3179 1005.345 1.5019862176750303 1.2054308826969786 2.4920989320001277 3.37393281182212 2.2030143562732794 9.440326736864046 0.148745849161098 1
bicycle 212 0 -1.5931238799430805 918.1907 797.7905 963.5787 892.021 1.336665113488222 0.7333526586155653 1.824696561178083 -0.36172855551826977 4.395580788228086 25.533261568522683 -1.6072898868007406 1
moped_scooter 989 0 -1.8304447064165943 1717.209 785.0764 1886.8677 975.3531 1.1921608465799698 0.7274490892176632 1.8842436937879845 6.7237038415825445 2.5913778371309943 12.060604944248974 -1.32186685596428 1
Pedestrian 990 1 2.8285150596476396 1793.153 752.33636 1864.9962 899.4083 1.7853459246723136 0.5927419750507802 0.643523023899765 11.092924751647493 3.4461182072666228 19.131050341692507 -2.9292071053767845 1
Car 1365 2 -1.8062224174603896 0.0 709.75555 174.32147 1120.8099 1.4963598955693054 1.6306048604395957 3.5724903604045206 -5.792335197096111 2.048917797380634 7.958164139967895 -2.435394970795339 1
Car 214 1 -2.8697633870326347 406.45776 811.7875 544.0033 870.5801 1.5389945041524533 1.7903967119598565 3.7039637693519745 -15.001051344478034 7.445724023792357 46.29312918967583 -3.1831311674438174 1
Cyclist 983 1 1.3044186744025037 1684.9026 777.15753 1790.7064 920.6594 1.571217119180961 0.744789969234816 1.92641037230366 10.119599359480992 3.6663678787741665 19.558106322836224 -4.501286633715173 1
bicycle 213 0 2.4644660527911912 280.4007 791.33624 445.90274 913.25256 1.250687418004434 0.7492917298943333 1.9208526432813056 -7.6222506316634675 3.495345247532572 19.14788393598924 -4.197563097485993 1
Car 996 2 -0.7791396001080524 0.0 531.7075 375.74698 1215.0 1.4963598955693054 1.7326269215482644 3.5724903604045206 -2.432983821080818 1.4656285198234422 2.298221662260045 -1.593013747467325 1
rider 998 1 1.3057065291281118 1695.521 781.68646 1774.9872 911.23706 1.5685605024525777 0.7635899151656318 0.7117904451058008 10.11793819685422 3.665424459335652 19.571621096729476 -4.500347630165315 1
Car 215 0 -1.6878881289058547 702.33167 803.1444 793.987 886.701 1.4890177801246458 1.8465808639493537 3.8802863390248934 -5.433247500659201 6.243194334746302 37.774312257799615 -1.8307428150830325 1
