bicycle 211 0 -0.17267278953759885 1267.9285 735.16504 1684.8818 993.9783 1.5019862176750303 1.2054308826969786 2.4920989320001277 3.379130642852246 2.306265309690592 10.126138514054496 0.1494111248142873 1
bicycle 212 0 -1.594041486211007 921.0978 799.1847 965.3244 890.8186 1.336665113488222 0.7333526586155653 1.824696561178083 -0.33041277747575815 4.504645486640969 26.257661368087376 -1.6066243028935423 1
bicycle 213 0 2.4492719871652775 312.2242 788.5998 469.20328 904.9722 1.250687418004434 0.7492917298943333 1.9208526432813056 -7.582264984140935 3.5476716179596757 19.963117029616477 -4.196897511470725 1
moped_scooter 989 0 -1.8047420479570144 1676.8547 791.0143 1828.0807 969.4563 1.1921608465799698 0.7274490892176632 1.8842436937879774 6.753533869660449 2.7321583131200957 12.860947027977213 -1.3212013838128813 1
Pedestrian 990 1 2.8441953695244573 1765.1692 765.1279 1833.373 907.37146 1.7853459246723136 0.5927419750507802 0.643523023899765 11.105498958158298 3.678664752085818 19.833116498300736 -2.9285417766865116 1
Car 1365 2 -1.8520687492785644 0.0 719.0782 252.85916 1085.1848 1.4963598955693054 1.6306048604395957 3.5724903604045206 -5.8044070591087324 2.1631902876634053 8.808196933102973 -2.434729449918859 1
Car 214 1 -2.8745177507461444 416.86365 813.3406 551.59125 871.1118 1.5389945041524533 1.7903967119598565 3.7039637693519745 -14.992855411799724 7.601052985028671 47.137474075574154 -3.182465888910017 1
Cyclist 983 1 1.3190003998204336 1661.6833 782.66785 1761.0139 921.44434 1.571217119180961 0.744789969234816 1.92641037230366 10.133217352784492 3.8173811221426366 20.270693702012696 -4.5006213443307646 1
Car 996 1 -0.9113099627648912 0.0 638.6592 460.62494 1215.0 1.4963598955693054 1.7326269215482644 3.5724903604045206 -2.439506372699787 1.540672194179468 3.0103221558433395 -1.5923485053601698 1
rider 998 1 1.3201753087173538 1671.4353 786.2536 1746.9779 911.3484 1.5685605024525777 0.7635899151656318 0.7117904451058008 10.134627877461595 3.8035486440963013 20.28547908955914 -4.499682341075125 1
Car 215 0 -1.6910896916741196 709.0047 803.95667 798.95166 885.57214 1.4890177801246458 1.8465808639493537 3.8802863390248934 -5.408566343803739 6.371251525133561 38.66314155730967 -1.8300772253111237 1
