bicycle 211 0 -0.2283232576941795 1318.706 716.7514 1830.4312 1024.063 1.5019862176750303 1.2054308826969786 2.4920989320001277 3.374769955081627 2.075267830693907 8.554172567236504 0.14744782662246503 1
bicycle 212 0 -1.5937200776907132 916.18243 795.4707 963.2691 893.0413 1.336665113488222 0.7333526586155653 1.824696561178083 -0.36927623388262304 4.253726138094721 24.648961164703685 -1.6087003686659571 1
bicycle 213 0 2.4777087832638567 249.64081 795.6634 424.95486 924.37164 1.250687418004434 0.7492917298943333 1.9208526432813056 -7.580896468906683 3.452416517382119 18.26067463974115 -4.19897358436152 1
moped_scooter 989 0 -1.8629198275000962 1768.4507 775.60815 1935.0 980.0901 1.1921608465799698 0.7274490892176632 1.8842436937879845 6.70765291059932 2.421833705306355 11.19913050572746 -1.3232771011526663 1
Pedestrian 990 1 2.8060142331523443 1833.3245 745.0413 1910.3352 899.00885 1.7853459246723136 0.5927419750507802 0.643523023899765 11.106157136133058 3.280680325124926 18.255479749566096 -2.9306170458392184 1
Car 1365 2 -1.7530639153390004 0.0 707.56116 76.07915 1187.946 1.4963598955693054 1.6306048604395957 3.5724903604045206 -5.743685820632715 1.9842869891864008 7.048607029487016 -2.4368053184147973 1
Car 214 1 -2.8671605252541883 398.4565 813.9357 538.6121 873.87756 1.5389945041524533 1.7903967119598565 3.7039637693519745 -14.950170808774367 7.415269266411705 45.51252996894607 -3.1845410016644706 1
Cyclist 983 1 1.2837641833053421 1717.5164 771.8509 1832.5675 921.8656 1.571217119180961 0.744789969234816 1.92641037230366 10.125872098443397 3.507081208826617 18.680450032552756 -4.502696491409933 1
Car 996 2 -0.5103979504338072 0.0 0.0 1935.0 1215.0 1.4963598955693054 1.7326269215482644 3.5724903604045206 -2.443572049463853 1.3742446496234526 1.2932539392879068 -1.5944235049119866 1
rider 998 1 1.2850388008404163 1729.7524 775.1703 1814.6968 910.6189 1.5685605024525777 0.7635899151656318 0.7117904451058008 10.125901746783772 3.490197062199783 18.6954783761407 -4.501757487236508 1
Car 215 0 -1.6862552284614343 696.8316 803.0859 790.35974 888.6414 1.4890177801246458 1.8465808639493537 3.8802863390248934 -5.428199713862876 6.142415864746148 36.941058999020015 -1.8321533091810027 1
Car 216 2 2.216489074909002 0.0 827.24274 55.395027 925.755 1.6900468747944348 1.8822892390282409 4.116088906068707 -24.332532875341716 6.903716911617643 36.42414963846872 -4.655644141972499 1
