bicycle 211 0 -0.2747761928445205 1367.5624 703.1302 1935.0 1054.8944 1.5019862176750303 1.2054308826969786 2.4920989320001277 3.396313531348445 1.9360266835109199 7.515003073132907 0.14968799334168592 1
bicycle 212 0 -1.5933466588411687 918.0391 796.4818 967.1535 898.5758 1.336665113488222 0.7333526586155653 1.824696561178083 -0.30964762710012295 4.152065103272868 23.612970344950796 -1.6064593623734544 1
bicycle 213 0 2.495430914497076 215.65776 795.4153 403.47778 932.11194 1.250687418004434 0.7492917298943333 1.9208526432813056 -7.475717173224465 3.333747703424612 17.248328954339602 -4.1967325704536265 1
Cyclist 983 2 1.255169731854771 1771.7864 760.32275 1900.9043 919.0346 1.571217119180961 0.744789969234816 1.92641037230366 10.234426188685122 3.254285916088487 17.56552330544962 -4.500456476795989 1
moped_scooter 989 2 -1.9053598007474637 1845.8416 765.32104 1935.0 989.75494 1.1921608465799698 0.7274490892176632 1.8842436937879845 6.746834037250407 2.244237161576378 10.201375351103762 -1.3210364709944686 1
Pedestrian 990 2 2.7801092662070457 1888.626 730.2337 1935.0 893.079 1.7853459246723136 0.5927419750507802 0.643523023899765 11.14943726167479 3.0232091814007793 17.216060842636324 -2.9283768993865147 1
Car 214 1 -2.859716302641031 387.85764 814.45544 531.7949 875.84216 1.5389945041524533 1.7903967119598565 3.7039637693519745 -14.858406836571685 7.296429941874719 44.45158594949586 -3.182301024041701 1
rider 998 1 1.2572734486346535 1784.9835 764.68536 1877.8018 907.9637 1.5685605024525777 0.7635899151656318 0.7117904451058008 10.248321777005449 3.2572007029845413 17.6365647391687 -4.499517473613258 1
Car 215 0 -1.6833697120363473 694.8728 803.98193 790.57104 892.1577 1.4890177801246458 1.8465808639493537 3.8802863390248934 -5.30545004071234 6.04638606628396 35.94462563490117 -1.8299122833285364 1
Car 216 2 2.2297223043680354 0.0 842.84937 33.719494 944.39746 1.6900468747944348 1.8822892390282409 4.116088906068707 -24.664108796996974 7.252442804702966 36.0559480178311 -4.653404577974635 1
