bicycle 213 2 2.3868258542515868 1656.3268 797.0017 1935.0 1215.0 1.250687418004434 0.7492917298943333 1.9208526432813056 3.43288240977329 1.885206270329398 4.997001703900456 -3.2944195614491454 1
Cyclist 294 1 2.363698518843419 1405.3622 853.08356 1520.3302 962.3922 1.7252372981633237 0.8023558943920125 2.053811546476894 9.327603424588334 6.090946685885205 27.80042381306506 -3.5957693576480327 1
bicycle 295 2 -0.2255204665341909 265.4971 915.3496 387.68686 1006.1877 1.1610524729592844 0.6105577208142126 1.7726879024531326 -10.508195019113835 6.12405472709257 24.786199443563444 -0.6265043514995706 1
bicycle 296 2 -0.23862792945178551 290.75238 914.48096 408.51874 1002.25116 1.1610524729592844 0.6105577208142126 1.7726879024531326 -10.463844313776747 6.268851306298295 25.61060359311086 -0.6265043514995702 1
bicycle 297 1 -0.26497513921074245 328.389 919.2342 461.2729 1020.0135 1.1610524729592844 0.5150742507364795 1.7726879024531326 -8.399237873531622 5.676048892025742 22.211407933425903 -0.6265043514995705 1
bicycle 298 1 -0.2501217306596723 303.32974 921.5066 435.29855 1021.1675 1.1610524729592844 0.5150742507364795 1.7726879024531326 -8.886904279424371 5.765313790325936 22.485723758574515 -0.6265043514995706 1
bicycle 299 2 -0.8000790457961844 274.90604 916.97205 398.21466 1022.5781 1.1728020692457062 0.5684165872004717 1.9470366362902378 -9.659966599769781 5.901866373752771 23.203589383150042 -1.1945691713079827 1
bicycle_rack 300 2 -0.19905576575081146 204.57138 904.67255 358.45474 1012.4033 1.1610524729592844 2.6958160428936235 1.985352334502914 -12.065142111013843 6.429213309310815 26.485562412339824 -0.6265043514995707 1
Car 216 1 2.259688497902859 1268.5155 845.82776 1485.3903 970.4798 1.6900468747944348 1.8822892390282409 4.116088906068707 8.129014986822177 6.282991680682123 29.13903639490969 -3.751440359629035 1
moped_scooter 301 1 -0.24030432639656968 282.69934 890.7684 421.81815 1010.08527 1.5757269261755598 0.6487511088452989 2.0046434298981843 -9.917473066224998 6.063116694659785 24.390040934361306 -0.6265043514995706 1
Pedestrian 302 0 -0.19056515546696012 240.64001 895.67633 288.7962 1003.9188 1.5650180841225598 0.6279627930636966 0.5983304172203092 -11.274033897609572 6.025037022632803 24.202079101241434 -0.6265043514995708 1
Pedestrian 303 1 1.3711154782766446 258.343 900.1717 299.67352 999.8813 1.479083821352818 0.5022330741639668 0.6794448271273624 -11.379295513527083 6.147382232372543 24.938645795146442 0.9430417589189903 1
vehicle_other 304 2 1.015682922215813 727.0453 782.17596 975.2341 1007.8475 3.115851144579243 1.8456744921789436 5.569591503065681 -2.1534225581385695 6.2834568861279 27.328101926057066 0.9370465776624344 1
rider 305 1 2.34966075390235 1428.9742 854.7842 1494.2042 950.923 1.5852228917721538 0.807674652589397 0.8194441637589742 9.301065428467442 5.944528231895477 27.81269046030887 -3.6107980808434617 1
