Car 214 2 -2.930549128800981 1845.3187 793.089 1935.0 903.7293 1.5389945041524533 1.7903967119598565 3.7039637693519745 19.31573681743976 4.986482652103744 28.69848319031436 -2.338134963675934 1
bicycle 213 1 2.4351918552437306 1480.9973 797.1788 1935.0 1210.0577 1.250687418004434 0.7492917298943333 1.9208526432813056 3.011108811313057 1.9578422991841 5.570941705338486 -3.3524710939205145 1
Cyclist 294 1 2.359051673734128 1321.874 849.60443 1428.9109 953.71173 1.7252372981633237 0.8023558943920125 2.053811546476894 8.12407224653914 6.258684685640283 29.31776813730815 -3.6538123594962295 1
bicycle 295 2 -0.22634393750536563 159.81746 907.6805 285.8492 999.28204 1.1610524729592844 0.6105577208142126 1.7726879024531326 -12.169344698757177 5.977220304652409 24.67270275607898 -0.6845617906358376 1
bicycle 296 2 -0.24061618879533542 188.69098 903.8516 309.79895 992.0154 1.1610524729592844 0.6105577208142126 1.7726879024531326 -12.144447644618301 6.072762087604944 25.534487776715274 -0.6845617906358369 1
bicycle 297 1 -0.265758791037817 225.84216 914.9448 363.07486 1017.34143 1.1610524729592844 0.5150742507364795 1.7726879024531326 -9.80291370829255 5.579699912143349 22.022210103911817 -0.6845617906358373 1
bicycle 299 2 -0.8072665106244158 181.536 911.6117 308.54953 1018.04425 1.1728020692457062 0.5684165872004717 1.9470366362902378 -10.957593300538521 5.76779674346888 22.953271802935436 -1.2526606128916706 1
bicycle 298 1 -0.24932070792992006 196.59286 912.62146 333.0193 1013.4901 1.1610524729592844 0.5150742507364795 1.7726879024531326 -10.373356273556238 5.599533485170134 22.309261101137874 -0.6845617906358376 1
bicycle_rack 300 2 -0.20166654193372024 98.82906 894.43756 258.09543 1001.303 1.1610524729592844 2.6958160428936235 1.985352334502914 -13.817120066198214 6.212349625370317 26.35364414366281 -0.6845617906358373 1
Car 216 1 2.269845354851512 1164.494 841.9359 1372.6403 963.42096 1.6900468747944348 1.8822892390282409 4.116088906068707 6.204351112986842 6.338031410837544 30.01242937242037 -3.809485476651704 1
moped_scooter 301 1 -0.2374173538613259 170.63931 885.64417 315.33954 1007.09937 1.5757269261755598 0.6487511088452989 2.0046434298981843 -11.550747711206807 5.929874299020501 24.08724065563153 -0.6845617906358377 1
Pedestrian 302 0 -0.19082870748659103 131.51085 887.16455 181.44525 995.9521 1.5650180841225598 0.6279627930636966 0.5983304172203092 -12.9334064287615 5.855332558408666 24.031172864905628 -0.6845617906358376 1
Pedestrian 303 1 1.3715740947517192 148.7653 888.9455 191.62785 989.0669 1.479083821352818 0.5022330741639668 0.6794448271273624 -13.088480654872036 5.921832192018074 24.739960385858666 0.8849636433391792 1
vehicle_other 304 2 1.0217619672609033 630.7186 780.6214 875.5096 1000.96497 3.115851144579243 1.8456744921789436 5.569591503065681 -3.9890689959527275 6.28947394240734 27.743819979420024 0.8789584205160708 1
rider 305 1 2.35273490430989 1344.5148 851.28424 1405.3971 942.40894 1.5852228917721538 0.807674652589397 0.8194441637589742 8.108063192634125 6.107854416534993 29.32155217757081 -3.6606694687323027 1
