Cyclist 294 1 2.3518646845895397 1480.9473 856.81824 1603.2932 971.59436 1.7252372981633237 0.8023558943920125 2.053811546476894 10.268950793341743 5.946255929827583 26.433331178273697 -3.5607802741833625 1
bicycle 295 2 -0.22456837684367803 361.60458 923.2407 480.6556 1013.2791 1.1610524729592844 0.6105577208142126 1.7726879024531326 -8.983341640503024 6.2746305165297 24.89626116933525 -0.5708593794496956 1
bicycle 296 2 -0.23430635038203107 380.01175 917.52814 495.1188 1004.38007 1.1610524729592844 0.6105577208142126 1.7726879024531326 -8.986553988341834 6.331233344243219 25.68590099652605 -0.5708593794496951 1
bicycle 297 1 -0.26308931009391284 419.77173 931.89233 550.4953 1032.693 1.1610524729592844 0.5150742507364795 1.7726879024531326 -7.043431617702392 5.852586547104851 22.158178668560986 -0.5708593794496957 1
bicycle 298 1 -0.24680282484477317 393.41592 928.0751 522.9684 1027.1993 1.1610524729592844 0.5150742507364795 1.7726879024531326 -7.546794483187061 5.8569690549085305 22.46754971061861 -0.5708593794496956 1
bicycle 299 2 -0.7995881518637893 370.9133 924.37067 491.96597 1030.7206 1.1728020692457062 0.5684165872004717 1.9470366362902378 -8.168780686525437 6.008379219394745 23.144032870996416 -1.1388922349945483 1
bicycle_rack 300 2 -0.19768574144923984 303.00916 906.2365 451.85645 1013.03564 1.1610524729592844 2.6958160428936235 1.985352334502914 -10.465283291636508 6.504010628739463 26.72996727043149 -0.5708593794496959 1
Car 216 1 2.2529156288139927 1366.8186 849.3921 1592.8864 976.5572 1.6900468747944348 1.8822892390282409 4.116088906068707 9.872408821596068 6.237339414455892 28.408174347201967 -3.6958059169783626 1
moped_scooter 301 1 -0.23234715054837746 365.42355 898.32587 502.6023 1017.7536 1.5757269261755598 0.6487511088452989 2.0046434298981843 -8.546544394071912 6.1631749367331405 24.275554221989328 -0.5708593794496953 1
Pedestrian 302 0 -0.18940066364162722 338.2223 904.4606 384.8383 1012.02264 1.5650180841225598 0.6279627930636966 0.5983304172203092 -9.786343654904387 6.205702202912214 24.398450232451232 -0.5708593794496957 1
Pedestrian 303 1 1.3755093131673852 349.58798 903.48785 389.65787 1002.7651 1.479083821352818 0.5022330741639668 0.6794448271273624 -9.91959014153274 6.227546426769917 25.06794359862885 0.9987082543494381 1
vehicle_other 304 2 1.0126151430752348 814.56256 784.38855 1065.4352 1014.23865 3.115851144579243 1.8456744921789436 5.569591503065681 -0.5380686812334698 6.302816572906648 27.045735872803355 0.9927229977444343 1
rider 305 1 2.3590933923115727 1504.8251 858.8666 1574.6448 960.09686 1.5852228917721538 0.807674652589397 0.8194441637589742 10.216036371194761 5.802855009505695 26.423363157549606 -3.5551652058708916 1
