bicycle 295 2 -0.23565357179460658 903.1075 951.8353 1020.3906 1040.516 1.1610524729592844 0.6105577208142126 1.7726879024531326 0.0040521425678165315 6.473595644179165 23.79669937164479 -0.23548329009018332 1
bicycle 296 2 -0.24590331380349117 919.99054 953.20905 1034.1412 1039.442 1.1610524729592844 0.6105577208142126 1.7726879024531326 0.2550277028030423 6.644584878440604 24.473886021189234 -0.23548329009018287 1
bicycle 297 1 -0.27589948767858247 954.9996 964.2852 1088.7761 1065.6284 1.1610524729592844 0.5150742507364795 1.7726879024531326 0.8351567788027002 5.951837171355132 20.652660191645595 -0.23548329009018332 1
bicycle 298 1 -0.2590425278154944 931.08295 963.8641 1062.2109 1063.2189 1.1610524729592844 0.5150742507364795 1.7726879024531326 0.4960846019714567 6.036637304762986 21.05300784667097 -0.2354832900901831 1
bicycle 299 2 -0.8150454499640764 917.5557 956.87604 1037.2363 1068.9456 1.1728020692457062 0.5684165872004717 1.9470366362902378 0.25590955003893573 6.226609251688693 21.867902714527286 -0.8033434649974516 1
bicycle_rack 300 2 -0.208250711449549 851.4221 936.26013 995.6431 1046.632 1.1610524729592844 2.6958160428936235 1.985352334502914 -0.7075607261570278 6.8904481260114405 25.975718814062226 -0.2354832900901831 1
moped_scooter 301 1 -0.24729750257169272 911.2286 930.4466 1047.1327 1049.6312 1.5757269261755598 0.6487511088452989 2.0046434298981843 0.27335886731403425 6.415264402115795 23.137060514699193 -0.23548329009018287 1
Pedestrian 302 0 -0.19305946623957626 875.60583 930.07526 920.4224 1040.523 1.5650180841225598 0.6279627930636966 0.5983304172203092 -1.0034383640632865 6.46546397687605 23.63851749059114 -0.23548329009018287 1
Pedestrian 303 1 1.363754372444957 894.7892 933.3578 939.94794 1036.6713 1.479083821352818 0.6037526500814361 0.6794448271273624 -0.7145385680130857 6.554502266846212 24.205375317697253 1.3342431125449536 1
vehicle_other 304 1 0.9642314571330944 1384.7001 804.3472 1712.8083 1086.6606 3.115851144579243 1.8456744921789436 5.569591503065681 8.821473069827887 6.244585280764987 23.148594736430805 1.328322102950426 1
