Cyclist 294 1 2.2185225094676904 1793.162 890.0807 1935.0 1044.2627 1.7252372981633237 0.8023558943920125 2.053811546476894 12.259637293867035 5.415062800187616 20.059205741298424 -3.5160686137269015 1
bicycle 295 2 -0.23104891994674254 747.0797 929.8283 861.2005 1016.92334 1.1610524729592844 0.6105577208142126 1.7726879024531326 -2.5824518080527823 6.291178212952667 24.579234707130542 -0.3357312571786857 1
bicycle 296 2 -0.24139060976420545 764.40125 926.5442 875.12006 1010.8318 1.1610524729592844 0.6105577208142126 1.7726879024531326 -2.397082700480552 6.388042917532838 25.333375076998664 -0.335731257178685 1
bicycle 297 1 -0.2718361958768309 801.15424 938.90234 929.73193 1037.6915 1.1610524729592844 0.5150742507364795 1.7726879024531326 -1.376469017016554 5.7906186377297075 21.51332666219959 -0.33573125717868546 1
bicycle 298 1 -0.25392467151848475 775.299 927.19745 901.7382 1023.62134 1.1610524729592844 0.5150742507364795 1.7726879024531326 -1.7954051597231644 5.695800154016149 21.897970888087446 -0.3357312571786857 1
bicycle 299 2 -0.8047135533580547 753.13745 927.4478 869.5437 1034.0577 1.1728020692457062 0.5684165872004717 1.9470366362902378 -2.2560321989106566 5.9618696664558115 22.73100951839014 -0.9036386837112774 1
bicycle_rack 300 2 -0.20198795652623605 692.22375 911.80493 832.8826 1017.5485 1.1610524729592844 2.6958160428936235 1.985352334502914 -3.5924647474350015 6.590518000753756 26.700547597130306 -0.3357312571786857 1
moped_scooter 301 1 -0.2373612743633174 747.63605 903.6341 879.6055 1020.0611 1.5757269261755598 0.6487511088452989 2.0046434298981843 -2.3610098756596756 6.153493186348747 23.923856980805596 -0.335731257178685 1
Pedestrian 302 0 -0.19001441090733306 720.0209 905.2461 763.94055 1012.39825 1.5650180841225598 0.6279627930636966 0.5983304172203092 -3.5668104506546605 6.195288733488047 24.30418693956149 -0.3357312571786857 1
Pedestrian 303 1 1.368876841089649 739.4384 907.7319 777.423 1007.0838 1.479083821352818 0.5022330741639668 0.6794448271273624 -3.3892468904658775 6.27706882570045 24.96526853397325 1.2339432847817 1
vehicle_other 304 1 0.9878751035861539 1196.7947 785.40173 1484.9188 1041.1699 3.115851144579243 1.8456744921789436 5.569591503065681 6.080245257202232 6.095849005818584 24.83235642483778 1.2280024909271905 1
rider 305 1 2.214832257119129 1827.9694 892.54065 1927.214 1027.9926 1.5852228917721538 0.807674652589397 0.8194441637589742 12.313561313828444 5.278233909182051 20.108370287665732 -3.5188948609072996 1
