Cyclist 420 1 2.4380429697836252 1829.8464 956.2575 1935.0 1193.783 1.7188790172167248 0.8772053037836246 2.065931846645049 8.751878885204407 4.696994123056073 12.893908853424604 -3.2488135950985875 1
bicycle 295 2 -0.24813321863437293 1108.9641 975.44794 1236.1217 1067.9641 1.1610524729592844 0.6105577208142126 1.7726879024531326 3.1263219411758776 6.456657267743367 22.192066917731733 -0.10817855948160182 1
bicycle 296 2 -0.2609224586386881 1130.1835 972.54065 1253.9194 1062.1573 1.1610524729592844 0.6105577208142126 1.7726879024531326 3.5208692409240823 6.570627345155906 22.87125790483203 -0.10817855948160138 1
bicycle 297 1 -0.3000984060088876 1177.949 992.0602 1327.0365 1099.8179 1.1610524729592844 0.5150742507364795 1.7726879024531326 3.665057242066589 5.878307826970619 18.861768561986498 -0.10817855948160204 1
bicycle 298 1 -0.27612978636768437 1142.9935 987.4439 1287.8617 1092.3771 1.1610524729592844 0.5150742507364795 1.7726879024531326 3.2772139852785998 5.9322895376954 19.329074359575692 -0.1081785594816016 1
bicycle 299 2 -0.8281424315141501 1124.0942 976.24023 1254.5764 1097.371 1.1728020692457062 0.5684165872004717 1.9470366362902378 3.0867303022347423 6.097245197841384 20.129686825290324 -0.6759854499102412 1
bicycle_rack 300 2 -0.22298377921764695 1059.3384 951.34265 1216.0168 1068.1896 1.1610524729592844 2.6958160428936235 1.985352334502914 2.8128518397157696 6.801799741708496 24.393341647522128 -0.10817855948160204 1
moped_scooter 301 1 -0.261749592590394 1118.9897 948.11914 1268.016 1073.9558 1.5757269261755598 0.6487511088452989 2.0046434298981843 3.3077826194962405 6.287515287649597 21.369511722851264 -0.10817855948160182 1
Pedestrian 302 0 -0.20578506050791723 1083.6884 945.01843 1132.3394 1062.9695 1.5650180841225598 0.6279627930636966 0.5983304172203092 2.15972606349637 6.360214121261063 22.056554530621547 -0.1081785594816016 1
Pedestrian 303 1 1.3518529874472869 1101.7319 952.1581 1151.1061 1063.2773 1.479083821352818 0.6037526500814361 0.6794448271273624 2.47518286657257 6.475090799245416 22.459336941253312 1.4616173304912827 1
vehicle_other 304 1 0.9289835886512475 1650.1315 813.6786 1935.0 1142.1207 3.115851144579243 1.8456744921789436 5.569591503065681 11.841060749696748 6.048800179346539 20.361429310526525 1.4557217196130687 1
rider 421 2 2.4221910947426513 1896.1332 958.1095 1935.0 1169.3569 1.5386006227863511 0.8772053037836246 0.920928713760079 8.830759056434104 4.529080436570054 12.930667072043363 -3.26181574661796 1
