Cyclist 420 1 2.5252123442579992 1749.6843 949.252 1935.0 1199.3286 1.7188790172167248 0.8772053037836246 2.065931846645049 7.609678106398121 4.439378490305499 12.050237728536814 -3.194715928588309 1
bicycle 295 2 -0.253477713378368 1156.9569 963.92413 1287.389 1057.0704 1.1610524729592844 0.6105577208142126 1.7726879024531326 3.7853040769598056 6.178328179262598 21.755256608355865 -0.08120742965361671 1
bicycle 296 2 -0.26650845660216904 1178.7286 959.4305 1305.7896 1049.672 1.1610524729592844 0.6105577208142126 1.7726879024531326 4.200027501575251 6.257385772261623 22.405950982463235 -0.08120742965361671 1
bicycle 297 1 -0.3082186695634383 1230.0265 977.9499 1384.97 1087.5846 1.1610524729592844 0.5150742507364795 1.7726879024531326 4.223051368615767 5.554725269392445 18.282166061569157 -0.08120742965361716 1
bicycle 298 1 -0.28489275110928225 1196.0299 975.59906 1345.7616 1081.9142 1.1610524729592844 0.5150742507364795 1.7726879024531326 3.888958355435824 5.653519403997731 18.828198621203793 -0.08120742965361716 1
bicycle 299 2 -0.8330854988265819 1171.2828 967.15173 1305.6599 1090.255 1.1728020692457062 0.5684165872004717 1.9470366362902378 3.6479782831826393 5.8433389336540404 19.592851935741724 -0.6490040889365933 1
bicycle_rack 300 2 -0.2272003511968372 1105.1079 939.59955 1265.6737 1056.2483 1.1610524729592844 2.6958160428936235 1.985352334502914 3.5278321908599923 6.509646275835014 23.992481786691734 -0.08120742965361716 1
moped_scooter 301 1 -0.267742892968278 1167.7634 941.6414 1321.0342 1069.107 1.5757269261755598 0.6487511088452989 2.0046434298981843 3.944906324352905 6.088633119820544 20.902432148250124 -0.08120742965361694 1
Pedestrian 302 0 -0.2081002562668015 1127.4886 936.2401 1177.2991 1055.9103 1.5650180841225598 0.6279627930636966 0.5983304172203092 2.7619762513103554 6.142419634841838 21.64926208758545 -0.08120742965361738 1
Pedestrian 303 1 1.3474560364155777 1148.7764 937.6458 1199.4802 1050.2407 1.479083821352818 0.6037526500814361 0.6794448271273624 3.129855000321032 6.161597110706947 22.0269008577643 1.4886035536956204 1
vehicle_other 304 1 0.9164161136114969 1719.1145 802.706 1935.0 1141.5415 3.115851144579243 1.8456744921789436 5.569591503065681 12.46323149858315 5.786203713131382 19.603770480504426 1.4827133280262186 1
rider 421 0 2.5214185533062374 1810.2047 949.1539 1935.0 1173.267 1.5386006227863511 0.8772053037836246 0.920928713760079 7.5757138205809795 4.258584273041226 12.079061201967866 -3.2016032222846036 1
