Cyclist 420 0 2.7146664703273733 1345.3777 869.0026 1695.8053 1159.5116 1.7188790172167248 0.8772053037836246 2.065931846645049 3.7806610358260246 3.4710746692167893 10.222009812119254 -3.214266498249072 1
bicycle 295 2 -0.2702479940289631 1268.021 882.8469 1408.9232 977.332 1.1610524729592844 0.6105577208142126 1.7726879024531326 5.15336652434425 4.750654146716608 20.484412900921896 -0.023787512170716063 1
bicycle 296 2 -0.28393632866088586 1291.6544 876.7104 1428.8661 968.09015 1.1610524729592844 0.6105577208142126 1.7726879024531326 5.623236307883611 4.773229741656047 21.125619436565145 -0.023787512170714953 1
bicycle 297 1 -0.33029192512127387 1351.2852 893.4751 1520.1544 1005.38525 1.1610524729592844 0.5150742507364795 1.7726879024531326 5.421523579269855 4.287695184455904 17.13083245776576 -0.02378751217071562 1
bicycle 298 1 -0.30629982099091385 1314.9222 888.6236 1478.0082 997.1927 1.1610524729592844 0.5150742507364795 1.7726879024531326 5.115988927793453 4.318283990623492 17.6245465628964 -0.023787512170715175 1
bicycle 299 2 -0.8563938675882361 1294.3423 883.52637 1436.982 1005.0441 1.1728020692457062 0.5684165872004717 1.9470366362902378 5.024549457698344 4.511614261999224 18.527084650791906 -0.5915637011167799 1
bicycle_rack 300 2 -0.24212660884130255 1211.1934 858.86456 1385.089 970.0944 1.1610524729592844 2.6958160428936235 1.985352334502914 5.047591445139637 4.934781789148412 22.749594158224223 -0.023787512170715175 1
moped_scooter 301 1 -0.28301422703820445 1276.4851 848.87946 1441.7556 978.57104 1.5757269261755598 0.6487511088452989 2.0046434298981843 5.2296798613989814 4.5814604798115885 19.720226371703525 -0.023787512170715397 1
Pedestrian 302 0 -0.22506224427420163 1239.8663 845.08997 1293.7484 968.10815 1.5650180841225598 0.6279627930636966 0.5983304172203092 4.181806491403831 4.630025568723435 20.495284734589404 -0.023787512170715397 1
Pedestrian 303 1 1.3331981675244655 1257.6476 851.681 1312.199 966.69196 1.479083821352818 0.6037526500814361 0.6794448271273624 4.52757001540854 4.708472687892388 20.948188032131313 1.5460558892187408 1
vehicle_other 304 2 0.8896181533351722 1871.0962 717.63544 1935.0 1058.0372 3.115851144579243 1.8456744921789436 5.569591503065681 13.661358231356237 4.408781239984328 18.035461201971838 1.5378842641910038 1
rider 421 0 2.711074859525871 1429.3157 870.5824 1616.8141 1129.3639 1.5386006227863511 0.8772053037836246 0.920928713760079 3.827941319605581 3.3011314463776764 10.257190039818546 -3.214922387085395 1
