Cyclist 420 0 2.8813301402328295 1101.0092 815.3073 1463.5792 1125.6882 1.7188790172167248 0.8772053037836246 2.065931846645049 1.967213741189472 2.976035940838169 9.380307812615932 -3.1951336543340516 1
bicycle 295 2 -0.28033219399102566 1314.6577 836.31604 1460.5104 931.2831 1.1610524729592844 0.6105577208142126 1.7726879024531326 5.67635216421254 4.0270032901540755 19.963928996049408 -0.0033124322174564735 1
bicycle 296 2 -0.29157018992912803 1334.6975 835.0037 1476.7982 927.09766 1.1610524729592844 0.6105577208142126 1.7726879024531326 6.098848487281132 4.094129969478478 20.568335753886185 -0.0033124322174555854 1
bicycle 297 1 -0.34057035796890517 1398.915 850.1497 1575.122 963.74567 1.1610524729592844 0.5150742507364795 1.7726879024531326 5.8133293812349445 3.6974101807620636 16.57850263806336 -0.0033124322174560294 1
bicycle 298 1 -0.31595039267685593 1360.9779 845.3019 1530.8876 955.4274 1.1610524729592844 0.5150742507364795 1.7726879024531326 5.517619083915633 3.7152320050027985 17.069801902949564 -0.0033124322174564735 1
bicycle 299 2 -0.8704633770452987 1347.6748 835.5962 1495.6714 956.9854 1.1728020692457062 0.5684165872004717 1.9470366362902378 5.515938014957418 3.798474363016153 17.87066393578743 -0.5710817648656935 1
bicycle_rack 300 2 -0.24858204364775255 1250.9004 821.49585 1431.2239 930.2449 1.1610524729592844 2.6958160428936235 1.985352334502914 5.55759443038724 4.257564389779315 22.202921139156814 -0.0033124322174560294 1
moped_scooter 301 1 -0.29085100653380797 1319.2664 801.95087 1490.6714 933.16516 1.5757269261755598 0.6487511088452989 2.0046434298981843 5.669469050591813 3.884240043273744 19.170830912254207 -0.0033124322174553633 1
Pedestrian 302 0 -0.23293504591613146 1283.2505 801.8362 1339.2921 926.8288 1.5650180841225598 0.6279627930636966 0.5983304172203092 4.658849403446238 3.960508287096612 19.931305445375234 -0.0033124322174562515 1
Pedestrian 303 1 1.3264419585711908 1299.5852 806.26416 1356.1482 922.5519 1.479083821352818 0.6037526500814361 0.6794448271273624 5.000718535323915 3.9976542437913682 20.425821630145325 1.5665425986600443 1
rider 421 0 2.8709679567324957 1202.5809 816.15936 1385.4084 1092.996 1.5386006227863511 0.8772053037836246 0.920928713760079 2.0692697785918734 2.8018260846864873 9.414099355847044 -3.1958526789493726 1
