Cyclist 420 0 2.683404514025495 1391.5391 876.45013 1739.4392 1163.2802 1.7188790172167248 0.8772053037836246 2.065931846645049 4.155067519660855 3.553093170909168 10.386833346409846 -3.2192466805474966 1
bicycle 295 2 -0.26650151026264546 1256.9093 889.2108 1396.9031 983.57245 1.1610524729592844 0.6105577208142126 1.7726879024531326 5.0173790504910185 4.855812479948112 20.57523308276299 -0.02731442989156818 1
bicycle 296 2 -0.2827027988664785 1284.3777 886.34436 1420.878 977.75714 1.1610524729592844 0.6105577208142126 1.7726879024531326 5.537104159399011 4.926312149076912 21.207680182119603 -0.027314429891567515 1
bicycle 297 1 -0.32864032215733485 1343.2863 904.38745 1511.0846 1016.23376 1.1610524729592844 0.5150742507364795 1.7726879024531326 5.349748864834472 4.430743059759359 17.21340951588457 -0.02731442989156818 1
bicycle 298 1 -0.3047452358975505 1307.1553 900.2747 1469.2686 1008.833 1.1610524729592844 0.5150742507364795 1.7726879024531326 5.041908299521179 4.473133803077909 17.704900084503887 -0.027314429891567737 1
bicycle 299 2 -0.8576668966747151 1290.8427 892.30597 1433.2241 1014.62933 1.1728020692457062 0.5684165872004717 1.9470366362902378 4.9816610943317965 4.62665417253068 18.534293236472145 -0.5950918236850598 1
bicycle_rack 300 2 -0.24112323989522783 1204.5049 866.3164 1377.4564 978.1705 1.1610524729592844 2.6958160428936235 1.985352334502914 4.957232816918164 5.068657364907449 22.830971937933693 -0.02731442989156796 1
moped_scooter 301 1 -0.2817345565837627 1269.2181 858.3591 1433.6013 987.96063 1.5757269261755598 0.6487511088452989 2.0046434298981843 5.149294365338794 4.721788416512663 19.800744875836028 -0.02731442989156796 1
Pedestrian 302 0 -0.22215887265913567 1229.9916 856.8749 1283.6077 980.0813 1.5650180841225598 0.6279627930636966 0.5983304172203092 4.051709378829372 4.799729749048101 20.530765806517454 -0.02731442989156796 1
Pedestrian 303 1 1.334096937067875 1250.9706 862.15656 1305.0099 976.6318 1.479083821352818 0.6037526500814361 0.6794448271273624 4.465524427504115 4.884020713965516 21.113420644593457 1.5425269713115184 1
vehicle_other 304 2 0.8944052001240079 1855.9175 725.25604 1935.0 1063.8525 3.115851144579243 1.8456744921789436 5.569591503065681 13.585010638276696 4.529477504037221 18.247915248523928 1.5343571815793164 1
rider 421 0 2.6799797495139464 1476.336 878.04724 1664.6094 1133.1696 1.5386006227863511 0.8772053037836246 0.920928713760079 4.2233472734213855 3.3841254296424044 10.429610386326265 -3.2184494054634554 1
