Cyclist 420 0 2.667852141302152 1479.757 890.10846 1826.8848 1168.8894 1.7188790172167248 0.8772053037836246 2.065931846645049 4.870791691363028 3.688721041413272 10.623978594023523 -3.185456689473149 1
bicycle 295 2 -0.26553797202806173 1239.0142 903.79706 1376.826 997.716 1.1610524729592844 0.6105577208142126 1.7726879024531326 4.818174997001674 5.110870763586656 20.839920115031713 -0.03833083583610497 1
bicycle 296 2 -0.2790253045434999 1262.052 897.67975 1396.322 988.5783 1.1610524729592844 0.6105577208142126 1.7726879024531326 5.271221619527894 5.140169684715486 21.475492547438822 -0.038330835836104526 1
bicycle 297 1 -0.3237770692755429 1318.9092 919.40753 1483.4606 1030.4545 1.1610524729592844 0.5150742507364795 1.7726879024531326 5.127457018658436 4.659369235963101 17.47241016835194 -0.038330835836105415 1
bicycle 298 1 -0.3001577010968792 1283.4938 911.39246 1442.5353 1019.0466 1.1610524729592844 0.5150742507364795 1.7726879024531326 4.81570943139942 4.659583626842659 17.970497123348295 -0.038330835836105415 1
bicycle 299 2 -0.8527943371341891 1266.5441 905.1182 1406.7576 1027.0021 1.1728020692457062 0.5684165872004717 1.9470366362902378 4.734588728316518 4.843656569343608 18.802160592032376 -0.6061120377193826 1
bicycle_rack 300 2 -0.23803198041506302 1183.7615 876.1232 1353.7825 988.1643 1.1610524729592844 2.6958160428936235 1.985352334502914 4.674007185815173 5.273170133406442 23.093044267624315 -0.03833083583610497 1
moped_scooter 301 1 -0.2805259473795934 1250.9423 870.6076 1412.8043 999.3783 1.5757269261755598 0.6487511088452989 2.0046434298981843 4.9521842898234105 4.928889276883295 20.045715564966958 -0.03833083583610519 1
Pedestrian 302 0 -0.2198500553357218 1209.758 870.4643 1262.5093 992.6796 1.5650180841225598 0.6279627930636966 0.5983304172203092 3.8143598013910887 5.031035632840444 20.782229540222488 -0.038330835836105415 1
Pedestrian 303 1 1.336843650340517 1229.7642 870.74774 1283.2924 985.0491 1.479083821352818 0.6037526500814361 0.6794448271273624 4.1825545334725565 5.0244254921547125 21.214305755367093 1.5315043243052835 1
vehicle_other 304 1 0.8954762386609498 1831.7661 736.43005 1935.0 1075.7192 3.115851144579243 1.8456744921789436 5.569591503065681 13.367685570226206 4.700115038549843 18.416637042364933 1.5233402725720757 1
rider 421 0 2.651109699764054 1564.2594 891.2539 1754.2772 1141.3763 1.5386006227863511 0.8772053037836246 0.920928713760079 4.944697496183707 3.518083560585401 10.650214264065992 -3.197408855947695 1
