Cyclist 420 0 2.7723898573901096 1258.9689 844.2456 1616.521 1143.0411 1.7188790172167248 0.8772053037836246 2.065931846645049 3.0935170049452583 3.237435202871338 9.84849472840817 -3.2064439082710328 1
bicycle 295 2 -0.27319110220242954 1284.2722 857.739 1427.1002 952.2339 1.1610524729592844 0.6105577208142126 1.7726879024531326 5.331605272823757 4.3665135346840245 20.268147466348797 -0.015965108838106756 1
bicycle 296 2 -0.28730144108481354 1308.6622 858.8785 1447.8939 950.5693 1.1610524729592844 0.6105577208142126 1.7726879024531326 5.810464677482528 4.478889222756331 20.886124602869856 -0.015965108838105868 1
bicycle 297 2 -0.33490235514990085 1370.3718 872.54 1542.2883 985.1088 1.1610524729592844 0.5150742507364795 1.7726879024531326 5.577714561963955 4.0031898490447135 16.891398052996944 -0.015965108838106534 1
bicycle 298 2 -0.31057898676597906 1333.2784 868.5367 1499.1719 977.71875 1.1610524729592844 0.5150742507364795 1.7726879024531326 5.275989718038511 4.037988230461105 17.38700094726665 -0.015965108838106534 1
bicycle 299 2 -0.8618190378923287 1314.7268 864.20404 1459.2947 985.52185 1.1728020692457062 0.5684165872004717 1.9470366362902378 5.2193855293049936 4.222299532489066 18.283025131582267 -0.5837386504460166 1
bicycle_rack 300 2 -0.24499854043303104 1226.8434 841.14685 1403.4047 951.1097 1.1610524729592844 2.6958160428936235 1.985352334502914 5.249210553695453 4.614256940767692 22.51681417389191 -0.015965108838106312 1
moped_scooter 301 2 -0.2866987067915365 1293.7428 829.25415 1461.5875 959.6345 1.5757269261755598 0.6487511088452989 2.0046434298981843 5.406881111816572 4.284328240177756 19.48088067243068 -0.01596510883810609 1
Pedestrian 302 0 -0.23099224810577332 1260.8328 825.36206 1315.7833 949.2972 1.5650180841225598 0.6279627930636966 0.5983304172203092 4.4192113094691265 4.320110475961069 20.234146154811363 -0.015965108838106534 1
Pedestrian 303 1 1.3300663179612946 1274.4282 828.88873 1329.8389 944.36005 1.479083821352818 0.6037526500814361 0.6794448271273624 4.716173796088466 4.35228021222763 20.718584125551963 1.5538827321459028 1
vehicle_other 304 2 0.8797670094048543 1902.8611 696.54987 1935.0 1038.4873 3.115851144579243 1.8456744921789436 5.569591503065681 13.820530575794974 4.094207188669232 17.61143987688443 1.5451381059576663 1
rider 421 0 2.767904705561646 1347.4438 844.24835 1534.9219 1110.666 1.5386006227863511 0.8772053037836246 0.920928713760079 3.1433357096668324 3.055615398024507 9.8746778930663 -3.2070997502093825 1
