Cyclist 420 0 2.675746859202496 1434.4312 882.89386 1782.0771 1165.9348 1.7188790172167248 0.8772053037836246 2.065931846645049 4.497124011910092 3.6159724287955908 10.495587196775597 -3.2026259334111877 1
bicycle 295 2 -0.26463634956878834 1243.4451 893.7864 1381.9592 987.6911 1.1610524729592844 0.6105577208142126 1.7726879024531326 4.862913816420134 4.951898968787623 20.747687874259682 -0.03440879101051908 1
bicycle 296 2 -0.28034558792671505 1270.0076 891.8288 1405.0516 982.84155 1.1610524729592844 0.6105577208142126 1.7726879024531326 5.367226992518075 5.037488640884603 21.381818849417854 -0.034408791010518636 1
bicycle 297 1 -0.32539961798812067 1327.4619 906.84216 1493.0045 1017.8261 1.1610524729592844 0.5150742507364795 1.7726879024531326 5.209753791972661 4.494926029335231 17.395292354307248 -0.03440879101051908 1
bicycle 298 1 -0.3017788499063897 1291.9064 903.66766 1451.9735 1011.47925 1.1610524729592844 0.5150742507364795 1.7726879024531326 4.898328392153011 4.548071897341994 17.881757104296675 -0.03440879101051908 1
bicycle 299 2 -0.8547276153883163 1275.5237 897.4212 1416.4385 1019.1393 1.1728020692457062 0.5684165872004717 1.9470366362902378 4.8289282355295615 4.726172447527475 18.71327946882226 -0.6021886293958281 1
bicycle_rack 300 2 -0.23909821925290206 1191.08 873.349 1362.1399 985.4236 1.1610524729592844 2.6958160428936235 1.985352334502914 4.774289625153469 5.2113379842420215 22.997891620379498 -0.0344087910105193 1
moped_scooter 301 1 -0.2823076344907126 1259.4116 866.8332 1422.5265 996.1605 1.5757269261755598 0.6487511088452989 2.0046434298981843 5.04221301050033 4.856646385636241 19.921430487657304 -0.034408791010518636 1
Pedestrian 302 0 -0.22103492925835808 1217.5084 863.58246 1270.5737 986.06616 1.5650180841225598 0.6279627930636966 0.5983304172203092 3.9077652105926637 4.9198560451050835 20.695339306290016 -0.03440879101051886 1
Pedestrian 303 1 1.3360305402545036 1237.0337 864.299 1290.7648 978.61395 1.479083821352818 0.6037526500814361 0.6794448271273624 4.277359810499917 4.92356526689977 21.166306823284053 1.5354285898818198 1
vehicle_other 304 2 0.8946079621650084 1841.1162 730.64 1935.0 1069.406 3.115851144579243 1.8456744921789436 5.569591503065681 13.445984083835276 4.612165170865969 18.3390591405903 1.5272624944002309 1
rider 421 0 2.6741714867880577 1521.54 883.4114 1710.2539 1135.641 1.5386006227863511 0.8772053037836246 0.920928713760079 4.58678235535483 3.4404313082911795 10.53770102276981 -3.1984736779330216 1
