Car 1167 2 -1.4364191247355382 743.83655 827.60895 851.6562 932.0476 1.6107339994089607 1.8342919915207538 4.004947106521352 -3.532864553663147 6.3532903984549485 32.96009381273435 -1.5431975685336454 1
Car 1159 1 -1.4648321697158628 715.90015 829.1646 836.6698 948.52 1.5270218401539188 1.8026052637951178 3.6928989632061073 -3.308833023508466 5.5175900835390195 27.35605022055042 -1.5852017827119598 1
Pedestrian 1160 1 -1.7342632171076933 1075.6229 801.11206 1128.6566 943.2288 1.7228049160823355 0.5951478225276782 0.5450323502721242 1.7991181593621954 4.013436137021244 19.146979520746378 -1.6405747511288498 1
rider 190 1 -1.5897821542504866 942.10474 827.00226 971.562 888.8183 1.5356614717883814 0.7738134777750997 0.7364140640841642 -0.12224734096726726 6.991130916292224 39.99063402252096 -1.592839044024103 1
rider 191 2 -1.5501549098725493 883.4784 838.2358 915.044 892.01245 1.3196663425156716 0.8287422446377002 0.7215635093685692 -1.6546547989988876 7.078326053641717 39.99774572708414 -1.591500036414558 1
bicycle 1161 1 -1.6543627419385465 1049.6428 838.1857 1072.6504 892.0067 1.0516418763113207 0.4228664476705068 1.8257263213949 2.4907487716542818 6.516475456749115 37.40002207942766 -1.5878634177698283 1
Cyclist 197 0 -1.5896799375822352 941.74115 824.32715 972.0315 900.686 1.7538189353719742 0.7761598132492267 1.8047162748661423 -0.12641464455882706 7.211654697463634 40.015816607428775 -1.592839044024103 1
Pedestrian 2009 0 -2.172879328534813 20.6469 737.2122 193.82452 1024.5453 1.6380812248987944 0.5556553968506274 0.8425038975877462 -5.306019547486609 2.3689499157423106 9.297932388591574 -2.691450851847292 1
ride_other 203 0 -1.5500601587067528 882.87964 835.8998 914.92914 900.24805 1.4586462094641552 0.8287422446377002 1.6900364134897403 -1.6736244007037524 7.2722081763123345 40.34961820266989 -1.5915144693026648 1
Car 1165 1 -1.484924896060757 794.60944 832.3234 870.2832 907.2947 1.5003789581272315 1.8697904283313167 4.55161326200228 -3.8021319362010644 8.030809685804027 44.80483472761238 -1.5695819327230465 1
Car 1166 2 -1.4211734823209037 769.2378 833.84015 861.325 918.5801 1.5273739656251122 1.8043725198672675 3.6842238059376053 -3.6694117260967083 7.1217784841677165 38.152706383721494 -1.517055542140383 1
Car 1471 1 2.0231908389861886 201.48811 860.8124 325.7757 935.63025 1.3995437142552132 1.6768839765856172 3.7208633649015903 -19.363387036429128 8.269214974305331 41.6719286716111 -4.694974695668259 1
Car 1472 1 2.1236220265587678 8.122547 858.1242 190.29326 960.27716 1.5463068403312032 1.7482263559780955 3.937004280761739 -19.335267677645575 7.120612665800298 33.746780801104094 -4.679856673180039 1
bicycle 1469 1 -3.0138780208606315 701.09717 850.5613 816.54297 935.2925 1.1583599834311407 0.7882511794296914 1.6700678758564877 -3.0942945375923285 4.684873751120123 22.970675162583923 -3.1477782892455455 1
Car 1164 1 -1.4868996831260675 812.67426 828.5233 879.56024 898.329 1.660471944949592 1.8980900708212065 4.476082286377353 -3.8710609072867546 8.899578433419752 50.91944353229531 -1.5627769660104696 1
Pedestrian 1473 0 -1.7521249319392258 1202.6902 775.7525 1313.2053 1004.5454 1.672196202295924 0.716924326077428 0.9022277913500304 2.3611537630792125 2.9273625420195413 11.986899898546184 -1.5576369677761877 1
