Car 1167 2 -1.433820316432403 759.05414 811.75397 873.9236 921.1153 1.6107339994089607 1.8342919915207538 4.004947106521352 -2.9295183916266883 5.743681813375445 31.037015074100584 -1.5279293932731939 1
Car 1159 1 -1.4598629081022612 725.7381 813.2684 856.7395 939.7439 1.5270218401539188 1.8026052637951178 3.6928989632061073 -2.8077475792625646 4.959834589737946 25.40550997820283 -1.5699334909314893 1
Pedestrian 1160 1 -1.74820114587271 1115.1367 775.9229 1166.9379 931.04156 1.7621853682050024 0.5146483994991043 0.6280542136410489 2.153355610602548 3.6088112173585323 17.95685251296948 -1.6288527397776789 1
rider 190 1 -1.5890075843401716 963.65735 809.34656 993.3853 871.37354 1.5356614717883814 0.7738134777750997 0.7364140640841642 0.4531275807988685 6.465770702924396 39.600985040883785 -1.577565752619355 1
rider 191 2 -1.5512613336575998 908.0373 826.1795 939.54486 879.6396 1.3196663425156716 0.8287422446377002 0.7215635093685692 -0.9990206979049133 6.754029963160633 40.01245505223898 -1.5762238904825436 1
bicycle 1161 1 -1.6598075636847092 1079.9631 820.7079 1104.7268 876.68994 1.0516418763113207 0.4228664476705068 1.8257263213949 3.0946658746288613 5.805692822562732 35.39472399453975 -1.5725963708851693 1
bicycle 1469 1 -3.0093531257082624 711.7058 839.25104 838.2734 931.91547 1.1583599834311407 0.7882511794296914 1.6700678758564877 -2.5938221611984766 4.219462035602284 20.954368659356074 -3.1325109591012925 1
Pedestrian 1473 0 -1.7760914860542878 1254.7219 746.9635 1385.9749 1005.7712 1.6747417596199068 0.7245204011198434 0.9650033748433712 2.531811700354051 2.582986590485824 10.634445323105368 -1.5423660222181357 1
ride_other 203 0 -1.5511765016971955 907.46094 824.30273 939.4374 888.1058 1.4586462094641552 0.8287422446377002 1.6900364134897403 -1.0110226665752355 6.949547881784817 40.33221909050571 -1.5762386233138412 1
Car 1164 1 -1.4852993841427808 831.7403 810.41534 901.3538 881.4297 1.660471944949592 1.8980900708212065 4.476082286377353 -3.0542399803981013 8.023481692328499 49.032570541487054 -1.5475090321216494 1
Car 1165 1 -1.4823914091616748 811.7566 817.5198 891.11945 894.50995 1.5003789581272315 1.8697904283313167 4.55161326200228 -3.0906541021455824 7.320913468230543 42.89782297532198 -1.554314012103816 1
Car 1166 2 -1.4197966623692193 787.3893 817.0706 884.6039 905.01746 1.5273739656251122 1.8043725198672675 3.6842238059376053 -2.9726752845858697 6.420171050502914 36.174931639387225 -1.5017874472617765 1
Car 1470 1 1.984418137214135 307.2094 852.3697 409.9759 916.0508 1.3519821279935509 1.6649935800201996 3.577224525365701 -18.688670555578415 8.704558589705371 46.523585371897624 -4.680740912608799 1
Car 1471 1 2.0384021064815165 197.8571 853.08014 329.13034 930.68036 1.3995437142552132 1.6768839765856172 3.7208633649015903 -18.562224602363724 7.783867538683698 39.95460288425516 -4.679697858585672 1
Car 1472 1 2.1490869276252695 0.0 852.6246 176.40053 960.11395 1.5463068403312032 1.7482263559780955 3.937004280761739 -18.787550727758823 6.729563694410588 32.02983641747192 -4.664579925243808 1
Cyclist 197 0 -1.5889434327945509 963.3649 806.1478 993.90485 882.3529 1.7538189353719742 0.7761598132492267 1.8047162748661423 0.45088551217317974 6.666350966213475 39.62723939427824 -1.577565752619355 1
