Car 1166 2 -1.4176006766407088 817.4751 787.4225 920.57227 877.5708 1.5273739656251122 1.8043725198672675 3.6842238059376053 -2.0476131708924097 5.449662993693987 34.172286570002 -1.477449402926371 1
Car 1167 2 -1.4294163951253935 784.25574 781.7998 907.78784 895.0982 1.6107339994089607 1.8342919915207538 4.004947106521352 -2.1568555025121 4.872073097202117 29.02465201261062 -1.503591218844648 1
Car 1159 1 -1.4524554047849945 744.0437 785.57184 887.9014 919.6241 1.5270218401539188 1.8026052637951178 3.6928989632061073 -2.1842245193494265 4.240118684625418 23.383200543110522 -1.545595127234014 1
Pedestrian 1160 1 -1.729807192687507 1164.2369 738.55994 1224.2535 905.7594 1.795423610133483 0.5824844816115727 0.5525136759250602 2.5982573794168466 3.0868685100498823 16.713798518588604 -1.5755857901296464 1
rider 190 1 -1.5864319478260192 996.11017 778.8127 1026.0947 840.9548 1.5356614717883814 0.7738134777750997 0.7364140640841642 1.3020261274930285 5.607611481753137 39.188473062215216 -1.5532194430156394 1
rider 191 2 -1.5525301952208725 946.34735 790.6954 977.8842 843.6826 1.3196663425156716 0.8287422446377002 0.7215635093685692 0.02623360364150157 5.786401731296099 39.92025514285437 -1.5518730451157108 1
bicycle 1161 1 -1.668030467137984 1128.0594 789.90063 1155.1829 847.9223 1.0516418763113207 0.4228664476705068 1.8257263213949 4.000392206750194 4.82051746037764 33.24062255464644 -1.5482599850392142 1
bicycle 1469 1 -2.996880799841563 722.64325 813.3046 862.9402 915.36896 1.1583599834311407 0.7882511794296914 1.6700678758564877 -2.1179383040859583 3.5991488664234828 18.951630367581807 -3.1081739527596177 1
Cyclist 197 0 -1.586249842974195 995.69293 776.90063 1026.3916 852.6007 1.7538189353719742 0.7761598132492267 1.8047162748661423 1.2954841385765816 5.831323029512161 39.20669983927012 -1.5532194430156394 1
ride_other 203 0 -1.5525167271396922 945.90314 789.64075 977.8568 852.1518 1.4586462094641552 0.8287422446377002 1.6900364134897403 0.025291457063315176 5.985828805035311 40.24273349373395 -1.5518882545798598 1
Car 1164 1 -1.4843156575159093 865.1394 783.95306 937.7517 855.63245 1.660471944949592 1.8980900708212065 4.476082286377353 -1.8288948501777371 6.9067584059800495 47.04534811490068 -1.523171239112112 1
Car 1165 1 -1.4796214099761342 841.83655 788.69885 925.40576 866.4532 1.5003789581272315 1.8697904283313167 4.55161326200228 -2.0617960293517585 6.2346930426011005 40.91073519287937 -1.5299762395556424 1
Car 1470 1 2.000579885528391 318.67023 823.7297 426.55743 887.7479 1.3519821279935509 1.6649935800201996 3.577224525365701 -17.570716349708995 7.551740463393968 44.79722947909744 -4.656393675519048 1
Car 1471 1 2.0545825522768473 209.14203 830.35657 346.9742 909.1455 1.3995437142552132 1.6768839765856172 3.7208633649015903 -17.46264122196333 6.937853229225777 38.40601629333958 -4.655345929393617 1
Car 1472 1 2.172549631298411 0.0 822.94904 183.69984 931.96466 1.5463068403312032 1.7482263559780955 3.937004280761739 -17.913139422692673 5.867386337847395 30.601411826877214 -4.6402281433336405 1
Pedestrian 1473 0 -1.811753797880201 1338.3859 715.9972 1497.5139 1006.5417 1.6267087429118874 0.7240293814761818 0.9625875899717538 2.778570900009825 2.2167433285376976 9.185969569419873 -1.518023447128798 1
