Car 1165 1 -1.4729709559916766 825.0616 772.8536 918.88354 857.3923 1.5003789581272315 1.8697904283313167 4.55161326200228 -2.1358810255193146 5.384166860889749 36.943612608270996 -1.530721291893504 1
Car 1166 2 -1.4076673937936417 792.94037 773.2632 911.4413 874.1592 1.5273739656251122 1.8043725198672675 3.6842238059376053 -2.133173351425386 4.713407816634166 30.1959990427973 -1.478194463474687 1
Car 1159 1 -1.4330155295696971 692.67896 773.70776 872.5185 936.03973 1.5270218401539188 1.8026052637951178 3.6928989632061073 -2.2034307161992706 3.639403717787853 19.36021664392782 -1.5463401976566802 1
Pedestrian 1160 1 -1.7483360096333262 1185.3127 708.2014 1258.3615 894.1956 1.7271864333131652 0.5972874679202294 0.6128651480975496 2.5139851895234853 2.550477413702102 14.47133159633018 -1.5763308692511873 1
rider 190 1 -1.5813998379387915 987.3712 759.86725 1017.54254 822.33386 1.5356614717883814 0.7738134777750997 0.7364140640841642 1.0635941415517456 5.06751694629371 38.757940979521486 -1.5539647562163674 1
rider 191 2 -1.5521672059935545 944.6744 772.44006 976.2413 825.1189 1.3196663425156716 0.8287422446377002 0.7215635093685692 -0.018003961773906847 5.292009326037272 39.894358426482036 -1.5526184968843413 1
bicycle 1161 1 -1.6792184787630522 1141.6006 766.1364 1173.6294 831.0696 1.0516418763113207 0.4228664476705068 1.8257263213949 3.8144223991864283 3.8892713274386654 29.127854791462102 -1.549004995042943 1
bicycle 1469 1 -2.9670795224819835 655.41833 804.1496 835.6053 933.81757 1.1583599834311407 0.7882511794296914 1.6700678758564877 -2.134143999405909 3.0002406471349676 14.945155978488877 -3.1089189848701504 1
Cyclist 197 0 -1.581291451841575 987.15204 757.76654 1017.866 833.4638 1.7538189353719742 0.7761598132492267 1.8047162748661423 1.0590999227304183 5.277214066973435 38.74732229272783 -1.5539647562163674 1
Pedestrian 1473 0 -1.912077006306728 1456.6875 634.1644 1698.983 1048.8884 1.6667044008139542 0.6835148883533141 0.9928457740313328 2.6565903023433317 1.7104295790030477 6.543964008140845 -1.5264429300159588 1
ride_other 203 0 -1.5521435771803713 944.2276 772.1082 976.1869 833.82294 1.4586462094641552 0.8287422446377002 1.6900364134897403 -0.019734413265288728 5.5061874124170975 40.26489198340615 -1.5526336917867454 1
Car 1164 1 -1.478263168485485 851.05817 767.2159 930.81476 843.48303 1.660471944949592 1.8980900708212065 4.476082286377353 -1.98037451167237 6.002835187336168 43.34858883882114 -1.5239162920637475 1
Car 1167 1 -1.417093984496754 751.64996 767.3776 897.9735 897.7422 1.6107339994089607 1.8342919915207538 4.004947106521352 -2.189850647781407 4.19232540306763 25.037075399108314 -1.5043362834102618 1
Car 1168 1 1.9835935022491897 348.0872 823.95996 454.06174 887.99866 1.4549215836359217 1.8480435675379092 3.6000366387199554 -17.662920333541283 7.999409733438126 47.31694222731638 -4.656862064842787 1
Car 1470 1 2.036101797341904 246.35126 839.77856 370.71594 912.18134 1.3519821279935509 1.6649935800201996 3.577224525365701 -17.66188023185404 7.4533347695284045 40.63030606967583 -4.657139016857441 1
Car 1471 1 2.104064316991555 101.63512 845.1649 266.55054 936.1138 1.3995437142552132 1.6768839765856172 3.7208633649015903 -17.643991623980508 6.709050224447049 34.14308390651585 -4.656091414010324 1
Car 1472 1 2.2427910207495785 0.0 858.2433 59.9497 992.8571 1.5463068403312032 1.7482263559780955 3.937004280761739 -17.965679795682295 5.954892909131442 26.227743127419927 -4.6409736233480725 1
