Car 1166 2 -1.4165241873946928 818.99274 795.7138 924.4058 888.8975 1.5273739656251122 1.8043725198672675 3.6842238059376053 -1.9433369308125719 5.570109447291101 33.47285378059311 -1.4745161927122834 1
Car 1167 2 -1.4274302103586896 783.74036 791.16876 910.7258 908.9868 1.6107339994089607 1.8342919915207538 4.004947106521352 -2.0780021429774145 4.989442123505299 28.3264964413515 -1.5006579927940686 1
Car 1159 1 -1.4505222814031562 742.64276 793.24475 891.5723 933.3895 1.5270218401539188 1.8026052637951178 3.6928989632061073 -2.093904087210206 4.288660988683764 22.660997693116474 -1.5426618780869361 1
Pedestrian 1160 1 -1.7335450139988888 1171.8522 754.58 1237.6575 914.8287 1.6554546601182765 0.5969109217985249 0.7765841804120058 2.6725500458743676 3.1171777724603897 16.46720096382212 -1.5726525067116701 1
rider 190 1 -1.585133794132505 998.5815 786.8011 1028.5227 849.0898 1.5356614717883814 0.7738134777750997 0.7364140640841642 1.3666258350052474 5.8203468655860835 39.200263565278284 -1.550285238386196 1
rider 191 2 -1.5550977928095902 954.6313 801.51843 986.0601 854.65045 1.3196663425156716 0.8287422446377002 0.7215635093685692 0.24620930807195818 6.084210714595378 39.97179767505308 -1.5489382951460915 1
bicycle 1161 1 -1.6706753947175716 1136.1356 793.89703 1164.0829 853.448 1.0516418763113207 0.4228664476705068 1.8257263213949 4.100000843182544 4.832384008365699 32.53734591617376 -1.5453269736707713 1
Cyclist 197 0 -1.5851132326160207 998.41675 784.33374 1029.0499 860.42456 1.7538189353719742 0.7761598132492267 1.8047162748661423 1.3655765532133435 6.029403978097557 39.19330973686187 -1.550285238386196 1
Pedestrian 1473 0 -1.8191922704328727 1352.0212 713.8592 1508.1283 1011.7995 1.6422942772846687 0.7240293814761818 0.7286796067061345 2.7559399759947225 2.1918668770994674 8.855171979668254 -1.5174705137873112 1
ride_other 203 0 -1.555049827900528 954.1942 800.1774 985.92676 863.0276 1.4586462094641552 0.8287422446377002 1.6900364134897403 0.24582765883867277 6.285014196564713 40.32380054036643 -1.5489535619189918 1
Car 1164 1 -1.483871754551068 868.23883 790.04694 942.0074 863.5187 1.660471944949592 1.8980900708212065 4.476082286377353 -1.6861450750584424 7.0307021594851005 46.345146512931656 -1.5202380587453668 1
Car 1165 1 -1.478874847451562 844.2499 795.03723 929.38837 875.0221 1.5003789581272315 1.8697904283313167 4.55161326200228 -1.9385214813830418 6.338864926970354 40.21369789641299 -1.5270430615975048 1
Car 1470 1 2.004539731600114 316.02774 840.1662 425.55426 906.3862 1.3519821279935509 1.6649935800201996 3.577224525365701 -17.425912354944842 7.992162252035492 44.294361754506305 -4.653459360273589 1
Car 1471 1 2.0642307882465394 194.64389 844.531 336.83383 926.5814 1.3995437142552132 1.6768839765856172 3.7208633649015903 -17.414214403891133 7.205841921084448 37.627034508221776 -4.652411050310393 1
Car 1472 1 2.18544120415347 0.0 841.69214 167.47537 956.65454 1.5463068403312032 1.7482263559780955 3.937004280761739 -17.841288413506604 6.159613669491166 29.794225910736635 -4.637293282426009 1
bicycle 1469 1 -2.991308878774659 715.7687 820.30676 861.62787 926.6938 1.1583599834311407 0.7882511794296914 1.6700678758564877 -2.0900783015669147 3.6005222577037825 18.265522683415078 -3.105240852436877 1
