Car 1166 2 -1.410437807465522 802.35767 809.6186 914.921 910.2974 1.5273739656251122 1.8043725198672675 3.6842238059376053 -2.106032548598569 5.673372110107181 31.646368770723793 -1.4768887725035569 1
Car 1159 1 -1.4412405113595461 715.7726 806.63324 880.75354 963.1623 1.5270218401539188 1.8026052637951178 3.6928989632061073 -2.166516203940166 4.281669265563801 20.79822504984165 -1.5450344893771146 1
Car 1471 1 2.086053307445562 143.71114 864.0354 297.89532 952.9601 1.3995437142552132 1.6768839765856172 3.7208633649015903 -17.579051075856206 7.411660606968034 35.691401837965635 -4.654784979917993 1
Pedestrian 1160 1 -1.744010172896031 1185.1787 746.7857 1248.8239 930.71606 1.798972247252747 0.552203574365568 0.5631376379848135 2.6076762132034137 3.0677751305589305 15.284237462232804 -1.5750251457254987 1
rider 190 1 -1.5847575337232 994.28973 797.80554 1024.5875 861.07745 1.5356614717883814 0.7738134777750997 0.7364140640841642 1.243358997849046 6.0561603773942405 38.721934592773096 -1.5526586224978192 1
rider 191 2 -1.5546444247222198 950.2654 819.174 981.96436 873.0685 1.3196663425156716 0.8287422446377002 0.7215635093685692 0.13211229522640136 6.518004660512203 39.645779975136605 -1.5513121203431375 1
bicycle 1161 1 -1.677608973675007 1141.9916 805.318 1172.2075 869.17847 1.0516418763113207 0.4228664476705068 1.8257263213949 4.014592397290005 4.869652137339299 30.728933360341394 -1.5476993926397038 1
bicycle 1469 1 -2.9805075531026484 686.7995 837.8486 849.8878 957.4073 1.1583599834311407 0.7882511794296914 1.6700678758564877 -2.0978196244197505 3.5560395984192414 16.41553901064627 -3.1076133435951925 1
Cyclist 197 0 -1.5846130333324935 993.98303 795.5048 1024.8925 872.9199 1.7538189353719742 0.7761598132492267 1.8047162748661423 1.240135302815523 6.283583288251231 38.79630847318576 -1.5526586224978192 1
ride_other 203 0 -1.5546651666652496 949.9198 817.66644 981.9385 881.7998 1.4586462094641552 0.8287422446377002 1.6900364134897403 0.1334908208695602 6.72383649244645 39.99319588303033 -1.5513273407631745 1
Car 1164 1 -1.4815528208890654 859.3364 805.3254 936.5387 883.65137 1.660471944949592 1.8980900708212065 4.476082286377353 -1.827850596710775 7.303925571007747 44.4939493795272 -1.5226106144014593 1
Car 1165 1 -1.4749524580945437 832.15173 809.17896 922.097 895.03436 1.5003789581272315 1.8697904283313167 4.55161326200228 -2.0920532525784385 6.514118941870712 38.374278005109176 -1.529415615306306 1
Car 1167 1 -1.422351950409675 766.86456 804.4361 903.8444 933.26483 1.6107339994089607 1.8342919915207538 4.004947106521352 -2.1425856578742657 5.0394612681453985 26.499393710772672 -1.503030585397546 1
Car 1470 1 2.02158548021501 277.90277 861.0659 395.5272 932.652 1.3519821279935509 1.6649935800201996 3.577224525365701 -17.543090454155934 8.301020347801057 42.16969319245133 -4.655832833839421 1
Car 1472 1 2.2144813586869754 0.0 869.5538 112.96865 997.4074 1.5463068403312032 1.7482263559780955 3.937004280761739 -17.901991230507928 6.437484725797042 27.870465827816368 -4.639667197324927 1
Pedestrian 1473 0 -1.8702299128120394 1408.287 703.64514 1620.2162 1069.0994 1.6566802730732308 0.7637193671596062 0.8639174336325088 2.713380591352093 2.0713807718415698 7.424420145373959 -1.5198430172173596 1
