Car 1165 1 -1.469279996407149 807.41614 813.285 908.689 909.9759 1.5003789581272315 1.8697904283313167 4.55161326200228 -2.305485002443057 6.137335251500723 34.50209986953945 -1.5360023915460455 1
Car 1159 1 -1.4177124977916742 642.352 809.95764 854.3166 1007.83234 1.5270218401539188 1.8026052637951178 3.6928989632061073 -2.2752791733475877 3.847668060249876 16.889561635149676 -1.5516214255227547 1
Car 1471 1 2.136417168937041 16.846745 896.32153 203.76218 1002.0866 1.3995437142552132 1.6768839765856172 3.7208633649015903 -17.780045445931346 7.451855136927875 31.445541391123726 -4.661375579798495 1
Pedestrian 1160 1 -1.7702989374019626 1208.0555 742.20795 1287.7426 953.3085 1.7326575804299988 0.5539814486122252 0.6947649467487199 2.485166114622856 2.7810384792809044 13.01417628043319 -1.5816121587038408 1
rider 190 1 -1.5816146574587626 979.478 805.1877 1010.27844 869.84546 1.5356614717883814 0.7738134777750997 0.7364140640841642 0.8493953672700238 6.158097180225317 37.969131035880785 -1.559247705831058 1
rider 191 2 -1.55420331482844 939.60284 819.77936 971.589 874.1268 1.3196663425156716 0.8287422446377002 0.7215635093685692 -0.14539316585011333 6.489399253214199 39.30467855966834 -1.557902429234601 1
bicycle 1161 0 -1.6989144363484578 1161.2178 804.6089 1198.2137 878.39874 1.0516418763113207 0.4228664476705068 1.8257263213949 3.8876178865798434 4.369406509523966 26.692317761528372 -1.554285794404424 1
bicycle 1469 1 -2.943297965653957 590.5788 850.1407 809.2563 1009.6862 1.1583599834311407 0.7882511794296914 1.6700678758564877 -2.1489507361629663 3.096569391832353 12.451512845980329 -3.1141999352707512 1
Cyclist 197 0 -1.581633103785065 979.42365 802.3438 1010.83716 881.92084 1.7538189353719742 0.7761598132492267 1.8047162748661423 0.8487692456068745 6.359687611783449 37.90986732281244 -1.559247705831058 1
Pedestrian 1473 0 -1.990417803715689 1550.3331 635.88806 1899.3177 1202.2944 1.6708166094360626 0.6758240326329067 0.9907963997034427 2.4631256432070896 1.7108760445903466 4.9406098541631005 -1.5279333638311459 1
ride_other 203 0 -1.5542146195569448 939.2234 818.1774 971.5613 882.8964 1.4586462094641552 0.8287422446377002 1.6900364134897403 -0.14676156233982451 6.691029935479937 39.634027310327255 -1.5579175208648905 1
Car 1164 1 -1.4768017737245887 838.00037 808.5975 923.10297 894.8384 1.660471944949592 1.8980900708212065 4.476082286377353 -2.137786113766859 6.94733993384601 40.763509817515065 -1.5291973960896887 1
Car 1166 1 -1.4022686190668694 770.4479 814.1938 900.4546 930.5455 1.5273739656251122 1.8043725198672675 3.6842238059376053 -2.26027703604698 5.285067188093538 27.77231344887177 -1.483475621523943 1
Car 1167 1 -1.4092878197533754 721.4958 807.64905 885.84064 961.3427 1.6107339994089607 1.8342919915207538 4.004947106521352 -2.2765169942536283 4.625397801870891 22.614185915619558 -1.5096174698729772 1
Car 1168 1 2.002436492807708 301.50305 874.1028 417.0271 946.68225 1.4549215836359217 1.8480435675379092 3.6000366387199554 -17.84047073983608 9.175471779256004 44.48620793981115 -4.662146036448826 1
Car 1470 1 2.058517312444092 189.78345 882.7464 326.61093 964.5699 1.3519821279935509 1.6649935800201996 3.577224525365701 -17.813009142168962 8.229295302282493 38.058745520908396 -4.662422166384071 1
