Car 1159 1 -1.4163622424676068 632.2941 811.99274 850.54987 1016.1879 1.5270218401539188 1.8026052637951178 3.6928989632061073 -2.285401949899609 3.8185006424261188 16.4548336677891 -1.554368766053794 1
Car 1471 1 2.137779974796464 7.4387736 901.1952 196.65628 1008.5587 1.3995437142552132 1.6768839765856172 3.7208633649015903 -17.791302459335366 7.508441518765761 31.165664487627 -4.664124450044843 1
Pedestrian 1160 1 -1.7728121216770594 1210.4521 742.04016 1283.8102 950.98706 1.7326575804299988 0.5392692787522465 0.4641864672000429 2.46041806860239 2.7616925451001473 12.900974869260246 -1.5843595312216776 1
rider 190 1 -1.5814176557572954 975.0856 805.51416 1005.8569 870.1208 1.5356614717883814 0.7738134777750997 0.7364140640841642 0.7380358135613398 6.169559389946015 37.995773598148524 -1.5619959426318843 1
rider 191 2 -1.5568263531145736 939.4378 820.2082 971.3772 874.59204 1.3196663425156716 0.8287422446377002 0.7215635093685692 -0.1502210319386863 6.496763650228098 39.27508278636296 -1.560651177627691 1
bicycle 1161 0 -1.7016788045753637 1160.9452 804.63873 1198.5723 879.1499 1.0516418763113207 0.4228664476705068 1.8257263213949 3.8513915302912074 4.339613719817855 26.440390088273244 -1.5570329118589035 1
bicycle 1469 1 -2.9377522302157453 573.89435 851.4388 799.8939 1015.99725 1.1583599834311407 0.7882511794296914 1.6700678758564877 -2.188684308144806 3.0515670872746083 12.082973503912816 -3.1169471273835456 1
Cyclist 197 0 -1.5814160656167955 975.0084 803.0544 1006.37695 882.5821 1.7538189353719742 0.7761598132492267 1.8047162748661423 0.7369555405948774 6.381984797110392 37.94326603448189 -1.5619959426318843 1
Pedestrian 1473 0 -2.0161425411134504 1582.172 628.3981 1935.0 1215.0 1.6549388501522462 0.6758240326329067 0.9488756064298179 2.4460132567598687 1.6669382040135456 4.636346470025035 -1.530680281217969 1
ride_other 203 0 -1.556568450393382 938.70056 818.2738 970.90466 883.01556 1.4586462094641552 0.8287422446377002 1.6900364134897403 -0.1623346918677923 6.691060473744408 39.61519977960788 -1.5606662154973292 1
Car 1164 1 -1.4762081958885096 832.52686 809.6002 918.46466 896.70624 1.660471944949592 1.8980900708212065 4.476082286377353 -2.255279044789229 6.933647822574971 40.421342135743835 -1.5319446721978092 1
Car 1165 1 -1.4706398159326708 804.8209 816.07434 906.9763 914.28357 1.5003789581272315 1.8697904283313167 4.55161326200228 -2.3277717610525226 6.157337232005249 34.12386304333104 -1.5387496653632597 1
Car 1166 1 -1.4009347204189146 763.13763 815.6377 895.21484 933.86487 1.5273739656251122 1.8043725198672675 3.6842238059376053 -2.342602588929993 5.266017785750044 27.400268644404303 -1.4862229258575275 1
Car 1167 1 -1.409245122920483 715.59094 809.3543 882.80426 966.18646 1.6107339994089607 1.8342919915207538 4.004947106521352 -2.3015549667456265 4.607115044460429 22.240095196801764 -1.5123647889441894 1
Car 1168 1 2.0027383903076146 295.74844 882.6917 412.11026 956.4224 1.4549215836359217 1.8480435675379092 3.6000366387199554 -17.89522734610038 9.39728929493985 44.23168227448896 -4.664894805586954 1
Car 1470 0 2.0611586649523366 178.71402 890.8285 317.7912 974.45624 1.3519821279935509 1.6649935800201996 3.577224525365701 -17.853231885546098 8.36563800436091 37.6152982336926 -4.665170507502568 1
