Car 1165 1 -1.471241104233736 820.6156 786.5599 917.38995 875.4919 1.5003789581272315 1.8697904283313167 4.55161326200228 -2.145401652280892 5.635951309513845 35.94470137593292 -1.5308565518768258 1
Car 1166 2 -1.4074735691327538 790.1554 785.91376 912.7566 892.2637 1.5273739656251122 1.8043725198672675 3.6842238059376053 -2.0725827933205974 4.877987063813904 29.201599708174975 -1.4783297249493152 1
Car 1159 1 -1.427250312493824 676.6604 784.71484 868.5058 959.6421 1.5270218401539188 1.8026052637951178 3.6928989632061073 -2.1964662208866574 3.6861232415161904 18.33546907908165 -1.5464754609232882 1
Pedestrian 1160 1 -1.757588162607597 1196.5708 723.25476 1275.568 918.95886 1.7326575804299988 0.6100780832793352 0.6606222235825139 2.5465652753796575 2.6691019504421813 13.905858673684026 -1.5764661340967545 1
rider 190 1 -1.5817475386148903 987.57086 776.4764 1017.9832 839.75226 1.5356614717883814 0.7738134777750997 0.7364140640841642 1.0636869926171566 5.4722761010077425 38.46340236743528 -1.5541000635612778 1
rider 191 2 -1.55309078049193 945.7587 788.71063 977.5109 842.0475 1.3196663425156716 0.8287422446377002 0.7215635093685692 0.013353687133471528 5.701199278033515 39.63093295067719 -1.5527538293874805 1
bicycle 1161 0 -1.6840680462804132 1148.0641 780.50793 1181.5983 848.5508 1.0516418763113207 0.4228664476705068 1.8257263213949 3.8317367681497747 4.084147020785794 28.225877976423316 -1.549140247339927 1
bicycle 1469 1 -2.9567014635842503 631.4879 815.2135 826.6561 956.0492 1.1583599834311407 0.7882511794296914 1.6700678758564877 -2.127981631676171 2.975712723442655 13.859226433677097 -3.1090542411592987 1
Cyclist 197 0 -1.5815970914404613 987.2804 774.5128 1018.25946 851.6348 1.7538189353719742 0.7761598132492267 1.8047162748661423 1.057327172025139 5.690805177735118 38.44272502061776 -1.5541000635612778 1
Pedestrian 1473 0 -1.936495296362637 1498.6333 635.0569 1754.8467 1100.8544 1.6995474897194738 0.6830138365811796 0.7843990252319543 2.582657496123353 1.7422887545084778 5.882433913697909 -1.522788191273781 1
ride_other 203 0 -1.552891686709985 945.0519 788.29376 977.187 851.1518 1.4586462094641552 0.8287422446377002 1.6900364134897403 0.004904956694093819 5.920786927910869 39.9865822683542 -1.5527690216460748 1
Car 1164 1 -1.4784092962012259 849.937 781.4952 931.7565 861.4867 1.660471944949592 1.8980900708212065 4.476082286377353 -1.9297214994198768 6.323452934910492 42.24991215344152 -1.5240515521585813 1
Car 1167 1 -1.4136513321585367 742.279 781.48016 895.53357 920.3399 1.6107339994089607 1.8342919915207538 4.004947106521352 -2.190177161142504 4.34439813659194 24.049184756374988 -1.504471545613976 1
Car 1168 0 1.9896450201164981 335.9168 835.5866 444.90427 901.9881 1.4549215836359217 1.8480435675379092 3.6000366387199554 -17.62775353033517 8.244777127336924 46.34553812780677 -4.656997398341126 1
Car 1470 1 2.045294838104131 227.2303 850.11053 356.19183 925.4257 1.3519821279935509 1.6649935800201996 3.577224525365701 -17.6692119817845 7.596316476627839 39.631841655811854 -4.657274329312328 1
Car 1471 1 2.1162489932167103 73.97497 859.49817 246.53404 955.1514 1.3995437142552132 1.6768839765856172 3.7208633649015903 -17.639792934736132 6.895259689754239 33.12779900259998 -4.656226752479105 1
Car 1472 2 2.25662404870548 0.0 860.31244 34.857506 1000.0717 1.5463068403312032 1.7482263559780955 3.937004280761739 -17.922397342696947 5.863080014641802 25.39627489787222 -4.641108960981966 1
