Car 1159 1 -1.3630367442884128 453.3391 800.6935 779.6825 1086.4039 1.5270218401539188 1.8026052637951178 3.6928989632061073 -2.5917499166526676 3.168828283124393 12.117361911151368 -1.5737491309528877 1
Pedestrian 1160 1 -1.8141255643656538 1231.8029 725.81665 1332.1825 987.66833 1.721136845767013 0.5553335600291199 0.5842276022478322 2.2129348890919074 2.4407849805228765 10.362829451510605 -1.603740120741529 1
rider 190 1 -1.5819794045379858 946.5887 791.18176 978.04926 856.94586 1.5356614717883814 0.7738134777750997 0.7364140640841642 0.022185134094562527 5.710745637867364 37.17575325218896 -1.5813826410693212 1
rider 191 2 -1.5515434610600123 902.0798 815.8736 934.8947 871.4021 1.3196663425156716 0.8287422446377002 0.7215635093685692 -1.0949954302738532 6.2717472905029386 38.41314509943867 -1.5800414916781262 1
bicycle 1161 0 -1.7277947527947721 1166.0206 801.3021 1214.8307 891.91113 1.0516418763113207 0.4228664476705068 1.8257263213949 3.330176519475125 3.734543475166996 21.830042937603384 -1.5764117000806424 1
bicycle 1469 0 -2.8398300536277215 310.5076 856.661 679.767 1116.9213 1.1583599834311407 0.7882511794296914 1.6700678758564877 -2.3719994974483756 2.423416312296996 7.764282563037238 -3.1363263666894814 1
Cyclist 197 0 -1.5819799234608487 946.52625 789.1682 978.57965 869.6988 1.7538189353719742 0.7761598132492267 1.8047162748661423 0.022202867991063753 5.93673321798321 37.173145677412435 -1.5813826410693212 1
Cyclist 1485 2 2.115695360207792 188.42117 858.37976 252.77745 930.0118 1.768652541534091 0.8343015812498096 1.9266429728372199 -21.974776726625983 8.857481164568487 44.40869250190653 -4.626993432299058 1
ride_other 203 0 -1.5515295234686475 901.61035 814.0989 934.8619 880.1029 1.4586462094641552 0.8287422446377002 1.6900364134897403 -1.106108165631891 6.470369995213841 38.76406922586045 -1.5800561496153074 1
rider 1486 2 2.114675878849545 202.88925 861.4034 244.34941 918.44214 1.5524832262922093 0.8363429388473729 0.7571242875573471 -21.96575693875707 8.662007206306257 44.54149893066527 -4.626664144416921 1
Car 1164 1 -1.4698032319583856 787.17706 799.44946 884.97766 896.28705 1.660471944949592 1.8980900708212065 4.476082286377353 -2.9439241213187235 6.129553910363128 36.03227491808736 -1.5513245826897322 1
Car 1165 1 -1.4572351159348171 744.9294 805.40814 865.6281 917.26025 1.5003789581272315 1.8697904283313167 4.55161326200228 -3.0099007472815265 5.365190358709654 29.73087934761827 -1.5581295593870454 1
Car 1166 1 -1.3838159611540037 690.9807 805.7713 852.96216 946.539 1.5273739656251122 1.8043725198672675 3.6842238059376053 -2.81481382334717 4.538419210490305 22.998199758443754 -1.5056030378229557 1
Car 1167 1 -1.3797633245353889 610.0168 795.87195 830.1519 992.61725 1.6107339994089607 1.8342919915207538 4.004947106521352 -2.7293551387285127 3.8809396612605176 17.819964283639504 -1.5317450040129528 1
Car 1168 1 2.0428429775326524 177.78574 864.7928 316.02914 945.9942 1.4549215836359217 1.8480435675379092 3.6000366387199554 -18.741371810997393 8.06894460217236 39.405218282907974 -4.684285272266939 1
Car 1169 1 1.974864237440836 312.16907 855.7811 423.97974 926.1697 1.473937119775285 1.7957127846064802 4.091436638681159 -18.553511173432415 9.044319286434877 46.964280508352715 -4.684557948009635 1
Car 1470 1 2.1124691818558627 27.067265 872.02625 198.17972 965.79095 1.3519821279935509 1.6649935800201996 3.577224525365701 -18.580951226327475 7.091523483071352 32.92081502143523 -4.684557948009635 1
Car 1471 2 2.2075599977991764 0.0 877.4476 35.32542 1001.2611 1.3995437142552132 1.6768839765856172 3.7208633649015903 -18.419755318827274 6.188461191291131 26.47341002335568 -4.683515631700966 1
