Cyclist 1485 1 2.160223379714992 81.91179 879.52155 158.93677 961.735 1.768652541534091 0.8343015812498096 1.9266429728372199 -22.081124812191813 8.63153268817533 39.31431397730674 -4.634710103737719 1
Car 1159 1 -1.329352643666957 337.16968 809.52673 742.39 1158.3317 1.5270218401539188 1.8026052637951178 3.6928989632061073 -2.670657508152424 3.036160324264571 10.367727993242086 -1.5814650970319504 1
Car 1168 0 2.0602481902501966 125.417915 878.8249 274.27213 965.6408 1.4549215836359217 1.8480435675379092 3.6000366387199554 -19.01409173227669 8.13427770646291 37.51837164452286 -4.692005271391116 1
Car 1169 1 1.9904922365308666 267.23468 872.2361 386.8389 947.38525 1.473937119775285 1.7957127846064802 4.091436638681159 -18.993939627163254 9.254101684437694 44.97708931571916 -4.6922767391494045 1
Pedestrian 1160 1 -1.769807301004337 1246.8569 718.55853 1364.1538 1018.13434 1.7301792186214158 0.5686105027909241 0.757485913243872 2.1173374817668 2.3345755388322695 9.264207609389306 -1.545116206725076 1
rider 190 1 -1.5804277110142704 932.5519 808.78064 964.336 875.66144 1.5356614717883814 0.7738134777750997 0.7364140640841642 -0.31898468057546875 6.10386568105735 36.77633272147017 -1.5891011337849255 1
rider 191 2 -1.5479074215646254 884.8568 823.2128 918.1028 879.4633 1.3196663425156716 0.8287422446377002 0.7215635093685692 -1.5170634527388571 6.413701889909393 38.045364501144256 -1.587761426973294 1
bicycle 1161 0 -1.7372232032149795 1166.3163 806.9107 1220.1594 905.4385 1.0516418763113207 0.4228664476705068 1.8257263213949 3.1262530964780297 3.6289905111211787 20.26040295647647 -1.5841270370321885 1
bicycle 1469 0 -2.7665824771974714 108.53988 889.96204 596.50214 1215.0 1.1583599834311407 0.7882511794296914 1.6700678758564877 -2.418796922308645 2.309929455924805 6.100835798366803 -3.1440418466675197 1
Cyclist 197 0 -1.58032506972686 932.3189 805.7028 964.68756 888.0303 1.7538189353719742 0.7761598132492267 1.8047162748661423 -0.3226273164109568 6.3083075541528775 36.76124415119038 -1.5891011337849255 1
ride_other 203 0 -1.5478315093950383 884.20984 821.4106 918.049 888.459 1.4586462094641552 0.8287422446377002 1.6900364134897403 -1.533882023053877 6.613984048091696 38.379978643381044 -1.5877759333295576 1
rider 1486 1 2.1597253655416955 98.45577 882.735 147.03673 947.7256 1.5524832262922093 0.8363429388473729 0.7571242875573471 -22.078937955523397 8.413963760635852 39.386646133937035 -4.634381418150486 1
Car 1164 1 -1.4646649202038988 764.34015 810.8013 868.3331 914.50653 1.660471944949592 1.8980900708212065 4.476082286377353 -3.2426604076431285 6.1986368191798515 34.2570827848213 -1.5590403679038625 1
Car 1165 1 -1.4508964390524453 718.214 819.11035 848.42035 941.0655 1.5003789581272315 1.8697904283313167 4.55161326200228 -3.226105462207562 5.425299755913966 27.941840680951586 -1.5658453378948265 1
Car 1166 1 -1.377054743955227 659.8981 817.09344 837.58136 972.8826 1.5273739656251122 1.8043725198672675 3.6842238059376053 -2.9093146956324984 4.49735842384038 21.218240473457985 -1.5133189043983173 1
Car 1167 1 -1.3652126843506946 556.7601 807.8451 808.30066 1033.1584 1.6107339994089607 1.8342919915207538 4.004947106521352 -2.8197236736641416 3.8186898645980007 16.018113296379624 -1.5394609112091961 1
Car 1470 0 2.136491019609479 0.0 899.27716 142.02867 1002.2937 1.3519821279935509 1.6649935800201996 3.577224525365701 -18.846582265987664 7.379414948463721 31.04651051488641 -4.6922767391494045 1
Car 1172 2 -1.4418781222652526 792.52496 819.7241 870.7557 887.292 1.4761491744497406 1.937381964856218 4.379199570564917 -4.083871428115964 7.988749955249139 47.75987869733811 -1.5271790410639028 1
