Car 1159 1 -1.3707830781315369 473.55615 796.30426 787.2923 1071.7031 1.5270218401539188 1.8026052637951178 3.6928989632061073 -2.5587742537466656 3.165100071903547 12.442596714892467 -1.5736018520766368 1
Pedestrian 1160 1 -1.8170495209112967 1234.6141 722.9524 1340.1816 983.56775 1.698819558325887 0.5424549785759589 0.7990270507709634 2.268069740950249 2.411670463752272 10.46356283118107 -1.6035928401651933 1
rider 190 1 -1.5833549012923198 948.84296 792.21576 980.3502 858.01385 1.5356614717883814 0.7738134777750997 0.7364140640841642 0.07878100489213018 5.7358352261548315 37.168031210712506 -1.5812353139924984 1
rider 191 2 -1.5544174838435878 906.6341 806.0246 939.38434 861.3927 1.3196663425156716 0.8287422446377002 0.7215635093685692 -0.9783411528643615 6.013934514754059 38.393169903937775 -1.5798941370823845 1
bicycle 1161 0 -1.7233145158050578 1160.1866 796.2714 1207.2952 884.24677 1.0516418763113207 0.4228664476705068 1.8257263213949 3.310692742611069 3.7177913146892463 22.351535211722393 -1.57626443320544 1
bicycle 1469 0 -2.855563001682836 348.44022 854.0885 695.55884 1099.5806 1.1583599834311407 0.7882511794296914 1.6700678758564877 -2.3632400245855365 2.476076941564818 8.199388898358555 -3.1361790968827217 1
Cyclist 197 0 -1.583333309854209 948.7115 789.22504 980.8865 869.81836 1.7538189353719742 0.7761598132492267 1.8047162748661423 0.07793199995539915 5.935177097733035 37.14587194196791 -1.5812353139924984 1
Cyclist 1485 2 2.102286020395998 215.07378 851.37463 276.37115 920.3604 1.768652541534091 0.8343015812498096 1.9266429728372199 -21.929887714891695 8.86642590626714 45.87210297228854 -4.6268461399830745 1
ride_other 203 0 -1.554463526280344 906.3082 804.27325 939.3902 869.8832 1.4586462094641552 0.8287422446377002 1.6900364134897403 -0.9858901482144237 6.206866605803892 38.737152344464796 -1.57990879791119 1
rider 1486 2 2.1009485900647897 229.38351 854.6415 269.12128 909.6933 1.5524832262922093 0.8363429388473729 0.7571242875573471 -21.912719961716025 8.687914526465713 46.03320512589787 -4.626516840615784 1
Car 1164 1 -1.4701442888095864 788.45825 796.08575 885.28253 891.5242 1.660471944949592 1.8980900708212065 4.476082286377353 -2.9535566956716868 6.081991169149255 36.36899160765482 -1.5511773072661192 1
Car 1165 1 -1.4608698140238605 752.10034 801.7567 870.208 911.26605 1.5003789581272315 1.8697904283313167 4.55161326200228 -2.938736377981251 5.3384827913659 30.165974767073436 -1.5579822840906112 1
Car 1166 1 -1.3877405614283649 699.3888 801.87054 857.4395 939.13275 1.5273739656251122 1.8043725198672675 3.6842238059376053 -2.7708425962855476 4.524561237797782 23.42970466772201 -1.5054557608526968 1
Car 1167 1 -1.385165042520871 621.9995 792.77924 836.22375 984.7199 1.6107339994089607 1.8342919915207538 4.004947106521352 -2.6768781939043085 3.8769123409838286 18.149757997040812 -1.5315977262649383 1
Car 1168 2 2.036694278159505 190.83372 854.90594 326.21402 934.02594 1.4549215836359217 1.8480435675379092 3.6000366387199554 -18.68760768880726 7.878409947076145 39.93854637025514 -4.684137916469804 1
Car 1470 1 2.105604772906341 43.002113 870.1761 210.13498 962.269 1.3519821279935509 1.6649935800201996 3.577224525365701 -18.55133974540355 7.129388977310695 33.41353531146964 -4.684410615253013 1
Car 1471 1 2.1995589298271288 0.0 875.811 50.61607 997.45294 1.3995437142552132 1.6768839765856172 3.7208633649015903 -18.36730998906941 6.222695671098786 26.862297740528817 -4.683368270459369 1
Car 1169 1 1.9718082989384191 318.48578 855.7661 428.83115 925.49347 1.473937119775285 1.7957127846064802 4.091436638681159 -18.54645216145984 9.109581854347221 47.39008078366929 -4.684410615253013 1
