Cyclist 1485 1 2.186506655862834 23.426155 839.94666 108.08879 925.39026 1.768652541534091 0.8343015812498096 1.9266429728372199 -22.096387040710173 7.22394902633 36.94383598768701 -4.635705478610694 1
Car 1159 1 -1.30670335926393 262.6426 779.4642 723.37463 1154.0717 1.5270218401539188 1.8026052637951178 3.6928989632061073 -2.6839807448222492 2.699305869068554 9.485167897079302 -1.5824603807429316 1
Car 1169 1 1.9969423511726472 252.52296 836.5724 375.01123 909.4008 1.473937119775285 1.7957127846064802 4.091436638681159 -19.10561619053647 8.038859249208809 44.31787923480885 -4.693272387583535 1
Pedestrian 1160 1 -1.7839663438498896 1268.1886 677.8409 1382.74 989.29236 1.7756377333381734 0.56871614431822 0.48866445672599806 2.148694822476247 2.09830289849918 8.862630477212967 -1.5461114104080973 1
rider 190 1 -1.5799286161570347 930.27734 772.541 962.1246 838.80865 1.5356614717883814 0.7738134777750997 0.7364140640841642 -0.3732318743191869 5.1965465886305156 36.70479282409081 -1.590096743603039 1
rider 191 2 -1.5472170567049934 882.2306 796.2882 915.6734 852.31445 1.3196663425156716 0.8287422446377002 0.7215635093685692 -1.5730189949538609 5.699263656084659 37.84563805486996 -1.5887572229902742 1
bicycle 1161 0 -1.7475354061192405 1178.564 775.2313 1236.8228 876.1894 1.0516418763113207 0.4228664476705068 1.8257263213949 3.1494743724627607 3.0759337630927686 19.22093695189258 -1.5851222395371514 1
bicycle 1469 0 -2.708893479914537 0.0 859.12524 534.66595 1215.0 1.1583599834311407 0.7882511794296914 1.6700678758564877 -2.4408773984318817 2.0407998961185743 5.237058705469506 -3.145037066116222 1
Cyclist 197 0 -1.5798158007123302 930.0326 770.5172 962.4343 851.1443 1.7538189353719742 0.7761598132492267 1.8047162748661423 -0.3775852250711369 5.418536785474993 36.72541766680587 -1.590096743603039 1
ride_other 203 0 -1.5472412410672443 881.7263 795.15765 915.77234 861.3487 1.4586462094641552 0.8287422446377002 1.6900364134897403 -1.58707270896005 5.9039894763393885 38.1926860637063 -1.588771709781736 1
rider 1486 1 2.185664178499869 42.621235 843.2732 95.282845 911.5487 1.5524832262922093 0.8363429388473729 0.7571242875573471 -22.091848281506717 7.020315860285196 37.03463216313345 -4.635376870796266 1
Car 1164 1 -1.4635676987805712 759.41296 778.8514 866.5445 881.00134 1.660471944949592 1.8980900708212065 4.476082286377353 -3.225658608430292 5.323562574244349 33.33383801736495 -1.5600356282881487 1
Car 1165 1 -1.4489025062918288 711.3202 782.38477 845.61896 901.2017 1.5003789581272315 1.8697904283313167 4.55161326200228 -3.223648664389998 4.60557350406554 27.206548991906224 -1.5668405974078512 1
Car 1166 1 -1.3700695973767592 642.7583 784.88525 829.05756 940.4812 1.5273739656251122 1.8043725198672675 3.6842238059376053 -2.9714492063874527 3.918128776347913 20.45700518743955 -1.5143141753248035 1
Car 1167 1 -1.3553436596167077 528.85236 774.5183 798.58136 1003.6312 1.6107339994089607 1.8342919915207538 4.004947106521352 -2.8450874430428525 3.3338963329167397 15.193546287790491 -1.5404561873572808 1
Car 1168 0 2.067924754425597 106.619255 848.70667 259.9623 934.2102 1.4549215836359217 1.8480435675379092 3.6000366387199554 -19.04239304714602 7.231359141359212 36.77967138961151 -4.693001075768216 1
Car 1470 1 2.14639765773736 0.0 859.5579 122.666756 960.04913 1.3519821279935509 1.6649935800201996 3.577224525365701 -18.879622046601078 6.397470407763705 30.350001780445897 -4.693272387583535 1
Car 1172 2 -1.4412691604197192 789.4288 788.1931 868.90735 853.66205 1.4761491744497406 1.937381964856218 4.379199570564917 -4.1006637795046 6.858956276696274 47.06663203580424 -1.528174361848619 1
