Car 1159 0 -1.2655356791590684 123.011055 754.1144 695.48224 1190.0726 1.5270218401539188 1.8026052637951178 3.6928989632061073 -2.669212910519138 2.395239844704072 8.19294721176562 -1.5804855416719952 1
Car 1169 2 2.0079967495297026 233.43082 815.48584 361.35638 888.5033 1.473937119775285 1.7957127846064802 4.091436638681159 -19.014535345961075 7.220684071486264 43.02780223686136 -4.691296824900164 1
Pedestrian 1160 1 -1.816930930689158 1307.5948 654.963 1454.3099 1003.3434 1.728987154014005 0.5425797050370397 0.9216578896567743 2.2137268498788663 1.8986247919217327 7.969996704184287 -1.5460028485501005 1
rider 190 1 -1.580147726439832 933.4264 754.01685 965.5496 820.467 1.5356614717883814 0.7738134777750997 0.7364140640841642 -0.2901779047467149 4.71015418709102 36.391876126911356 -1.5881212575142594 1
rider 191 2 -1.5404944792430577 874.9661 767.5467 908.70996 823.1809 1.3196663425156716 0.8287422446377002 0.7215635093685692 -1.7473923604678123 4.953187442859536 37.724382294102696 -1.5867813674726732 1
bicycle 1161 0 -1.7572693610029835 1194.0958 757.2832 1257.7802 863.3745 1.0516418763113207 0.4228664476705068 1.8257263213949 3.1704755312408417 2.728262524836946 18.02398862149365 -1.5831475615829211 1
bicycle 1469 1 -2.582993593420974 0.0 837.5716 402.72717 1215.0 1.1583599834311407 0.7882511794296914 1.6700678758564877 -2.4287985084643324 1.7654340332612044 3.8734018132941364 -3.1430623542070206 1
Cyclist 197 0 -1.5798660721901114 932.90436 752.17834 965.63324 832.6735 1.7538189353719742 0.7761598132492267 1.8047162748661423 -0.3002192134911319 4.926409356245368 36.36652381308044 -1.5881212575142594 1
ride_other 203 0 -1.540496450957312 874.28314 766.9167 908.90906 832.06445 1.4586462094641552 0.8287422446377002 1.6900364134897403 -1.7628361259876508 5.152782154524881 38.04746315295633 -1.5867958930818449 1
Car 1164 1 -1.4587021341781772 752.0893 755.9422 864.49603 858.9998 1.660471944949592 1.8980900708212065 4.476082286377353 -3.1966632448625605 4.667627656957307 32.0670153495177 -1.558060835502721 1
Car 1165 1 -1.4415569910486814 698.42615 761.3607 840.98145 882.2144 1.5003789581272315 1.8697904283313167 4.55161326200228 -3.222291652520751 4.081047874484584 25.99930385216514 -1.564865806349792 1
Car 1166 1 -1.3603293777737329 622.2886 762.6931 823.3907 924.488 1.5273739656251122 1.8043725198672675 3.6842238059376053 -2.9460888278995427 3.473719136557671 19.231381570120817 -1.5123393616321372 1
Car 1167 1 -1.3361237969272857 479.74225 749.24115 785.576 996.10614 1.6107339994089607 1.8342919915207538 4.004947106521352 -2.8384064651138425 2.9299406030226756 13.834705701867819 -1.5384813632998788 1
Car 1168 1 2.0841274753213614 74.74871 821.3605 236.76749 907.2834 1.4549215836359217 1.8480435675379092 3.6000366387199554 -19.004664487867814 6.352679627442392 35.46189539263516 -4.691025203690771 1
Car 1470 1 2.169932059384611 0.0 830.547 84.12344 932.24725 1.3519821279935509 1.6649935800201996 3.577224525365701 -18.91188314069438 5.586794682742674 28.989246204343175 -4.691296824900164 1
Car 1172 2 -1.4392178047046658 787.8621 767.7742 870.0131 833.2287 1.4761491744497406 1.937381964856218 4.379199570564917 -3.9846859895630202 6.055004748257107 45.69506380001649 -1.5261994492346356 1
