Car 207 2 -1.4697603412819793 804.62787 770.8534 876.20746 833.0181 1.430939808088281 1.8077159466385684 4.449592653438034 -3.761922873764465 6.256963947465874 47.203328036157636 -1.5492883885556417 1
Car 1159 1 -0.8036115254413602 0.0 646.0651 423.2567 1215.0 1.5270218401539188 1.8026052637951178 3.6928989632061073 -2.492458741194121 1.589695489496602 2.580208400102638 -1.571712889082386 1
Pedestrian 1160 1 -2.0100850014698812 1601.2614 583.8614 1867.337 1208.5762 1.804701854013967 0.513853568228911 0.6277372192177705 2.3710177458881194 1.6861595973470729 4.642324810920002 -1.5378829060164265 1
rider 190 1 -1.5842097461649023 952.0782 751.6331 985.3597 820.2449 1.5356614717883814 0.7738134777750997 0.7364140640841642 0.17128937279114956 4.551558796773402 35.215368861455005 -1.5793457328802705 1
rider 191 2 -1.5343448589109587 877.94073 764.4774 913.57764 822.87756 1.3196663425156716 0.8287422446377002 0.7215635093685692 -1.5681761940720784 4.703982270623122 35.89563037484354 -1.5780042030748083 1
bicycle 1161 0 -1.8542119273531683 1336.8568 779.2416 1453.933 942.8621 1.0516418763113207 0.4228664476705068 1.8257263213949 3.5201154367600256 2.4101520332826274 12.24911594036628 -1.5743756241084559 1
Cyclist 197 0 -1.5840591289840404 951.7568 748.90356 985.7536 831.89465 1.7538189353719742 0.7761598132492267 1.8047162748661423 0.16598471941168447 4.7490455212180525 35.21526444578699 -1.5793457328802705 1
moped_scooter 1162 2 2.10066166385303 112.62136 747.8152 181.89127 822.9332 1.7494341499980646 0.8093127213349708 1.72119760134888 -20.968488297621914 4.990467834007168 38.558280480507605 -4.680604234111555 1
ride_other 203 0 -1.534505019854143 877.3214 763.14545 914.1316 831.4972 1.4586462094641552 0.8287422446377002 1.6900364134897403 -1.5758499443427758 4.882832223704639 36.192019098748055 -1.5780189009851653 1
rider 1163 1 2.1005194882939078 124.89774 749.6195 171.28111 816.96246 1.6599890770813877 0.8064648384983453 0.7028680321494858 -20.970824452654387 4.907599922158422 38.57564319602915 -4.680604234111555 1
Car 1164 1 -1.4451002702784819 728.9838 745.9718 869.05585 871.3504 1.660471944949592 1.8980900708212065 4.476082286377353 -2.763102369935482 3.982636530930879 26.424290948061028 -1.5492883885556412 1
Car 1165 1 -1.415216892268917 641.9158 748.89636 834.89233 905.597 1.5003789581272315 1.8697904283313167 4.55161326200228 -2.869116080708597 3.3677272140970262 20.231274195807494 -1.556093367008535 1
Car 1166 1 -1.3064917808810086 485.09662 737.4883 798.6351 973.49176 1.5273739656251122 1.8043725198672675 3.6842238059376053 -2.673236896896394 2.6783208680256028 13.388497606327316 -1.503566822326403 1
Car 1167 1 -1.2171355418805387 81.83178 707.6928 720.00244 1158.7053 1.6107339994089607 1.8342919915207538 4.004947106521352 -2.6266286989972034 2.1735888930692155 8.127771919825026 -1.5297087777554137 1
Car 1168 1 2.154476536564818 0.0 750.20416 134.22739 843.2328 1.4549215836359217 1.8480435675379092 3.6000366387199554 -18.624497373130637 4.133288032751672 30.137439293489678 -4.682247967109757 1
Car 1169 1 2.053610476712624 152.34952 754.99835 306.3075 831.7593 1.473937119775285 1.7957127846064802 4.091436638681159 -18.40165913144241 4.943507310633562 37.80951706546787 -4.682520961347716 1
Car 1170 2 1.9767941162844176 313.28745 749.417 423.2384 809.97516 1.5080566852853177 1.849071376288894 3.869585242489623 -18.67381498530341 5.607251829167925 47.26890475320105 -4.6826273415504485 1
Car 1171 2 -1.4515067076625114 758.07916 761.499 864.3946 851.1977 1.4522614962994322 1.822321216859177 4.143785383104065 -3.204960406423268 4.627693198258744 32.67216698385154 -1.5492883885556412 1
Car 1172 2 -1.4280475012894767 777.07056 763.1052 872.3657 837.66315 1.4761491744497406 1.937381964856218 4.379199570564917 -3.5976405506995985 5.3930802325856435 40.144291488596686 -1.5174264708602467 1
