Car 207 2 -1.4737136639889 806.5576 775.32855 874.0074 834.6069 1.430939808088281 1.8077159466385684 4.449592653438034 -3.971909606330445 6.656680433094595 49.709564497226225 -1.5534465916596953 1
Car 1159 1 -1.1007460450242168 0.0 711.3445 596.0465 1215.0 1.5270218401539188 1.8026052637951178 3.6928989632061073 -2.5586950830017097 1.9215454219876456 4.973841463167813 -1.575871189668559 1
Pedestrian 1160 1 -1.8933444234931223 1413.7805 626.17664 1615.1743 1085.8007 1.8031784432411462 0.5829771216053222 0.7388765317352555 2.285316575304096 1.8088511777702565 6.246568967791811 -1.542618386230746 1
rider 190 1 -1.5817040332711958 942.46 751.84436 975.0266 819.1446 1.5356614717883814 0.7738134777750997 0.7364140640841642 -0.0646767283876771 4.61520342318364 35.904326824031436 -1.5835053943926032 1
rider 191 2 -1.5358708852940406 874.48785 771.6709 909.15265 828.68634 1.3196663425156716 0.8287422446377002 0.7215635093685692 -1.7076498667531788 4.973302580914003 36.860905975470466 -1.5821646415750623 1
bicycle 1161 0 -1.8043500027727963 1264.1229 771.07245 1350.8843 903.54443 1.0516418763113207 0.4228664476705068 1.8257263213949 3.401118462380716 2.588117735899692 14.804547331678247 -1.578533585848576 1
Cyclist 197 0 -1.5816497619208498 942.33514 750.00415 975.48804 831.40826 1.7538189353719742 0.7761598132492267 1.8047162748661423 -0.06664523997721324 4.834305462547577 35.915066424461905 -1.5835053943926032 1
ride_other 203 0 -1.5360167100224884 873.9241 771.25616 909.6377 838.1049 1.4586462094641552 0.8287422446377002 1.6900364134897403 -1.718540160133781 5.182688532905115 37.20157015683064 -1.5821792578413625 1
Car 1164 1 -1.4509351143650147 739.0257 754.33594 866.04254 869.81616 1.660471944949592 1.8980900708212065 4.476082286377353 -2.9638074155744456 4.349278643918567 28.810611141834503 -1.5534465916596951 1
Car 1165 1 -1.428060447816089 670.035 757.81854 838.0202 897.74854 1.5003789581272315 1.8697904283313167 4.55161326200228 -3.013375909581607 3.7178656182410172 22.66266487953725 -1.5602515665211178 1
Car 1166 1 -1.3324518744151188 555.11505 752.1045 809.2464 949.96484 1.5273739656251122 1.8043725198672675 3.6842238059376053 -2.811590228455053 3.039098684687225 15.87658490023564 -1.507725069104062 1
Car 1167 1 -1.2794607763398715 311.28204 731.278 751.5547 1064.2352 1.6107339994089607 1.8342919915207538 4.004947106521352 -2.7486085241080174 2.507398378682967 10.569912782270416 -1.5338670464903517 1
Car 1168 2 2.1206119457837795 0.57018554 782.99036 184.21428 872.40326 1.4549215836359217 1.8480435675379092 3.6000366387199554 -18.835192523168093 5.09462035531773 32.605714487672955 -4.686408439544566 1
Car 1169 2 2.031067152811496 193.06628 778.29755 334.11707 852.8404 1.473937119775285 1.7957127846064802 4.091436638681159 -18.635845138258755 5.804577859440798 40.150052078439366 -4.686680783238248 1
Car 1172 2 -1.4332516524459662 782.14923 767.1015 871.0486 837.4363 1.4761491744497406 1.937381964856218 4.379199570564917 -3.777836614577716 5.744905266801199 42.65669663899285 -1.521584925685106 1
