Car 207 2 -1.4668353132678011 805.4093 777.08453 879.4418 841.7891 1.430939808088281 1.8077159466385684 4.449592653438034 -3.5926031589020626 6.3298896031900735 45.891703628358016 -1.5449603494504591 1
Car 1167 1 -1.1569366211267373 0.0 699.83765 689.678 1215.0 1.6107339994089607 1.8342919915207538 4.004947106521352 -2.5733828428358505 2.047091620730484 6.665513366782735 -1.5253806704647892 1
Car 1159 2 -0.4320987072181657 0.0 0.0 1935.0 1215.0 1.5270218401539188 1.8026052637951178 3.6928989632061073 -2.458473590357382 1.4294992133873416 1.1439456345029098 -1.567384748503992 1
rider 190 1 -1.582991532523955 956.5563 767.3937 990.1974 837.1552 1.5356614717883814 0.7738134777750997 0.7364140640841642 0.27755209777660406 4.886911098392507 34.80048013023684 -1.5750161766660606 1
rider 191 2 -1.5332853021113064 882.5254 780.6382 918.78253 840.3395 1.3196663425156716 0.8287422446377002 0.7215635093685692 -1.4267772300527046 5.034340928210473 35.307081281008834 -1.5736738386733464 1
bicycle 1161 0 -1.891626497662258 1394.0991 792.85284 1536.8491 981.6919 1.0516418763113207 0.4228664476705068 1.8257263213949 3.6197185019848863 2.374480673304917 10.86538074835317 -1.5700478359725345 1
Cyclist 197 0 -1.5827503402099663 956.1332 764.9962 990.4322 849.83655 1.7538189353719742 0.7761598132492267 1.8047162748661423 0.26918415420659464 5.099044992689788 34.80386539133995 -1.5750161766660606 1
ride_other 203 0 -1.533563585901048 882.0611 778.77264 919.5182 848.982 1.4586462094641552 0.8287422446377002 1.6900364134897403 -1.4302158327095629 5.211347525413695 35.62484545467178 -1.5736886215073187 1
Car 1172 1 -1.4250287517064517 776.9927 773.7487 876.0248 852.3497 1.4761491744497406 1.937381964856218 4.379199570564917 -3.4275597098955983 5.563090328163864 38.81816807802216 -1.5130981701013797 1
Car 1164 1 -1.4398981952800443 722.3287 756.61176 871.6247 891.816 1.660471944949592 1.8980900708212065 4.476082286377353 -2.6399405761100185 4.064673719483691 25.034896445811754 -1.5449603494504585 1
Car 1165 1 -1.4064960336870933 624.2609 757.5798 835.3688 930.30164 1.5003789581272315 1.8697904283313167 4.55161326200228 -2.751470865266373 3.372475761102473 18.80706178960342 -1.5517653316151916 1
Car 1166 1 -1.2880801450078776 433.44067 740.71405 794.45886 1011.6722 1.5273739656251122 1.8043725198672675 3.6842238059376053 -2.563171092735062 2.6007415574859407 11.957656178032185 -1.4992387379653482 1
Car 1168 1 2.171149804577726 0.0 748.95056 114.25316 846.1864 1.4549215836359217 1.8480435675379092 3.6000366387199554 -18.343019755206342 4.00239057079992 28.87872916754084 -4.677917567925562 1
Car 1169 2 2.067774696120731 129.74826 764.5701 291.6459 845.34094 1.473937119775285 1.7957127846064802 4.091436638681159 -18.231587209345196 5.080752188338142 36.54234394435253 -4.678191238727571 1
Car 1170 2 1.9867327950702913 301.23788 765.08093 415.55356 828.86066 1.5080566852853177 1.849071376288894 3.869585242489623 -18.456989188289448 6.000921843980172 45.96390939411882 -4.678297779559296 1
Car 1171 2 -1.4477715575416477 756.0633 773.10455 867.5926 868.56586 1.4522614962994322 1.822321216859177 4.143785383104065 -3.056481540714188 4.766789391951927 31.349828709231844 -1.5449603494504587 1
Pedestrian 1160 1 -2.1020813747260267 1694.1509 572.5424 1935.0 1215.0 1.7318469656358786 0.5777483535714432 1.092319408315915 2.3441054121048412 1.622553755318186 3.6781717352262993 -1.5346846998898787 1
