bicycle_rack 187 2 3.124867339507604 803.4466 799.8726 876.2688 846.4929 1.234468559245764 1.15974938094161 2.176423540439476 -3.694208562098941 6.627915957946012 45.41257708615775 -3.2394869357569496 1
rider 190 1 -1.578639148513882 942.5276 779.75964 978.3708 854.4655 1.5356614717883814 0.7738134777750997 0.7364140640841642 -0.02085689326819269 4.955482031308758 32.65261742592657 -1.5792778994648264 1
rider 191 2 -1.5331473874265034 875.0779 793.604 913.0077 856.37195 1.3196663425156716 0.8287422446377002 0.7215635093685692 -1.5131119428499933 5.169322832004795 33.760544806198 -1.577936356992824 1
bicycle 196 2 -3.130770455204628 798.5415 804.1794 868.2498 849.8942 1.1696264962953182 0.7582877152423242 1.9445313505265558 -3.6064357018865345 6.288044827615895 42.24428921324848 -3.215934921386321 1
Cyclist 197 0 -1.5785521418161348 942.22797 776.39685 978.80206 867.6987 1.7538189353719742 0.7761598132492267 1.8047162748661423 -0.023686956118132582 5.1519649137117725 32.637550568024736 -1.5792778994648264 1
bicycle 195 2 3.132671260296552 807.8178 801.7545 878.9286 846.7597 1.234468559245764 0.611535359428455 2.0965883563572243 -3.5112917165785444 6.54772729490236 44.53116001263198 -3.2292014594057354 1
bicycle_rack 188 2 -3.1245575391796843 794.8031 801.7635 870.4659 849.8827 1.1791609292273086 1.457330921523438 2.1479188545003267 -3.712686010356992 6.398508931685216 43.330757352580186 -3.2100312420775667 1
ride_other 203 0 -1.533401229704089 874.52246 792.1693 913.7131 866.3734 1.4586462094641552 0.8287422446377002 1.6900364134897403 -1.5187151993583683 5.364084841831211 34.067704855775126 -1.5779510562341605 1
Car 1172 1 -1.4020555216577943 718.2694 778.4304 848.7875 880.27875 1.4761491744497406 1.937381964856218 4.379199570564917 -3.551070196170159 4.85380521781368 30.661085479151758 -1.517358657118806 1
Car 1171 2 -1.4147296526598723 671.7064 778.00977 831.9672 911.24445 1.4522614962994322 1.822321216859177 4.143785383104065 -3.138845241181884 4.041468731342622 23.19782845773792 -1.5492205789164164 1
Car 207 1 -1.449945341771382 763.0055 785.5413 856.188 866.17505 1.430939808088281 1.8077159466385684 4.449592653438034 -3.7573223217151592 5.724240482572139 37.72310991659459 -1.5492205789164166 1
Car 205 1 -1.4507310185485733 815.5777 797.59625 876.7375 857.9995 1.5686274387014743 1.6635797673773425 3.533246301563527 -3.8857118285399537 7.659199120981535 50.93880381875209 -1.526865533656987 1
Car 1164 1 -1.3958972563407612 592.79645 749.3287 835.513 958.70715 1.660471944949592 1.8980900708212065 4.476082286377353 -2.5964571261141116 3.246355782177918 16.801614075635463 -1.549220578916416 1
Car 1165 1 -1.308174624609744 302.88647 740.1066 763.4986 1077.9492 1.5003789581272315 1.8697904283313167 4.55161326200228 -2.655109592876737 2.485073757792511 10.492265365029466 -1.5560255574276722 1
Car 1330 1 1.9778499532232008 282.25925 769.5944 399.07422 834.46356 1.458913036872808 1.8017012173410394 3.8873270577374925 -18.31756869227721 5.936716065157752 44.321319248128155 -4.697246073965511 1
Car 1170 2 2.0547970758110097 151.76903 767.21594 302.9703 845.44366 1.5080566852853177 1.849071376288894 3.869585242489623 -18.516807632041566 5.304235081998524 37.927949159174325 -4.682559508041413 1
Car 1169 2 2.1738521858779984 0.0 739.61255 107.89738 842.0309 1.473937119775285 1.7957127846064802 4.091436638681159 -18.22185784580528 3.798696018258298 28.234342565070815 -4.682453125320985 1
Car 1166 1 -0.9209263928805761 0.0 661.34265 569.4789 1215.0 1.5273739656251122 1.8043725198672675 3.6842238059376053 -2.473019473194194 1.6651247365849053 3.7535305180631973 -1.5034990119765446 1
