bicycle_rack 187 2 3.1202319347795036 824.0741 800.3623 892.74713 844.3134 1.234468559245764 1.15974938094161 2.176423540439476 -3.316905614785299 6.954314183076201 48.07363464796756 -3.231840554503577 1
Car 207 2 -1.4570783850481224 789.4255 779.3723 875.1357 853.669 1.430939808088281 1.8077159466385684 4.449592653438034 -3.4226076308528675 5.837598576303074 40.41010838295798 -1.5415735455350954 1
Car 1167 2 -0.42483339602846626 0.0 0.0 1935.0 1215.0 1.6107339994089607 1.8342919915207538 4.004947106521352 -2.4424153081903373 1.3704976446507349 1.2518562094987051 -1.5219938132828983 1
rider 190 1 -1.5782589917979997 953.8433 772.88446 988.78204 845.51605 1.5356614717883814 0.7738134777750997 0.7364140640841642 0.2220638411936068 4.886156050499665 33.48923198173993 -1.5716281862074633 1
rider 191 2 -1.5302390204847882 882.4004 783.76044 919.90955 845.449 1.3196663425156716 0.8287422446377002 0.7215635093685692 -1.3707927272937022 4.992374883665773 34.21198558663755 -1.570285216177804 1
bicycle 196 2 -3.1359618448265234 820.0618 804.43823 885.5414 847.3572 1.1696264962953182 0.7582877152423242 1.9445313505265558 -3.253493550269489 6.613986500640356 44.90481497433096 -3.208288574053201 1
bicycle 1161 2 -2.1720158583733187 1797.5046 817.30206 1935.0 1215.0 1.0516418763113207 0.4228664476705068 1.8257263213949 3.743231757431257 1.8651314222777848 5.409086411157869 -1.5666612282644479 1
Cyclist 197 0 -1.5782652884851927 953.6348 770.4857 989.382 859.3567 1.7538189353719742 0.7761598132492267 1.8047162748661423 0.22149984845191587 5.090641001411949 33.37248496927566 -1.5716281862074633 1
bicycle_rack 188 2 -3.129644518509924 816.3858 802.1582 887.5333 847.3884 1.1791609292273086 1.457330921523438 2.1479188545003267 -3.351392909592305 6.724676803013391 45.99204437653297 -3.2023849227035512 1
ride_other 203 0 -1.5304432692345633 881.70026 782.9485 920.6189 855.7315 1.4586462094641552 0.8287422446377002 1.6900364134897403 -1.3752640360984965 5.19281135727058 34.48685942052914 -1.5703000654265282 1
Car 1172 1 -1.4115452912685842 751.22925 775.08044 869.23425 867.7619 1.4761491744497406 1.937381964856218 4.379199570564917 -3.283185977408741 5.049564199316001 33.33778837550777 -1.509711161685873 1
Car 1164 1 -1.4147659580655332 658.072 749.61456 860.16956 927.2204 1.660471944949592 1.8980900708212065 4.476082286377353 -2.4767865080064877 3.469522591561632 19.427043699425255 -1.5415735455350952 1
Car 1165 1 -1.3550500839641115 473.02707 744.5672 806.8403 1001.41614 1.5003789581272315 1.8697904283313167 4.55161326200228 -2.578658298268449 2.7381541287838633 13.171633342366516 -1.548378530585708 1
Car 1170 2 2.0315921413796625 215.67809 756.10876 352.84494 828.0983 1.5080566852853177 1.849071376288894 3.869585242489623 -18.233964266083166 5.2315744796727115 40.469872475443054 -4.674909784858672 1
Car 1169 2 2.1350666596474346 0.0 749.45996 188.71162 843.48474 1.473937119775285 1.7957127846064802 4.091436638681159 -18.041278465056692 4.231387525459242 31.026914485391682 -4.674803118425602 1
Car 1166 1 -1.1317781691001003 0.0 702.3828 706.6662 1215.0 1.5273739656251122 1.8043725198672675 3.6842238059376053 -2.420071465400976 1.9551214720647097 6.350878270055634 -1.4958518987796934 1
Car 1171 2 -1.4287060183804239 716.26294 772.4715 856.2042 889.8548 1.4522614962994322 1.822321216859177 4.143785383104065 -2.93278084599655 4.21253741709657 25.87384244388832 -1.5415735455350952 1
Car 1330 2 1.9592305581445224 333.1741 768.3297 439.91898 829.0405 1.458913036872808 1.8017012173410394 3.8873270577374925 -18.062939990287354 6.172328233944549 47.1793135275812 -4.689596068970531 1
