bicycle_rack 187 2 3.1241861135491877 806.0855 797.8956 878.3152 844.07446 1.234468559245764 1.15974938094161 2.176423540439476 -3.652307369400051 6.608709366969243 45.77420168538643 -3.2386201600105533 1
Car 1164 1 -1.3978111337318622 599.3598 747.2071 838.33514 953.1437 1.660471944949592 1.8980900708212065 4.476082286377353 -2.578714013094208 3.2355941436960607 16.99986628625789 -1.5483537289384015 1
Car 1330 2 1.975039935492699 289.45642 769.89124 404.84018 834.2356 1.458913036872808 1.8017012173410394 3.8873270577374925 -18.277438252754447 5.981627100932151 44.68904724550244 -4.696378886932624 1
rider 190 1 -1.5793311217035075 944.8043 776.98846 980.7824 851.9079 1.5356614717883814 0.7738134777750997 0.7364140640841642 0.02994114247803603 4.8819249361421795 32.53141040140697 -1.5784107455607492 1
rider 191 2 -1.5332469205395607 876.4617 787.0804 914.51904 849.92285 1.3196663425156716 0.8287422446377002 0.7215635093685692 -1.4752627871441462 5.0077052241364965 33.64324433841964 -1.5770690411768356 1
bicycle 196 2 -3.131535245747439 801.3145 802.528 870.4181 847.8086 1.1696264962953182 0.7582877152423242 1.9445313505265558 -3.5672315166345676 6.283664803718879 42.605134323211956 -3.2150681492927395 1
Cyclist 197 0 -1.5791612322122872 944.4352 774.824 981.0634 866.1673 1.7538189353719742 0.7761598132492267 1.8047162748661423 0.024458752660077007 5.1119358275146976 32.590517123767896 -1.5784107455607492 1
bicycle_rack 188 2 -3.1253173627860042 797.6018 799.8446 872.6174 847.4777 1.1791609292273086 1.457330921523438 2.1479188545003267 -3.672136009630585 6.384148572105727 43.69293718271119 -3.2091644730410858 1
ride_other 203 0 -1.533399539874648 875.74457 785.1925 915.0782 859.3152 1.4586462094641552 0.8287422446377002 1.6900364134897403 -1.483705873587824 5.187761301527321 33.94273826429032 -1.57708375743164 1
Car 1172 1 -1.4034538582711154 722.73676 776.9711 851.42 877.32947 1.4761491744497406 1.937381964856218 4.379199570564917 -3.5215554776667735 4.858371664731756 31.020956924558654 -1.5164917547074803 1
Car 1171 2 -1.4168175948527308 677.9957 773.9075 835.1671 904.1006 1.4522614962994322 1.822321216859177 4.143785383104065 -3.1172034576807492 4.008423226965671 23.561624432906243 -1.5483537289384015 1
Car 207 1 -1.4509637284694792 766.45447 782.44525 858.5497 861.87695 1.430939808088281 1.8077159466385684 4.449592653438034 -3.721236151755867 5.680094772256587 38.08875256727698 -1.5483537289384017 1
Car 1165 1 -1.3136839254850332 324.67874 737.6357 768.1843 1062.9934 1.5003789581272315 1.8697904283313167 4.55161326200228 -2.653321640840035 2.485221442361621 10.773581506116912 -1.5551587081951574 1
Car 1170 2 2.051855496491223 159.39851 755.9515 309.50418 832.6981 1.5080566852853177 1.849071376288894 3.869585242489623 -18.39705947164784 5.01449762618458 38.04958142444803 -4.681692352949545 1
Car 1169 2 2.1695223294089887 0.0 741.75775 116.8054 843.03503 1.473937119775285 1.7957127846064802 4.091436638681159 -18.260297409950045 3.87230497346886 28.619268583645795 -4.681585938046851 1
Car 1166 1 -0.9501242378256375 0.0 661.3271 588.48615 1215.0 1.5273739656251122 1.8043725198672675 3.6842238059376053 -2.4649630929425212 1.6710357906858326 3.9979213961947546 -1.5026321529185378 1
