bicycle_rack 187 2 3.1232808023342558 808.2421 797.29846 879.65125 842.9363 1.234468559245764 1.15974938094161 2.176423540439476 -3.6397820867692148 6.649438636030352 46.28867189530233 -3.2383752843814713 1
Car 1164 1 -1.4030091314630606 614.4625 747.534 842.3989 944.9581 1.660471944949592 1.8980900708212065 4.476082286377353 -2.5781766764918856 3.292599335792578 17.643438517178488 -1.5481088323520547 1
rider 190 1 -1.579678971289652 945.8544 778.14526 981.5148 852.4286 1.5356614717883814 0.7738134777750997 0.7364140640841642 0.04966030387431089 4.93672057872547 32.817867951943335 -1.57816576311772 1
rider 191 2 -1.532501699108426 875.8503 787.62134 913.63763 849.9844 1.3196663425156716 0.8287422446377002 0.7215635093685692 -1.5037199805625634 5.048443297384339 33.90470961710108 -1.5768240129955375 1
bicycle 196 2 -3.1325789650657505 803.69507 800.5689 871.9527 845.2551 1.1696264962953182 0.7582877152423242 1.9445313505265558 -3.5547493558994234 6.288225842369393 43.12433079136182 -3.2148232747045355 1
Cyclist 197 0 -1.5796706648563235 945.69824 775.442 982.0956 866.24396 1.7538189353719742 0.7761598132492267 1.8047162748661423 0.049347827330434746 5.145990036053796 32.791370234619095 -1.57816576311772 1
bicycle_rack 188 2 -3.126344468546958 800.0011 797.96375 874.114 844.95544 1.1791609292273086 1.457330921523438 2.1479188545003267 -3.659152768496205 6.388258281314911 44.21224793825136 -3.208919599321755 1
ride_other 203 0 -1.532550710156802 874.96655 785.77386 914.06036 859.3411 1.4586462094641552 0.8287422446377002 1.6900364134897403 -1.5158816105229338 5.229532408438421 34.205418292126 -1.576838734056462 1
Car 1172 1 -1.4053377815188115 727.37573 776.2455 853.5446 874.73 1.4761491744497406 1.937381964856218 4.379199570564917 -3.512088444846489 4.894421448951219 31.53643212458818 -1.5162468433106167 1
Car 1171 2 -1.419631873366199 685.04913 773.0526 838.06793 900.0362 1.4522614962994322 1.822321216859177 4.143785383104065 -3.110449110172406 4.044818706028044 24.076816887419795 -1.5481088323520549 1
Car 207 1 -1.4526117380069363 770.1532 781.81464 860.7241 860.04535 1.430939808088281 1.8077159466385684 4.449592653438034 -3.697807986650596 5.717163707290952 38.60389901226172 -1.548108832352055 1
Car 1165 1 -1.3293595192523513 372.89886 738.6734 781.8582 1044.0338 1.5003789581272315 1.8697904283313167 4.55161326200228 -2.603230541972487 2.5377847491758763 11.345090490018492 -1.5549138118192287 1
Car 1330 2 1.970831232656792 298.303 764.97864 411.66107 828.0741 1.458913036872808 1.8017012173410394 3.8873270577374925 -18.264413214744163 5.879186835657425 45.23109042934725 -4.696133895132949 1
Car 1170 2 2.0479428406586733 168.68391 752.1178 315.79214 827.2406 1.5080566852853177 1.849071376288894 3.869585242489623 -18.480068373729498 4.96134609587859 38.63028176232675 -4.681447370173853 1
Car 1169 2 2.1588227875173436 0.0 743.0739 136.16418 842.37445 1.473937119775285 1.7957127846064802 4.091436638681159 -18.18632953557664 3.9454876349534396 29.203341960433733 -4.681340946180217 1
Car 1166 1 -1.0102190111300875 0.0 673.89667 626.2052 1215.0 1.5273739656251122 1.8043725198672675 3.6842238059376053 -2.4461205356739466 1.7390964595370235 4.562155526036635 -1.5023872537684673 1
