bicycle 194 0 -1.5687403197514886 1002.37836 807.41864 1014.0039 850.6596 1.203085342108766 0.38816777170271916 1.964532185054241 1.6001861464290819 7.540819515787366 50.938926352672574 -1.5373368292788296 1
bicycle_rack 187 2 3.126839383304323 795.6321 799.6838 870.1519 847.39233 1.234468559245764 1.15974938094161 2.176423540439476 -3.818321627481128 6.505155100970523 44.40935118832966 -3.2421151133701116 1
rider 190 1 -1.5782099570030357 937.77856 789.03687 973.9584 864.6719 1.5356614717883814 0.7738134777750997 0.7364140640841642 -0.1196165321939636 5.127522318315163 32.35253892693788 -1.5819072243927592 1
rider 191 2 -1.5300482629713328 866.2901 793.66315 904.61304 856.92615 1.3196663425156716 0.8287422446377002 0.7215635093685692 -1.6941337197880595 5.142156946317303 33.50677605801623 -1.5805661729924565 1
bicycle 196 2 -3.128553311099378 790.32996 804.0842 861.7779 850.94574 1.1696264962953182 0.7582877152423242 1.9445313505265558 -3.7221767090931372 6.165446018185882 41.24128881789596 -3.2185630882243137 1
Cyclist 197 0 -1.5781474084906477 937.484 786.6028 974.44214 879.46466 1.7538189353719742 0.7761598132492267 1.8047162748661423 -0.1214728317657983 5.345360349654096 32.308033834403204 -1.5819072243927592 1
bicycle 195 2 3.134648116352985 800.01904 802.80756 872.8141 848.9071 1.234468559245764 0.611535359428455 2.0965883563572243 -3.633690546488682 6.4599514454236315 43.524762522746855 -3.2318296289732404 1
bicycle_rack 188 2 -3.12238982377728 786.5745 801.61304 864.0919 850.9151 1.1791609292273086 1.457330921523438 2.1479188545003267 -3.831295953007314 6.2758306346675745 42.32748065711085 -3.212659399821579 1
ride_other 203 0 -1.53013351509383 865.375 791.56305 905.15704 866.4092 1.4586462094641552 0.8287422446377002 1.6900364134897403 -1.7052988885223832 5.317415526039071 33.77488653465275 -1.5805808206329939 1
Car 1172 1 -1.3947897670437408 699.79376 783.52637 836.4697 889.9453 1.4761491744497406 1.937381964856218 4.379199570564917 -3.731090042516327 4.857976629034423 29.64577450207914 -1.5199872193589514 1
Car 1171 2 -1.4095726041318157 654.62537 780.0098 823.8214 920.2915 1.4522614962994322 1.822321216859177 4.143785383104065 -3.178566390029564 3.970502858930261 22.189839154176777 -1.5518489820848926 1
Car 207 1 -1.4456225798131555 750.60925 789.8098 847.2096 873.3542 1.430939808088281 1.8077159466385684 4.449592653438034 -3.913788686541484 5.725812147431148 36.705154178345374 -1.5518489820848929 1
Car 205 1 -1.4490681260289373 808.36633 796.5938 870.94037 858.1601 1.5686274387014743 1.6635797673773425 3.533246301563527 -4.025066608330665 7.50880226318656 49.93877537604831 -1.5294942937796652 1
Car 1164 1 -1.3858804279202472 560.05414 748.8515 824.2374 974.38885 1.660471944949592 1.8980900708212065 4.476082286377353 -2.637449564318321 3.1525038945332047 15.745080830293883 -1.5518489820848929 1
Car 1165 1 -1.2842778051671209 207.24274 735.1459 744.6239 1118.9604 1.5003789581272315 1.8697904283313167 4.55161326200228 -2.659049160916442 2.365427979595605 9.44683202966678 -1.5586539583291137 1
Car 1330 1 1.9859980304534552 261.03555 767.4485 382.07025 833.7199 1.458913036872808 1.8017012173410394 3.8873270577374925 -18.43832949864198 5.771395770255706 43.28596047450636 -4.699875499434617 1
Car 1170 1 2.0632194250856815 127.67182 764.35297 285.3335 844.74927 1.5080566852853177 1.849071376288894 3.869585242489623 -18.476501390148243 5.123212508748946 36.80792538090499 -4.685188836668886 1
Car 1169 2 2.1896452631248975 0.0 735.8504 74.955154 841.90625 1.473937119775285 1.7957127846064802 4.091436638681159 -18.261469278333916 3.644304755962012 27.183220213863038 -4.685082551561969 1
Car 1166 1 -0.7713337596931187 0.0 628.0515 482.47128 1215.0 1.5273739656251122 1.8043725198672675 3.6842238059376053 -2.4613655257668445 1.5371237477615438 2.7239920698678572 -1.506127442727145 1
