bicycle 194 0 -1.5715179256424907 1001.0975 804.17804 1013.4815 850.10004 1.203085342108766 0.38816777170271916 1.964532185054241 1.4725128136113208 7.061305109237128 47.87826592318953 -1.5407722674736457 1
bicycle_rack 187 2 3.133116570230286 778.15326 797.41925 858.08167 848.5085 1.234468559245764 1.15974938094161 2.176423540439476 -3.972900739798647 6.099629090656162 41.482556642247275 -3.2455503182492924 1
rider 190 1 -1.5779525650190138 931.86755 774.70325 968.8149 851.616 1.5356614717883814 0.7738134777750997 0.7364140640841642 -0.23422828072681032 4.747512796712522 31.68886963736974 -1.5853439304389985 1
rider 191 2 -1.5329486948375077 865.22534 784.6519 904.05396 848.72327 1.3196663425156716 0.8287422446377002 0.7215635093685692 -1.685989707322406 4.8834744238051515 32.99442334989504 -1.5840035212008252 1
bicycle 196 2 -3.1215324760273413 771.6411 797.80194 848.641 848.1506 1.1696264962953182 0.7582877152423242 1.9445313505265558 -3.863717738362365 5.653895403351084 38.328560775464645 -3.2219982797014373 1
Cyclist 197 0 -1.5778749956991849 931.5817 771.9745 969.2365 865.74066 1.7538189353719742 0.7761598132492267 1.8047162748661423 -0.23697611739297003 4.963507889259757 31.72764511431383 -1.5853439304389985 1
bicycle 195 2 3.1408328370969816 782.77277 798.04175 860.9019 847.4236 1.234468559245764 0.611535359428455 2.0965883563572243 -3.7839949188860826 5.982816731895513 40.60923857971996 -3.2352648238849264 1
bicycle_rack 188 2 -3.1155620254293965 767.8862 795.22186 851.30896 848.0126 1.1791609292273086 1.457330921523438 2.1479188545003267 -3.9758903217773285 5.760181397858711 39.41496175356868 -3.2160945798104206 1
ride_other 203 0 -1.5332653739761903 864.75415 783.0696 904.83923 858.52094 1.4586462094641552 0.8287422446377002 1.6900364134897403 -1.6928802965308503 5.073524290445068 33.32681029510456 -1.584018101364979 1
Car 1172 1 -1.3869133165489205 672.824 770.098 826.5612 886.6571 1.4761491744497406 1.937381964856218 4.379199570564917 -3.672522820524096 4.288860499930141 26.735715172393128 -1.5234229282360103 1
Car 1171 1 -1.3930772728739014 605.408 764.8354 806.25116 925.1011 1.4522614962994322 1.822321216859177 4.143785383104065 -3.155006189606183 3.451538610907142 19.27958003529341 -1.555284482848669 1
Car 207 1 -1.440449507979984 732.2999 777.5882 838.3294 867.0396 1.430939808088281 1.8077159466385684 4.449592653438034 -3.8989953827493977 5.110966930518343 33.803651927348994 -1.5552844828486694 1
Car 205 1 -1.4440693134590858 793.3921 785.4915 860.21735 849.90704 1.5686274387014743 1.6635797673773425 3.533246301563527 -4.202950612183136 6.827460940200609 47.17350352586051 -1.532930261435999 1
Car 1164 1 -1.3542769589709382 452.349 725.8792 800.10205 1005.93274 1.660471944949592 1.8980900708212065 4.476082286377353 -2.5966543210020268 2.673110251445724 12.743741855539213 -1.555284482848669 1
Car 1165 1 -1.1767326876433715 0.0 699.699 674.0093 1215.0 1.5003789581272315 1.8697904283313167 4.55161326200228 -2.640799655509703 1.9402585379054285 6.510246400196827 -1.5620894561147964 1
Car 1170 2 2.0981011936532035 42.25763 738.09265 222.3384 823.03485 1.5080566852853177 1.849071376288894 3.869585242489623 -18.57693894972041 4.20853666608165 33.72047373649588 -4.688625547772972 1
Car 1330 2 2.0108437011345046 203.24922 756.0983 337.62674 826.26904 1.458913036872808 1.8017012173410394 3.8873270577374925 -18.549359174785458 5.169530565210445 40.342544976692885 -4.70331233709879 1
Car 1331 2 1.9202848733205902 300.1006 762.5891 412.16254 828.0832 1.4972955870285625 1.7997222316233057 4.26351848804116 -18.304132946897465 5.8795631389764385 45.43458073691181 1.5373086385722972 1
