bicycle 194 0 -1.578361316512161 1027.6475 803.34595 1041.9547 855.5743 1.203085342108766 0.38816777170271916 1.964532185054241 2.070099036966069 6.35666483336885 42.199188303757474 -1.5293451862432497 1
bicycle 186 2 2.773898783210735 783.504 800.94543 860.5526 852.9851 1.11084754968422 0.6082841616013832 1.80844378441429 -3.456557087039198 5.564638168310734 37.15886634568791 -3.602040665877735 1
bicycle_rack 187 2 -3.136195998962586 767.4917 800.7622 860.6819 860.3318 1.234468559245764 1.15974938094161 2.176423540439476 -3.50447105833335 5.50917074107849 35.67172871631844 -3.2341240084042386 1
Car 1172 1 -1.3519639054960055 604.3412 771.234 813.93646 925.9174 1.4761491744497406 1.937381964856218 4.379199570564917 -3.3505004390315736 3.7268248441261154 20.757531861716853 -1.5119949475532604 1
Car 189 2 -1.460621331238596 799.7556 785.4612 871.7722 856.4143 1.6654298009152182 1.7959689523420588 4.363861169384387 -3.9170453060208152 6.979834728992884 47.29134623560441 -1.5432606451818378 1
rider 190 1 -1.5738448985689066 941.54156 780.2083 980.9134 862.251 1.5356614717883814 0.7738134777750997 0.7364140640841642 -0.00201581219627546 4.664760748768596 29.759993961088924 -1.5739126342074228 1
rider 191 2 -1.5302820311598682 876.9755 792.536 918.5267 861.1594 1.3196663425156716 0.8287422446377002 0.7215635093685692 -1.306910910099257 4.822532463725124 30.88653872154445 -1.5725700903083888 1
bicycle 196 2 -3.1053116699370915 757.05176 806.1746 848.24884 865.77277 1.1696264962953182 0.7582877152423242 1.9445313505265558 -3.433951349700849 5.163549904064661 32.50283343535966 -3.2105720174234706 1
Cyclist 197 0 -1.5738349123351976 941.1479 778.2784 981.44763 878.96844 1.7538189353719742 0.7761598132492267 1.8047162748661423 -0.0023086815817732406 4.893117134793857 29.70439994590269 -1.5739126342074228 1
bicycle 195 2 -3.1285130894705513 772.336 803.0097 863.6533 860.718 1.234468559245764 0.611535359428455 2.0965883563572243 -3.3268335460626255 5.425062461033951 34.793962869385226 -3.22383854959937 1
bicycle_rack 188 2 -3.099823552114823 753.3066 803.203 852.16064 865.6185 1.1791609292273086 1.457330921523438 2.1479188545003267 -3.5346191744897197 5.278838374956649 33.589249421841124 -3.204668357490392 1
Pedestrian 200 1 -1.5584369265589744 984.1857 804.93976 997.9661 847.20325 1.3122018052028632 0.4422554895827946 0.4396101148675414 0.96935698685529 7.189509016170817 48.59089483066345 -1.5384902178785833 1
Pedestrian 201 0 -1.6041369678079493 1004.8911 799.0561 1022.9469 846.5054 1.5080263929054625 0.5809961301698727 0.4201505783729043 1.7337752716863661 7.272262893023627 49.28541807231863 -1.5689732077760548 1
Pedestrian 202 0 -1.613568320178309 988.0129 793.5077 1006.6355 845.9314 1.5860275794952448 0.5658106035318232 0.44878400746746566 1.1304951053234928 6.905553542998595 46.95082222745989 -1.5894946904876863 1
ride_other 203 0 -1.530587934973213 876.3308 791.5068 919.36304 872.6848 1.4586462094641552 0.8287422446377002 1.6900364134897403 -1.3106041866451268 5.02762822012908 31.18877124406637 -1.5725848947790149 1
Car 1171 1 -1.3330721576240316 455.20496 761.4098 777.864 1005.5805 1.4522614962994322 1.822321216859177 4.143785383104065 -2.852919512565568 2.8607317403986063 13.333687393144837 -1.5438571935367993 1
Car 207 1 -1.4204029995391318 703.97723 783.2829 836.9795 894.13763 1.430939808088281 1.8077159466385684 4.449592653438034 -3.4715257340489885 4.632137062598794 27.97694626854302 -1.5438571935367993 1
Car 205 1 -1.432688252391793 787.5329 788.79626 865.4195 863.34503 1.5686274387014743 1.6635797673773425 3.533246301563527 -3.6697641741652904 6.283181215253109 41.21134746486897 -1.5215014205831916 1
Car 1164 0 -1.209055618022447 0.0 688.7025 734.1167 1215.0 1.660471944949592 1.8980900708212065 4.476082286377353 -2.387205091250056 2.049786700190609 6.861782963037006 -1.543857193536799 1
Car 1170 1 2.181452192372575 0.0 737.84485 102.155106 841.2115 1.5080566852853177 1.849071376288894 3.869585242489623 -18.216080581301892 3.777429825530908 28.08088103169707 -4.677194235692085 1
Car 1330 2 2.069195361044761 98.61844 761.8806 265.58994 844.6584 1.458913036872808 1.8017012173410394 3.8873270577374925 -18.0298992497637 4.827314358402857 34.811275929733725 -4.69188060397122 1
Car 1331 2 1.9685963503992132 221.60579 759.5538 358.37704 834.49426 1.4972955870285625 1.7997222316233057 4.26351848804116 -17.74925944164765 5.271190696723595 39.760643962828134 1.548737952473335 1
Car 1332 2 1.964772097305116 313.4183 766.44543 431.4252 832.1481 1.4956805278002827 1.8293506579451038 4.298373644337615 -17.85157704226373 6.012245567841575 45.55000450937246 -4.691927476241988 1
