bicycle 194 0 -1.5773932999144438 1021.6394 805.74036 1035.3058 855.934 1.203085342108766 0.38816777170271916 1.964532185054241 1.9708618063553898 6.638693243514123 43.96004867733523 -1.5325902803878728 1
bicycle 186 2 2.769567102786398 787.0091 801.6193 860.3448 851.1687 1.11084754968422 0.6082841616013832 1.80844378441429 -3.587703415683093 5.802887239469532 39.02853605258058 -3.605285714047428 1
bicycle_rack 187 2 -3.1408714158888045 772.12244 807.32056 860.6222 864.17096 1.234468559245764 1.15974938094161 2.176423540439476 -3.632507397794841 5.895257555876242 37.52663584627587 -3.2373688848563678 1
Car 1172 1 -1.363644422264342 630.3297 780.6177 817.74713 922.0989 1.4761491744497406 1.937381964856218 4.379199570564917 -3.479134818504628 4.080832827650507 22.77398520471554 -1.515240296863306 1
Car 207 1 -1.4262306081402996 713.4003 788.56616 836.7481 892.7577 1.430939808088281 1.8077159466385684 4.449592653438034 -3.6243579783493445 4.9424085785336045 29.83898641711355 -1.5471023467615945 1
Car 189 2 -1.463778483493823 801.30896 791.2448 870.20844 859.9257 1.6654298009152182 1.7959689523420588 4.363861169384387 -4.0744150659755265 7.376424905848808 49.13847070836043 -1.546506248999255 1
Car 1164 0 -1.274971422972268 173.31715 710.1274 764.869 1152.0333 1.660471944949592 1.8980900708212065 4.476082286377353 -2.441970282716809 2.2880115597937665 8.750899379360682 -1.5471023467615943 1
rider 190 1 -1.5750623276834512 938.82275 788.3076 977.6056 869.34076 1.5356614717883814 0.7738134777750997 0.7364140640841642 -0.0633305541541743 4.876845128825401 30.20631092040501 -1.5771589247001006 1
rider 191 2 -1.532008548406987 875.1481 799.2566 915.81647 866.6691 1.3196663425156716 0.8287422446377002 0.7215635093685692 -1.3815127080112517 5.036405226252912 31.5151340944313 -1.5758169866195189 1
bicycle 196 2 -3.11084167660116 763.1343 809.88995 849.20215 866.3537 1.1696264962953182 0.7582877152423242 1.9445313505265558 -3.551207654989979 5.476024613994287 34.364064988489126 -3.2138168794984865 1
Cyclist 197 0 -1.5748541053356098 938.2344 785.1365 977.78674 884.39935 1.7538189353719742 0.7761598132492267 1.8047162748661423 -0.0697178195457302 5.091936179250397 30.24865946906823 -1.5771589247001006 1
bicycle 195 2 -3.13314656671348 776.8367 809.65 863.49274 864.5923 1.234468559245764 0.611535359428455 2.0965883563572243 -3.4525660432570153 5.8104998929887905 36.64594691713651 -3.227083415253953 1
bicycle_rack 188 2 -3.105132031143393 759.30316 807.81323 852.6408 867.134 1.1791609292273086 1.457330921523438 2.1479188545003267 -3.6562207792950536 5.612537401707301 35.44751177955903 -3.2079132077106998 1
Pedestrian 200 1 -1.556727591664318 977.51636 811.25745 989.82166 849.9514 1.2362152202475534 0.4057939105334005 0.40985724061610207 0.749910983298381 7.495673401028615 50.01864993653764 -1.5417360874198645 1
Pedestrian 201 0 -1.6001094230735637 994.286 805.9391 1011.7756 852.08685 1.5080263929054625 0.5809961301698727 0.4201505783729043 1.4153543038981227 7.675092265738197 50.731252057541305 -1.572217597016766 1
Pedestrian 202 0 -1.611530371954823 979.9565 803.66797 998.9084 853.19855 1.5199739132806886 0.5893725610266429 0.5954127711205481 0.9093793451312351 7.34118149622797 48.39161960871496 -1.5927405003125874 1
ride_other 203 0 -1.531957945450365 874.0434 798.17145 916.0757 877.99615 1.4586462094641552 0.8287422446377002 1.6900364134897403 -1.3983451565642537 5.247339728175218 31.85154662717249 -1.575831727430917 1
Car 1171 1 -1.3560843724194191 518.12067 771.6644 789.51074 983.84216 1.4522614962994322 1.822321216859177 4.143785383104065 -2.943976808436376 3.1517922861690923 15.224132372491004 -1.547102346761594 1
Car 205 1 -1.4347159681141985 787.5739 794.0248 861.9769 865.7615 1.5686274387014743 1.6635797673773425 3.533246301563527 -3.882323368125173 6.636212939018227 43.00547829419013 -1.5247470139932395 1
Car 1170 1 2.152440259142365 0.0 744.73065 146.25204 842.319 1.5080566852853177 1.849071376288894 3.869585242489623 -18.316261545303306 4.060925996566385 29.895007212587686 -4.6804405304024765 1
Car 1165 1 -0.7724359850649858 0.0 638.15674 473.77478 1215.0 1.5003789581272315 1.8697904283313167 4.55161326200228 -2.546469687147318 1.543454968852701 2.566547696273185 -1.553907327092651 1
Car 1330 1 2.049587503020022 135.90913 765.82654 290.9203 844.6828 1.458913036872808 1.8017012173410394 3.8873270577374925 -18.21730904991541 5.095321904056289 36.628396660446555 -4.695127018273439 1
Car 1331 2 1.953853187779727 246.75954 772.6601 375.00943 845.6233 1.4972955870285625 1.7997222316233057 4.26351848804116 -17.985206923737028 5.817225571783468 41.566616141223896 1.5454922244869524 1
Car 1332 2 1.9524014669662888 332.49194 772.1807 444.20847 835.788 1.4956805278002827 1.8293506579451038 4.298373644337615 -18.061873043492106 6.372629834851907 47.35392316259292 -4.69517366452564 1
