bicycle 186 2 2.7990434739033443 746.64813 805.41547 845.85425 872.7357 1.11084754968422 0.6082841616013832 1.80844378441429 -3.1885271447276247 4.683968336211064 28.931877892176505 -3.5939069624638655 1
bicycle_rack 187 2 -3.108355739683807 722.33374 797.13025 844.1664 874.63116 1.234468559245764 1.15974938094161 2.176423540439476 -3.2459404019174043 4.474853594344659 27.46592950196817 -3.2259907223827655 1
Car 1172 1 -1.2597721690974537 347.97256 745.8049 758.8953 1019.33075 1.4761491744497406 1.937381964856218 4.379199570564917 -3.0655764052274135 2.6531957166808704 12.308871890347032 -1.5038604821319683 1
Car 189 1 -1.4440852427752084 777.3463 775.91846 867.21063 861.54376 1.6654298009152182 1.7959689523420588 4.363861169384387 -3.569963124410676 5.837916513409981 39.104601765088596 -1.5351255421632275 1
rider 190 1 -1.5767713721524936 956.1926 771.779 999.49005 861.77515 1.5356614717883814 0.7738134777750997 0.7364140640841642 0.29795339868120785 4.233402634160224 27.09651556297186 -1.56577581111309 1
rider 191 2 -1.5055424496283085 868.12646 787.1522 915.45807 863.5812 1.3176424207266086 0.83080030613022 0.7191721092035639 -1.2818332327093755 4.363952719046376 27.70952324289226 -1.5517691579664454 1
bicycle 194 0 -1.5975503250062073 1066.2306 798.2263 1085.6488 863.02026 1.203085342108766 0.38816777170271916 1.964532185054241 2.605068415319348 5.265439679409809 34.05870074849618 -1.5212113594521854 1
bicycle 195 2 -3.100553807885207 727.40466 799.5679 847.4713 875.1217 1.234468559245764 0.611535359428455 2.0965883563572243 -3.0749900063264746 4.384385697136676 26.58573317058357 -3.2157052930786043 1
bicycle 196 2 -3.071485922105947 701.3254 802.0823 825.06537 881.8784 1.1696264962953182 0.7582877152423242 1.9445313505265558 -3.2005860830317854 4.1006912162643765 24.30088333968553 -3.2024387704660264 1
Cyclist 197 0 -1.5767616913814277 955.82526 769.0367 1000.1978 879.2706 1.7538189353719742 0.7761598132492267 1.8047162748661423 0.2973124773965889 4.449355517140057 27.062056858503507 -1.56577581111309 1
bicycle_rack 188 2 -3.0675792447131256 698.3929 798.6572 832.1565 881.44806 1.1791609292273086 1.457330921523438 2.1479188545003267 -3.292149561528215 4.220383720237156 25.387596047109117 -3.1965351420142776 1
Pedestrian 200 1 -1.5654839839218115 1006.50464 801.3527 1021.0708 849.1404 1.2771987651666725 0.4073267378587505 0.4962655514724 1.480145406237389 6.276943329162863 42.11659822431704 -1.5303544496327053 1
Pedestrian 201 0 -1.6136228397864947 1031.7704 792.1434 1048.9019 846.892 1.4945181925105857 0.4663798855501887 0.5651406548264373 2.263711583591275 6.318371999765759 42.84836014611533 -1.5608411458810236 1
ride_other 203 0 -1.5183939038438885 867.14716 785.6804 916.1316 875.9776 1.4586462094641552 0.8287422446377002 1.6900364134897403 -1.2910703941915582 4.562750380472064 28.023859389826754 -1.564431750140941 1
Car 1171 1 -1.0176753136423309 0.0 698.3891 587.0804 1215.0 1.4522614962994322 1.822321216859177 4.143785383104065 -2.6619598608498545 1.785108108497024 4.67032889666611 -1.5357232187069814 1
Car 1332 2 2.0364631101744406 178.87158 753.4371 337.27374 833.1075 1.4956805278002827 1.8293506579451038 4.298373644337615 -17.410856986481498 4.885739120033567 37.26603089302659 -4.683790909668099 1
Car 207 1 -1.3765297295974743 606.4477 769.13403 812.7877 930.2899 1.430939808088281 1.8077159466385684 4.449592653438034 -3.1420828700281023 3.536021898536001 19.570493237815917 -1.5357232187069816 1
Car 210 2 -1.467618882805908 808.0365 787.8076 879.33453 852.95264 1.5111234430812341 1.8129340848430924 3.8245801921218394 -3.5956465922794143 6.765890518961811 46.301866285526884 -1.5451199645280427 1
Car 205 1 -1.416620023595629 763.25714 775.6443 863.758 869.0373 1.5686274387014743 1.6635797673773425 3.533246301563527 -3.181002360703065 5.055280735840226 32.777180380389744 -1.5133663439531408 1
Car 208 1 1.9510198682757762 328.26553 764.09576 441.10428 829.6363 1.5037911391693113 1.7952620610981525 4.016282030437787 -17.24174290012908 5.87251646034377 44.91438803674586 -4.698698644248303 1
Car 1330 2 2.1859444631977283 0.0 734.4525 84.54753 840.61633 1.458913036872808 1.8017012173410394 3.8873270577374925 -17.66425638347345 3.5505567666014053 26.582690701071154 -4.683743471470337 1
Car 1331 2 2.0607722495551495 32.288708 748.65607 227.83133 842.89264 1.4972955870285625 1.7997222316233057 4.26351848804116 -17.38857951388471 4.28460950102974 31.536710818440554 1.5568733672365438 1
bicycle 209 2 -3.0677916964925314 823.2752 804.935 877.63446 844.5476 1.2161784030942686 0.5158668027318118 1.725345889185031 -3.59050545354016 7.088146264837945 48.51666364241209 -3.1416626467362976 1
Pedestrian 202 0 -1.620658726691689 1010.0442 785.5446 1030.2563 850.17725 1.6833086760892653 0.5209313749135881 0.62075125709109 1.604958598834607 6.101759649695793 40.81797185687268 -1.5813590708193657 1
