bicycle 186 2 2.8007254211664936 745.19257 804.92017 846.0177 873.3231 1.11084754968422 0.6082841616013832 1.80844378441429 -3.149771582527644 4.618393395398895 28.46944310389215 -3.592648677442773 1
bicycle_rack 187 2 -3.106446494335114 720.1928 796.35504 844.16046 875.15717 1.234468559245764 1.15974938094161 2.176423540439476 -3.209094974357605 4.407078821245343 27.003314560476976 -3.224732500268275 1
Car 1172 1 -1.2480658117101475 312.08688 743.2892 752.54047 1033.2272 1.4761491744497406 1.937381964856218 4.379199570564917 -3.044696552731985 2.5807645356129445 11.702288371182698 -1.502602078317817 1
Car 189 1 -1.4441858151143694 778.8083 775.5538 869.7315 862.2372 1.6654298009152182 1.7959689523420588 4.363861169384387 -3.474628725538897 5.781168530354398 38.640290464842224 -1.5338670397561855 1
rider 190 1 -1.5767695730391145 957.8588 773.62024 1001.5871 864.56946 1.5356614717883814 0.7738134777750997 0.7364140640841642 0.328794492201943 4.241108789235836 26.833481001770902 -1.5645170427525608 1
rider 191 2 -1.5024454880427587 865.1171 786.9175 913.2608 864.48663 1.3176424207266086 0.83080030613022 0.7191721092035639 -1.3106421457762056 4.3161309493032505 27.30825427002961 -1.5504030463985543 1
bicycle 194 0 -1.5982771565973466 1069.0953 799.2342 1088.7703 864.74536 1.203085342108766 0.38816777170271916 1.964532185054241 2.6471549298300125 5.250566252308635 33.72830969492666 -1.5199530543121424 1
bicycle 195 2 -3.0986252652737973 725.26245 798.82623 847.52484 875.69543 1.234468559245764 0.611535359428455 2.0965883563572243 -3.0392002084131464 4.317028943329831 26.122869659607765 -3.2144470758389394 1
bicycle 196 2 -3.0691175253028495 698.34875 799.2786 824.5812 880.5114 1.1696264962953182 0.7582877152423242 1.9445313505265558 -3.1671240562131273 4.000702577057288 23.842330419723794 -3.201180554781279 1
Cyclist 197 0 -1.5767415212898501 957.55444 770.3884 1002.17596 881.3409 1.7538189353719742 0.7761598132492267 1.8047162748661423 0.3290559490168161 4.460515437836916 26.91644937730245 -1.5645170427525608 1
bicycle_rack 188 2 -3.065346015164337 695.50275 796.40295 831.9278 880.59906 1.1791609292273086 1.457330921523438 2.1479188545003267 -3.257300412085918 4.128098559353708 24.92824556603423 -3.1952769314253056 1
Pedestrian 200 1 -1.567547926084884 1010.6352 801.13116 1026.9185 850.4022 1.302872396269054 0.4508187714902104 0.5073529752828244 1.6037735655970673 6.2465966302413705 41.687809651581944 -1.529095844420215 1
Pedestrian 201 0 -1.6135835547169313 1032.3196 791.9784 1052.0294 850.68787 1.588419554929128 0.5339319569059777 0.5750092659378931 2.2920941327854476 6.358558112479072 42.40457479173014 -1.5595831135171816 1
Pedestrian 202 0 -1.6231043150463458 1014.6792 789.9175 1036.7814 852.38477 1.5779589153441758 0.5541016578247291 0.786602671646749 1.7325654859246216 6.0646603371672025 40.263796582321795 -1.5801004884508847 1
ride_other 203 0 -1.5159765373543306 864.9554 784.9797 914.8064 876.4719 1.4586462094641552 0.8287422446377002 1.6900364134897403 -1.3063331973838221 4.510136275783083 27.658218973302233 -1.563172747273564 1
Car 1171 1 -0.9607720223665169 0.0 684.5066 555.10455 1215.0 1.4522614962994322 1.822321216859177 4.143785383104065 -2.655169725521211 1.6998999731918942 4.108955066851935 -1.534464890671631 1
Car 1332 1 2.041982247242209 169.16006 751.5436 331.09235 832.29095 1.4956805278002827 1.8293506579451038 4.298373644337615 -17.337486280228067 4.787995263337335 36.70045257033815 -4.682532181033098 1
Car 207 1 -1.3701009356472502 592.40564 767.965 808.9234 935.65753 1.430939808088281 1.8077159466385684 4.449592653438034 -3.129272983373591 3.451752297991715 18.866925321966196 -1.5344648906716312 1
Car 210 2 -1.4668772649579298 808.38257 786.8326 880.48334 852.5837 1.5111234430812341 1.8129340848430924 3.8245801921218394 -3.536087200901242 6.684744119448961 45.84186038309896 -1.5438614621743938 1
Car 205 1 -1.415205284686676 762.0333 776.99774 864.33545 872.11694 1.5686274387014743 1.6635797673773425 3.533246301563527 -3.1369301159992795 5.035155644689416 32.27061524326109 -1.5121078456668957 1
Car 208 1 1.9543612889482498 323.8389 762.0273 438.259 828.0592 1.5037911391693113 1.7952620610981525 4.016282030437787 -17.17916386722644 5.767340863298312 44.47425192411857 -4.697440294615719 1
Car 1330 2 2.1962785619088603 0.0 732.1096 68.67623 840.4029 1.458913036872808 1.8017012173410394 3.8873270577374925 -17.630583579358635 3.465325280762668 26.016683554259416 -4.682484655363152 1
Car 1331 2 2.0699338973860737 13.496254 747.00836 215.01402 842.8436 1.4972955870285625 1.7997222316233057 4.26351848804116 -17.39599288840312 4.201034813511747 30.96877350681341 1.5581319179352584 1
bicycle 209 2 -3.067158353025604 823.95435 803.9347 878.8306 843.9197 1.2161784030942686 0.5158668027318118 1.725345889185031 -3.526806299628733 7.001449247464313 48.06403707702772 -3.1404043220376208 1
