bicycle 186 2 2.8150239110906896 728.32965 782.0456 845.2379 860.22644 1.11084754968422 0.6082841616013832 1.80844378441429 -2.8626658817355075 3.762578299503504 24.5723450836305 -3.584138096522079 1
bicycle_rack 187 2 -3.0883949441238663 693.9937 781.9617 839.96545 873.4396 1.234468559245764 1.15974938094161 2.176423540439476 -2.9696045037951824 3.7303589978512366 23.104692915413683 -3.2162223330997746 1
Car 189 1 -1.4383529271212006 776.70685 761.21985 878.69617 856.20184 1.6654298009152182 1.7959689523420588 4.363861169384387 -3.036743491824707 5.041614466567674 34.81616086625244 -1.5253549825274624 1
rider 190 1 -1.5819879732790048 977.558 759.31335 1023.22 853.8924 1.5356614717883814 0.7738134777750997 0.7364140640841642 0.6684345246388923 3.880907757517644 25.718283231750245 -1.5560031877670275 1
rider 191 2 -1.532431808440594 883.5961 774.4861 932.8268 855.3079 1.3176424207266086 0.83080030613022 0.7191721092035639 -0.9193629236204202 3.9622452985456933 26.07748908035955 -1.5676722530654825 1
bicycle 194 0 -1.610681509323973 1098.662 786.29614 1122.4818 860.77924 1.203085342108766 0.38816777170271916 1.964532185054241 2.9319229286732904 4.4882501334496165 29.44695528437735 -1.5114423301212665 1
bicycle 195 2 -3.080300584310502 698.94775 785.21295 843.4162 875.13367 1.234468559245764 0.611535359428455 2.0965883563572243 -2.8078496349382704 3.6576424607382085 22.231307720643514 -3.205936943829485 1
bicycle 196 2 -3.0450414795829635 660.61383 787.274 813.8367 884.60333 1.1696264962953182 0.7582877152423242 1.9445313505265558 -2.9487444089514177 3.3691323950921537 19.828706950881685 -3.1926704338195444 1
Cyclist 197 0 -1.5818800567537052 977.1613 756.57764 1024.0155 872.09717 1.7538189353719742 0.7761598132492267 1.8047162748661423 0.6647257560081605 4.095195862872982 25.68229487893896 -1.5560031877670275 1
bicycle_rack 188 2 -3.043039640509748 659.3977 783.3834 824.1752 883.0185 1.1791609292273086 1.457330921523438 2.1479188545003267 -3.0312778009540766 3.4811712215699764 20.945068083572213 -3.1867668465157992 1
Pedestrian 200 0 -1.5705683657574185 1025.5542 783.8679 1046.6213 841.9469 1.4461420795766922 0.544295860917009 0.49772972929106596 1.9477583016913504 5.612815396021742 38.934184673190586 -1.520583092613891 1
Pedestrian 201 1 -1.6219480858650255 1055.937 785.9829 1079.0797 845.1018 1.5054198995773471 0.58853997713058 0.45669297261963493 2.810669144492931 5.795241968648224 39.59092583416738 -1.5510742324493072 1
Pedestrian 202 0 -1.6303476257219705 1038.827 772.2325 1059.7998 843.7309 1.732477744688618 0.49697440432539775 0.47374546530232253 2.203137116864116 5.44556484695109 37.45083119618437 -1.5715878901582543 1
ride_other 203 0 -1.5322233442336741 882.64325 771.8106 933.2648 866.7846 1.4586462094641552 0.8287422446377002 1.6900364134897403 -0.9281532115489727 4.138591741675068 26.433161271790475 -1.5673221367030943 1
Car 204 1 -1.4754401400636485 830.82623 779.51746 898.0218 841.0119 1.491751963730324 1.796507636615895 3.946916421670038 -3.086893302571303 6.696677944409723 48.34017410579162 -1.5392112719651438 1
Car 205 1 -1.4052702227107727 751.2628 759.4831 869.1679 866.00684 1.5686274387014743 1.6635797673773425 3.533246301563527 -2.8049664529694494 4.291371468031965 28.43533521756989 -1.5035958165789933 1
Car 210 2 -1.4605129661446135 807.6108 779.52765 887.1273 850.93445 1.5111234430812341 1.8129340848430924 3.8245801921218394 -3.149510525148519 6.0555489170208725 42.006658337111176 -1.535349405168978 1
Car 207 1 -1.3366951968235279 509.65125 746.3738 798.1365 956.8009 1.430939808088281 1.8077159466385684 4.449592653438034 -2.881971003005692 2.836919528303566 15.045422745915273 -1.5259540116745747 1
Car 1172 0 -1.1445362853271979 0.0 708.33014 700.3747 1166.2957 1.4761491744497406 1.937381964856218 4.379199570564917 -2.879818274775207 2.0428562365171876 7.90022438568635 -1.4940906876089706 1
Car 1332 2 2.083765109972135 92.17954 737.7062 281.60428 826.25055 1.4956805278002827 1.8293506579451038 4.298373644337615 -16.95714609451355 4.150105104662712 33.00568516715228 -4.674018595021995 1
Car 1331 1 2.1226463166047127 0.0 716.9611 144.24359 821.09216 1.4972955870285625 1.7997222316233057 4.26351848804116 -17.03539904777606 3.316492613886307 27.414812119859263 1.5666443022359107 1
Car 208 2 1.9842267655350376 278.80942 751.6233 408.108 822.8294 1.5037911391693113 1.7952620610981525 4.016282030437787 -16.78281496460711 5.135843415595275 40.83204342243236 -4.688929269502442 1
Car 206 2 1.925137305534955 366.86673 761.8759 483.03473 828.2341 1.5543954476250124 1.9114310877244276 4.804580229768479 -16.908814652719858 6.1177856176042935 47.40712873041277 -4.7006546469746695 1
bicycle 209 2 -3.060436288160126 824.18384 797.6659 883.9354 841.15704 1.2161784030942686 0.5158668027318118 1.725345889185031 -3.1638608256580105 6.353431162865807 44.20094905843002 -3.1318934409209946 1
