bicycle 186 2 2.8038407778868355 740.9317 804.9592 844.7464 875.4104 1.11084754968422 0.6082841616013832 1.80844378441429 -3.1107940128083302 4.521168090816172 27.656522813590986 -3.591353324829626 1
bicycle_rack 187 2 -3.102967899481288 714.7551 792.6107 842.643 873.684 1.234468559245764 1.15974938094161 2.176423540439476 -3.1712872570487116 4.24721467771782 26.19696959322519 -3.223437211948663 1
Car 189 1 -1.4443714618568901 779.9812 772.67523 872.8113 860.9742 1.6654298009152182 1.7959689523420588 4.363861169384387 -3.3456478362153645 5.622970351779067 37.83410151182311 -1.5325714631131133 1
rider 190 1 -1.5772686620171974 960.40436 772.1178 1004.4346 863.6582 1.5356614717883814 0.7738134777750997 0.7364140640841642 0.3744254288321093 4.196014994913798 26.652543773264547 -1.563221192362468 1
rider 191 2 -1.5315365913695682 870.5353 784.6033 917.95245 862.6091 1.3176424207266086 0.83080030613022 0.7191721092035639 -1.2090999657016883 4.250835279692213 27.104066423882408 -1.5761165766116318 1
bicycle 194 0 -1.5977840504670864 1070.1243 799.126 1090.1798 866.0823 1.203085342108766 0.38816777170271916 1.964532185054241 2.6181925811390387 5.165514558052072 33.01966404106785 -1.5186576807000416 1
bicycle 195 2 -3.0951265145415316 719.8505 794.41345 846.1446 873.60846 1.234468559245764 0.611535359428455 2.0965883563572243 -3.0020434359355823 4.147364880148843 25.317381730345936 -3.2131517926248074 1
bicycle 196 2 -3.0646374318227196 691.07513 798.4048 821.9937 882.4981 1.1696264962953182 0.7582877152423242 1.9445313505265558 -3.1339984543250723 3.8922177316962223 23.030800850748296 -3.1998852731889933 1
Cyclist 197 0 -1.5771919543249897 959.9666 769.3023 1005.04224 881.31287 1.7538189353719742 0.7761598132492267 1.8047162748661423 0.3724141213806709 4.4151057409874905 26.654944986522015 -1.563221192362468 1
bicycle_rack 188 2 -3.061160008345092 688.46497 794.66583 829.87006 881.6426 1.1791609292273086 1.457330921523438 2.1479188545003267 -3.222427537899521 4.006150667307578 24.11847548398746 -3.1939816551420392 1
Pedestrian 200 1 -1.5691178967734603 1014.8248 801.1288 1031.3398 851.2458 1.302872396269054 0.45081877149022975 0.5415844834193632 1.7002886348488015 6.182621924081509 41.12812526449327 -1.5278001619731203 1
Pedestrian 201 0 -1.6178907522198156 1041.8198 791.8371 1059.3127 848.8032 1.5234582411836246 0.46412300673582413 0.5116976778259944 2.4924927967160575 6.215060676266706 41.768900799416556 -1.5582880206447525 1
ride_other 203 0 -1.5315524109163765 869.8114 782.4385 918.62897 874.4607 1.4586462094641552 0.8287422446377002 1.6900364134897403 -1.2170506892853175 4.439891614951968 27.452298132233842 -1.5758566901228581 1
Car 1172 1 -1.2323585307567293 259.8852 734.10297 744.33954 1045.5792 1.4761491744497406 1.937381964856218 4.379199570564917 -3.0092177911725213 2.4378432696097505 10.917758750045083 -1.5013066031594033 1
Car 1171 1 -0.8622858773170551 0.0 660.781 502.84076 1215.0 1.4522614962994322 1.822321216859177 4.143785383104065 -2.627415549227896 1.582200657419934 3.310365814764671 -1.5331694934916376 1
Car 1331 1 2.0774218773501456 0.0 733.4129 205.31122 829.0762 1.4972955870285625 1.7997222316233057 4.26351848804116 -17.329457277020026 3.8592240983609116 30.40780049695091 1.559427544310485 1
Car 1332 1 2.0506011206321446 152.51051 743.38074 320.28418 825.2258 1.4956805278002827 1.8293506579451038 4.298373644337615 -17.23762781076145 4.505153077799417 35.807745694759205 -4.681236371550293 1
Car 207 1 -1.3659096817964 581.00653 762.5671 808.93646 937.24506 1.430939808088281 1.8077159466385684 4.449592653438034 -3.0502029454693673 3.301867568167551 18.065940181508076 -1.5331694934916378 1
Car 210 2 -1.4655344802304018 807.52594 785.2722 881.0856 852.1245 1.5111234430812341 1.8129340848430924 3.8245801921218394 -3.47596268240094 6.548449531884584 45.03468006979533 -1.5425658855807995 1
Car 205 1 -1.4141424376229406 760.6777 773.95197 866.0738 871.5863 1.5686274387014743 1.6635797673773425 3.533246301563527 -3.0426635994579296 4.876734422494993 31.376692779409183 -1.5108122732767508 1
Car 208 1 1.9594099642492164 316.04614 757.96765 432.94476 824.66705 1.5037911391693113 1.7952620610981525 4.016282030437787 -17.11142147610968 5.582023045134418 43.80897652446652 -4.696144875200577 1
Car 1330 2 2.2070225515444957 0.0 715.7919 52.368458 824.373 1.458913036872808 1.8017012173410394 3.8873270577374925 -17.540114117408933 3.1203370055907595 25.363819887262473 -4.681188755853244 1
bicycle 209 2 -3.0652261648845176 822.499 802.18787 878.36176 842.8665 1.2161784030942686 0.5158668027318118 1.725345889185031 -3.4963974787906733 6.847141167299475 47.23744975261809 -3.139108927311497 1
Pedestrian 202 0 -1.6257297271756512 1020.43427 784.96497 1042.7622 853.3246 1.7226910307866565 0.5541016578247291 0.7125973319015378 1.865407996851725 6.012949875017123 39.723871792986614 -1.5788048294812242 1
