bicycle 186 2 2.827251523665725 711.6821 809.98724 837.65454 895.9405 1.11084754968422 0.6082841616013832 1.80844378441429 -2.8435473992570066 4.01744739369917 22.825110404926175 -3.5798750087916997 1
bicycle_rack 187 2 -3.0770384144162595 676.2942 800.0742 835.36096 900.4342 1.234468559245764 1.15974938094161 2.176423540439476 -2.8963055312565618 3.8105049734549605 21.336256310598305 -3.211959444935612 1
Car 189 1 -1.4323575306440113 770.326 783.5883 879.08923 887.4304 1.6654298009152182 1.7959689523420588 4.363861169384387 -2.936393223589217 5.403790336080586 33.00533026018567 -1.5210911514244987 1
Car 1172 1 -1.0586147358294091 0.0 707.3094 654.1133 1215.0 1.4761491744497406 1.937381964856218 4.379199570564917 -2.844716796853557 1.9414732621225859 6.182966453740512 -1.4898271901522682 1
rider 190 1 -1.585440411020823 988.62683 786.048 1035.4229 883.79407 1.5356614717883814 0.7738134777750997 0.7364140640841642 0.8465290618771407 4.281833160385854 25.108589593091857 -1.551738456857363 1
rider 191 2 -1.5332476139317441 890.67944 799.0727 940.9242 882.3866 1.3176424207266086 0.83080030613022 0.7191721092035639 -0.7702772528284936 4.333393832755034 25.530366091290006 -1.5634094867487842 1
bicycle 195 2 -3.073904256879628 689.1545 804.1334 846.3192 902.53186 1.234468559245764 0.611535359428455 2.0965883563572243 -2.629899914455616 3.7321168011128756 20.470978277519773 -3.201674074709402 1
bicycle 196 2 -3.035306871424664 644.12225 808.76215 812.93176 916.77094 1.1696264962953182 0.7582877152423242 1.9445313505265558 -2.787269381201393 3.442610179574454 18.062997673668505 -3.188407570581062 1
Cyclist 197 0 -1.5854887859675348 988.52234 782.62036 1036.6656 903.28656 1.7538189353719742 0.7761598132492267 1.8047162748661423 0.8448656918675732 4.488915296567217 25.023307877943477 -1.551738456857363 1
bicycle_rack 188 2 -3.03582740654769 646.30927 804.3153 827.0853 915.1666 1.1791609292273086 1.457330921523438 2.1479188545003267 -2.8334207824843056 3.5727556328205656 19.178739020479146 -3.1825040023749613 1
Pedestrian 200 0 -1.57400125595898 1036.5367 806.2058 1058.7854 867.3381 1.474183120420763 0.5551455510507921 0.40835038542785906 2.170146185877671 6.056989263396586 37.580630517691574 -1.5163189140945208 1
Pedestrian 201 1 -1.6218132390190008 1064.0461 807.1179 1083.3624 868.272 1.4975217817748603 0.469960331058187 0.4559939601048803 2.8738962873972356 6.186247007282591 38.246103623995545 -1.546811990298429 1
Pedestrian 202 0 -1.634083801746452 1050.294 800.01984 1072.4192 869.5145 1.5800610941513835 0.4910962768532227 0.6350367098817868 2.4018917134364566 5.824214128470489 35.92453302509093 -1.5673237878831605 1
ride_other 203 0 -1.533113143499954 889.8197 794.6332 941.4512 893.3189 1.4586462094641552 0.8287422446377002 1.6900364134897403 -0.7749421572222596 4.491195419061949 25.870053804826856 -1.5630593701003292 1
Car 204 1 -1.4737575524765059 833.18243 799.81964 903.1966 865.67487 1.491751963730324 1.796507636615895 3.946916421670038 -2.8506307240816406 7.1685154657129075 46.527757406288266 -1.5349483793230143 1
Car 205 1 -1.3994489087534403 743.96045 781.47345 870.75146 898.78235 1.5686274387014743 1.6635797673773425 3.533246301563527 -2.67388650666514 4.55288587380242 26.681077179002777 -1.499331999747811 1
Car 210 2 -1.4578643526848578 807.91656 794.66943 891.3462 871.0048 1.5111234430812341 1.8129340848430924 3.8245801921218394 -2.9495170652682594 6.297011461832506 40.210255926577624 -1.531085574087745 1
Car 207 1 -1.3142049190919056 447.62607 760.6022 789.10266 1011.7261 1.430939808088281 1.8077159466385684 4.449592653438034 -2.786692599646091 2.837845535000989 13.237471154460994 -1.521690769992864 1
Car 1331 2 2.1544245951832215 0.0 727.8421 98.18258 841.7367 1.4972955870285625 1.7997222316233057 4.26351848804116 -16.931398761465072 3.409463863880994 25.645640522219555 -4.712277009719404 1
Car 1332 2 2.1043715049505627 52.74025 736.8811 257.1162 830.3667 1.4956805278002827 1.8293506579451038 4.298373644337615 -16.759581049225577 4.006969910722378 31.3499676451699 -4.669753999028583 1
Car 208 2 2.0005619319125296 253.0094 756.21625 390.7915 831.3139 1.5037911391693113 1.7952620610981525 4.016282030437787 -16.619352535951663 5.114445762615107 39.085689565800365 -4.684665954604776 1
Car 206 2 1.941076497612638 342.89575 761.1394 466.82437 830.50977 1.5543954476250124 1.9114310877244276 4.804580229768479 -16.800908973522887 5.91271424488142 45.42156637693935 -4.6963905336502405 1
bicycle 209 2 -3.058204256897966 825.99255 813.744 888.2093 859.2656 1.2161784030942686 0.5158668027318118 1.725345889185031 -2.9528175175473494 6.612575979445673 42.463558621993535 -3.1276301819706847 1
bicycle 194 0 -1.6192491079584512 1116.9542 809.67145 1143.1301 890.48157 1.203085342108766 0.38816777170271916 1.964532185054241 3.1282282667054275 4.7601467133762805 27.79622015493983 -1.5071791659496228 1
