bicycle 186 2 2.8377720946576965 692.2176 796.5457 831.3802 890.78754 1.11084754968422 0.6082841616013832 1.80844378441429 -2.7535770324556843 3.5600857262276384 20.6808737025923 -3.577780746750886 1
bicycle_rack 187 2 -3.062707376138911 647.5273 787.22614 825.6228 898.09436 1.234468559245764 1.15974938094161 2.176423540439476 -2.848324637330561 3.391144904696736 19.21564696421755 -3.209865279050462 1
Car 189 1 -1.4275214581884872 761.46893 764.9193 878.6328 873.44556 1.6654298009152182 1.7959689523420588 4.363861169384387 -2.8361004681120336 4.768672647396629 30.91755676921475 -1.5189965232678566 1
Car 1172 1 -0.885208321347312 0.0 653.74536 565.12396 1215.0 1.4761491744497406 1.937381964856218 4.379199570564917 -2.77083438554919 1.5975041947107047 4.028258718705998 -1.4877327258433648 1
rider 190 1 -1.586157748585469 992.0721 765.1967 1040.4575 865.6132 1.5356614717883814 0.7738134777750997 0.7364140640841642 0.8876189525541895 3.850534688759086 24.297958070718007 -1.5496433868492492 1
rider 191 2 -1.5330641652420387 892.8635 781.74475 944.4244 866.7659 1.3176424207266086 0.83080030613022 0.7191721092035639 -0.7031118573049185 3.9653789736753233 24.881222361920727 -1.5613153813045269 1
bicycle 193 2 -2.9503035904326897 861.4731 800.28296 918.6691 840.13654 1.1749394851087402 0.5100234127452925 1.761206730634088 -2.2733582734934346 6.825137964837905 47.798877128194825 -2.9978286912270473 1
bicycle 195 2 -3.0597722336873296 660.9962 789.4855 837.1339 898.82654 1.234468559245764 0.611535359428455 2.0965883563572243 -2.5825768494390533 3.2945329629535434 18.351840770717203 -3.19957991852982 1
bicycle 196 2 -3.015850915272191 604.9214 792.7794 797.68085 914.5797 1.1696264962953182 0.7582877152423242 1.9445313505265558 -2.7449900187033274 3.0072504690597084 15.9469141566756 -3.186313417375817 1
Cyclist 197 0 -1.5860813096590838 991.89514 762.19916 1041.4607 884.8472 1.7538189353719742 0.7761598132492267 1.8047162748661423 0.8870458648402878 4.071507503019061 24.333254428704162 -1.5496433868492492 1
bicycle_rack 198 2 -3.1048508979942615 853.7745 797.4888 919.62555 837.0404 1.1941126474516266 1.0244918395799343 2.1743715329773363 -2.495076587377136 7.056336037183158 50.26835275789438 -3.154445334219562 1
bicycle_rack 188 2 -3.018396889370917 609.37726 790.6789 815.03296 914.59143 1.1791609292273086 1.457330921523438 2.1479188545003267 -2.788478881794377 3.1557821735848366 17.0606005955604 -3.180409858805298 1
Pedestrian 200 1 -1.5779186361540922 1046.5967 799.8332 1066.8375 857.6779 1.3297520475549245 0.4825096573644288 0.41724756784973294 2.2924466038041103 5.560212899864233 35.94258331621961 -1.5142241153949862 1
Pedestrian 201 1 -1.6265844703561885 1075.0715 800.6015 1092.9823 857.4304 1.3362667064894893 0.41550867026935473 0.41298427882148814 3.010075254301306 5.671466693030656 36.6859942509404 -1.5447181422114677 1
Pedestrian 202 0 -1.6375439940959615 1056.7329 781.6305 1082.6909 859.07916 1.7115469097926426 0.5606516486227623 0.5582596282862844 2.4967104098247024 5.353146036656776 34.46529576623603 -1.5652290264788737 1
ride_other 203 0 -1.5329071454193721 891.91437 778.71234 944.9203 878.9823 1.4586462094641552 0.8287422446377002 1.6900364134897403 -0.7074982366331107 4.1388298283608735 25.20883752866505 -1.5609652645157859 1
Car 204 1 -1.470581879109398 829.56445 782.63403 903.27295 850.1077 1.491751963730324 1.796507636615895 3.946916421670038 -2.7714961638329085 6.391663764012277 44.44851571218538 -1.532854211872997 1
Car 205 1 -1.3930311279105014 730.40186 762.7594 869.6827 888.15326 1.5686274387014743 1.6635797673773425 3.533246301563527 -2.5664367098690493 3.9988915906268288 24.53922258487346 -1.4972373786449775 1
Car 210 1 -1.4536123128536504 801.8461 778.21173 890.46545 857.1842 1.5111234430812341 1.8129340848430924 3.8245801921218394 -2.8796124945403 5.619939112579256 38.129591685649835 -1.528990945919782 1
Car 207 1 -1.2818281781432 340.75375 738.26544 772.47217 1038.0767 1.430939808088281 1.8077159466385684 4.449592653438034 -2.6952142215799593 2.445955853557827 11.12104557774588 -1.5195964311983865 1
Car 1332 2 2.133542179583589 0.0 709.84424 214.36794 806.22894 1.4956805278002827 1.8293506579451038 4.298373644337615 -16.671039082248697 3.2815322142048755 29.251017315087044 -4.667658995342229 1
Car 1331 2 2.193458668859849 0.0 698.82306 33.82229 818.00714 1.4972955870285625 1.7997222316233057 4.26351848804116 -16.84174200975941 2.76784590049304 23.568163556722237 -4.710182300868993 1
vehicle_other 192 2 -1.2541111560461053 383.22226 678.09265 659.3614 962.84735 6.993878334056403 3.544980447646543 15.62737059779759 -13.279437585612254 8.966184876783439 47.56092814547486 -1.5263861832975967 1
bicycle 209 2 -3.056521745890213 824.91003 796.8074 890.49255 844.5815 1.2161784030942686 0.5158668027318118 1.725345889185031 -2.7855157900707326 5.879808885198672 40.297454838619174 -3.125535830721063 1
Car 206 1 1.9533984727770068 321.26474 748.5899 452.8499 819.7086 1.5543954476250124 1.9114310877244276 4.804580229768479 -16.60540141293433 5.3541272901735395 43.51983401854184 -4.694295766853913 1
Car 208 1 2.018524535265777 219.11821 737.95624 367.34503 815.06396 1.5037911391693113 1.7952620610981525 4.016282030437787 -16.503445062167177 4.467246684954114 37.164142045849474 -4.6825715798374015 1
bicycle 194 0 -1.6298299439349253 1134.5704 799.7601 1164.1715 886.74164 1.203085342108766 0.38816777170271916 1.964532185054241 3.2188697665670194 4.320712259922063 25.669596074676022 -1.5050848652231508 1
