bicycle 186 2 2.830502728723653 702.69293 799.01324 836.53436 889.7759 1.11084754968422 0.6082841616013832 1.80844378441429 -2.749472860782004 3.689830002603892 21.49133803344203 -3.5799253846527677 1
bicycle_rack 187 2 -3.0690984050399455 658.60095 794.3161 828.0556 900.5362 1.234468559245764 1.15974938094161 2.176423540439476 -2.8957589857164825 3.588555448753858 20.124481394305135 -3.212009818468452 1
Car 189 1 -1.4299783848349092 764.08887 771.7714 877.4308 878.0031 1.6654298009152182 1.7959689523420588 4.363861169384387 -2.908693593025913 5.008802705455942 31.818024123199674 -1.521141536084684 1
Car 1172 1 -0.9752267827026427 0.0 683.41394 610.58417 1215.0 1.4761491744497406 1.937381964856218 4.379199570564917 -2.7949905577689917 1.7580204112125268 4.942681404669467 -1.4898775708707497 1
rider 190 1 -1.5847907874899383 987.2055 773.83044 1034.7294 872.7216 1.5356614717883814 0.7738134777750997 0.7364140640841642 0.8164126726313073 4.03586500205961 24.729345417982433 -1.5517888521474454 1
rider 191 2 -1.5354175807990351 893.61334 789.2543 944.32086 873.21405 1.3176424207266086 0.83080030613022 0.7191721092035639 -0.7083050788240849 4.132782253858723 25.251850263666224 -1.5634598588325137 1
bicycle 195 2 -3.0660956530363057 671.842 796.6406 839.338 901.04736 1.234468559245764 0.611535359428455 2.0965883563572243 -2.6285525123697644 3.4888126384394753 19.26150826362097 -3.2017244480116225 1
bicycle 196 2 -3.024670218006631 620.9619 800.20605 802.70154 915.71106 1.1696264962953182 0.7582877152423242 1.9445313505265558 -2.7856945759541603 3.195303644694372 16.85559664680343 -3.188457943812426 1
Cyclist 197 0 -1.5844139844002274 986.4768 770.653 1035.2417 891.9656 1.7538189353719742 0.7761598132492267 1.8047162748661423 0.8066265014266402 4.2513694499761945 24.71531100584183 -1.5517888521474454 1
bicycle_rack 188 2 -3.026332663272815 624.46484 794.2937 818.65137 912.00934 1.1791609292273086 1.457330921523438 2.1479188545003267 -2.831021913492925 3.302617484681404 17.97415828610083 -3.1825543753766077 1
Pedestrian 200 1 -1.5762674728632307 1041.0403 800.7399 1060.9774 860.332 1.4000756854107037 0.48615163185130805 0.4428407656903558 2.2040255653855905 5.749117676120814 36.75219249031152 -1.5163693028580216 1
Pedestrian 201 1 -1.624642593800952 1067.6017 800.59607 1088.2034 862.39014 1.4645537171281244 0.4836682825372848 0.5463626083111869 2.9077089506193285 5.880600617393538 37.30822920052291 -1.5468623561904677 1
Pedestrian 202 0 -1.6352136487895326 1049.1382 788.43335 1076.8206 863.25006 1.6866489949390653 0.616582818837866 0.50071921576189 2.3823778500553767 5.548574484081817 35.06398118742011 -1.5673741757482533 1
ride_other 203 0 -1.5352753228294287 892.8191 786.3094 944.74695 885.42926 1.4586462094641552 0.8287422446377002 1.6900364134897403 -0.7132447905789435 4.315267832516424 25.617943570536294 -1.5631097421874351 1
Car 204 1 -1.47184945804291 829.1276 786.7669 901.2069 853.1986 1.491751963730324 1.796507636615895 3.946916421670038 -2.867854745937711 6.617811145563229 45.35350019220203 -1.5349987528986704 1
Car 205 1 -1.3959905301357316 734.6445 770.9659 868.5775 893.011 1.5686274387014743 1.6635797673773425 3.533246301563527 -2.6358168778386513 4.227735423767157 25.40256208417117 -1.4993823842386687 1
Car 210 2 -1.455347732986933 802.4887 781.19934 888.7983 858.5316 1.5111234430812341 1.8129340848430924 3.8245801921218394 -2.964344950027545 5.794829985193493 39.03861261375052 -1.5311359587480247 1
Car 207 1 -1.2958084911501082 387.70633 748.4128 776.8427 1025.2325 1.430939808088281 1.8077159466385684 4.449592653438034 -2.7627445450329953 2.61086564137025 12.019400886065547 -1.521741147691082 1
Car 1332 2 2.1226979305355185 9.339525 732.216 227.57462 829.28656 1.4956805278002827 1.8293506579451038 4.298373644337615 -16.788858385634324 3.809968616280068 30.062648749852325 -4.669804392723696 1
Car 206 1 1.9478172440439812 328.867 757.57605 457.2914 828.4482 1.5543954476250124 1.9114310877244276 4.804580229768479 -16.71648373539729 5.6962904506144785 44.26704208424309 -4.696440921645326 1
Car 1331 2 2.1752911630407317 0.0 721.8624 62.317413 841.19257 1.4972955870285625 1.7997222316233057 4.26351848804116 -16.825138182124835 3.215080680846213 24.360785172555723 -4.712327396320066 1
Car 208 2 2.0118288988545556 229.38261 751.2554 373.68912 828.32355 1.5037911391693113 1.7952620610981525 4.016282030437787 -16.61381447413162 4.8758701742576305 37.87645723224329 -4.684716333168254 1
vehicle_other 192 2 -1.258152267278689 390.93945 680.0124 659.7337 959.1864 6.993878334056403 3.544980447646543 15.62737059779759 -13.430936332900618 9.070318701454791 48.45822371055473 -1.528530389745504 1
bicycle 209 2 -3.0570030385429807 823.175 800.60455 887.2433 847.3 1.2161784030942686 0.5158668027318118 1.725345889185031 -2.9203479505354655 6.094578881147254 41.25050779701458 -3.1276805599362505 1
bicycle 194 0 -1.6249939745836877 1124.7479 799.87976 1152.7015 883.54083 1.203085342108766 0.38816777170271916 1.964532185054241 3.153056533259141 4.437573466654884 26.6503814041686 -1.5072295427320683 1
