bicycle 186 2 2.8226836707230167 716.94025 816.2988 841.00934 901.3372 1.11084754968422 0.6082841616013832 1.80844378441429 -2.819618681204888 4.16060349116349 23.168012225994673 -3.5816091365361653 1
bicycle_rack 187 2 -3.0793041910448036 678.6927 800.09973 834.74695 898.6547 1.234468559245764 1.15974938094161 2.176423540439476 -2.937122948134591 3.8564730692247746 21.723601835769475 -3.213693492120843 1
Car 189 1 -1.433913316077505 770.9174 784.41266 878.13367 887.0723 1.6654298009152182 1.7959689523420588 4.363861169384387 -2.9766243202633764 5.464090074723716 33.38995316296737 -1.522825581863889 1
Car 1172 1 -1.082197277830309 0.0 712.1025 664.6225 1215.0 1.4761491744497406 1.937381964856218 4.379199570564917 -2.8679429310510822 1.9933617899163605 6.610059389923169 -1.4915614848906316 1
rider 190 1 -1.5829016087668537 982.29004 783.69324 1028.8475 880.8689 1.5356614717883814 0.7738134777750997 0.7364140640841642 0.7427731181337377 4.254822870867946 25.232761808058953 -1.5534732532581614 1
rider 191 2 -1.5335376298909202 888.6524 798.9824 938.63403 881.8548 1.3176424207266086 0.83080030613022 0.7191721092035639 -0.811274367698319 4.3468301058247985 25.659936507282392 -1.565143484178017 1
bicycle 195 2 -3.07616856792585 691.52185 802.3674 845.65704 898.86743 1.234468559245764 0.611535359428455 2.0965883563572243 -2.668800893965993 3.7540397556848397 20.86130345792864 -3.203408114032608 1
bicycle 196 2 -3.038390762067778 648.1394 806.82666 813.20233 912.44965 1.1696264962953182 0.7582877152423242 1.9445313505265558 -2.8219882846320448 3.46635859346188 18.453228816257464 -3.1901416074837745 1
Cyclist 197 0 -1.5828664182515786 982.03375 781.6381 1029.8036 901.2951 1.7538189353719742 0.7761598132492267 1.8047162748661423 0.7411977302800082 4.491319940149752 25.20940713748779 -1.5534732532581614 1
bicycle_rack 188 2 -3.0386436672763013 650.06775 801.5074 826.918 909.8613 1.1791609292273086 1.457330921523438 2.1479188545003267 -2.8696872121292936 3.5817974607868104 19.570685822137854 -3.184238031425581 1
Pedestrian 200 0 -1.5715995017148998 1030.361 805.76294 1052.5176 868.3039 1.493549372874148 0.5551455510507921 0.5923297837349675 2.0270015748401615 6.105061916586115 37.8191339489152 -1.5180534858134265 1
Pedestrian 201 1 -1.6213997209231945 1061.9788 807.5774 1078.9697 868.6167 1.4975217817748603 0.41094177804691984 0.515012513116203 2.8112947150435263 6.234978293359619 38.51979556501721 -1.5485457745551603 1
Pedestrian 202 0 -1.6335864300696836 1046.9696 800.0318 1069.0585 874.8989 1.714841149044054 0.4910962768532227 0.7058375649964441 2.343070255746748 6.002719310774191 36.26043872728204 -1.5690583286403246 1
ride_other 203 0 -1.533399647094775 887.8092 795.5953 939.1451 893.7999 1.4586462094641552 0.8287422446377002 1.6900364134897403 -0.8166967951603185 4.523834659566393 26.006107604278842 -1.564793367645847 1
Car 204 1 -1.474193423182376 831.57074 799.8233 900.9581 865.0973 1.491751963730324 1.796507636615895 3.946916421670038 -2.935508413094412 7.213789752613247 46.91523715312115 -1.5366824281214555 1
Car 205 1 -1.4022656533112379 747.1813 782.99475 871.1192 898.1989 1.5686274387014743 1.6635797673773425 3.533246301563527 -2.6940526286972126 4.634362617487182 27.178743736120815 -1.5010664243676717 1
Car 210 2 -1.458495310964241 806.7306 795.1963 889.2875 870.80786 1.5111234430812341 1.8129340848430924 3.8245801921218394 -3.0228369399649258 6.355603191995819 40.59577689045225 -1.5328200045255447 1
Car 207 1 -1.3209495436083554 465.21982 761.8604 791.40564 1003.3865 1.430939808088281 1.8077159466385684 4.449592653438034 -2.811241771782687 2.8925847089802126 13.694104554084026 -1.5234249607324648 1
Car 1332 2 2.0998470428598903 60.14271 738.34534 260.84 830.71375 1.4956805278002827 1.8293506579451038 4.298373644337615 -16.868791095156098 4.071340253269989 31.767084751433764 -4.67148874053407 1
Car 1331 2 2.14631058160389 0.0 728.9813 108.81811 841.1253 1.4972955870285625 1.7997222316233057 4.26351848804116 -16.967181655436473 3.4595519663665524 26.059902230176647 1.5691738002372988 1
Car 208 2 1.9959697647735322 259.34415 756.74347 394.73663 830.927 1.5037911391693113 1.7952620610981525 4.016282030437787 -16.689588456697138 5.171027000343604 39.564498085509875 -4.686400175128745 1
Car 206 2 1.936406741377107 349.2243 761.8469 470.67914 830.26794 1.5543954476250124 1.9114310877244276 4.804580229768479 -16.88363296818345 5.993692201839842 46.06027701457418 -4.69812507889017 1
bicycle 209 2 -3.0590165462527326 824.9117 814.4944 886.52405 859.57025 1.2161784030942686 0.5158668027318118 1.725345889185031 -3.02118903739658 6.686062840930474 42.875571507934005 -3.129364381042281 1
bicycle 194 0 -1.6167004809540446 1110.7874 809.968 1136.2936 889.5413 1.203085342108766 0.38816777170271916 1.964532185054241 3.053470776884963 4.818138040641644 28.21891382764893 -1.5089133251628482 1
