bicycle 186 2 2.848222533355887 673.7698 811.7168 825.4059 915.66437 1.11084754968422 0.6082841616013832 1.80844378441429 -2.683536153659682 3.5657857713322185 18.995381070668415 -3.5753071121959676 1
bicycle_rack 187 2 -3.0494725395968643 621.48663 804.45184 817.5198 927.2208 1.234468559245764 1.15974938094161 2.176423540439476 -2.8010037879567404 3.424415122852461 17.58925089080571 -3.2073917564711696 1
bicycle_rack 188 1 -3.0018229134795633 574.5229 804.35913 804.34235 943.327 1.1791609292273086 1.457330921523438 2.1479188545003267 -2.7472993003412642 3.1238590385647758 15.437986351008607 -3.177936363168356 1
Car 189 1 -1.4230948032983326 754.1926 782.4684 879.0135 900.572 1.6654298009152182 1.7959689523420588 4.363861169384387 -2.7416098801364024 4.9830801820864075 29.25930652753373 -1.516522455493458 1
Car 207 0 -1.2432455666147553 206.95569 743.18 750.66565 1114.5642 1.430939808088281 1.8077159466385684 4.449592653438034 -2.6627544809171524 2.360163974518093 9.478128060503643 -1.5171227050368967 1
Car 1172 1 -0.6433106803316158 0.0 627.7047 437.00256 1215.0 1.4761491744497406 1.937381964856218 4.379199570564917 -2.7482191991719107 1.4850105594105458 2.4537346882210596 -1.4852588515472533 1
rider 190 1 -1.5867269986330441 996.1163 786.3911 1045.5757 889.7248 1.5356614717883814 0.7738134777750997 0.7364140640841642 0.9412192778885105 4.144488599686392 23.78086565816107 -1.5471687973413706 1
rider 191 2 -1.5114881809449234 896.88586 802.33734 950.08826 889.425 1.3176424207266086 0.83080030613022 0.7191721092035639 -0.6134655701754003 4.271656817762076 24.522683947532958 -1.5364992135055966 1
bicycle 193 2 -2.9488817292521023 862.0366 807.0962 921.2509 848.4954 1.1749394851087402 0.5100234127452925 1.761206730634088 -2.1473662208756172 6.846832183511715 46.173312301802795 -2.9953548966025805 1
bicycle 195 2 -3.046484706520048 635.14716 807.349 829.24194 928.2837 1.234468559245764 0.611535359428455 2.0965883563572243 -2.53844806610558 3.3193886628106712 16.7254947076402 -3.197106407711282 1
bicycle 196 2 -2.997022463808085 567.26624 812.22656 783.5842 949.38617 1.1696264962953182 0.7582877152423242 1.9445313505265558 -2.7066668585520484 3.015941932040988 14.319353789108899 -3.1838399101425177 1
Cyclist 197 0 -1.5865872641323862 995.8218 780.89185 1046.566 907.9495 1.7538189353719742 0.7761598132492267 1.8047162748661423 0.9383049291342525 4.33060950554878 23.79135899683113 -1.5471687973413706 1
bicycle_rack 198 2 -3.103346502907838 854.03467 802.51483 922.2257 843.5505 1.1941126474516266 1.0244918395799343 2.1743715329773363 -2.3637099144418787 7.025309237532159 48.57247330439261 -3.151971712472138 1
Pedestrian 200 1 -1.580547936313419 1053.1603 817.0799 1075.6664 880.17816 1.3823789003374345 0.5171497594094265 0.5445482126825217 2.397885973864774 5.891313054656527 34.79895404733314 -1.511749846293281 1
Pedestrian 201 1 -1.6246343822219844 1074.3984 811.87915 1095.301 877.3145 1.4625017915989482 0.46278346724761255 0.5759382424459858 2.9233259716276923 5.925680868079797 35.40150697838218 -1.542244995375785 1
Pedestrian 202 0 -1.6375331227508392 1059.4235 797.5656 1087.4254 877.92474 1.7087708443565812 0.5859858868216995 0.538773340156956 2.4902314060972977 5.5780330874019945 33.23942023872545 -1.5627548012923078 1
ride_other 203 0 -1.5120217964692424 895.8107 798.69653 951.64386 902.04663 1.4586462094641552 0.8287422446377002 1.6900364134897403 -0.6084693799038204 4.446866723484915 24.85343342796168 -1.5364992135055966 1
Car 204 1 -1.4690079992446683 829.3019 803.0026 905.98584 875.1518 1.491751963730324 1.796507636615895 3.946916421670038 -2.632688597630651 6.833397057437268 42.84287338128007 -1.5303806879891384 1
Car 205 1 -1.3841324414246972 713.8505 779.7942 865.2186 917.96643 1.5686274387014743 1.6635797673773425 3.533246301563527 -2.5431094200914064 4.128897560166872 22.893479595496714 -1.4947633192383336 1
Car 210 1 -1.4508427928649337 798.9485 795.8513 892.05133 880.6552 1.5111234430812341 1.8129340848430924 3.8245801921218394 -2.76454517759793 5.9023321942222555 36.46249617549549 -1.5265168781133631 1
Car 1332 1 2.1620543941065034 0.0 735.59534 171.96597 842.9268 1.4956805278002827 1.8293506579451038 4.298373644337615 -16.664578471070662 3.6968979296426703 27.546890604125995 -4.665184484206558 1
Car 208 1 2.036125287024082 186.0143 760.2806 344.93768 844.1438 1.5037911391693113 1.7952620610981525 4.016282030437787 -16.377487823547185 4.895218122782849 35.42588135835962 -4.680097811182479 1
Car 206 1 1.9660259399717894 299.9079 761.8872 438.624 837.3816 1.5543954476250124 1.9114310877244276 4.804580229768479 -16.516041711214474 5.623614359233708 42.00028162153367 -4.691821535329119 1
vehicle_other 192 2 -1.2418878813830279 356.5703 674.0842 649.9812 969.74335 6.993878334056403 3.544980447646543 15.62737059779759 -13.296107483571236 8.762677048753638 45.888486275876986 -1.5239130451382898 1
bicycle 209 2 -3.052095144180875 820.5134 815.7568 888.9881 865.892 1.2161784030942686 0.5158668027318118 1.725345889185031 -2.7464951958348074 6.182101047875303 38.6360582487451 -3.123062086472673 1
bicycle 194 0 -1.6354592065980547 1145.6643 812.5346 1177.9028 906.4876 1.203085342108766 0.38816777170271916 1.964532185054241 3.2219605086903593 4.352838938995394 24.110135376976178 -1.502611184017504 1
