bicycle 186 2 2.853433842863069 659.2249 810.7312 821.21075 921.90515 1.11084754968422 0.6082841616013832 1.80844378441429 -2.624614846277693 3.4036627689973518 17.794340717355052 -3.5761927594274026 1
bicycle 196 1 -2.9796876014107716 527.1407 807.83997 765.73474 958.1462 1.1696264962953182 0.7582877152423242 1.9445313505265558 -2.72054412407342 2.8214479890453736 13.08203175943822 -3.1847255119414593 1
bicycle_rack 187 2 -3.0376389904938734 593.1641 798.80804 805.5442 930.80383 1.234468559245764 1.15974938094161 2.176423540439476 -2.8178420841607132 3.2119145166063507 16.35294177767324 -3.2082773638104527 1
bicycle_rack 188 1 -2.98669909267102 537.26263 800.5265 789.81683 951.90204 1.1791609292273086 1.457330921523438 2.1479188545003267 -2.762159502059991 2.9370125772337135 14.199718830437337 -3.1788219607886035 1
Car 189 1 -1.4220571748729998 747.9775 774.9393 878.5822 897.3548 1.6654298009152182 1.7959689523420588 4.363861169384387 -2.6808926716114927 4.701223593138941 28.030756629105717 -1.5174082579295247 1
Car 1172 2 -0.31816007582644157 0.0 0.0 1935.0 1215.0 1.4761491744497406 1.937381964856218 4.379199570564917 -2.721782854519604 1.3247662977905255 1.1597832860474213 -1.486144584717685 1
rider 190 1 -1.5884622975189504 997.0106 776.59216 1047.2646 881.1448 1.5356614717883814 0.7738134777750997 0.7364140640841642 0.9475053932826955 3.9511752936269 23.435980821821172 -1.5480547865562313 1
rider 191 2 -1.5114415345176895 895.09534 794.7125 949.0661 882.82574 1.3176424207266086 0.83080030613022 0.7191721092035639 -0.6273240199965623 4.105218631285595 24.175187272249293 -1.5373847988181755 1
bicycle 193 2 -2.947528295017192 857.8499 807.1362 918.71515 849.68365 1.1749394851087402 0.5100234127452925 1.761206730634088 -2.1904311932430747 6.696611974459011 44.93111749397793 -2.996240601571972 1
bicycle 195 2 -3.0345593515685336 606.94244 801.7425 817.4348 932.3213 1.234468559245764 0.611535359428455 2.0965883563572243 -2.554226703625815 3.10923428887541 15.489222203458597 -3.197992010802838 1
Cyclist 197 0 -1.5885016893915644 996.9126 772.1727 1048.6888 900.7744 1.7538189353719742 0.7761598132492267 1.8047162748661423 0.9466508042933873 4.147223684528346 23.392014136635243 -1.5480547865562313 1
bicycle_rack 198 2 -3.1020054311631404 849.7568 802.42633 919.78595 844.55743 1.1941126474516266 1.0244918395799343 2.1743715329773363 -2.408902916720839 6.875032036216321 47.33008989692328 -3.152857355494464 1
Pedestrian 200 1 -1.5807737148821808 1050.7665 809.1974 1076.0427 871.66345 1.3592861275091592 0.5687381790696758 0.37542592678343706 2.316820565266927 5.5683210479566565 33.94925232542146 -1.5126357207978685 1
Pedestrian 201 1 -1.6273240924869867 1077.8798 804.09564 1097.196 872.63544 1.5222412811548598 0.42196877847539205 0.40446182278606846 2.9123516275681274 5.682366375674142 34.509345926562595 -1.5431304681387672 1
Pedestrian 202 0 -1.7032264750552237 1063.9904 796.5958 1094.217 877.09125 1.6444580614348443 0.5756067514372059 0.5898241440287352 2.5330008809227613 5.3751670308782735 32.183673445933636 -1.624683853269051 1
ride_other 203 0 -1.5118820155697525 893.86145 791.7795 950.4718 896.0791 1.4586462094641552 0.8287422446377002 1.6900364134897403 -0.6254546138093389 4.29065102579903 24.519637913856137 -1.5373847988181755 1
Car 204 1 -1.466908299918629 823.43787 793.87994 902.66486 867.30646 1.491751963730324 1.796507636615895 3.946916421670038 -2.682898767186393 6.422614034919667 41.62953747464045 -1.5312662957275653 1
Car 205 1 -1.380563307441336 701.42426 773.6813 862.70197 919.61523 1.5686274387014743 1.6635797673773425 3.533246301563527 -2.498984970087801 3.900913060781744 21.618150699945083 -1.495649118673958 1
Car 210 1 -1.4480065668091375 791.3053 790.69244 888.1288 878.00806 1.5111234430812341 1.8129340848430924 3.8245801921218394 -2.8034748277862205 5.633735210384351 35.235749252576404 -1.5274026805632148 1
Car 207 0 -1.2041871269870592 50.206444 733.2524 723.8219 1174.3613 1.430939808088281 1.8077159466385684 4.449592653438034 -2.6728179150065916 2.192091547084663 8.235558405932386 -1.5180083851845365 1
Car 1332 1 2.1797429505399135 0.0 730.9703 141.22295 842.78906 1.4956805278002827 1.8293506579451038 4.298373644337615 -16.614260413302066 3.5197027542861195 26.34605264966366 -4.666070445356947 1
Car 208 1 2.0491015944616358 156.05913 752.7506 323.438 838.7945 1.5037911391693113 1.7952620610981525 4.016282030437787 -16.399690773398717 4.603465872548444 34.22040752080829 -4.68098350654474 1
Car 206 2 1.9763845446818369 276.91974 758.256 421.99457 835.69867 1.5543954476250124 1.9114310877244276 4.804580229768479 -16.565544864774626 5.4063172728242606 40.773923601377945 -4.692707396393008 1
vehicle_other 192 2 -1.2351452678356503 336.01065 670.9946 642.1531 975.3976 6.993878334056403 3.544980447646543 15.62737059779759 -13.302856447524814 8.612903304431363 44.63518640789067 -1.5247985147960657 1
bicycle 209 2 -3.0503975521815407 815.4934 811.9042 886.21136 863.60077 1.2161784030942686 0.5158668027318118 1.725345889185031 -2.757989501060511 5.931000221023503 37.43040357610404 -3.123947773516436 1
bicycle 194 0 -1.6437532253554545 1155.6807 810.3047 1190.6481 909.02203 1.203085342108766 0.38816777170271916 1.964532185054241 3.240024170746066 4.1714411503254265 22.949049161839163 -1.5034968480704163 1
