bicycle 186 2 2.8628064907696364 639.36676 810.331 808.1119 926.1733 1.11084754968422 0.6082841616013832 1.80844378441429 -2.7105932993370887 3.3131347322879767 17.103142007887584 -3.577556651214881 1
bicycle_rack 187 2 -3.0317887605812954 576.0886 799.6779 799.48883 938.3954 1.234468559245764 1.15974938094161 2.176423540439476 -2.8050741412202953 3.1345881821674513 15.60527068017797 -3.2096411937300635 1
bicycle_rack 188 1 -2.9823111940576807 520.02527 801.75275 787.53955 962.24286 1.1791609292273086 1.457330921523438 2.1479188545003267 -2.697346849014622 2.861172681064331 13.453220212319486 -3.1801857758996315 1
Car 189 1 -1.4195651099026576 739.7244 774.8118 874.5796 900.85693 1.6654298009152182 1.7959689523420588 4.363861169384387 -2.7152483555223714 4.623237232476145 27.279597243531704 -1.5187723885197402 1
Car 207 0 -1.1796064382355413 0.0 730.1728 706.916 1215.0 1.430939808088281 1.8077159466385684 4.449592653438034 -2.67342319322768 2.1230579768242808 7.563291824449296 -1.5193723274056923 1
Car 208 2 2.0579950377358083 133.82663 753.8233 307.17358 842.11395 1.5037911391693113 1.7952620610981525 4.016282030437787 -16.45269492923052 4.562639186029354 33.44634283350587 -4.682347472195252 1
rider 190 1 -1.5927408914990928 1001.0533 776.4063 1051.9705 881.91174 1.5356614717883814 0.7738134777750997 0.7364140640841642 1.0067504790722221 3.9267288122241695 23.224409413270266 -1.5494192048282787 1
rider 191 2 -1.5145020951850166 897.5428 794.81854 951.6886 883.4307 1.3176424207266086 0.83080030613022 0.7191721092035639 -0.5829852056263969 4.091466215097325 24.03938557654588 -1.5387485949565607 1
bicycle 193 2 -2.9466236549889357 853.9235 807.1437 915.8319 850.4077 1.1749394851087402 0.5100234127452925 1.761206730634088 -2.2544242946568747 6.605482042136718 44.182618738179954 -2.9976045813430003 1
bicycle 195 2 -3.0286446344563225 589.8869 801.589 811.55347 938.9876 1.234468559245764 0.611535359428455 2.0965883563572243 -2.5414808134243705 3.0195704540838904 14.742702925180817 -3.1993558342616204 1
bicycle 196 1 -2.970119715602828 501.76978 805.3672 755.8968 964.94836 1.1696264962953182 0.7582877152423242 1.9445313505265558 -2.706707964459286 2.7094108305383635 12.33735406084228 -3.1860893334291998 1
Cyclist 197 0 -1.5925836467855397 1000.5785 773.31866 1053.2124 902.98486 1.7538189353719742 0.7761598132492267 1.8047162748661423 1.0029838620356828 4.148914419347232 23.221912057747947 -1.5494192048282787 1
bicycle_rack 198 2 -3.1011131351895918 845.7791 802.34686 916.9695 845.1739 1.1941126474516266 1.0244918395799343 2.1743715329773363 -2.4761728332285347 6.783813900970573 46.58129703825697 -3.154221239978756 1
Pedestrian 200 1 -1.5850829071064452 1054.6835 808.4891 1080.9857 873.42096 1.396026902932483 0.582636137225573 0.37735657195861655 2.3864427554445324 5.535828903752782 33.516084859953175 -1.5139999624030114 1
Pedestrian 201 1 -1.6303127703343132 1077.6819 805.0803 1102.3512 873.9465 1.501222676171548 0.5334661566496428 0.47848987341076493 2.936576444539925 5.643624982671653 34.13433739675438 -1.5444940909142113 1
Pedestrian 202 0 -1.702825160112587 1062.4191 796.9966 1090.4166 876.88214 1.6233424286613187 0.5329552533210686 0.49122302303373727 2.4439485841047017 5.309299426147436 31.76917495319727 -1.6260480776637392 1
ride_other 203 0 -1.515039860222332 896.53204 791.35913 953.15704 896.2569 1.4586462094641552 0.8287422446377002 1.6900364134897403 -0.5780240005196361 4.26743027009222 24.375644660861887 -1.5387485949565607 1
Car 204 1 -1.4656574404515426 818.613 794.11835 899.4872 868.9754 1.491751963730324 1.796507636615895 3.946916421670038 -2.7418707782169944 6.344504381728516 40.878906146979816 -1.532630126410096 1
Car 205 1 -1.3770348858164876 690.52997 772.09937 857.85834 922.74677 1.5686274387014743 1.6635797673773425 3.533246301563527 -2.5266083428641064 3.811015715208849 20.957724133862666 -1.4970132446533144 1
Car 210 1 -1.4461726056470117 785.1591 789.27527 884.40045 878.4077 1.5111234430812341 1.8129340848430924 3.8245801921218394 -2.8551662817757277 5.5163957024505645 34.4899602667613 -1.528766811169597 1
Car 1332 1 2.1928686226955136 0.0 733.68225 116.30984 849.6981 1.4956805278002827 1.8293506579451038 4.298373644337615 -16.648370165330665 3.515009826853287 25.571282227903584 -4.6674348204196665 1
Car 206 2 1.9826902254113312 261.25967 757.4324 410.43765 836.28217 1.5543954476250124 1.9114310877244276 4.804580229768479 -16.623573739534073 5.316794072604281 40.033465406814706 -4.694071617270877 1
vehicle_other 192 1 -1.2314077343765657 322.4976 669.0547 636.66986 979.0592 6.993878334056403 3.544980447646543 15.62737059779759 -13.318840219972117 8.522119859789274 43.86999236840857 -1.5261621327868082 1
bicycle 209 2 -3.049690317339462 811.70996 811.09735 883.74603 863.7231 1.2161784030942686 0.5158668027318118 1.725345889185031 -2.784889565657238 5.82660537511711 36.756509254197866 -3.1253117254404614 1
bicycle 194 0 -1.648942454222083 1160.65 808.83875 1197.488 910.8539 1.203085342108766 0.38816777170271916 1.964532185054241 3.22237476384428 4.057040371721989 22.20993895332902 -1.504860765503536 1
