bicycle 186 2 2.9342091849913285 485.20395 810.1405 724.1987 975.4859 1.11084754968422 0.6082841616013832 1.80844378441429 -2.8973511775861986 2.7025232148323735 12.18866345039475 -3.582353457251604 1
bicycle_rack 187 2 -2.966466381713027 407.90897 797.90076 737.6885 998.2083 1.234468559245764 1.15974938094161 2.176423540439476 -2.7874692217632715 2.5842091470863746 11.009737491294096 -3.2144377779979694 1
bicycle_rack 188 1 -2.8828031419240983 256.4556 798.02515 695.18024 1050.7505 1.1791609292273086 1.457330921523438 2.1479188545003267 -2.7473361484683787 2.2891422207885688 8.813317080197166 -3.1849823096144343 1
Car 204 1 -1.456444600781724 790.9136 794.2775 883.895 879.4188 1.491751963730324 1.796507636615895 3.946916421670038 -2.9356417569183435 5.815410524845499 36.17121598073571 -1.537426714778796 1
Car 189 1 -1.4012595028051482 685.3062 768.9078 853.6808 922.29236 1.6654298009152182 1.7959689523420588 4.363861169384387 -2.7819863159449056 4.058804474239698 22.63173707580265 -1.5235700323725516 1
rider 190 1 -1.5933619283363303 992.6323 778.9986 1048.0212 893.9412 1.5356614717883814 0.7738134777750997 0.7364140640841642 0.8364964287762457 3.77520451193658 21.35877021598871 -1.5542178608696413 1
rider 191 2 -1.5180917710319963 893.9026 800.3202 951.6038 895.25653 1.3176424207266086 0.83080030613022 0.7191721092035639 -0.5727448416791951 4.000113659449511 22.496939768927835 -1.5435450617528532 1
vehicle_other 192 1 -1.19890418436251 219.55518 655.5937 597.06964 1005.3794 6.993878334056403 3.544980447646543 15.62737059779759 -13.504025417531787 7.959486830160937 39.16239540100059 -1.5309579726583604 1
bicycle 193 2 -2.9404664673443324 833.986 807.2808 902.8515 855.3588 1.1749394851087402 0.5100234127452925 1.761206730634088 -2.465966761376026 6.070232774564274 39.76433456106942 -3.0024016878330073 1
bicycle 195 1 -2.9567936810303013 411.98526 798.70154 743.1454 1000.9504 1.234468559245764 0.611535359428455 2.0965883563572243 -2.5595867381572726 2.4555457826397964 10.135760245229788 -3.2041523965837118 1
bicycle 196 1 -2.847727337018485 199.71999 805.37366 630.3165 1067.1086 1.1696264962953182 0.7582877152423242 1.9445313505265558 -2.7503700096142505 2.1500984712330697 7.6977644124819316 -3.190885889007731 1
Cyclist 197 0 -1.5932821127262333 992.3172 774.57965 1049.5577 915.93335 1.7538189353719742 0.7761598132492267 1.8047162748661423 0.835924913089371 3.9855085557709313 21.38783206081775 -1.5542178608696413 1
bicycle_rack 198 2 -3.095084578613676 825.5826 801.9342 904.4866 849.34644 1.1941126474516266 1.0244918395799343 2.1743715329773363 -2.699236505993064 6.24825023471245 42.16194325226618 -3.159018012421515 1
bicycle_rack 199 2 3.1339067485875782 825.1721 799.2505 904.4304 854.0063 1.3192870876232257 2.3954661052723965 2.3410677426641606 -2.93955675058051 6.768178234683029 45.45695468951346 -3.2138554638678083 1
Pedestrian 200 2 -1.591837625001168 1060.4312 819.6088 1081.1039 883.2974 1.2139590506740159 0.40518501873295876 0.3970507044952484 2.194387798458564 5.1459455597656465 29.990352797515055 -1.518797996979508 1
Pedestrian 201 1 -1.6428876554027283 1088.3654 811.8526 1115.236 884.01935 1.3778686501181538 0.5016993671445182 0.6523877082448727 2.8726648089019906 5.245028024930275 30.601937636708108 -1.5492899476393873 1
ride_other 203 0 -1.5183600694176236 892.4288 796.14594 952.57654 908.8251 1.4586462094641552 0.8287422446377002 1.6900364134897403 -0.5747657883128463 4.169495492691658 22.81693216240772 -1.5435450617528532 1
Car 205 1 -1.343868770475079 596.13654 765.4385 825.7486 965.34314 1.5686274387014743 1.6635797673773425 3.533246301563527 -2.5663394675642954 3.2539547740084784 16.113272809261645 -1.501810872384405 1
Car 206 1 2.0306837012664793 147.57767 756.61554 331.00473 847.7027 1.5543954476250124 1.9114310877244276 4.804580229768479 -16.711945776576822 4.842796150475064 34.91961319438664 -4.698869578673779 1
Car 208 1 2.116166034528116 0.0 748.35455 205.66382 850.63586 1.5037911391693113 1.7952620610981525 4.016282030437787 -16.562325876633434 4.058745481732313 28.9183014838539 -4.6871445355102015 1
Car 207 1 -0.7677645461587334 0.0 662.4126 470.78827 1215.0 1.430939808088281 1.8077159466385684 4.449592653438034 -2.6388401754551896 1.5579041424786542 2.79647255006929 -1.5241693083306362 1
bicycle 209 2 -3.041260571141423 786.20123 813.55457 869.2586 874.11725 1.2161784030942686 0.5158668027318118 1.725345889185031 -2.847742892471252 5.282767366731655 31.96741015871841 -3.130108731666545 1
Car 210 1 -1.4319008297195643 746.1159 789.1776 863.88727 893.26514 1.5111234430812341 1.8129340848430924 3.8245801921218394 -3.039476267585247 4.997748293105708 29.794309823909046 -1.5335644550304761 1
bicycle 194 0 -1.6866460176181384 1204.071 806.48315 1256.3356 934.48694 1.203085342108766 0.38816777170271916 1.964532185054241 3.1950244564933326 3.492622331025861 17.863284094512224 -1.5096576592280384 1
Pedestrian 202 0 -1.7118314332442868 1065.7466 793.5915 1099.8495 888.94574 1.711968406892057 0.5707320325257462 0.526711595403252 2.282304381334286 4.915621008189488 28.120045088560275 -1.6308460510071907 1
