bicycle 186 2 3.023061069556565 278.43646 798.21094 638.85516 1049.8738 1.11084754968422 0.6082841616013832 1.80844378441429 -2.733534994980107 2.134671519453515 8.172974533127343 -3.5828886617316344 1
bicycle_rack 187 2 -2.8376323137738155 58.24453 776.1928 625.1397 1101.7614 1.234468559245764 1.15974938094161 2.176423540439476 -2.750612800884811 2.0031861628141274 6.940166718688415 -3.2149729573307098 1
Car 204 1 -1.4510929126056207 774.89996 781.41266 880.76105 876.3727 1.491751963730324 1.796507636615895 3.946916421670038 -2.794982876430425 5.060219172584153 32.09372034732806 -1.5379618947050386 1
Car 189 1 -1.3774306110807317 619.44434 747.88525 836.06616 935.60535 1.6654298009152182 1.7959689523420588 4.363861169384387 -2.718332651209945 3.361364474109672 18.39997417895459 -1.5241053301323984 1
rider 190 1 -1.5911043284227624 987.13104 763.6481 1045.257 884.05853 1.5356614717883814 0.7738134777750997 0.7364140640841642 0.7386038732119513 3.4547632322794186 20.309685025169873 -1.5547532716036903 1
rider 191 2 -1.5197944084772397 895.1862 785.2358 953.7843 881.2867 1.3176424207266086 0.83080030613022 0.7191721092035639 -0.5373764357766472 3.729317962930722 22.12281864158315 -1.5440802281069204 1
vehicle_other 192 1 -1.1664916169022543 115.07787 641.59503 565.4072 1034.8204 6.993878334056403 3.544980447646543 15.62737059779759 -13.429604076502876 7.474282770853234 35.14464892216527 -1.5314930690269473 1
bicycle 288 2 -1.577700927296631 888.51337 803.043 903.7741 846.30853 1.1109997392886577 0.4721235590767322 1.9868296413460151 -2.0812513189928024 6.909792499202045 47.67430103425043 -1.6213288489395876 1
bicycle 193 2 -2.932830837817118 817.52545 807.5446 894.70807 861.42975 1.1749394851087402 0.5100234127452925 1.761206730634088 -2.494222176042627 5.558817932517654 35.51952025713566 -3.0029369249683264 1
bicycle 194 0 -1.7463782384752717 1283.4312 794.2419 1364.8259 961.22675 1.203085342108766 0.38816777170271916 1.964532185054241 3.3163422872612105 2.8757921265873003 13.779202508278406 -1.5101928732487515 1
bicycle 195 1 -2.8058764147720403 20.970116 785.6054 605.50934 1130.0299 1.234468559245764 0.611535359428455 2.0965883563572243 -2.561096874762126 1.9275010468778944 6.077698216284864 -3.204687573542881 1
bicycle 196 2 -2.5530116344644185 0.0 785.34436 317.63068 1215.0 1.1696264962953182 0.7582877152423242 1.9445313505265558 -2.7046790769591627 1.6064945943158688 3.6447543446121005 -3.1914210652326993 1
Cyclist 197 0 -1.5911559608281707 987.06177 759.7214 1047.0961 907.6111 1.7538189353719742 0.7761598132492267 1.8047162748661423 0.7392869042104521 3.66585403992456 20.299607922607695 -1.5547532716036903 1
bicycle_rack 199 2 3.135346041200968 817.9859 794.1215 905.58734 854.32227 1.3192870876232257 2.3954661052723965 2.3410677426641606 -2.7491116631187302 6.131573266523727 41.247102733514026 -3.214390650139215 1
bicycle_rack 198 2 -3.0877099707953364 809.0033 801.5845 897.0578 854.37646 1.1941126474516266 1.0244918395799343 2.1743715329773363 -2.728777070173267 5.736799909258042 37.91700620331893 -3.159553212389656 1
bicycle_rack 188 1 -2.6650055695085983 0.0 778.4571 506.6775 1215.0 1.1791609292273086 1.457330921523438 2.1479188545003267 -2.717712745492851 1.7455752522829755 4.740953855645381 -3.1855174834543494 1
Pedestrian 200 2 -1.6026699741587755 1072.7921 809.03455 1099.8717 879.6433 1.2139590506740159 0.4789592824587007 0.5565277539727236 2.2983393529717917 4.637655564252402 27.515104422904777 -1.519333338361615 1
Pedestrian 202 0 -1.6575255299825684 1077.7633 777.9461 1117.7614 881.2735 1.6607767372045221 0.6206234727101493 0.6489968929485718 2.307256110651426 4.28619801201131 25.327478178183497 -1.5666793228624818 1
ride_other 203 0 -1.5203583720087377 894.22705 782.4447 955.0954 895.86365 1.4586462094641552 0.8287422446377002 1.6900364134897403 -0.5330371102488137 3.9156231236262498 22.46608020877927 -1.5440802281069204 1
Car 293 1 -1.530229039118214 868.23364 785.48535 931.60065 847.97266 1.6307281428477063 2.0030664400164104 3.9384338756729553 -2.0556275963132746 7.331740069687027 51.12035400806287 -1.570418915521762 1
Car 205 1 -1.2965712078584581 459.96765 739.38074 791.3255 1009.75995 1.5686274387014743 1.6635797673773425 3.533246301563527 -2.512307918428895 2.629333557872477 12.036195154629958 -1.5023461683546298 1
Car 206 1 2.0802901897588413 31.304697 744.11743 253.6096 846.0019 1.5543954476250124 1.9114310877244276 4.804580229768479 -16.73055544155083 4.2087546212827 30.88076076681465 -4.6994049118649315 1
Car 208 1 2.1878260485878283 0.0 734.49054 83.833824 854.36035 1.5037911391693113 1.7952620610981525 4.016282030437787 -16.4879993170759 3.448161214736175 24.502107205391273 -4.68767976845383 1
Car 210 1 -1.422741129331794 719.7516 775.6906 858.24384 895.2502 1.5111234430812341 1.8129340848430924 3.8245801921218394 -2.879398158844534 4.303657950183591 25.75001372098223 -1.5340997527865081 1
bicycle 209 2 -3.0309155789825235 763.53534 802.62213 858.88715 871.80817 1.2161784030942686 0.5158668027318118 1.725345889185031 -2.7945713276036726 4.567105648008942 27.92886559667558 -3.1306439573904044 1
moped_scooter 290 0 -1.5120398854653838 1041.3524 795.07477 1065.5695 850.5058 1.456707954707819 0.637071326317724 2.261078184351949 2.942315025337763 7.004057087703002 47.58743807681899 -1.4502888368207438 1
Pedestrian 201 0 -1.6575557714608107 1105.8875 793.97577 1140.4753 877.25104 1.4720099596496092 0.595055545210474 0.5508782877089292 3.0130177452469713 4.653715212898655 27.85976266714767 -1.5498250458908966 1
