bicycle 186 2 2.9581651833445304 425.30215 802.7631 699.4336 992.42065 1.11084754968422 0.6082841616013832 1.80844378441429 -2.8342657397398074 2.458031502095462 10.664312594752833 -3.584786188761801 1
bicycle_rack 187 2 -2.9370511902059304 318.7522 783.1979 716.1548 1020.6992 1.234468559245764 1.15974938094161 2.176423540439476 -2.6761817924827893 2.2901665507301368 9.313039104765462 -3.2168703945509045 1
bicycle_rack 188 1 -2.8224211411354805 76.03234 787.1967 642.0756 1103.6824 1.1791609292273086 1.457330921523438 2.1479188545003267 -2.7305662441811087 2.0390340540629146 7.145929638671346 -3.187414901439027 1
Car 204 1 -1.4546747684312473 781.97174 785.0855 879.6736 873.31976 1.491751963730324 1.796507636615895 3.946916421670038 -2.949998194880389 5.406561028617237 34.54686006452214 -1.5398593342477307 1
Car 189 1 -1.391021195366741 655.06226 758.23346 842.0396 924.31195 1.6654298009152182 1.7959689523420588 4.363861169384387 -2.822232835837386 3.716225489092815 20.78107933714075 -1.5260031875536502 1
Car 210 1 -1.4298279961886293 735.27454 779.6048 860.1997 888.54877 1.5111234430812341 1.8129340848430924 3.8245801921218394 -3.0056314522251233 4.629773920785624 28.203265489818566 -1.5359976101865995 1
rider 190 1 -1.5912598814003998 985.6222 768.994 1041.4624 884.7567 1.5356614717883814 0.7738134777750997 0.7364140640841642 0.7319867044494048 3.608845576541865 21.14213479932032 -1.5566515296284638 1
rider 191 2 -1.5174187721132255 889.2299 787.77625 946.97754 882.2923 1.3176424207266086 0.83080030613022 0.7191721092035639 -0.642535640476408 3.8077128663065456 22.492537467763942 -1.5459776195181505 1
vehicle_other 192 1 -1.185449064276451 174.33324 649.9673 579.77716 1015.9294 6.993878334056403 3.544980447646543 15.62737059779759 -13.61320026808053 7.755134028622745 37.53325249528904 -1.5333902122520582 1
bicycle 288 2 -1.5798597588542704 889.1912 808.6829 903.85223 850.07886 1.1109997392886577 0.4721235590767322 1.9868296413460151 -2.172259474429784 7.3864989553002856 50.059113075669316 -1.6232264388314679 1
bicycle 193 2 -2.9372829775021363 823.84644 807.34155 896.09546 857.75256 1.1749394851087402 0.5100234127452925 1.761206730634088 -2.5658302313994765 5.847275465738037 37.925477001657036 -3.0048345663711746 1
bicycle 194 0 -1.707596117530071 1228.5195 799.89813 1290.1046 940.922 1.203085342108766 0.38816777170271916 1.964532185054241 3.210517647025968 3.2163034694636727 16.211847818018445 -1.5120904337098535 1
bicycle 195 1 -2.910576501198701 293.70847 788.76624 698.7725 1032.9514 1.234468559245764 0.611535359428455 2.0965883563572243 -2.5722226579258707 2.1995872902594433 8.434396886453507 -3.20658500246916 1
bicycle 196 0 -2.768070110701699 0.0 797.65894 548.58936 1135.4305 1.1696264962953182 0.7582877152423242 1.9445313505265558 -2.738184830343615 1.9176502597115983 6.046127138516901 -3.1933184915853907 1
Cyclist 197 0 -1.591023962636844 985.0909 765.70044 1042.7806 908.15424 1.7538189353719742 0.7761598132492267 1.8047162748661423 0.7260154026824533 3.8272303303316595 21.1137064284114 -1.5566515296284638 1
bicycle_rack 198 2 -3.0919999642039753 815.3765 801.72656 898.017 851.35156 1.1941126474516266 1.0244918395799343 2.1743715329773363 -2.8049409770720506 6.025130985080042 40.32252226090494 -3.1614507221881434 1
bicycle_rack 199 2 3.1366161117798974 815.62915 791.6665 898.3033 848.3323 1.3192870876232257 2.3954661052723965 2.3410677426641606 -3.047726919873411 6.329244077797874 43.64363974433722 -3.2162881116112825 1
moped_scooter 290 0 -1.5082426685758108 1033.2997 798.1994 1056.577 851.00354 1.456707954707819 0.637071326317724 2.261078184351949 2.8075463381980548 7.389166859520992 50.03202089333424 -1.4521864678370755 1
Pedestrian 200 2 -1.5959128005922403 1061.5043 810.0134 1084.9937 875.6539 1.2139590506740159 0.44511879447188013 0.3970507044952468 2.173329069419009 4.8354947065308185 29.047201324752855 -1.521231350485834 1
Pedestrian 201 0 -1.6472474989463368 1090.0852 794.8617 1119.3029 876.83777 1.5485416586277985 0.5377979103405118 0.5182832056125497 2.837095444918135 4.943809420493718 29.609543437243037 -1.5517221957957412 1
ride_other 203 0 -1.5177067907575057 887.7923 783.7705 947.97424 895.3865 1.4586462094641552 0.8287422446377002 1.6900364134897403 -0.645669036446497 3.975159575409344 22.832617252121626 -1.5459776195181505 1
Car 205 1 -1.3277998395889232 548.6562 751.2137 809.9142 971.8445 1.5686274387014743 1.6635797673773425 3.533246301563527 -2.5910613097186834 2.949679164605255 14.532168515499597 -1.5042440194457638 1
Car 206 1 2.0469294856407707 105.92721 750.37427 301.91147 844.7042 1.5543954476250124 1.9114310877244276 4.804580229768479 -16.79580130013224 4.565532933210397 33.474404924592925 -4.701302894905776 1
Car 208 1 2.147281951077246 0.0 740.242 149.38918 849.64136 1.5037911391693113 1.7952620610981525 4.016282030437787 -16.604886837951906 3.7320389588832663 26.861283708546257 -4.689577396005824 1
Car 207 2 -0.38942141900287486 0.0 0.0 1935.0 1215.0 1.430939808088281 1.8077159466385684 4.449592653438034 -2.617159220532784 1.363227658252639 1.2117562730457032 -1.5266021270486838 1
bicycle 209 2 -3.036267878996279 772.7767 806.1553 860.2078 869.6687 1.2161784030942686 0.5158668027318118 1.725345889185031 -2.937556277985746 4.935249582237764 30.418230583724405 -3.1325415579718667 1
Pedestrian 202 0 -1.6490360604276848 1065.4445 792.0915 1098.6396 881.3861 1.5356028149647916 0.5551300570412522 0.6064436109272289 2.1899285049695614 4.606017731951446 27.159266156917887 -1.5685773002719017 1
