bicycle 186 2 3.0079492321750676 312.93692 796.5714 651.643 1032.0107 1.11084754968422 0.6082841616013832 1.80844378441429 -2.768387717533799 2.183619086589495 8.68304647679034 -3.583874412468781 1
bicycle_rack 187 2 -2.8656146836786736 130.34648 773.3243 652.7503 1076.0325 1.234468559245764 1.15974938094161 2.176423540439476 -2.7056116456868886 2.0347646948279774 7.404148168018509 -3.2159586615392253 1
bicycle_rack 188 1 -2.7070347091124995 0.0 777.5722 542.61365 1215.0 1.1791609292273086 1.457330921523438 2.1479188545003267 -2.724312654834135 1.7933358042570333 5.239713373111055 -3.1865031776236474 1
Car 204 1 -1.4522661251832725 776.3646 781.1125 880.1004 874.1976 1.491751963730324 1.796507636615895 3.946916421670038 -2.8401590411035516 5.114884359768756 32.683363220626894 -1.5389476000776419 1
Car 189 1 -1.3827045640072366 632.549 754.43915 838.2902 935.165 1.6654298009152182 1.7959689523420588 4.363861169384387 -2.750343285573789 3.5196971621517568 19.185299911969317 -1.5250912525686473 1
rider 190 1 -1.5924760779250537 987.8155 764.7017 1045.7167 884.5157 1.5356614717883814 0.7738134777750997 0.7364140640841642 0.7502900854300266 3.479078934293325 20.41427300275202 -1.5557394021383673 1
rider 191 2 -1.5186868397854512 891.963 784.2858 950.73694 880.49994 1.3176424207266086 0.83080030613022 0.7191721092035639 -0.5825021459483885 3.710088854405033 22.076860789615537 -1.5450659084779952 1
vehicle_other 192 1 -1.1714991554486134 129.0091 643.42694 568.8478 1030.7778 6.993878334056403 3.544980447646543 15.62737059779759 -13.451506742586847 7.5329926044200555 35.631101200742684 -1.5324786204784775 1
bicycle 288 2 -1.5781565265538549 887.7782 807.4433 902.9147 850.4561 1.1109997392886577 0.4721235590767322 1.9868296413460151 -2.1278457252126755 7.1118039884747555 48.15565450162949 -1.62231463241757 1
bicycle 193 2 -2.93374803129805 817.96075 807.4879 894.0724 860.6099 1.1749394851087402 0.5100234127452925 1.761206730634088 -2.53164542605898 5.618108257472167 36.01708631172166 -3.0039227353946143 1
bicycle 194 0 -1.7329545608582986 1263.5493 796.2693 1338.5856 956.1191 1.203085342108766 0.38816777170271916 1.964532185054241 3.241280724492739 2.9640451191518715 14.374713659254754 -1.5111786414299528 1
bicycle 195 1 -2.831258545879604 88.665955 781.7039 627.8376 1100.6051 1.234468559245764 0.611535359428455 2.0965883563572243 -2.5649226832853183 1.9579298869730006 6.527338386492019 -3.2056732734191327 1
bicycle 196 2 -2.6090245223617092 0.0 787.2767 378.25354 1215.0 1.1696264962953182 0.7582877152423242 1.9445313505265558 -2.732894706768795 1.6657048412491322 4.1406663847746765 -3.1924067637662548 1
Cyclist 197 0 -1.592201810315391 987.30096 761.09894 1046.9987 907.8921 1.7538189353719742 0.7761598132492267 1.8047162748661423 0.7463684163569767 3.7000064299609994 20.46045933162538 -1.5557394021383673 1
bicycle_rack 198 2 -3.0882462782907574 808.9308 797.231 895.8092 849.2069 1.1941126474516266 1.0244918395799343 2.1743715329773363 -2.7825532258526042 5.683306828163687 38.423036232665005 -3.1605389544155513 1
bicycle_rack 199 2 3.1407457660646037 808.64154 794.1372 895.25684 853.642 1.3192870876232257 2.3954661052723965 2.3410677426641606 -3.0485023490643033 6.185922313536043 41.722334438619605 -3.2153763670142776 1
moped_scooter 290 0 -1.5134247979967326 1042.1434 795.3436 1065.9911 850.144 1.456707954707819 0.637071326317724 2.261078184351949 2.9952683761357495 7.074870811808651 48.13199207462485 -1.4512746416456428 1
Pedestrian 200 2 -1.5997645867994656 1067.4436 812.1676 1093.4113 880.91907 1.2139590506740159 0.4689758385239889 0.38907685202138975 2.2080479628228815 4.712895249262074 27.734832835232133 -1.5203193411564093 1
Pedestrian 201 0 -1.6545264643135644 1098.1401 794.0476 1136.1534 881.92566 1.563546839459508 0.6620264645507514 0.614226201614838 2.9279185102382828 4.780669180955396 28.12889325286942 -1.5508106008117248 1
Pedestrian 202 0 -1.6549453672333443 1074.2727 779.29834 1110.4753 882.06036 1.677575636677382 0.5658589834731507 0.6955113229325346 2.258404662752887 4.37833577911138 25.809641517964057 -1.5676653076333715 1
ride_other 203 0 -1.5191134194100457 890.74335 781.5221 951.8869 895.1207 1.4586462094641552 0.8287422446377002 1.6900364134897403 -0.5818954497763058 3.896004599069503 22.416532021712875 -1.5450659084779952 1
Car 205 1 -1.3054592764490494 484.68143 740.4416 796.1133 996.2832 1.5686274387014743 1.6635797673773425 3.533246301563527 -2.5323695657717007 2.685026849408387 12.630499644464871 -1.5033320874995373 1
Car 206 1 2.069951445048705 53.56849 743.1099 268.2758 842.52124 1.5543954476250124 1.9114310877244276 4.804580229768479 -16.70641067564296 4.2381157938021055 31.536889093510435 -4.700390899559499 1
Car 208 1 2.1776901699117 0.0 730.2526 99.85717 846.95514 1.5037911391693113 1.7952620610981525 4.016282030437787 -16.467825102920923 3.4053326892116944 24.9622477129743 -4.688665571488025 1
Car 210 1 -1.4239688215905593 721.93256 774.39856 857.2306 891.0223 1.5111234430812341 1.8129340848430924 3.8245801921218394 -2.934824046818743 4.334956014868171 26.30325899117508 -1.5350856752132507 1
bicycle 209 2 -3.031450445626087 763.79785 802.9143 857.29224 870.73663 1.2161784030942686 0.5158668027318118 1.725345889185031 -2.8629043545745776 4.638376067108471 28.48213796654272 -3.1316297466809493 1
