bicycle 186 2 -3.077506192664834 0.0 783.9752 421.26132 1215.0 1.11084754968422 0.6082841616013832 1.80844378441429 -2.7390314274712537 1.6971699026533391 4.844368705802504 -3.59209985733101 1
bicycle_rack 187 2 -2.583112037582199 0.0 759.2645 377.686 1215.0 1.234468559245764 1.15974938094161 2.176423540439476 -2.7192846548734115 1.6218856251501883 3.6441234792484014 -3.2241837074544053 1
Car 210 1 -1.4076817689801904 668.74054 779.3018 831.92145 918.6221 1.5111234430812341 1.8129340848430924 3.8245801921218394 -3.063616567406807 4.028927244726013 22.44923851271315 -1.5433125471960656 1
Car 189 1 -1.3472140013274652 520.3821 746.79034 799.43066 981.3877 1.6654298009152182 1.7959689523420588 4.363861169384387 -2.8489667760915682 3.07923494001617 15.131311702569729 -1.5333181247562135 1
Car 205 0 -1.2269712741943886 218.4751 726.1207 729.0928 1117.2001 1.5686274387014743 1.6635797673773425 3.533246301563527 -2.559484945032714 2.2835657045600017 8.749540649918906 -1.511558932467493 1
rider 190 1 -1.5862231322363438 965.1176 775.9044 1024.8877 900.3058 1.5356614717883814 0.7738134777750997 0.7364140640841642 0.43920673342171457 3.565576352531563 19.731828455986104 -1.5639680117652481 1
rider 191 2 -1.5140316301549426 872.1409 794.25885 931.9546 892.0792 1.3176424207266086 0.83080030613022 0.7191721092035639 -0.8555406816647289 3.8258920349232834 21.780949371315216 -1.5532907588351779 1
bicycle 288 2 -1.573939245470381 868.4953 808.96625 884.7884 855.7917 1.1109997392886577 0.4721235590767322 1.9868296413460151 -2.5154855834075316 6.699149182438614 44.39487627106914 -1.6305403433152537 1
bicycle 193 2 -2.924963727906289 787.80194 807.6109 872.9482 866.9059 1.1749394851087402 0.5100234127452925 1.761206730634088 -2.8196051691539026 5.161040572961099 32.25852785373215 -3.012148655270034 1
bicycle 194 0 -1.8168090512981552 1361.5079 804.00934 1489.8405 1030.2306 1.203085342108766 0.38816777170271916 1.964532185054241 3.222271588991395 2.580956414912047 10.513291804118097 -1.5194042253390114 1
bicycle 195 2 -2.4705731982643737 0.0 761.8168 238.02626 1215.0 1.234468559245764 0.611535359428455 2.0965883563572243 -2.5483605160628637 1.5231530436002556 2.7723514171453782 -3.213898285177398 1
Cyclist 197 0 -1.585813213117691 964.4807 771.4864 1025.5535 923.4487 1.7538189353719742 0.7761598132492267 1.8047162748661423 0.43501582510379383 3.7942070392065443 19.910396682017364 -1.5639680117652481 1
bicycle 289 2 3.1125404266340424 804.8357 799.30945 878.3492 854.79663 1.249664654378754 0.551845284909626 1.7672875674149848 -2.915786376581524 5.535755012924048 36.37967054044173 -3.250622702904469 1
bicycle_rack 199 2 -3.141449243589754 790.2655 792.9503 885.75006 858.5304 1.3192870876232257 2.3954661052723965 2.3410677426641606 -3.127479759041786 5.732642700014346 37.98362279538412 -3.223601512899733 1
bicycle_rack 198 2 -3.0802249505866603 779.3756 800.9886 876.1471 858.92975 1.1941126474516266 1.0244918395799343 2.1743715329773363 -3.076267332233344 5.338399153537944 34.65379427132547 -3.168764306319178 1
Pedestrian 291 1 1.5291563006965487 1004.5487 804.37335 1023.93555 854.3102 1.6006974675363614 0.6273100881212811 0.484277875357475 1.767152819309656 7.622922221663476 49.93517939677279 1.5645304733901262 1
Pedestrian 292 0 1.5912673773773287 1024.8256 806.0386 1043.7847 853.4345 1.516267979870354 0.6259864200577725 0.5184259632023005 2.456237215251551 7.638690647251599 50.26491782179832 -4.643090933567304 1
Pedestrian 200 2 -1.6144803362839837 1074.4979 817.93134 1105.9946 898.2356 1.2902327349622715 0.5136736743593103 0.4488174922239198 2.1874541856475185 4.598246190793255 25.3925221097964 -1.528546884589058 1
Pedestrian 201 1 -1.6701328029684546 1113.4348 814.6679 1143.0392 900.0614 1.3938400857310986 0.4619105770985267 0.45720078278031384 2.863601178720061 4.680565921174847 25.669224898841524 -1.5590344034979118 1
Pedestrian 202 0 -1.669283907452859 1080.8483 786.1509 1122.5176 900.26855 1.658087936869336 0.5712444746696032 0.7581158514968233 2.171544671973261 4.199079924971054 23.18449143181146 -1.5758926998124658 1
ride_other 203 0 -1.514260339090566 870.4044 790.9238 932.97296 906.863 1.4586462094641552 0.8287422446377002 1.6900364134897403 -0.8633004960619254 4.0076321107005874 22.107424946157693 -1.5532907588351779 1
Car 204 1 -1.4410980011100107 737.74725 787.9867 858.16675 895.6518 1.491751963730324 1.796507636615895 3.946916421670038 -3.0617709767999273 4.8452528150254235 28.755962025498192 -1.5471726592559873 1
Car 293 1 -1.5272793415950696 847.4271 792.59906 915.5718 860.2634 1.6307281428477063 2.0030664400164104 3.9384338756729553 -2.506015271620062 7.215564658798947 47.823967792606716 -1.579632281926337 1
Car 206 1 2.1273248345075615 0.0 739.15656 161.20341 853.9503 1.5543954476250124 1.9114310877244276 4.804580229768479 -16.931044849736377 3.835146355926762 27.445089565706347 -4.7086183162866835 1
vehicle_other 192 1 -1.1344629440936584 0.0 627.58685 520.2978 1067.4293 6.993878334056403 3.544980447646543 15.62737059779759 -13.653067119721923 7.065138421700561 31.738952113341288 -1.5407023941510243 1
bicycle 209 2 -3.019748123669905 725.8864 810.2129 834.5552 888.85046 1.2161784030942686 0.5158668027318118 1.725345889185031 -2.970200889941659 4.298036987504734 24.61052041271389 -3.139855484240136 1
moped_scooter 290 0 -1.5195483501426246 1038.1583 797.0521 1063.5782 856.7279 1.456707954707819 0.637071326317724 2.261078184351949 2.6663645440655377 6.695704743369422 44.350637884135246 -1.4595005320955552 1
