bicycle 186 2 -3.134616104930225 0.0 786.68304 496.73596 1168.8329 1.11084754968422 0.6082841616013832 1.80844378441429 -2.714479944975786 1.7858033841253536 5.5743468753670555 -3.5877768182948757 1
bicycle 195 1 -2.575508486048634 0.0 772.7322 365.755 1215.0 1.234468559245764 0.611535359428455 2.0965883563572243 -2.5626923944696847 1.6161729562513178 3.484938387761761 -3.2095754757041126 1
bicycle_rack 187 2 -2.6619206633631998 0.0 772.8341 460.98532 1215.0 1.234468559245764 1.15974938094161 2.176423540439476 -2.7187821238523564 1.731031195531897 4.3564374559555175 -3.2198608804731172 1
Car 204 1 -1.44497769769357 752.47473 782.8366 868.74316 886.6567 1.491751963730324 1.796507636615895 3.946916421670038 -2.9027713725708097 4.825087273557272 29.564055043063203 -1.5428498245177005 1
Car 210 1 -1.4116420326972485 685.07086 776.2109 841.79987 910.10645 1.5111234430812341 1.8129340848430924 3.8245801921218394 -2.9708875225898494 4.055152588212436 23.20287608423923 -1.5389887593440532 1
Car 189 1 -1.3575188443333754 555.37494 748.3824 814.4724 969.15 1.6654298009152182 1.7959689523420588 4.363861169384387 -2.76733212921713 3.1680591469829182 15.979866107655125 -1.5289943367686458 1
rider 190 1 -1.5856248623986224 971.1237 766.8476 1029.9916 889.05133 1.5356614717883814 0.7738134777750997 0.7364140640841642 0.5205423480963585 3.472345109482908 20.030566842313057 -1.5596433104150018 1
rider 191 2 -1.5152756146039332 880.70197 787.1008 940.0833 884.10864 1.3176424207266086 0.83080030613022 0.7191721092035639 -0.7386098378102058 3.734487480653564 21.9138413761751 -1.5489680338909666 1
bicycle 288 2 -1.5750068650322508 876.7495 809.01263 892.7738 855.07355 1.1109997392886577 0.4721235590767322 1.9868296413460151 -2.3121303654038345 6.788535844185914 45.11023724224834 -1.6262171660588787 1
bicycle 193 2 -2.927058542514677 798.43494 807.64166 881.67334 865.68085 1.1749394851087402 0.5100234127452925 1.761206730634088 -2.6691259398917055 5.249758753892803 32.97541356311668 -3.0078253717156596 1
Cyclist 197 0 -1.5856641046683015 970.8783 762.3516 1031.6246 912.6573 1.7538189353719742 0.7761598132492267 1.8047162748661423 0.5209114007713074 3.676782963260175 20.014524686028288 -1.5596433104150018 1
bicycle 289 2 3.1108113113766946 814.64703 799.542 886.74036 853.91 1.249664654378754 0.551845284909626 1.7672875674149848 -2.7474284675371967 5.624803195893616 37.09690445029143 -3.2462998866741968 1
bicycle_rack 199 2 3.140038413439786 800.3544 793.29016 893.9665 857.5852 1.3192870876232257 2.3954661052723965 2.3410677426641606 -2.9521363361491817 5.821909325656005 38.70173631989804 -3.2192786346517988 1
bicycle_rack 198 2 -3.082205061174827 789.95416 801.1977 884.6341 857.8964 1.1941126474516266 1.0244918395799343 2.1743715329773363 -2.9154152422904347 5.42741289877303 35.37174684385308 -3.1644413206519104 1
moped_scooter 290 0 -1.5202332892011414 1045.9529 797.2775 1070.8473 855.81067 1.456707954707819 0.637071326317724 2.261078184351949 2.945219226616583 6.801500842468744 45.20815507242957 -1.4551772601545678 1
Pedestrian 291 2 1.5320904420979404 1007.5342 803.2864 1025.1031 852.4201 1.6006974675363614 0.5773041627166812 0.49479200715977 1.8672708409819259 7.686309079399024 50.76846404781492 1.5688540030542142 1
Pedestrian 200 2 -1.6123956247471283 1080.9731 812.46326 1106.1931 891.156 1.2902327349622715 0.4160414386005112 0.42339293079447565 2.2803188267583794 4.553258695865272 25.79485120693707 -1.5242227436598708 1
Pedestrian 201 1 -1.6672891154689724 1114.5105 814.0536 1146.5614 894.73694 1.3125239911116369 0.4985321590526234 0.6228544004366305 2.95321082682536 4.6565059819432335 26.12191970733561 -1.5547122293692732 1
Pedestrian 202 0 -1.6663894660636231 1082.8345 786.62085 1124.727 896.4184 1.658087936869336 0.6066625763982836 0.638313758922431 2.2676915973271394 4.27117746979947 23.843825414953837 -1.5715686385678491 1
ride_other 203 0 -1.5156800401011348 879.22894 784.31915 941.3767 899.2853 1.4586462094641552 0.8287422446377002 1.6900364134897403 -0.7391295097539198 3.9158457421668107 22.19588500222197 -1.5489680338909666 1
Car 293 1 -1.5283034905907662 856.0586 795.0229 923.0691 861.83026 1.6307281428477063 2.0030664400164104 3.9384338756729553 -2.2827949768176765 7.3760503028438915 48.52944048271379 -1.5753082256484312 1
Car 205 1 -1.2501078539038135 300.56345 730.48346 753.8572 1085.9956 1.5686274387014743 1.6635797673773425 3.533246301563527 -2.4961630909263923 2.3670911302364726 9.492995195461388 -1.5072351587311903 1
Car 206 1 2.115869178824817 0.0 740.9122 188.23294 852.62976 1.5543954476250124 1.9114310877244276 4.804580229768479 -16.801783573278563 3.9308286399827126 28.222670115012537 -4.7042942421065534 1
vehicle_other 192 1 -1.1419946765351483 21.363771 631.10016 534.275 1058.9136 6.993878334056403 3.544980447646543 15.62737059779759 -13.545421209265264 7.161553019337479 32.546183104379246 -1.5363802352853684 1
bicycle 209 2 -3.022884457075871 738.9995 807.9052 844.1442 884.0936 1.2161784030942686 0.5158668027318118 1.725345889185031 -2.873334320499533 4.356637270608307 25.39924642495061 -3.1355322978303253 1
bicycle 194 0 -1.8021450436693973 1349.7067 798.1668 1466.144 1008.4862 1.203085342108766 0.38816777170271916 1.964532185054241 3.300483452769716 2.6133076348613895 11.179815994804288 -1.5150811146781653 1
