bicycle 186 2 -2.959766636345215 0.0 764.6288 260.59567 1215.0 1.11084754968422 0.6082841616013832 1.80844378441429 -2.747460467330868 1.5211817863543786 3.7215670898319884 -3.5957075948249106 1
bicycle_rack 187 2 -2.406246148587498 0.0 718.84265 169.69655 1215.0 1.234468559245764 1.15974938094161 2.176423540439476 -2.7374947312165405 1.4366151352364798 2.546414296146928 -3.227791263947124 1
Car 189 1 -1.337821981692882 483.27774 738.88556 789.0462 991.3237 1.6654298009152182 1.7959689523420588 4.363861169384387 -2.8398449351228052 2.906741957732339 14.074112095356284 -1.5369264852066749 1
rider 190 1 -1.590039248041507 965.638 766.3409 1025.1956 889.9133 1.5356614717883814 0.7738134777750997 0.7364140640841642 0.4448185797520771 3.4433096986108858 19.7997295303168 -1.5675771348092267 1
rider 191 2 -1.5125487706709837 864.86304 789.67993 924.0 886.05835 1.3176424207266086 0.83080030613022 0.7191721092035639 -0.9789874920392918 3.788654354726387 22.059920071804157 -1.5568982314174586 1
bicycle 288 2 -1.5722490050029756 860.27374 807.0196 876.99414 854.97174 1.1109997392886577 0.4721235590767322 1.9868296413460151 -2.683609574777856 6.506684909031522 43.29913431726114 -1.6341481934283397 1
bicycle 193 2 -2.9215906314670814 775.71216 807.62915 863.9493 869.00757 1.1749394851087402 0.5100234127452925 1.761206730634088 -2.9424489339563906 5.0262345942508215 31.155066773097957 -3.0157565881130974 1
bicycle 194 0 -1.855132404296088 1407.195 798.3002 1563.2347 1051.053 1.203085342108766 0.38816777170271916 1.964532185054241 3.265374366981738 2.4157380601941023 9.467714199072498 -1.5230120201243107 1
Cyclist 197 0 -1.589828571413596 965.1983 763.4105 1026.6333 915.4782 1.7538189353719742 0.7761598132492267 1.8047162748661423 0.4405888947969038 3.6711865043031757 19.79720161413714 -1.5675771348092267 1
bicycle 289 2 3.1153018254642975 794.1121 799.02795 869.907 856.2994 1.249664654378754 0.551845284909626 1.7672875674149848 -3.053549166696668 5.400666586062693 35.275860125155354 -3.2542302506765486 1
bicycle_rack 199 2 -3.138743410888474 779.1005 792.49664 877.59326 860.12274 1.3192870876232257 2.3954661052723965 2.3410677426641606 -3.2710691959922955 5.597369260360518 36.87905535530996 -3.227209110013928 1
bicycle_rack 198 2 -3.0770486359814027 767.39813 800.7487 867.54565 860.6688 1.1941126474516266 1.0244918395799343 2.1743715329773363 -3.2077639417512276 5.203342472128569 33.54940876950311 -3.1723719916230064 1
moped_scooter 290 0 -1.5234775281320765 1038.4539 795.73627 1064.2214 856.89954 1.456707954707819 0.637071326317724 2.261078184351949 2.613875256104698 6.529345845462232 43.24564358411754 -1.463108461764844 1
Pedestrian 291 1 1.5285469318779288 999.4602 804.4449 1020.05176 851.56903 1.463430309104935 0.6482681705753048 0.4800475833434855 1.5719832060391343 7.320186759018355 48.537904734294926 1.5609223288582745 1
Pedestrian 292 0 1.5881043623180666 1023.39984 802.71063 1043.8378 851.5086 1.4966071444011888 0.6542663217671931 0.656051811486428 2.3607595355060504 7.335278472537274 48.755964801118054 -4.646698819474866 1
Pedestrian 200 2 -1.6175702844936022 1073.4905 812.97784 1105.4185 895.30035 1.2902327349622715 0.5051988205494625 0.39796836936510516 2.1063320202510942 4.410362894970183 24.6000519216014 -1.532155539842465 1
Pedestrian 201 1 -1.6759486524864196 1114.2705 812.1683 1148.9911 897.067 1.3435736370795197 0.526861625761739 0.5219225586789057 2.855163251007152 4.518515032657707 25.09048998967835 -1.5626414160852966 1
Pedestrian 202 0 -1.6758577086783948 1083.471 786.9302 1128.7344 900.1387 1.6269477117864513 0.6243244302304016 0.5740567002131739 2.185471239601037 4.108232720192072 22.610878722541685 -1.5795012882439792 1
ride_other 203 0 -1.5130002346984501 863.46027 785.9566 925.38336 899.9433 1.4586462094641552 0.8287422446377002 1.6900364134897403 -0.9835819863486214 3.9618296739933383 22.39168481372659 -1.5568982314174586 1
Car 204 1 -1.4403262024539605 728.37054 780.8188 853.6241 891.7265 1.491751963730324 1.796507636615895 3.946916421670038 -3.0725231335562304 4.5878613402824024 27.70399763271363 -1.5507802235389914 1
Car 293 1 -1.5257144807563976 838.6884 789.5685 908.6426 858.64526 1.6307281428477063 2.0030664400164104 3.9384338756729553 -2.69136874223644 6.994931371865935 46.733324741255366 -1.5832408661893096 1
Car 210 1 -1.4013898746503974 648.0562 770.9687 820.87604 915.8141 1.5111234430812341 1.8129340848430924 3.8245801921218394 -3.1416169534054568 3.7936416566123667 21.434648337597967 -1.546920907485941 1
Car 205 0 -1.196608081670525 93.48141 709.9466 705.8432 1161.5248 1.5686274387014743 1.6635797673773425 3.533246301563527 -2.5350148742285135 2.108735641136292 7.686728267166542 -1.5151672811175432 1
Car 206 1 2.1410155945106144 0.0 729.1907 132.22166 846.962 1.5543954476250124 1.9114310877244276 4.804580229768479 -16.92071318004151 3.562767530728233 26.39534005602624 -4.7122269155705645 1
vehicle_other 192 1 -1.123403833897994 0.0 620.8692 504.2172 1079.9884 6.993878334056403 3.544980447646543 15.62737059779759 -13.71571123161569 6.932539027768328 30.638738337469036 -1.5443093939769195 1
bicycle 209 2 -3.0143991246799047 709.74304 804.6005 823.3707 886.57526 1.2161784030942686 0.5158668027318118 1.725345889185031 -3.0609032590537772 4.081399655348917 23.584296838694122 -3.143463333767821 1
