Car 189 1 -1.3151430955291812 411.1154 721.4358 769.3059 1003.9686 1.6654298009152182 1.7959689523420588 4.363861169384387 -2.852403087111942 2.617234059580704 12.534634846568299 -1.5388944797448185 1
rider 190 1 -1.5886964626274995 961.8758 758.9904 1021.60834 882.6407 1.5356614717883814 0.7738134777750997 0.7364140640841642 0.39550664236049177 3.3389846139998536 19.74225658367891 -1.5686656347250996 1
rider 191 2 -1.5098955974372061 857.996 780.80994 917.02026 876.46936 1.3176424207266086 0.83080030613022 0.7191721092035639 -1.0856446445906016 3.665139788945721 22.15179695230986 -1.558865741442206 1
bicycle 288 2 -1.5698795446765652 853.35986 809.06726 870.7125 858.92426 1.1109997392886577 0.4721235590767322 1.9868296413460151 -2.770673325768864 6.3789417841093785 41.76890244816137 -1.6361159093786946 1
bicycle 193 2 -2.9166024265043067 762.8708 807.7259 855.7376 872.27875 1.1749394851087402 0.5100234127452925 1.761206730634088 -3.0065909099980943 4.841735783195614 29.630922723061094 -3.017724346896221 1
Cyclist 197 0 -1.5879954643930438 961.0353 757.1464 1022.7172 909.2208 1.7538189353719742 0.7761598132492267 1.8047162748661423 0.387293023142512 3.5777201443705913 19.721095907754002 -1.568359474222335 1
bicycle 289 2 3.119337056825195 783.29663 798.7057 862.56036 858.6058 1.249664654378754 0.551845284909626 1.7672875674149848 -3.1258273489037207 5.216011026779922 33.75150302493158 -3.2561978013344444 1
bicycle_rack 199 2 -3.1348010441846657 767.7324 791.9211 870.67596 862.5556 1.3192870876232257 2.3954661052723965 2.3410677426641606 -3.3465240350061944 5.412611755570633 35.354276577683024 -3.229176686657139 1
bicycle_rack 198 2 -3.072379052717815 754.7741 800.49164 859.9537 863.3327 1.1941126474516266 1.0244918395799343 2.1743715329773363 -3.276623708547839 5.01870537912777 32.02474747744467 -3.174339615806048 1
moped_scooter 290 0 -1.5270759671044167 1040.5602 787.6172 1066.9701 850.5758 1.456707954707819 0.637071326317724 2.261078184351949 2.591458380891416 6.124871187907378 41.744316880249784 -1.4650762213114097 1
Pedestrian 291 1 1.526814828689272 1001.21216 788.4588 1017.57263 838.09174 1.4918148472964037 0.49106445532494847 0.4575843456711118 1.5016920381762084 6.625706850705956 46.70791931572411 1.5589544522104726 1
Pedestrian 292 0 1.588187868471647 1020.6587 787.43164 1040.4712 837.32654 1.4966071444011888 0.6101487431476622 0.44961303906018346 2.164687476626536 6.597506391222803 46.68890846770905 -4.648666555091318 1
Pedestrian 200 1 -1.6269728832557468 1084.1251 805.80005 1117.2703 888.58777 1.2431971396889716 0.49885905854427465 0.47485995735861003 2.2143479246440103 4.149663314455903 23.78029399374605 -1.5341236952639863 1
Pedestrian 201 1 -1.6808409406209173 1115.7285 789.8278 1156.5607 890.3952 1.5368022801400585 0.5913061044602953 0.6204464422463724 2.8241881709666723 4.238887640373348 24.18827926314499 -1.5646086751094823 1
Pedestrian 202 0 -1.6841063664935692 1093.2151 772.8114 1137.9958 896.50085 1.7155590583049567 0.584745572911046 0.5920654041023226 2.2409026467254227 3.897069437886387 21.75657106312116 -1.5814694070976512 1
ride_other 203 0 -1.5103129312386918 856.3953 776.9273 918.49243 889.9322 1.4586462094641552 0.8287422446377002 1.6900364134897403 -1.0903806680466153 3.8263268593959703 22.43997240559821 -1.558865741442206 1
Car 204 1 -1.4345080975969609 711.55817 770.6098 845.65045 886.8996 1.491751963730324 1.796507636615895 3.946916421670038 -3.1074618115377923 4.234386834336327 26.158449696256056 -1.5527477836049215 1
Car 293 1 -1.5232748240718263 830.64813 779.90625 903.2366 850.4853 1.6307281428477063 2.0030664400164104 3.9384338756729553 -2.8060213286159015 6.526484326144608 45.24857774510906 -1.5852089827604168 1
Car 210 1 -1.392944377009389 622.77673 760.19635 811.5887 914.96 1.5111234430812341 1.8129340848430924 3.8245801921218394 -3.1304393679005815 3.4873162969501914 19.91106816199865 -1.5488889019182865 1
Car 205 1 -1.126746292290983 0.0 686.0452 654.2679 1215.0 1.5686274387014743 1.6635797673773425 3.533246301563527 -2.5509061132987285 1.8960556459592506 6.1988968492854335 -1.5171352692554485 1
Car 206 2 2.1662997406961524 0.0 723.07745 85.2947 846.9274 1.5543954476250124 1.9114310877244276 4.804580229768479 -16.99439669907306 3.352532902568857 24.984622797351207 1.5689902668145894 1
vehicle_other 192 2 -1.1048479830478606 0.0 607.51483 483.19968 1099.9794 6.993878334056403 3.544980447646543 15.62737059779759 -13.747288236442749 6.74703591201226 29.093127033070974 -1.5462766460319168 1
bicycle 209 2 -3.0069791783616053 691.19684 795.90594 813.13495 883.55347 1.2161784030942686 0.5158668027318118 1.725345889185031 -3.0699382027406332 3.7653959355140563 22.031463613726714 -3.1454310462509456 1
bicycle 194 0 -1.9036190583110582 1465.7264 786.1151 1672.36 1089.2017 1.203085342108766 0.38816777170271916 1.964532185054241 3.174589484196641 2.1700726542234077 7.979646291665434 -1.524979705994766 1
