bicycle 186 2 -2.8479641421360933 0.0 749.9158 105.77697 1215.0 1.11084754968422 0.6082841616013832 1.80844378441429 -2.7591894192256547 1.41495639135188 2.9667708793744176 -3.5971254854238928 1
Car 189 1 -1.3265863323027758 446.01288 726.92804 779.20526 994.7008 1.6654298009152182 1.7959689523420588 4.363861169384387 -2.8367244985639095 2.7164837978724186 13.195215006357289 -1.5383446201153823 1
rider 190 1 -1.587841624546516 961.5888 761.4817 1020.92834 884.4157 1.5356614717883814 0.7738134777750997 0.7364140640841642 0.3920181195635607 3.38424209190541 19.870749497193078 -1.5681157821774392 1
rider 191 2 -1.511660668750355 861.5457 780.3443 920.414 875.87744 1.3176424207266086 0.83080030613022 0.7191721092035639 -1.0354742112886015 3.660877175639491 22.178010099519053 -1.5583160172054176 1
bicycle 288 2 -1.5709173040746711 855.926 805.82916 872.9909 854.706 1.1109997392886577 0.4721235590767322 1.9868296413460151 -2.748312244377089 6.3689753463978285 42.45216227282772 -1.6355661276046778 1
bicycle 193 2 -2.9188540249372146 768.1625 807.67505 858.93005 870.7828 1.1749394851087402 0.5100234127452925 1.761206730634088 -2.9891176643938473 4.923005969058023 30.303738602184765 -3.017174553317094 1
Cyclist 197 0 -1.587182757675588 960.79803 757.8795 1022.035 908.9298 1.7538189353719742 0.7761598132492267 1.8047162748661423 0.38475983703621364 3.6000257266886533 19.858029273913996 -1.5678096519730795 1
bicycle 289 2 3.1175226717866336 787.6743 798.8416 865.35626 857.5555 1.249664654378754 0.551845284909626 1.7672875674149848 -3.1060808851503445 5.297325200150523 34.42438003083508 -3.2556480657711973 1
bicycle_rack 199 2 -3.136571955206556 772.3436 792.1712 873.2769 861.44904 1.3192870876232257 2.3954661052723965 2.3410677426641606 -3.3258900956445228 5.4939544864665235 36.027272025617634 -3.2286269438993616 1
bicycle_rack 198 2 -3.0744827216879256 759.9602 800.5978 862.86163 862.11957 1.1941126474516266 1.0244918395799343 2.1743715329773363 -3.2578324126936438 5.100014311125918 32.697708802599934 -3.173789859805308 1
moped_scooter 290 0 -1.5261366163838728 1040.2031 788.8346 1066.1819 850.6279 1.456707954707819 0.637071326317724 2.261078184351949 2.6252096654645034 6.248796199365025 42.55606518387604 -1.4645264273419063 1
Pedestrian 291 1 1.5276234431259545 1001.1096 788.41583 1016.9014 838.46875 1.5310106060135484 0.4817804279030362 0.48878335760996283 1.5181935123887478 6.763302872580896 47.60474696875528 1.5595042788921254 1
Pedestrian 292 0 1.5884310893242182 1019.8961 789.8804 1042.1365 837.6832 1.4572854734628595 0.700020338381803 0.4889347099985477 2.2260100732551065 6.748585023280658 47.69548809884174 -4.648116767812352 1
Pedestrian 200 1 -1.6228721311473613 1078.812 807.3981 1111.8406 888.59644 1.2431971396889716 0.5090829527827659 0.4340304475727875 2.1614382539805814 4.216824401896433 24.140313735722657 -1.5335737906766438 1
Pedestrian 201 1 -1.6784952494967251 1115.2695 794.83606 1151.3385 890.11615 1.514703624175835 0.5523002892819237 0.39258186795014377 2.8365658067850483 4.3416620685063645 24.679009398776348 -1.564059021010945 1
Pedestrian 202 0 -1.6809424424631179 1088.9954 773.2696 1134.3733 896.9376 1.738096251521726 0.6003161005549336 0.6495926659964528 2.2211743839722295 3.9665124116399966 22.13254635146134 -1.580919512736154 1
ride_other 203 0 -1.5121751796659704 860.1767 777.52045 921.9577 890.3772 1.4586462094641552 0.8287422446377002 1.6900364134897403 -1.0378923216369578 3.8394709020418736 22.478041639374933 -1.5583160172054176 1
Car 204 1 -1.4377944771504518 719.89526 772.4575 849.54364 885.6163 1.491751963730324 1.796507636615895 3.946916421670038 -3.0902488117966462 4.341777409383598 26.89387379971793 -1.552198045384622 1
Car 293 1 -1.5241775901742904 833.4732 779.8233 904.8716 849.30664 1.6307281428477063 2.0030664400164104 3.9384338756729553 -2.7808963200627606 6.593702755112563 45.923211141270365 -1.5846590890373127 1
Car 210 1 -1.3980081020341297 635.87286 763.103 816.97925 912.9206 1.5111234430812341 1.8129340848430924 3.8245801921218394 -3.1174710800772636 3.5917212059794865 20.580934963898184 -1.5483390423197045 1
Car 205 0 -1.1601492307431773 0.0 696.3119 677.1334 1210.7672 1.5686274387014743 1.6635797673773425 3.533246301563527 -2.558423523119045 1.9831549537757756 6.871210817202866 -1.516585411411705 1
Car 206 2 2.153455147727433 0.0 725.1349 108.4622 845.76666 1.5543954476250124 1.9114310877244276 4.804580229768479 -16.96062060984341 3.4359593989813173 25.66764001300388 1.5695401628374954 1
vehicle_other 192 1 -1.1140580190928244 0.0 613.6971 493.32062 1090.9369 6.993878334056403 3.544980447646543 15.62737059779759 -13.714034373725665 6.8297603569142185 29.771529422891646 -1.54572699388122 1
bicycle 209 2 -3.0120604279381786 701.80676 797.6081 819.7738 882.53503 1.2161784030942686 0.5158668027318118 1.725345889185031 -3.0378249489897358 3.872192039064272 22.736945141878955 -3.1448812656691594 1
bicycle 194 0 -1.8808538377943909 1437.8416 788.827 1619.0582 1066.2123 1.203085342108766 0.38816777170271916 1.964532185054241 3.219425041345171 2.2594798445069353 8.646800818678884 -1.5244299326182793 1
