Car 189 1 -1.295950420073847 348.51163 727.5189 755.4066 1046.6113 1.6654298009152182 1.7959689523420588 4.363861169384387 -2.8371184656258333 2.601772555922131 11.435553338322702 -1.5391365640512464 1
rider 190 1 -1.591313610257598 965.4585 774.8776 1025.229 899.10236 1.5356614717883814 0.7738134777750997 0.7364140640841642 0.4425171256814228 3.5530766542606917 19.746726685753142 -1.5689077159125189 1
rider 191 2 -1.5066999234482208 853.1503 793.7059 911.5786 888.5574 1.3176424207266086 0.83080030613022 0.7191721092035639 -1.1769025652531808 3.8913817597072757 22.436048140219917 -1.5591077661352164 1
bicycle 288 2 -1.5682602661830503 850.286 809.159 868.0708 860.2569 1.1109997392886577 0.4721235590767322 1.9868296413460151 -2.7815218821138936 6.26007846921405 40.782893531576434 -1.636357959403709 1
bicycle 193 2 -2.9131160178125954 755.5928 807.81635 851.71216 874.6191 1.1749394851087402 0.5100234127452925 1.761206730634088 -3.0144784555955497 4.722912685205526 28.644851538502387 -3.017966402078709 1
bicycle 194 0 -1.9648255556024106 1548.3372 792.7473 1819.6646 1152.297 1.203085342108766 0.38816777170271916 1.964532185054241 3.2537378381401347 2.090742738206009 6.918480314148366 -1.5252217523243152 1
Cyclist 197 0 -1.5903639542951689 964.4764 771.1305 1025.9698 924.076 1.7538189353719742 0.7761598132492267 1.8047162748661423 0.43050293754481095 3.7762136947080096 19.778826377418504 -1.568601542069562 1
bicycle 289 2 3.122126683066646 777.4709 798.5136 859.1686 860.2355 1.249664654378754 0.551845284909626 1.7672875674149848 -3.1347157027780015 5.097168515426276 32.7654045348948 -3.2564398310076133 1
bicycle_rack 199 2 -3.132084380756783 761.5545 791.55444 867.58685 864.2696 1.3192870876232257 2.3954661052723965 2.3410677426641606 -3.3558030927795515 5.293756653166504 34.3681257880533 -3.229418719481636 1
bicycle_rack 198 2 -3.0691353502666505 747.6849 800.3459 856.38403 865.2176 1.1941126474516266 1.0244918395799343 2.1743715329773363 -3.2850915203658975 4.899865195499636 31.03861202982926 -3.1745816544511998 1
moped_scooter 290 0 -1.5276126741224678 1040.6652 800.44824 1067.7148 865.8321 1.456707954707819 0.637071326317724 2.261078184351949 2.5382293963557294 6.369548545989087 40.69298964887258 -1.4653182767092818 1
Pedestrian 291 2 1.5255478253557258 1003.0751 802.78186 1018.7798 854.37506 1.4918148472964037 0.45275108270788295 0.4673832853504716 1.4965374972821883 6.885537951271946 45.108058583065926 1.558712382412058 1
Pedestrian 292 0 1.5878266789774758 1020.7719 800.475 1040.7107 853.6246 1.5380515673792745 0.593514665644413 0.4523353031638225 2.0980914798837147 6.866097855153219 45.136305270378394 -4.648908607542486 1
Pedestrian 200 1 -1.626739757052708 1080.5532 807.4833 1119.4542 904.77295 1.4328347499641045 0.5750818020958803 0.44212467052802795 2.1421912902917595 4.284433549061558 23.12442603768995 -1.5343657993655324 1
Pedestrian 201 1 -1.6861847639813072 1124.012 808.9955 1163.5587 903.7606 1.4280406016453415 0.575631388748793 0.3907153432146594 2.8652238283156715 4.345060555308372 23.49833684314842 -1.5648506689209625 1
Pedestrian 202 0 -1.6891284174272423 1099.2076 783.00775 1149.0925 912.78394 1.7300578951282608 0.6240424534555107 0.6816427660022069 2.294448152941928 3.9992033325342122 21.118294780132885 -1.5809054999896939 1
ride_other 203 0 -1.5075488341313577 852.2602 789.6289 913.67566 901.7527 1.4586462094641552 0.8287422446377002 1.6900364134897403 -1.1766792185154304 4.063981692617282 22.801798317644582 -1.5591077661352164 1
Car 204 1 -1.428908918567497 698.6576 782.02716 839.8416 905.63464 1.491751963730324 1.796507636615895 3.946916421670038 -3.1298124677966186 4.337461135203175 25.09438431797188 -1.5529898144548702 1
Car 293 1 -1.5223221152457038 827.86176 790.0691 902.27875 863.3274 1.6307281428477063 2.0030664400164104 3.9384338756729553 -2.79514208561403 6.733647851752545 44.21786242025479 -1.5854510820765038 1
Car 210 1 -1.3851726195479177 602.2526 771.01196 805.0356 938.5826 1.5111234430812341 1.8129340848430924 3.8245801921218394 -3.1079768599826023 3.535314681620248 18.785725791612236 -1.5491309862108102 1
Car 205 1 -1.0624409347248684 0.0 682.6968 616.51025 1215.0 1.5686274387014743 1.6635797673773425 3.533246301563527 -2.4992852836296175 1.8360081672007003 5.109362383798836 -1.5173773527763204 1
Car 206 2 2.1890049814503643 0.0 731.4345 45.60534 864.31305 1.5543954476250124 1.9114310877244276 4.804580229768479 -16.96694093472148 3.417886109735493 23.75334923518354 1.5687481664854386 1
vehicle_other 192 2 -1.0922751750121518 0.0 597.9797 470.95102 1114.4902 6.993878334056403 3.544980447646543 15.62737059779759 -13.723167496035485 6.629415427922536 28.103997167399182 -1.546518638985672 1
bicycle 209 2 -3.000790869701946 678.1126 809.16907 806.4412 901.6312 1.2161784030942686 0.5158668027318118 1.725345889185031 -3.060180710512285 3.8328136561969344 20.973854625322144 -3.1456730956961376 1
