Car 210 1 -1.3790221346032387 588.0928 769.5414 799.9285 943.1777 1.5111234430812341 1.8129340848430924 3.8245801921218394 -3.112393727012425 3.454958447659035 18.16519646493755 -1.5487127047028464 1
Car 189 1 -1.2837748443123567 309.38336 724.28125 747.04016 1062.5527 1.6654298009152182 1.7959689523420588 4.363861169384387 -2.833063025239064 2.5347169375072363 10.87070929606653 -1.5387182825193826 1
rider 190 1 -1.586993404444345 959.463 776.0012 1019.3585 900.64026 1.5356614717883814 0.7738134777750997 0.7364140640841642 0.3643759436654775 3.5624278196912806 19.68952935621891 -1.5684894397693434 1
rider 191 2 -1.5082869064954918 856.23846 793.224 914.508 887.92706 1.3176424207266086 0.83080030613022 0.7191721092035639 -1.133392978090427 3.8876180408254912 22.467714454823756 -1.5586895876036504 1
bicycle 288 2 -1.5671462805957947 849.04724 807.56476 867.1308 859.4359 1.1109997392886577 0.4721235590767322 1.9868296413460151 -2.7648694990187903 6.135461191268825 40.12745752688925 -1.635939737102771 1
bicycle 193 2 -2.910681241311417 751.38074 807.8924 849.8028 876.30023 1.1749394851087402 0.5100234127452925 1.761206730634088 -3.0020293634879547 4.643596630799292 27.984264165309856 -3.017548170851171 1
Cyclist 197 0 -1.5859418129061862 958.0533 771.232 1019.7895 924.7957 1.7538189353719742 0.7761598132492267 1.8047162748661423 0.34995982884384436 3.770362124885169 19.70451153821044 -1.5681832889757021 1
bicycle 289 2 3.1240575667388004 774.3075 798.3959 857.7159 861.3953 1.249664654378754 0.551845284909626 1.7672875674149848 -3.1205373754790213 5.017885985957992 32.10486418978739 -3.2560216438686647 1
bicycle_rack 199 2 -3.1302077948011795 758.1481 791.31476 866.34845 865.48694 1.3192870876232257 2.3954661052723965 2.3410677426641606 -3.3409496858127485 5.214495871967047 33.70767574890905 -3.229000526891496 1
bicycle_rack 198 2 -3.066879770719734 743.62195 800.26135 854.804 866.56006 1.1941126474516266 1.0244918395799343 2.1743715329773363 -3.2716398144495913 4.820578651845782 30.37813560483046 -3.174163451800179 1
moped_scooter 290 0 -1.5280486244913871 1041.7463 801.1034 1069.1771 867.5613 1.456707954707819 0.637071326317724 2.261078184351949 2.534201334854744 6.315361205811229 40.07741556738081 -1.4649000451263219 1
Pedestrian 291 1 1.5255712793684952 1002.034 802.7666 1021.0276 855.39514 1.4918148472964037 0.5409415398214421 0.4967801043882848 1.4886629197493777 6.795810977952263 44.34244396537517 1.559130638877341 1
Pedestrian 292 0 1.5875352692124354 1022.16693 801.07306 1041.4482 855.16046 1.5380515673792745 0.563124996606482 0.43213001487391867 2.089838002056484 6.782226881866817 44.28124840391165 -4.648490381050523 1
Pedestrian 200 1 -1.6274679119301763 1083.5863 813.758 1119.9183 907.65137 1.3445203468702425 0.5220207977066595 0.5169669099128518 2.134785339931482 4.252751747676231 22.7603539222233 -1.533947483631638 1
Pedestrian 201 1 -1.6873852071538937 1126.0941 810.1134 1166.578 908.63245 1.4285953296019662 0.5556638228733678 0.5888275123160182 2.8540079746335287 4.325670537108632 23.095162761106295 -1.5644325437467648 1
Pedestrian 202 0 -1.6930648489779494 1105.3888 783.131 1155.9811 912.7528 1.7187682192455045 0.6351464396378459 0.5680786041932636 2.353566504933208 3.9518693804173233 20.8177828375673 -1.5804872845293836 1
ride_other 203 0 -1.50890906282539 855.02325 789.7115 916.2538 901.782 1.4586462094641552 0.8287422446377002 1.6900364134897403 -1.1366395542475327 4.06666875428013 22.814152758568458 -1.5586895876036504 1
Car 204 1 -1.4264201545994706 693.0425 781.4361 838.5375 908.43726 1.491751963730324 1.796507636615895 3.946916421670038 -3.102101679541075 4.260358618958311 24.459709918614653 -1.5525716252853194 1
Car 293 1 -1.5213835893998677 826.3969 789.8654 902.074 864.26447 1.6307281428477063 2.0030664400164104 3.9384338756729553 -2.776128231504414 6.654424814927976 43.557169011727325 -1.585032774610202 1
Car 205 1 -1.0115279368662708 0.0 670.70764 581.7512 1215.0 1.5686274387014743 1.6635797673773425 3.533246301563527 -2.5156774763769736 1.7633009437370295 4.546057953962193 -1.5169590726020052 1
Car 206 2 2.2000604457449877 0.0 727.2364 27.50433 863.19434 1.5543954476250124 1.9114310877244276 4.804580229768479 -16.889052681460754 3.301110108574864 23.12033307472118 1.5691664757019388 1
vehicle_other 192 2 -1.0827123290599105 0.0 591.0488 462.287 1124.8729 6.993878334056403 3.544980447646543 15.62737059779759 -13.715053616677704 6.550432176128247 27.447906454615477 -1.54610051529342 1
bicycle 209 2 -2.9952555973149226 668.11884 809.20416 800.6902 904.6021 1.2161784030942686 0.5158668027318118 1.725345889185031 -3.0733032348956733 3.754519349661094 20.334891569681954 -3.1452548743759245 1
bicycle 194 0 -2.0056008127707914 1604.7177 799.0847 1929.0168 1203.5812 1.203085342108766 0.38816777170271916 1.964532185054241 3.2814733879384494 2.051162111867 6.290871226915956 -1.5248035364091734 1
