Car 210 1 -1.3423738109076409 486.4524 768.8681 766.5758 990.9529 1.5111234430812341 1.8129340848430924 3.8245801921218394 -3.092500945329071 3.103220846899392 14.607584904350965 -1.5509985722633834 1
Car 189 1 -1.1841708973374006 0.0 703.5413 676.9755 1215.0 1.6654298009152182 1.7959689523420588 4.363861169384387 -2.7999436660845287 2.1765148108515557 7.510745019153605 -1.5410041502176226 1
rider 190 1 -1.5859575179508594 955.4958 783.4677 1013.2958 919.58887 1.7442699855768464 0.7738134777750997 0.7364140640841642 0.30957750973085296 3.9452796052614474 20.38919977022547 -1.5707752779934552 1
rider 191 2 -1.5071449466450315 849.2399 800.8655 911.1091 901.6582 1.3176424207266086 0.83080030613022 0.7191721092035639 -1.141402642463206 3.85304872201917 21.183375694725886 -1.5609748923114466 1
bicycle 288 1 -1.560514059612276 834.49963 808.09766 854.59674 864.8436 1.1109997392886577 0.4721235590767322 1.9868296413460151 -2.864653255664863 5.741136679540851 36.788565431689015 -1.6382252810132558 1
bicycle 193 2 -2.8955881363660367 717.9534 808.25275 830.38745 886.30804 1.1749394851087402 0.5100234127452925 1.761206730634088 -3.0675897226049003 4.230658719816438 24.562544178905064 -3.0198337626563845 1
Cyclist 197 0 -1.585788590737414 955.4683 778.6248 1014.9751 927.3127 1.7538189353719742 0.7761598132492267 1.8047162748661423 0.3126693601173829 3.9444803260321417 20.40817733723526 -1.570469001218822 1
bicycle 289 2 3.135812472026363 747.8052 796.4907 841.4047 867.07855 1.249664654378754 0.551845284909626 1.7672875674149848 -3.195253307695147 4.584311335641688 28.68489913403779 -3.2583069954709085 1
bicycle_rack 199 2 -3.1188472790059416 730.2414 789.76874 851.3275 872.5938 1.3192870876232257 2.3954661052723965 2.3410677426641606 -3.4196486521421354 4.801254443859863 30.28519306358758 -3.2312859079237235 1
bicycle_rack 198 2 -3.053072818148968 711.4412 799.6052 837.63586 874.5078 1.1941126474516266 1.0244918395799343 2.1743715329773363 -3.3426787762563466 4.407478865376146 26.95580421719928 -3.1764488875966235 1
bicycle_rack 968 2 -3.044124634271814 697.8895 800.60974 822.3888 878.5614 1.1941126474516266 1.0244918395799343 2.048574224520622 -3.464351483960164 4.304972128804486 25.92782908513205 -3.176953077406991 1
moped_scooter 290 0 -1.5342641581941203 1046.5383 802.49194 1076.0544 875.6477 1.456707954707819 0.637071326317724 2.261078184351949 2.4557696522104595 5.935341481516986 36.555447844255674 -1.4671856398424037 1
Pedestrian 291 0 1.5209695888497479 1004.61365 797.84485 1025.4764 866.6798 1.7127701792049217 0.513744208118603 0.7587752167009265 1.4183235695393668 6.327240466898914 39.51783742609389 1.5568449082151723 1
Pedestrian 292 0 1.578123317825182 1032.7998 803.5822 1052.1663 865.518 1.5623550621093736 0.5058087183061973 0.4576421714909714 2.139637102975814 6.296280638699508 39.37540507563863 -4.650775947920518 1
Pedestrian 200 0 -1.6346914943154387 1089.5952 811.7903 1128.9413 912.2931 1.321857090408141 0.5158188546602511 0.5766218376336839 2.0813253456079672 3.992286724045968 21.070877805594215 -1.5362335382783046 1
Pedestrian 201 1 -1.6985759768594741 1139.1052 807.8324 1180.5626 910.5046 1.3895149007646603 0.5314423696392516 0.4503854315642445 2.821200669570372 4.019281212578274 21.271537171477444 -1.5667175568159502 1
Pedestrian 202 0 -1.707713725041408 1121.2489 797.95795 1178.0826 932.81757 1.584151366678551 0.6152439791583378 0.7671308563553495 2.379754393446182 3.8216859092163435 18.947822535978315 -1.5827727910734641 1
ride_other 203 0 -1.5076139334837018 847.4321 796.6101 912.7967 916.7804 1.4586462094641552 0.8287422446377002 1.6900364134897403 -1.1444904805089786 4.016531463796511 21.427725970152615 -1.5609748923114466 1
Car 204 1 -1.407182746711961 642.9079 781.64886 818.3475 931.7709 1.491751963730324 1.796507636615895 3.946916421670038 -3.123682128167509 3.9011182323310885 20.998532054741187 -1.5548569881392826 1
Car 293 1 -1.51585544054003 810.55927 793.1022 893.75323 874.7385 1.6307281428477063 2.0030664400164104 3.9384338756729553 -2.866287590439946 6.357663969866023 40.04019967324251 -1.5873187840239051 1
vehicle_other 973 1 -1.4651868186441372 681.7786 711.98425 843.68243 930.9977 5.009152754580665 3.387100030211902 17.082428424426435 -6.119479904192237 8.395881900083593 49.58735516259887 -1.5879740706667047 1
vehicle_other 192 1 -1.0268527103361182 0.0 545.27856 403.80615 1192.8754 6.993878334056403 3.544980447646543 15.62737059779759 -13.79159248715203 6.134031543304095 24.002120191576296 -1.5483855202604186 1
bicycle 209 2 -2.9687580567780727 609.07184 817.3019 770.455 933.09326 1.2161784030942686 0.5158668027318118 1.725345889185031 -3.043994193791306 3.417219961789971 16.844464402432983 -3.147540411704345 1
