Car 189 1 -1.2238762664501381 84.68894 719.38245 703.85693 1174.1888 1.6654298009152182 1.7959689523420588 4.363861169384387 -2.8156602227140812 2.3484576545403444 8.60212970037599 -1.5402062616505519 1
rider 190 1 -1.5869252393522428 957.80115 783.47784 1016.33813 905.5593 1.5356614717883814 0.7738134777750997 0.7364140640841642 0.34131852101853494 3.7101459417955462 20.13742452954974 -1.569977399721495 1
rider 191 2 -1.5088436750298555 854.0453 804.0885 913.8584 901.7337 1.3176424207266086 0.83080030613022 0.7191721092035639 -1.1241642371031797 3.982994518702216 21.879982292896063 -1.5601772002866163 1
bicycle 288 1 -1.5627866123385086 839.4897 811.2338 858.8767 866.625 1.1109997392886577 0.4721235590767322 1.9868296413460151 -2.8249356718692993 5.943505992197025 37.77671260433374 -1.6374275054920329 1
bicycle 193 2 -2.9008188680920775 729.5528 808.1293 837.14557 882.8552 1.1749394851087402 0.5100234127452925 1.761206730634088 -3.04572080558422 4.361147997611507 25.643660964318148 -3.0190359706643477 1
Cyclist 197 0 -1.5859503671672035 956.67114 779.6118 1016.68427 929.66235 1.7538189353719742 0.7761598132492267 1.8047162748661423 0.32958280116352273 3.9415762326647465 20.24384989818398 -1.5696711669260812 1
bicycle 289 2 3.131792851705287 756.8996 797.8429 847.0233 865.8638 1.249664654378754 0.551845284909626 1.7672875674149848 -3.1703802363541427 4.735317700784099 29.76409042630634 -3.2575092871174443 1
bicycle_rack 199 2 -3.122728603062949 739.8206 790.2938 856.5144 870.174 1.3192870876232257 2.3954661052723965 2.3410677426641606 -3.393193873827621 4.931850069623699 31.366579458935743 -3.2304881893978274 1
bicycle_rack 198 2 -3.057824401359047 722.54675 799.8312 843.576 871.7831 1.1941126474516266 1.0244918395799343 2.1743715329773363 -3.318897700379738 4.538024813700332 28.037135826699487 -3.175651150015621 1
moped_scooter 290 0 -1.5323837254575807 1045.3273 804.3351 1074.0638 875.1985 1.456707954707819 0.637071326317724 2.261078184351949 2.4957400911455463 6.126576122654477 37.76168631068924 -1.4663878465650257 1
Pedestrian 291 0 1.5219708276376387 1004.9715 805.9896 1024.4365 867.5983 1.6227679556666585 0.5110768982962134 0.5385169907627889 1.472649215077072 6.652838203006033 41.26563601560242 1.557642748935617 1
Pedestrian 292 0 1.5820645344982056 1026.9252 807.3972 1048.6243 866.26373 1.5556996473959799 0.5905976328140589 0.3907920713525257 2.101667987544785 6.592359035660004 41.05843222628388 -4.649978164369648 1
Pedestrian 200 0 -1.6341862490039374 1088.9331 823.97833 1130.3644 919.61035 1.3044919355874602 0.5682510933078149 0.4293602091047416 2.1359116919691394 4.204403834630458 21.558986612601807 -1.5354355844458991 1
Pedestrian 201 1 -1.6962474697140901 1133.0576 807.73834 1182.14 920.7419 1.5630982775306974 0.6470089725774917 0.5576829542903843 2.8669834097428204 4.2717433328180885 21.87360902612337 -1.5659199666011128 1
Pedestrian 202 0 -1.706000928675204 1120.4363 799.7769 1175.8617 929.4284 1.5851105497641456 0.6365192425155458 0.6289123745562597 2.425914939437753 3.8978849389607504 19.45934958600373 -1.58197502859037 1
ride_other 203 0 -1.5093055464783374 852.43207 800.1454 915.4375 916.4804 1.4586462094641552 0.8287422446377002 1.6900364134897403 -1.128242181849948 4.154936598132986 22.159074076177752 -1.5601772002866163 1
Car 204 1 -1.4149600250722365 662.6369 787.4885 826.6664 930.1989 1.491751963730324 1.796507636615895 3.946916421670038 -3.1011848191400184 4.1162297186301 22.15078628311505 -1.5540592758154206 1
Car 293 1 -1.5178966129680358 816.3741 793.0769 896.7346 872.10345 1.6307281428477063 2.0030664400164104 3.9384338756729553 -2.8380626511172355 6.4976025842221325 41.29162607059996 -1.5865208459944786 1
Car 210 1 -1.3548843449665047 523.4 776.1495 777.0242 981.2547 1.5111234430812341 1.8129340848430924 3.8245801921218394 -3.1250278191228364 3.3039943077439453 15.795852310017773 -1.5502006837463511 1
Car 205 1 -0.6902060194376435 0.0 506.41232 374.76474 1215.0 1.5686274387014743 1.6635797673773425 3.533246301563527 -2.496545590451107 1.530315119623959 2.291295183789685 -1.5184470469090725 1
vehicle_other 973 1 -1.4675832711535195 689.8212 713.6927 846.7751 927.7553 5.009152754580665 3.387100030211902 17.082428424426435 -6.088883930718517 8.526560083728834 50.67053007152488 -1.587176012854994 1
vehicle_other 192 1 -1.0479494728088592 0.0 562.01636 426.90982 1168.7671 6.993878334056403 3.544980447646543 15.62737059779759 -13.69530423882391 6.26907990366851 25.090642501579577 -1.547587932874644 1
bicycle 209 2 -2.977726487212184 629.1543 821.9224 780.7794 931.04095 1.2161784030942686 0.5158668027318118 1.725345889185031 -3.0507028636673885 3.606097104536242 17.877570289781836 -3.1467426388205277 1
