Car 210 1 -1.3335532932211638 460.898 760.7605 759.19794 992.9396 1.5111234430812341 1.8129340848430924 3.8245801921218394 -3.0805483118849453 2.9511610988691577 13.920999449536636 -1.5513316801029116 1
Car 189 1 -1.1511526027547716 0.0 688.3125 656.3293 1215.0 1.6654298009152182 1.7959689523420588 4.363861169384387 -2.7790961197691004 2.0455883007413336 6.757338972688643 -1.5413372580786677 1
rider 190 1 -1.5914288264103473 963.4301 778.70996 1020.93146 913.73145 1.7442699855768473 0.7738134777750997 0.7364140640841642 0.4171682413139639 3.893389712850123 20.52665793403354 -1.5711083815541818 1
rider 191 2 -1.5076790559434814 848.88666 792.3805 912.0217 895.0088 1.3176424207266086 0.83080030613022 0.7191721092035639 -1.113881298272859 3.6822735091260412 20.750267435874804 -1.56130791810961 1
bicycle 288 1 -1.558282614023283 830.29785 802.473 851.049 860.24493 1.1109997392886577 0.4721235590767322 1.9868296413460151 -2.892729036742608 5.500303481917531 35.95747659527938 -1.6385583416706744 1
bicycle 193 2 -2.891499583985112 709.3208 808.35406 825.5349 889.0142 1.1749394851087402 0.5100234127452925 1.761206730634088 -3.0767458986228653 4.1363528468433195 23.780320521333543 -3.020166830111819 1
Cyclist 197 0 -1.591021502151843 963.24396 774.10565 1022.3753 920.9854 1.7538189353719742 0.7761598132492267 1.8047162748661423 0.41642234242055476 3.8984458526859784 20.592365200575706 -1.570802086417169 1
bicycle 289 2 3.1389169774166774 741.203 795.1534 837.48474 867.7096 1.249664654378754 0.551845284909626 1.7672875674149848 -3.2054919499608054 4.46952592005757 27.904655629891586 -3.25864002807341 1
bicycle_rack 199 2 -3.115854554317105 723.2662 789.37366 847.7385 874.4649 1.3192870876232257 2.3954661052723965 2.3410677426641606 -3.4307192977292598 4.706904043700373 29.502855772493426 -3.231618944741286 1
bicycle_rack 198 2 -3.049382980441765 703.23975 799.43866 833.4508 876.62683 1.1941126474516266 1.0244918395799343 2.1743715329773363 -3.352633201080669 4.313149280091474 26.17349042516539 -3.176781932350239 1
bicycle_rack 968 2 -3.0400005955879754 688.93524 800.4675 817.59174 880.8981 1.1941126474516266 1.0244918395799343 2.048574224520622 -3.4739619536748316 4.210643184673231 25.145474576461083 -3.177286114728424 1
moped_scooter 290 0 -1.537280114114066 1050.4016 796.4321 1080.2261 870.6789 1.456707954707819 0.637071326317724 2.261078184351949 2.504728640079984 5.70113423479161 35.845953255440094 -1.4675187079198628 1
Pedestrian 291 0 1.5187960060821177 1007.00934 791.5677 1028.5706 862.3421 1.7465210130317714 0.5257361520138996 0.6394559854958779 1.462218909582484 6.101415041830668 38.75099996682162 1.556511820333828 1
Pedestrian 292 0 1.5763946970712732 1033.4382 798.5848 1055.7423 861.8878 1.5623550621093736 0.5674654318586878 0.3960684861010757 2.1350409106900408 6.036100122313837 38.3041076783696 -4.651109011935149 1
Pedestrian 200 0 -1.639044599094919 1093.7084 804.6359 1136.9186 910.79865 1.3880007926211313 0.5620424859277592 0.45730759809355276 2.1181235136355965 3.8921305886667197 20.596666573921993 -1.5365666733900638 1
Pedestrian 201 1 -1.705044263523855 1146.9772 807.66986 1191.4309 912.6899 1.3895149007646603 0.5564492765051837 0.4595124172091233 2.8914908447479806 3.962386169538222 20.820613557647054 -1.5670505401057824 1
Pedestrian 202 0 -1.7081772121716963 1122.495 779.41815 1176.9779 927.53046 1.7439985232583683 0.5928123225917291 0.6100831851593886 2.333707602644016 3.6938069499350545 18.56161294177544 -1.5831058462891385 1
ride_other 203 0 -1.5081129164709177 847.0456 788.8786 913.5853 910.75183 1.4586462094641552 0.8287422446377002 1.6900364134897403 -1.1198517691759837 3.8579505229498436 21.031962605779732 -1.56130791810961 1
Car 204 1 -1.4063461195726779 637.2796 774.0855 819.20087 928.3536 1.491751963730324 1.796507636615895 3.946916421670038 -3.042823413246917 3.7143389346233833 20.291858420672938 -1.555190022412953 1
Car 293 1 -1.5142960839934683 806.758 788.7554 891.7009 871.4852 1.6307281428477063 2.0030664400164104 3.9384338756729553 -2.8902816474321225 6.157743144591028 39.33014686772616 -1.5876519125336 1
Car 971 2 1.8918990505888396 381.28647 782.25665 483.01172 846.9647 1.4974241176053646 1.8016998494090781 4.006462840418425 -16.3643146458982 6.597004061674331 46.44474849943307 1.553141658645746 1
vehicle_other 973 1 -1.4660650868152323 681.09406 707.39935 845.19885 928.59674 5.009152754580665 3.387100030211902 17.082428424426435 -5.998753669098322 8.175717407454028 48.82802839463039 -1.5883072491878756 1
vehicle_other 192 2 -1.0139144364085815 0.0 532.20825 391.42133 1212.927 6.993878334056403 3.544980447646543 15.62737059779759 -13.752737732670003 6.041581224882695 23.21573766170765 -1.548718502368847 1
bicycle 209 2 -2.9597140712579413 590.43256 809.543 759.8304 930.58704 1.2161784030942686 0.5158668027318118 1.725345889185031 -3.0641779907692626 3.235636552328692 16.092371726118106 -3.1478734711528666 1
