Car 210 0 -1.2346012653934473 151.98183 745.3741 690.48694 1127.1371 1.5111234430812341 1.8129340848430924 3.8245801921218394 -2.9357232833624787 2.3977162690033142 9.07225205705269 -1.5475606562504665 1
Car 189 1 -0.5975360642614848 0.0 0.0 1935.0 1215.0 1.6654298009152182 1.7959689523420588 4.363861169384387 -2.7091136086829977 1.5071271713838372 1.9784354288572223 -1.5375662340041822 1
vehicle_other 192 2 -0.9097827320283605 0.0 411.06198 297.64392 1215.0 6.993878334056403 3.544980447646543 15.62737059779759 -13.619836061732098 5.475091579469776 18.478667404950798 -1.5449489014413798 1
bicycle 288 1 -1.550229760292106 821.7403 800.26404 846.49194 867.1343 1.1109997392886577 0.4721235590767322 1.9868296413460151 -2.638720697836474 4.879714118378622 31.13160008011337 -1.634787851682819 1
bicycle 193 2 -2.865435902272085 660.2171 809.12897 806.2535 910.6214 1.1749394851087402 0.5100234127452925 1.761206730634088 -2.8892029389080967 3.5595085712208254 18.99321238653172 -3.016396260468512 1
bicycle 289 2 -3.125441993877789 707.80774 793.37195 824.3535 880.99493 1.249664654378754 0.551845284909626 1.7672875674149848 -3.011865042159068 3.8987609461727297 23.140523031311893 -3.2548698552287694 1
Cyclist 197 1 -0.9583547828069972 1054.2617 772.469 1176.1763 919.6215 1.7538189353719742 0.7761598132492267 1.8047162748661423 2.1416336025008733 3.882454833342342 20.635522549407543 -0.8549411826520019 1
bicycle 967 2 -3.1181782325805023 699.1939 796.493 811.0452 884.11804 1.2240690062455413 0.50194798497804 1.6547239357544716 -3.1026315224836316 3.8538957890035896 22.57615943163861 -3.254752255603751 1
bicycle_rack 199 2 -3.098075312266561 687.5203 786.62915 837.3695 888.64343 1.3192870876232257 2.3954661052723965 2.3410677426641606 -3.228409235137366 4.134573133754298 24.73746719258677 -3.227848723085059 1
bicycle_rack 198 2 -3.0271546072797975 659.0772 798.2795 819.9924 892.97644 1.1941126474516266 1.0244918395799343 2.1743715329773363 -3.144202296415283 3.73895679913438 21.403658822588884 -3.173011620191495 1
bicycle_rack 968 2 -3.0123907153542944 635.55505 799.6127 796.5563 899.2671 1.1941126474516266 1.0244918395799343 2.048574224520622 -3.3114792955120653 3.6380635082774173 20.374052860669153 -3.173515887874653 1
Pedestrian 291 0 1.5168685686681005 1013.60394 793.16833 1039.101 871.3184 1.578860337337928 0.5105403330121299 0.5774899589010739 1.3796636954995827 5.185248170518912 31.759230215081026 1.5602826183742207 1
Pedestrian 292 0 1.5701810615367533 1046.6718 795.92224 1072.5863 872.5134 1.5484975355294308 0.5422380689297832 0.46112863057823433 2.0772942954107907 5.189425623597886 31.58887720802735 -4.647338484111193 1
Pedestrian 200 1 -1.654855688532208 1119.6538 802.7468 1170.7411 930.98956 1.4235223577975071 0.5530404908031044 0.6443655950115288 2.190226674731581 3.5864454504623584 17.85459980220742 -1.5327953409318178 1
Pedestrian 201 1 -1.7293711871154518 1185.962 799.9071 1238.8148 930.102 1.467503363414554 0.5410019510159494 0.5705685273843629 3.003347037860818 3.59779779987214 17.916037579499562 -1.5632809258145761 1
Pedestrian 202 0 -1.7207051779570277 1139.207 771.87976 1207.7346 946.1437 1.739885073769334 0.6202095785368046 0.7261752475618173 2.249921014138844 3.340030794400005 15.914477697811261 -1.5802602011893543 1
ride_other 203 0 -0.9353399815865026 921.0866 790.4439 1044.746 919.40857 1.4586462094641552 0.8287422446377002 1.6900364134897403 0.3098902016899159 3.797907219366346 20.208250095912458 -0.9200063474184937 1
rider 190 1 -0.972652831164504 1073.9905 776.1469 1151.0697 912.98975 1.725097724162049 0.7738134777750997 0.7364140640841642 2.0800360074089617 3.8578801476823283 20.55671491112756 -0.8718108179508843 1
rider 191 1 -0.9381478481945069 926.77106 793.04224 1009.21106 904.0771 1.3176424207266086 0.8336700995299815 0.7191721092035639 0.09057979458333013 3.6166592021738033 19.91010213363408 -0.9335984406092918 1
Car 204 1 -1.3609226200314675 526.78735 768.4513 786.0707 977.4421 1.491751963730324 1.796507636615895 3.946916421670038 -2.9695708080265972 3.1610792782188373 15.399503660896777 -1.5514198311185208 1
Car 293 1 -1.5083739480886305 796.4421 782.5121 894.22595 876.59656 1.6307281428477063 2.0030664400164104 3.9384338756729553 -2.6132532466920533 5.480405685024474 34.543753732559324 -1.5838806546595436 1
Car 971 2 1.9253648607802578 321.7291 782.16626 440.34042 854.5113 1.4974241176053646 1.8016998494090781 4.006462840418425 -16.112136199742714 6.098160062551288 41.73242663457277 1.5569140895747244 1
Car 972 2 2.0039484310374096 189.127 778.2115 350.43686 866.70435 1.5027013749699725 1.8013274410804971 4.196768207993325 -15.96654448477079 5.283203800822315 34.77489721073146 -4.709665536691679 1
vehicle_other 973 1 -1.4539752191763633 651.0789 702.4387 841.6753 951.00964 5.009152754580665 3.387100030211902 17.082428424426435 -5.783165274508851 7.736908728535505 44.04303700951726 -1.5845354252847508 1
bicycle 209 2 -2.892579305107445 450.89313 816.54376 697.39795 990.69336 1.2161784030942686 0.5158668027318118 1.725345889185031 -2.8975959504452113 2.6945823225267596 11.27620246991234 -3.1441029911387544 1
moped_scooter 290 0 -1.5520649337106265 1076.6506 795.42786 1109.576 881.62573 1.456707954707819 0.637071326317724 2.261078184351949 2.7461306891321438 5.125280485100612 31.013206764612395 -1.4637481341754501 1
