Car 204 1 -1.3675068927010867 545.71576 771.9593 790.2298 970.9836 1.491751963730324 1.796507636615895 3.946916421670038 -3.005714362806066 3.2747470460485824 16.140728168585127 -1.5516173075273225 1
Car 210 1 -1.2561152430536846 228.76361 750.8778 704.9136 1095.8 1.5111234430812341 1.8129340848430924 3.8245801921218394 -2.9708668098459348 2.5076149389573508 9.896196155062013 -1.547758176252978 1
Car 189 1 -0.7621988395625447 0.0 484.89484 427.63806 1215.0 1.6654298009152182 1.7959689523420588 4.363861169384387 -2.7310106210558533 1.6116134586801398 2.785255184318888 -1.537763754017151 1
rider 190 1 -1.1845431284146863 1040.6575 774.35284 1112.2051 909.60114 1.7392847071591555 0.7738134777750997 0.7364140640841642 1.6088450330509967 3.8726380457370366 20.844072864117006 -1.1075110856382484 1
vehicle_other 192 2 -0.9295635980069415 0.0 438.1301 316.6026 1215.0 6.993878334056403 3.544980447646543 15.62737059779759 -13.623726025353923 5.569398642588164 19.262647351862306 -1.5451463469376836 1
bicycle 288 1 -1.5480092272879107 818.33215 801.3891 842.64905 866.5345 1.1109997392886577 0.4721235590767322 1.9868296413460151 -2.787152166413126 5.002155755651732 31.964182908521405 -1.6349853437372077 1
bicycle 193 2 -2.871351835369535 671.9675 808.961 812.0727 906.33435 1.1749394851087402 0.5100234127452925 1.761206730634088 -2.8931545116374093 3.6540670208381396 19.779288982780407 -3.0165937568420533 1
bicycle 289 2 -3.1296388636104138 715.94714 794.3757 828.5725 879.1128 1.249664654378754 0.551845284909626 1.7672875674149848 -3.0167840249519164 4.003529636698578 23.925566178329657 -3.2550673306968547 1
Cyclist 197 0 -1.2143164943161064 1032.259 772.638 1128.9059 917.50684 1.7538189353719742 0.7761598132492267 1.8047162748661423 1.7036004499784998 3.934249304180076 21.08886996464327 -1.1337095603480156 1
bicycle 967 2 -3.122720658173085 707.8429 796.7662 815.83636 881.4102 1.2240690062455413 0.50194798497804 1.6547239357544716 -3.1072924074509594 3.948437877098853 23.362195055003582 -3.2549497320456124 1
bicycle_rack 199 2 -3.1020302224638376 696.1002 787.15906 841.0586 885.9243 1.3192870876232257 2.3954661052723965 2.3410677426641606 -3.2335003603341574 4.229105424590986 25.523479018355033 -3.2280462011693727 1
bicycle_rack 198 2 -3.032253964279314 669.7507 798.5024 824.57965 889.7758 1.1941126474516266 1.0244918395799343 2.1743715329773363 -3.1486306351839737 3.8335016117925083 22.189685950902515 -3.1732091030521365 1
bicycle_rack 968 2 -3.018280882124892 647.67194 799.7982 802.2241 895.66736 1.1941126474516266 1.0244918395799343 2.048574224520622 -3.3157034013183115 3.732607628416557 21.16004689651395 -3.1737133662036188 1
Pedestrian 291 0 1.5169816618068803 1014.5784 793.71924 1037.1511 868.69196 1.578860337337928 0.4690575518596747 0.5464617783383807 1.4237588049745578 5.336565999051997 33.01074535254128 1.5600851101923188 1
Pedestrian 292 0 1.575334790617867 1040.0974 795.9746 1062.9573 870.32336 1.5484975355294308 0.4963439695944084 0.5628412122144941 1.9813317464683844 5.335878367129018 32.81014202661413 -4.64753597813812 1
Pedestrian 200 1 -1.649560663475214 1112.6405 800.93036 1160.786 925.8843 1.4609238080953166 0.5535740916201083 0.47458504705518123 2.158099313229451 3.6594683869083795 18.429754286617346 -1.53299287709117 1
Pedestrian 201 1 -1.7224139524231803 1175.3187 800.7557 1227.283 924.9548 1.4574842222546565 0.5700513232017601 0.454645924913818 2.9538518723446394 3.6515569076103622 18.428459725596188 -1.5634783720102707 1
Pedestrian 202 0 -1.7212748243359421 1141.7903 774.8189 1205.9128 942.57806 1.726955353101069 0.6059009862682274 0.6018855007578476 2.302347922625534 3.385671273226107 16.24169096392706 -1.580457612287846 1
ride_other 203 0 -0.9165446390138393 892.1338 790.21765 1016.86743 919.0551 1.4586462094641552 0.8287422446377002 1.6900364134897403 -0.07400452415441652 3.796472706700765 20.224162279801682 -0.920203836009505 1
rider 191 1 -0.9187232834372905 897.38354 793.4964 979.9061 904.5041 1.3176424207266086 0.8336700995299815 0.7191721092035639 -0.3002567746450701 3.6238839983972504 19.919133211292657 -0.9337959290793569 1
Car 293 1 -1.5111325155408424 801.81665 783.7241 896.8388 875.6287 1.6307281428477063 2.0030664400164104 3.9384338756729553 -2.584616199416933 5.5976968347368725 35.36920306319168 -1.5840781869207974 1
Car 971 2 1.9188065785726747 334.45795 782.6615 449.68973 853.578 1.4974241176053646 1.8016998494090781 4.006462840418425 -16.121946729109023 6.200138880556869 42.56159566961877 1.556716495886473 1
Car 972 2 1.9955757145393953 206.79932 780.3426 362.78583 867.0456 1.5027013749699725 1.8013274410804971 4.196768207993325 -15.97268454996566 5.416497547535804 35.551878257298306 -4.7098631230989145 1
vehicle_other 973 1 -1.4554813007319365 656.0694 703.908 842.17126 947.7975 5.009152754580665 3.387100030211902 17.082428424426435 -5.826545616137105 7.830070298852949 44.82775810408691 -1.584732987186138 1
bicycle 209 2 -2.9058199561382483 480.43277 817.17303 710.03894 979.8155 1.2161784030942686 0.5158668027318118 1.725345889185031 -2.93143113560467 2.800002730462994 12.058201411128545 -3.1443004828729384 1
moped_scooter 290 2 -1.5433943592745607 1063.2778 797.9143 1096.2643 882.0381 1.456707954707819 0.637071326317724 2.261078184351949 2.5331943676627757 5.271821021167562 31.817528611607376 -1.4639456306035985 1
