Car 204 1 -1.2971103217420499 346.61267 757.69714 748.6583 1061.897 1.491751963730324 1.796507636615895 3.946916421670038 -2.800531567284118 2.652276107812404 11.072505093908331 -1.5448415720124375 1
Car 210 1 -1.0156899817340588 0.0 707.26807 551.3612 1215.0 1.5111234430812341 1.8129340848430924 3.8245801921218394 -2.8070953217721186 1.8846590873399518 4.843086689659469 -1.5409809458881083 1
bicycle 288 0 -1.5376220380823855 809.8088 806.1239 839.92487 884.50586 1.1109997392886577 0.4721235590767322 1.9868296413460151 -2.4390453077204026 4.486784038761813 26.851194439182933 -1.6282090713707833 1
bicycle 193 2 -2.8315025537193264 596.4988 804.0386 785.2391 935.32666 1.1749394851087402 0.5100234127452925 1.761206730634088 -2.659747015671467 2.986899479646315 14.757594776081024 -3.009817326975991 1
bicycle 289 2 -3.097799403505878 661.3179 790.8196 804.99207 898.4739 1.249664654378754 0.551845284909626 1.7672875674149848 -2.8604871064769917 3.383505275815649 18.863830326816753 -3.2482916258156287 1
bicycle 967 2 -3.088025557887828 648.8923 794.799 787.9559 903.1046 1.2240690062455413 0.50194798497804 1.6547239357544716 -2.955779201213628 3.3413416086911347 18.29843949744324 -3.2481739912970937 1
bicycle_rack 199 1 -3.0725485409153106 638.6333 779.5223 824.1209 903.1346 1.3192870876232257 2.3954661052723965 2.3410677426641606 -3.0666758713905193 3.5686845654881494 20.467957088919928 -3.221270402759565 1
bicycle_rack 198 2 -2.99925180796027 603.9152 793.5917 807.48505 912.1525 1.1941126474516266 1.0244918395799343 2.1743715329773363 -2.8916684828443784 3.1878490520073073 17.135153898586864 -3.1664331384892876 1
bicycle_rack 968 1 -2.9756422338193724 564.5231 794.64185 771.8599 921.09076 1.1941126474516266 1.0244918395799343 2.048574224520622 -3.118936920293659 3.0832039765847097 16.104936457336823 -3.166937561142444 1
moped_scooter 290 0 -1.5664322313732895 1106.2201 798.6545 1143.9003 900.286 1.456707954707819 0.637071326317724 2.261078184351949 2.913474268240412 4.677257539777932 26.558582085880072 -1.457169209005046 1
Pedestrian 292 0 1.4793549543778566 1076.7454 803.53674 1108.0262 894.7308 1.4820135315909992 0.4877923795945459 0.516700439413349 2.239880872772683 4.5684792794887095 25.578600629549296 1.566700692373319 1
Pedestrian 200 0 -1.6743243954752793 1157.8771 809.63776 1211.7494 952.8864 1.391034163004377 0.5035503493869896 0.4503770161149773 2.292831856458972 3.318602704247907 15.36731171107482 -1.526215092834049 1
Pedestrian 201 1 -1.71811279851747 1230.8578 799.308 1297.5704 956.656 1.5256118356089639 0.5926378345262296 0.6485038572203223 3.150755791941731 3.3835123561103635 15.591032118009235 -1.5187106449376828 1
Pedestrian 202 0 -1.694417180187144 1197.7461 782.4987 1267.227 974.9891 1.650068366672521 0.5663695272205985 0.40825943437889517 2.4247997061999396 3.0852174457131554 13.398409212683523 -1.5153783681583946 1
ride_other 203 1 -0.07255314312827646 1266.2633 805.89136 1409.6705 936.547 1.4586462094641552 0.8287422446377002 1.6900364134897403 4.704642994249146 3.798896725676843 18.78269396362732 0.17287491966945212 1
rider 191 1 -0.04584047012800552 1273.9796 807.4964 1335.5715 924.0991 1.3176424207266086 0.8336700995299815 0.7191721092035639 4.322093976595594 3.678303077967145 18.85911195089254 0.1794470979485101 1
Car 293 1 -1.498653503245754 783.01605 784.02423 896.4224 892.28076 1.6307281428477063 2.0030664400164104 3.9384338756729553 -2.388793991409814 5.0662525440756845 30.310956425867793 -1.5773005358756937 1
Car 971 2 1.9625566259869096 257.77634 784.61255 396.13382 865.6043 1.4974241176053646 1.8016998494090781 4.006462840418425 -15.84925145392804 5.7262057306322625 37.5854282197042 1.5634962535764005 1
Car 972 2 2.056220906054678 84.98398 772.27997 281.6996 873.2269 1.5027013749699725 1.8013274410804971 4.196768207993325 -15.738713274443269 4.718164560839661 30.51982740243424 -4.70308361536126 1
vehicle_other 973 1 -1.4418401945784873 622.193 693.617 843.19684 971.11755 5.009152754580665 3.387100030211902 17.082428424426435 -5.448856301509053 7.23038023525103 39.78399922123553 -1.5779543196277641 1
vehicle_other 192 2 -0.7796138696476929 0.0 236.16887 181.02983 1215.0 6.993878334056403 3.544980447646543 15.62737059779759 -13.49677460754746 5.338416288667481 14.235754026952202 -1.5383716714399016 1
bicycle 209 1 -2.766045298554711 167.1854 820.7521 575.48425 1103.2434 1.2161784030942686 0.5158668027318118 1.725345889185031 -2.751204580114878 2.1753342302414573 7.0622381678309765 -3.1375242086957345 1
Pedestrian 291 0 1.5037078519170115 1038.966 790.7228 1073.0544 894.939 1.7143400868725058 0.5510853885507228 0.5051991298534587 1.6227674477694811 4.587942174225045 25.661197946451235 1.5668619354228888 1
