Car 204 1 -1.2932703545673467 331.26297 757.316 747.3708 1071.5966 1.491751963730324 1.796507636615895 3.946916421670038 -2.7694599245547664 2.622742146174386 10.776567986409825 -1.5448160492955285 1
Car 971 2 1.9653530000258104 252.0147 784.0547 391.97925 865.6443 1.4974241176053646 1.8016998494090781 4.006462840418425 -15.849534887274597 5.680746918076268 37.297109422564056 1.5635217914365565 1
Car 210 1 -0.9857884137144637 0.0 701.1451 530.6477 1215.0 1.5111234430812341 1.8129340848430924 3.8245801921218394 -2.810587400393926 1.841005641065986 4.53147226683059 -1.5409554175440539 1
rider 191 0 0.04304333998608992 1293.2413 803.7745 1355.8368 922.8409 1.3176424207266086 0.8336700995299815 0.7191721092035639 4.513097460359744 3.5967203352251254 18.55329341123274 0.2816594915443902 1
bicycle 288 0 -1.5374533470142346 809.3845 805.75366 839.88885 885.10175 1.1109997392886577 0.4721235590767322 1.9868296413460151 -2.413434472116339 4.440691324710293 26.52709247508332 -1.6281835466315866 1
bicycle 193 2 -2.828177303494938 589.3463 803.9239 782.1211 938.0171 1.1749394851087402 0.5100234127452925 1.761206730634088 -2.6546779513076872 2.9496425708266747 14.45603985874976 -3.0097918016072502 1
bicycle 289 2 -3.095090031031665 655.757 790.5672 802.1491 900.22534 1.249664654378754 0.551845284909626 1.7672875674149848 -2.8598459948741546 3.342617659751789 18.52406920597408 -3.2482661032076505 1
bicycle 967 2 -3.0850571565683595 642.922 794.6123 784.7891 904.9985 1.2240690062455413 0.50194798497804 1.6547239357544716 -2.9551525406106522 3.300454052569499 17.958680809034384 -3.24814846854445 1
bicycle_rack 199 1 -3.0700835564304536 632.8673 779.12036 821.99475 904.9063 1.3192870876232257 2.3954661052723965 2.3410677426641606 -3.0659935589440828 3.527798232837024 20.128201114783472 -3.2212448797846385 1
bicycle_rack 198 2 -2.9959456467218817 596.51764 791.18823 804.5149 912.05176 1.1941126474516266 1.0244918395799343 2.1743715329773363 -2.89138024672119 3.121884690044671 16.79741621604305 -3.166407614879666 1
bicycle_rack 968 1 -2.9716319237108944 555.7261 794.42896 767.96594 923.6835 1.1941126474516266 1.0244918395799343 2.048574224520622 -3.1183666214110533 3.0423160227538055 15.765182009722567 -3.1669120381492526 1
moped_scooter 290 0 -1.5702548597739878 1111.925 798.63605 1150.3602 902.25775 1.456707954707819 0.637071326317724 2.261078184351949 2.9614891238564818 4.620194890203383 26.07035432165817 -1.4571436837069913 1
Pedestrian 292 0 1.4750704454294372 1083.142 808.0318 1114.5752 895.6284 1.4080249832007419 0.4877923795945459 0.4266952559271048 2.3114981058118227 4.513994026421791 25.148679778772472 1.566726218291422 1
Pedestrian 200 0 -1.6774090294779644 1159.6576 809.8251 1219.4435 953.1264 1.391034163004377 0.5651324576922496 0.3772812971398761 2.3217903969320486 3.300045218006079 15.236567679424196 -1.5261895624054687 1
Pedestrian 201 1 -1.7253523585307633 1240.7664 798.14966 1310.673 961.44244 1.5256118356089639 0.585223478311317 0.7587341328879615 3.1873099108271634 3.3324839070728687 15.202226480412385 -1.518685126026766 1
Pedestrian 202 0 -1.6985653439879929 1202.3811 780.49786 1276.217 980.8035 1.6609784522583915 0.5663695272205985 0.6378728696000694 2.4558427563152 3.074812083337039 13.254024269089577 -1.5153528535975207 1
ride_other 203 1 0.012022892844916533 1288.0302 804.3052 1433.2059 939.5578 1.4586462094641552 0.8287422446377002 1.6900364134897403 4.91202010942147 3.7432910649439766 18.4170678762888 0.2726659401161853 1
Car 293 1 -1.5021671885686698 788.1058 785.50073 901.8872 895.05273 1.6307281428477063 2.0030664400164104 3.9384338756729553 -2.2596668340031667 5.067852102079026 30.02904688559802 -1.5772750059467961 1
Car 972 2 2.0585141036079273 79.45065 770.9579 278.3752 872.5863 1.5027013749699725 1.8013274410804971 4.196768207993325 -15.699259299643318 4.665371655250619 30.27459115542329 -4.703058078443114 1
vehicle_other 973 1 -1.4421771158597374 621.41595 692.8946 844.2695 973.03723 5.009152754580665 3.387100030211902 17.082428424426435 -5.387901701294285 7.191629921472163 39.44528974603575 -1.5779287858718107 1
vehicle_other 192 2 -0.7703911502188004 0.0 116.28592 173.09514 1215.0 6.993878334056403 3.544980447646543 15.62737059779759 -13.452638952231673 4.931761183958803 13.930332987096525 -1.5383461527133204 1
bicycle 209 1 -2.7491241665946706 125.62617 821.6742 556.84015 1119.0991 1.2161784030942686 0.5158668027318118 1.725345889185031 -2.750529850845249 2.135142392910341 6.722447008476404 -3.1374986838998207 1
Pedestrian 291 0 1.4986051905507436 1047.4355 795.58215 1079.9452 895.053 1.6170230192158888 0.517741653636783 0.45337098552193983 1.7315880572511242 4.532906040449792 25.31983806650948 1.5668874622426543 1
