Car 971 2 1.9866204669777665 210.96773 785.9975 363.48648 872.93286 1.4974241176053646 1.8016998494090781 4.006462840418425 -15.766943344721383 5.506609221874179 35.208446621213504 1.5655833508259804 1
Car 210 1 -0.7110946412753356 0.0 657.9154 347.73584 1215.0 1.5111234430812341 1.8129340848430924 3.8245801921218394 -2.7911948936776767 1.6105751303119906 2.5639891533714785 -1.5388946262518757 1
bicycle 288 0 -1.5308819847392685 800.8357 803.9818 834.60284 889.8127 1.1109997392886577 0.4721235590767322 1.9868296413460151 -2.3458401191149063 4.171986823764219 24.55603560141909 -1.6261230462509952 1
bicycle 289 2 -3.076869609770417 620.93677 788.91223 786.5545 912.2755 1.249664654378754 0.551845284909626 1.7672875674149848 -2.8194833439308202 3.0985134497447167 16.490761863902097 -3.246205774710713 1
bicycle 967 2 -3.06499506910635 605.1316 793.4001 766.3747 918.08264 1.2240690062455413 0.50194798497804 1.6547239357544716 -2.9159562508564543 3.0563548300974333 15.925571034297406 -3.2460881281326013 1
bicycle_rack 199 1 -3.0536906535192174 596.84717 776.4871 810.94495 917.0248 1.3192870876232257 2.3954661052723965 2.3410677426641606 -3.02230450363644 3.2837972194619627 18.09530579814338 -3.219184521303065 1
bicycle_rack 198 2 -2.974849940042564 549.7539 789.67444 790.3284 928.5669 1.1941126474516266 1.0244918395799343 2.1743715329773363 -2.8132626849571127 2.869440053011234 14.667798921469176 -3.164347204943415 1
bicycle_rack 968 1 -2.9461853910785356 499.93808 790.4227 748.21344 940.14197 1.1941126474516266 1.0244918395799343 2.048574224520622 -3.0329257435005057 2.764105991219084 13.648337193129196 -3.164851678361339 1
moped_scooter 290 0 -1.5800636675695021 1129.2367 791.20917 1170.498 901.56976 1.456707954707819 0.637071326317724 2.261078184351949 3.0648415976680035 4.298660103301472 24.394737555824385 -1.4550831382931328 1
Pedestrian 292 0 1.461749991624021 1100.6024 786.8136 1143.7423 895.4593 1.5766982343306255 0.6026125578543505 0.4531316351623035 2.429058720660172 4.048996324120447 22.606941230225488 1.5687868138031082 1
Pedestrian 200 0 -1.6888359767417556 1175.678 792.68976 1245.1577 956.27124 1.437431525241627 0.5872848769197234 0.43445402676287487 2.3012222503510396 3.0167459566350656 13.845008150283052 -1.5241286028853716 1
Pedestrian 201 1 -1.6766039345254418 1268.4341 785.74994 1352.3807 963.0859 1.516965096086763 0.6870314732954038 0.7528069971914012 3.2479661610948605 3.0634530753955413 13.962157144696437 -1.4480425511023443 1
Pedestrian 202 0 -1.7329655205372274 1253.8677 758.9713 1338.7751 987.3174 1.706531918170214 0.5663695272206243 0.6103981500666866 2.651215948900824 2.799882588444954 11.874195967619194 -1.5132931747272522 1
Pedestrian 969 2 3.0496185189694853 1080.0151 812.33185 1112.1617 860.0536 1.1007968285693994 0.839369711450396 0.7442157165143044 3.4409849647439295 5.943794846245659 38.219643775934706 -3.143777027049059 1
Car 293 1 -1.4963642769850418 777.2009 778.5781 900.3508 895.4122 1.6307281428477063 2.0030664400164104 3.9384338756729553 -2.2154628822065985 4.714981834283857 28.038997076689256 -1.57521408671184 1
Car 204 0 -1.240045407101167 153.46004 746.783 711.4938 1146.3469 1.491751963730324 1.796507636615895 3.946916421670038 -2.748320937653001 2.3718258838538717 8.800022471882373 -1.5427557121669249 1
Car 972 1 2.088699420020644 12.304458 777.1196 234.45833 887.86285 1.5027013749699725 1.8013274410804971 4.196768207993325 -15.643550964699491 4.58753928313765 28.19742078300029 -4.700996595110012 1
vehicle_other 973 1 -1.4350562931303794 601.0183 688.001 842.40656 984.8798 5.009152754580665 3.387100030211902 17.082428424426435 -5.303832474561946 6.948830964558132 37.416975123595456 -1.5758675577441201 1
vehicle_other 192 2 -0.6920747941916009 0.0 0.0 96.77165 1215.0 6.993878334056403 3.544980447646543 15.62737059779759 -13.409685142297045 4.6906492511597895 11.918343334242051 -1.5362861376428623 1
bicycle 193 1 -2.7986480187766816 529.7864 799.1049 755.6637 956.0452 1.1749394851087402 0.5100234127452925 1.761206730634088 -2.628566907557942 2.6611808759685953 12.388136062640186 -3.007731249506539 1
bicycle 209 1 -2.608799224060852 0.0 831.5061 397.4617 1215.0 1.2161784030942686 0.5158668027318118 1.725345889185031 -2.729255798017736 1.9010846446027707 4.694193766544356 -3.1354381777035014 1
Pedestrian 291 0 1.4921266464741514 1056.2263 785.74176 1097.1058 895.7893 1.574989592089953 0.5692620411900643 0.6278115538915332 1.7424040411060593 4.043494835469511 22.636572184938696 1.5689481305296438 1
