Car 204 1 -1.1286176353809547 0.0 713.66797 644.3111 1215.0 1.491751963730324 1.796507636615895 3.946916421670038 -2.6754625581610707 1.9754782998747915 6.147984256717936 -1.5390767839901605 1
bicycle 288 0 -1.5205300167054745 787.8668 784.2451 827.0125 878.68134 1.1109997392886577 0.4721235590767322 1.9868296413460151 -2.2485664151546563 3.56082496391725 21.986972788232286 -1.6224438265663532 1
bicycle 966 1 -0.3814121722073651 1607.2933 807.46906 1790.4781 909.35675 1.0261155281426806 0.4200223727580821 1.7643817396988974 8.036429063774813 3.053210788471163 16.32771575512413 0.07597240797976257 1
bicycle 193 1 -2.7444960061629025 417.07162 787.11127 707.30096 988.2274 1.1749394851087402 0.5100234127452925 1.761206730634088 -2.579053076336897 2.268936946702549 9.712261215057822 -3.0040519330449174 1
bicycle 289 2 -3.0519718379588383 571.19916 764.5139 769.23773 909.7908 1.249664654378754 0.551845284909626 1.7672875674149848 -2.6863200734875994 2.5837758801495223 13.926300810986222 -3.2425268611454108 1
bicycle 967 2 -3.0315751709009056 541.4571 769.1254 736.1326 916.99744 1.2240690062455413 0.50194798497804 1.6547239357544716 -2.859626988115767 2.5448558561831094 13.361836941892276 -3.2424091921293603 1
bicycle_rack 199 1 -3.034472164579681 548.95264 753.8201 804.92096 916.3465 1.3192870876232257 2.3954661052723965 2.3410677426641606 -2.8283531801531963 2.7618571029363466 15.452329201002522 -3.2155055524165936 1
bicycle_rack 198 1 -2.9370443528582335 465.9604 762.53674 763.2491 929.885 1.1941126474516266 1.0244918395799343 2.1743715329773363 -2.7474111430033954 2.3550200385912223 12.08038099795128 -3.160668143106757 1
bicycle_rack 968 1 -2.9030153947592607 402.31723 764.8045 715.401 948.6499 1.1941126474516266 1.0244918395799343 2.048574224520622 -2.919222444185543 2.278208522160965 11.055591319059669 -3.1611727079683147 1
Pedestrian 291 0 1.475645857546243 1084.4138 759.7397 1129.8666 892.73724 1.6299533910375013 0.5251302332698806 0.641275965240227 1.877639470131975 3.3991554704239673 19.30000508125503 -4.710557657393634 1
Pedestrian 292 0 1.446557188869555 1125.1776 759.7134 1176.8959 889.73645 1.5764115946260364 0.5767291595571661 0.6970497824072923 2.4308092424624683 3.3391233866543484 19.203949681428874 -4.710719104008106 1
Pedestrian 200 0 -1.7099360934464418 1202.9805 772.083 1296.5232 960.14 1.3743403684710693 0.6294620276278813 0.8261406785657339 2.3068312931296364 2.600323356696418 12.027998129975664 -1.5204485640530265 1
Pedestrian 201 1 -1.6731206236824125 1341.5691 755.00903 1434.4452 962.0385 1.541339066128275 0.6534041959389145 0.6181852149183579 3.3984493287790833 2.6123845109152826 11.948987072801525 -1.3960242930990099 1
Pedestrian 969 2 3.0425423637334914 1094.9675 794.7095 1129.7295 845.5387 1.1007968285693994 0.839369711450396 0.7442157165143044 3.59305307834595 5.1926926395277215 35.615191737371646 -3.1400977284141787 1
Car 293 1 -1.4893842980510785 763.95294 758.97705 901.6525 885.6172 1.6307281428477063 2.0030664400164104 3.9384338756729553 -2.09117222746959 4.0845179432885335 25.398301719597033 -1.571534119556515 1
Car 971 2 2.0122188379000203 162.07271 773.07416 331.25003 865.06085 1.4974241176053646 1.8016998494090781 4.006462840418425 -15.56357069420596 4.946746704569357 32.80721643487505 1.5692644605339852 1
Car 972 2 2.1297346466914995 0.0 767.41046 175.2762 888.54266 1.5027013749699725 1.8013274410804971 4.196768207993325 -15.4999655551782 4.146675827395435 25.63267665381681 -4.6973156212659415 1
vehicle_other 973 1 -1.424888619193417 571.3543 681.0078 841.1623 1002.9218 5.009152754580665 3.387100030211902 17.082428424426435 -5.162233073079868 6.635168172804237 34.79225552501839 -1.5721870392736659 1
moped_scooter 290 1 -1.5963362372666399 1156.661 765.3633 1205.0046 886.84424 1.456707954707819 0.637071326317724 2.261078184351949 3.1784130455933033 3.6111470435999684 21.77654709997185 -1.4514038385948078 1
Pedestrian 202 0 -1.7462659380143253 1325.8075 724.6223 1438.5048 999.9715 1.7209010806128109 0.6155287863458652 0.667557280005403 2.7925970313873396 2.40997997695687 9.971044673044215 -1.4731917160232304 1
