bicycle 288 0 -1.5249134688394403 794.0108 788.1721 831.11475 879.2981 1.1109997392886577 0.4721235590767322 1.9868296413460151 -2.2584188700330565 3.713986433880707 22.836636290392025 -1.623487497035278 1
bicycle 966 1 -0.35982108063434787 1571.0757 816.9632 1743.157 913.6279 1.0261155281426806 0.4200223727580821 1.7643817396988974 8.008194072573616 3.276295483698287 17.244822856201047 0.0749287596629502 1
bicycle 193 1 -2.771460041673195 471.9762 789.6364 735.4964 972.4328 1.1749394851087402 0.5100234127452925 1.761206730634088 -2.5359479049703144 2.389840217236803 10.656069334066801 -3.005095631543222 1
bicycle 289 2 -3.0627172602532435 592.1191 770.9724 778.89984 908.7374 1.249664654378754 0.551845284909626 1.7672875674149848 -2.688403169824983 2.721413748396455 14.702690537935847 -3.2435704448830314 1
bicycle 967 2 -3.043536782412759 564.20764 775.53314 747.9532 915.9038 1.2240690062455413 0.50194798497804 1.6547239357544716 -2.8551797378756674 2.6770792547682096 14.091122831891507 -3.2434527823833026 1
bicycle_rack 199 1 -3.044270597878566 572.05725 759.88446 811.3061 913.6885 1.3192870876232257 2.3954661052723965 2.3410677426641606 -2.8467164623976524 2.9117557377622023 16.360116158727934 -3.2165491520788763 1
bicycle_rack 198 1 -2.9518097343512792 499.3799 773.80005 774.63165 930.3428 1.1941126474516266 1.0244918395799343 2.1743715329773363 -2.760446952944079 2.537456793106843 12.957409652128227 -3.1617117692755654 1
bicycle_rack 968 1 -2.9176765119919756 437.81824 773.60925 725.53973 944.02606 1.1941126474516266 1.0244918395799343 2.048574224520622 -2.9801107337237274 2.434756559671544 11.942715872680726 -3.1622163079503522 1
moped_scooter 290 0 -1.5906368632668935 1147.644 772.24725 1193.2006 889.49677 1.456707954707819 0.637071326317724 2.261078184351949 3.150922602622873 3.803382492391978 22.65616316291936 -1.4524475317091325 1
Pedestrian 291 0 1.4791260265391166 1077.3704 762.33923 1123.3658 893.69696 1.6941911816229869 0.558827844002495 0.7697515464112278 1.8988430123532718 3.6117213689184062 20.478832624495762 -4.7116014128093475 1
Pedestrian 292 0 1.4493244508617948 1121.0519 779.2215 1169.2893 891.07983 1.4321341141780146 0.5767291595571661 0.6617167191677359 2.5021630938925363 3.570567606411382 20.391128493935202 -4.711762822586795 1
Pedestrian 200 0 -1.7003102619977644 1190.3573 780.4599 1274.5155 951.6183 1.3743403684710693 0.647516652025642 0.4897089670182281 2.3031223180336764 2.7269231832414826 12.742142153547444 -1.5214924667962284 1
Pedestrian 201 1 -1.6593225832374743 1321.5188 765.8175 1405.7588 957.95953 1.551463304107062 0.6566369542679487 0.4551333953537766 3.4274561741322915 2.7811076298853985 12.768175331753525 -1.397067719044598 1
Pedestrian 202 0 -1.7612813588858596 1298.2223 730.769 1392.3113 992.2726 1.7894260825161499 0.5699498238481836 0.48839050968045444 2.7406319671852604 2.565791865814532 10.705371635583829 -1.5106586758802782 1
Pedestrian 969 2 3.044871145663896 1090.3308 804.1478 1124.159 853.9367 1.1007968285693994 0.839369711450396 0.7442157165143044 3.5586656134202337 5.526939092682102 36.50671612406669 -3.1411414222576988 1
Car 293 1 -1.4915436150135573 768.3628 764.7661 901.28455 888.13904 1.6307281428477063 2.0030664400164104 3.9384338756729553 -2.1283311961358695 4.2662001681333095 26.20702915332102 -1.5725780020007318 1
Car 204 0 -1.1768534767190164 0.0 725.72266 673.70483 1215.0 1.491751963730324 1.796507636615895 3.946916421670038 -2.69627921184022 2.104815249729942 7.09291064449306 -1.5401203717675545 1
Car 971 2 2.0017275135710264 183.00269 774.9526 345.45166 864.59174 1.4974241176053646 1.8016998494090781 4.006462840418425 -15.599737959404182 5.080351067260263 33.70199513884434 1.5682202540524588 1
Car 972 2 2.1132529414739842 0.0 771.00836 200.08533 887.8602 1.5027013749699725 1.8013274410804971 4.196768207993325 -15.541575835412981 4.309907748450245 26.621107207377715 -4.698359789199966 1
vehicle_other 973 1 -1.4294045193204625 584.4257 683.5681 843.0509 996.33014 5.009152754580665 3.387100030211902 17.082428424426435 -5.17068968693237 6.745147611225427 35.70263169808929 -1.5732310780755008 1
vehicle_other 192 2 -0.6179068092864162 0.0 0.0 25.117962 1215.0 6.993878334056403 3.544980447646543 15.62737059779759 -13.307815627747688 4.490441361199406 10.223152993611693 -1.5336512089978749 1
