Car 204 1 -0.9561237786833497 0.0 688.5863 539.31824 1215.0 1.491751963730324 1.805497021413648 3.946916421670038 -2.650195745426075 1.7484259825776907 4.025114068785764 -1.538391959107088 1
bicycle 288 0 -1.5073896066335781 765.5248 783.3198 811.1314 888.87805 1.1109997392886577 0.4721235590767322 1.9868296413460151 -2.269618902195177 3.3104621678396713 19.758043950267563 -1.6217589474191327 1
bicycle 966 0 -0.4467319449652365 1717.9398 802.25714 1934.8434 920.2353 1.0261155281426806 0.4200223727580821 1.7643817396988974 8.146228321545184 2.733167625973601 14.116512247018917 0.07665727277700585 1
bicycle 193 1 -2.6817660432106765 270.00034 783.89233 649.4224 1047.1691 1.1749394851087402 0.5100234127452925 1.761206730634088 -2.4985691304610063 2.0120256593606376 7.499445987620172 -3.0033670352556516 1
bicycle 289 2 -3.016975686099686 494.7508 762.42816 736.1063 937.7271 1.249664654378754 0.551845284909626 1.7672875674149848 -2.651806132663237 2.3492416687936135 11.593369207426528 -3.241842038867875 1
bicycle 967 2 -2.989784550556908 452.46793 767.75574 692.91724 948.2201 1.2240690062455413 0.50194798497804 1.6547239357544716 -2.8320986849581806 2.3068594633290456 11.002319536965057 -3.2417243655105015 1
bicycle_rack 199 1 -3.0052234383003578 473.15073 750.1267 783.0444 942.964 1.3192870876232257 2.3954661052723965 2.3410677426641606 -2.8024026689471517 2.5296851606289286 13.17404734211912 -3.2148207195891505 1
bicycle_rack 198 1 -2.8909388061285566 353.88312 764.8423 724.10974 970.9423 1.1941126474516266 1.0244918395799343 2.1743715329773363 -2.735061505320776 2.1721674398471853 9.919357398464722 -3.159983292825059 1
bicycle_rack 968 1 -2.8441695037640815 259.07315 765.31525 660.50226 996.9254 1.1941126474516266 1.0244918395799343 2.048574224520622 -2.9085198681324647 2.078400185652971 8.886174784649361 -3.160487874977356 1
moped_scooter 290 1 -1.610153510002405 1175.3374 765.9698 1231.4635 901.5098 1.456707954707819 0.637071326317724 2.261078184351949 3.159527812478233 3.4197501396545147 19.648883839331717 -1.4507189446094735 1
Pedestrian 291 0 1.458189582895936 1105.9702 752.4742 1163.8081 914.3312 1.6766469185615072 0.5489688153049321 0.7853825596597308 1.908521180755964 3.1182284913421654 16.504801714622793 -4.709872722516151 1
Pedestrian 292 0 1.415405010093611 1169.604 761.14575 1229.8022 911.5596 1.567620460645367 0.5670543325766577 0.599046950576602 2.6134642837382667 3.0918715333685416 16.42988641060208 -4.710034193300489 1
Pedestrian 200 0 -1.6243916154788147 1266.3077 766.0135 1360.9681 987.31384 1.4210096584020526 0.6077288537822221 0.5304164026235698 2.42127908432017 2.424366429276236 10.318361567637515 -1.3939044246485026 1
Pedestrian 201 2 -1.7182435245614638 1405.6571 749.5792 1520.7515 978.7196 1.5416051150187589 0.7190888758353287 0.4458176055918658 3.5638509304560264 2.4531203529915127 10.650589208815731 -1.395339574389895 1
Pedestrian 202 0 -1.8064689309185242 1408.8622 713.4611 1559.7913 1040.7113 1.694917294127539 0.6156353610168499 0.8844704054960814 2.938836605580241 2.2244016279396646 8.47030603829314 -1.4725071043746651 1
Pedestrian 969 2 3.0359423839901236 1104.7719 797.6221 1142.0096 851.8188 1.1007968285693994 0.839369711450396 0.7442157165143044 3.62371239359606 5.01576349990323 33.47541310128473 -3.139412833506421 1
Car 293 1 -1.4838773642441692 747.9303 759.8331 900.8078 900.2665 1.6307281428477063 2.0030664400164104 3.9384338756729553 -2.015805644048545 3.8944833185173016 23.11924048865339 -1.5708491013311885 1
Car 970 2 1.9334572001513939 387.85345 810.24347 499.20502 877.5886 1.3988523673592517 1.8048246673492343 4.017178906728909 -15.264183254141388 7.141956894719781 44.30252851577032 -4.681534362562411 1
Car 971 2 2.0395700261361838 102.18438 772.6182 290.18845 871.58044 1.4974241176053646 1.8016998494090781 4.006462840418425 -15.536818532476858 4.7195386292187305 30.615122988611777 1.5699496913707902 1
Car 972 2 2.1690726486794336 0.0 764.6133 111.352455 897.7941 1.5027013749699725 1.8013274410804971 4.196768207993325 -15.427089300102976 3.887917822426221 23.41791746229951 -4.6966304157280305 1
vehicle_other 973 1 -1.4155611920688067 538.30774 674.63885 836.1324 1020.3627 5.009152754580665 3.387100030211902 17.082428424426435 -5.136009767083681 6.37991841426971 32.66824889151734 -1.571501918456937 1
