bicycle 966 1 -0.49251785015911487 1795.6067 803.33655 1935.0 934.36224 1.0261155281426806 0.4200223727580821 1.7643817396988974 8.124576984829083 2.5789681553035972 12.738363488869302 0.07523577573349094 1
Car 204 1 -0.7581043535631583 0.0 665.8222 415.90356 1215.0 1.491751963730324 1.796507636615895 3.946916421670038 -2.6368915176358527 1.6191926531921443 2.6564193897005683 -1.5398133734705544 1
bicycle 288 0 -1.4994992790136281 748.8101 790.6019 799.16327 905.3491 1.1109997392886577 0.4721235590767322 1.9868296413460151 -2.28550495522565 3.259415259599435 18.384680283606478 -1.6231804744124667 1
bicycle 193 1 -2.614712036415605 105.75146 776.9973 576.8639 1103.1292 1.1749394851087402 0.5100234127452925 1.761206730634088 -2.5112863152449605 1.834086114944759 6.108039411158366 -3.004788600722317 1
bicycle 289 2 -2.98676644245608 424.75073 765.52814 703.3756 966.46924 1.249664654378754 0.551845284909626 1.7672875674149848 -2.6684695174247293 2.2406967709534915 10.174352919068392 -3.243263447783102 1
bicycle 967 2 -2.962654733504624 386.42438 770.13763 664.8143 977.8327 1.2240690062455413 0.50194798497804 1.6547239357544716 -2.76958685498519 2.1901630527761187 9.613748435466462 -3.24314578337888 1
bicycle_rack 199 1 -2.9787145117112948 401.28088 753.2107 758.28815 972.6813 1.3192870876232257 2.3954661052723965 2.3410677426641606 -2.8494909072660017 2.439153461085829 11.769996263803128 -3.2162421503133625 1
bicycle_rack 198 1 -2.8505722453043347 247.14494 771.1053 687.02386 1014.21875 1.1941126474516266 1.0244918395799343 2.1743715329773363 -2.73732414901287 2.0793699058416646 8.520967738648991 -3.1614047597239563 1
bicycle_rack 968 1 -2.7897427379505046 114.82767 769.4668 605.2763 1048.3651 1.1941126474516266 1.0244918395799343 2.048574224520622 -2.923143284426703 1.9695544654767303 7.48836978670697 -3.161909306081927 1
moped_scooter 290 2 -1.6205804885663588 1186.6396 765.65826 1248.3986 910.4218 1.456707954707819 0.637071326317724 2.261078184351949 3.140024143216999 3.3039721456927924 18.465161434064694 -1.452140502420334 1
Pedestrian 291 0 1.4429441331759651 1122.5452 750.50494 1189.2789 929.1184 1.64667014959796 0.5673942635424111 0.6340914730729994 1.88673699408746 2.895485838231804 14.550715138843447 -4.7112943651946395 1
Pedestrian 200 0 -1.6502838858724065 1301.1182 761.4815 1405.7943 1008.40216 1.422551507613194 0.584027093684789 0.7930913852886061 2.487824978668355 2.33468249125862 9.545443518582172 -1.395326198275186 1
Pedestrian 202 0 -1.849223355882471 1476.2123 694.0573 1630.9244 1065.324 1.747666158906506 0.5880663702094235 0.5488036191510174 2.9364511923431524 2.106318009844368 7.453533857525162 -1.4739280761120077 1
Pedestrian 969 2 3.0313763171982524 1108.6599 798.6178 1147.6831 855.2085 1.1007968285693994 0.839369711450396 0.7442157165143044 3.575655068868235 4.877113288216791 32.088104849593094 -3.14083439283918 1
Car 293 1 -1.4741381259149147 723.7005 763.5236 889.35425 914.7307 1.6307281428477063 2.0030664400164104 3.9384338756729553 -2.137566413622132 3.8261179284060063 21.712420083824156 -1.5722709170152118 1
Car 1094 1 -1.5226193229454028 884.57495 790.21344 944.6741 853.85803 1.5968698520583384 1.8180407855270602 4.03833896827579 -1.5234239248640546 7.3633633081780685 50.128916332467654 -1.553000095263796 1
Car 970 2 1.9437734986585458 365.22336 816.157 481.97855 886.44354 1.3988523673592517 1.8048246673492343 4.017178906728909 -15.335321818200473 7.141628514268383 42.868452817861915 -4.682956173211288 1
Car 971 1 2.0596923624952668 52.724586 799.0242 256.00684 907.4198 1.4974241176053646 1.8016998494090781 4.006462840418425 -15.568859941123096 5.120039968241654 29.10690594990856 1.5685274343674105 1
Car 972 2 2.1995153024931655 0.0 775.3124 55.721176 920.61163 1.5027013749699725 1.8013274410804971 4.196768207993325 -15.483672311445602 3.92262629085169 21.948259680602078 -4.698052620224146 1
vehicle_other 973 1 -1.407588536871732 507.80402 674.0565 828.17633 1040.4109 5.009152754580665 3.387100030211902 17.082428424426435 -5.220257767599055 6.318494783129264 31.285519614923167 -1.572923947090712 1
Pedestrian 292 0 1.4017673951582426 1185.3359 768.8232 1251.5409 926.4754 1.4678020091360109 0.567054332576617 0.4542873290286553 2.499785082925922 2.8915519638356084 14.565998442066851 -4.711455785809294 1
Pedestrian 201 1 -1.751207856214448 1457.8204 745.2865 1575.8289 997.574 1.5416051150187589 0.6279550062210375 0.6046942156226345 3.636484722781966 2.3610072947659164 9.826308990761053 -1.3967607683590975 1
