bicycle 1680 0 2.621263467999346 749.3371 821.917 903.9244 927.0359 0.9936345274747992 0.5256294674033014 1.7849275446922437 -1.5679331497216313 3.4059947850205035 17.584527504526935 -3.7508521549063167 1
bicycle 1681 0 1.7995901021487821 1022.69385 805.034 1113.0103 934.29095 1.2406101351176122 0.6767282864145447 1.9188679609459862 1.3219886805052505 3.5558227836582743 18.20378648326039 -4.411100837145319 1
bicycle 1682 0 2.8668725121354917 224.92235 810.8366 628.873 1085.8495 1.0814442369358825 0.8979644530202902 1.8644086103480324 -2.838631967009346 2.18972202566606 8.008833809650971 -3.7569354646324222 1
bicycle 1683 1 2.707493145576006 707.8674 802.90717 889.54565 923.77673 1.175578837975387 0.6875232013344768 2.0494778074103936 -1.9198293921467613 3.391296693319382 17.791379149523777 -3.6831840790781945 1
bicycle 1684 0 1.8803527847256358 890.09924 811.1136 1002.9703 930.7527 1.1374528322955133 0.8934550399429074 1.6709581258964434 -0.15271713685824265 3.5002425962024306 18.044606929775753 -4.411295632310141 1
bicycle 1685 0 1.7948148315648949 963.1405 803.9441 1049.0387 931.85724 1.2406101351176122 0.6576460856885314 1.7808998036307824 0.5645959201392307 3.5199801353771347 18.093425628022185 -4.4571761188332335 1
Car 1686 0 -2.8064785034469626 178.35954 749.85956 605.774 902.38135 1.5658040422255177 1.8177780870267672 4.421900733708109 -6.667922505618368 3.139678413538329 17.877885017371142 -3.1634686406054278 1
Car 1687 1 2.732772187405648 1358.3967 760.2518 1804.9828 957.1189 2.097857489865824 1.7481306323726133 4.694549700329445 7.398781410371538 3.8225089675349446 18.13066045713568 -3.1629596744558155 1
Car 1688 1 -0.7325072282478508 1810.2562 815.91235 1935.0 1122.5066 1.4117968261255154 1.7481306323726133 4.283644135862517 7.712115072978283 2.672678745572589 8.951824705354365 -0.021367020866022157 1
Pedestrian 1679 0 2.5668870288875985 1599.2848 678.27563 1892.7909 1215.0 1.6799096687651252 0.6053914795603065 0.5339329181708585 2.3229620367325245 1.8514272440539528 4.4782430341224995 -3.237785696562177 1
Pedestrian 1689 1 1.7378317419210134 1838.6198 805.7249 1888.2185 944.1061 1.755701890051497 0.5123635762331642 0.39839786106843017 12.138943704643898 4.227377685390646 20.122896541329276 -4.002554840306006 1
Pedestrian 1690 1 -3.060845845379531 1853.215 795.4509 1913.5059 956.2487 1.8690802172978336 0.838126524893382 0.5854735132518121 11.70501464020797 4.091780762881407 18.9781500948095 -2.508191940008839 1
Pedestrian 1692 2 -2.8701931987641465 455.52563 739.32007 503.9076 867.8363 1.7045575247645581 0.5420895430553455 0.5080774339016998 -6.634085257073838 3.3034826077820636 20.616224103118974 -3.181518611248654 1
