Car 1094 1 -1.5166659125444852 880.1277 814.206 954.0798 894.84814 1.5968698520583384 1.8180407855270602 4.03833896827579 -1.1687613229033011 7.076167718919379 41.242163412527646 -1.544997321474017 1
bicycle 288 0 -1.406360409477045 572.81476 816.61755 702.19556 1058.77 1.1109997392886577 0.4721235590767322 1.9868296413460151 -2.0030146894000107 2.4513671349889274 9.452232741337864 -1.6151804208616465 1
bicycle_rack 199 2 -2.4952697071776098 0.0 677.9706 408.41205 1215.0 1.3192870876232257 2.3954661052723965 2.3410677426641606 -2.7229273755501042 1.4762244234083164 3.148944214966307 -3.208242632070971 1
moped_scooter 290 0 -1.803743790675047 1434.056 767.2115 1639.3206 1085.8325 1.456707954707819 0.637071326317724 2.261078184351949 3.397335776621417 2.427232198476483 9.036662934222484 -1.4441402764259403 1
Pedestrian 969 1 2.9853947750643166 1182.3966 831.40405 1239.0818 911.4823 1.1007968285693994 0.839369711450396 0.7442157165143044 3.8557118604338902 4.357584885987267 23.161734315413952 -3.132834138527328 1
Pedestrian 1095 2 2.9893287575739946 1181.2972 831.2823 1227.7007 906.65216 1.1014445689301124 0.6551748096673775 0.6428238132791728 3.897377533807668 4.45845490624081 23.99439384066323 -3.132834138527328 1
Car 293 1 -1.4192255094505153 562.47424 767.3196 875.06976 1045.8817 1.6307281428477063 2.0030664400164104 3.9384338756729553 -1.8624753977642694 3.033216076196221 12.75061193502114 -1.5642692398840459 1
Car 970 1 2.0221954376177926 218.7519 820.9479 380.3975 910.7903 1.3988523673592517 1.8048246673492343 4.017178906728909 -15.040345755098285 6.154262956150244 34.23294499741579 -4.674954524719488 1
Car 1097 1 1.955595653346407 354.65927 819.9728 478.27606 897.39136 1.5027215854029727 1.818040785527061 4.111612801330348 -15.085842508162083 7.206768839387468 41.63930470722251 -4.675178212083241 1
Car 1096 2 2.0681733043685204 0.0 813.35046 215.74675 934.127 1.507548998610857 1.8048246673492225 4.022320572146189 -15.346737086600506 5.168550741293396 27.02359963959297 1.5516902580140606 1
vehicle_other 973 1 -1.3502744789901202 248.60497 661.9743 809.091 1215.0 5.009152754580665 3.387100030211902 17.082428424426435 -4.898303496245258 5.77825208211533 22.468768643618258 -1.564921072149016 1
Pedestrian 291 1 1.025135515441793 1650.9164 640.46295 1935.0 1215.0 1.6855554470103733 0.6443605109168477 0.7835446982861074 1.957040913530297 1.7225390200200752 3.158206981160024 -4.703293661204567 1
