Car 1094 1 -1.516760868957147 879.63324 810.77124 954.67816 892.31445 1.5968698520583384 1.8180407855270602 4.03833896827579 -1.14874327035871 6.9015227125952965 40.636909574242644 -1.5450218130015456 1
Car 1097 2 1.9608004113298403 344.11276 820.1802 470.8344 899.0855 1.5027215854029727 1.818040785527061 4.111612801330348 -15.062227770119732 7.116935089795424 40.904950296624556 -4.6752027034301396 1
bicycle 288 0 -1.390172905040534 538.25226 810.53107 683.147 1071.0145 1.1109997392886577 0.4721235590767322 1.9868296413460151 -2.0168654158203854 2.329189777044184 8.810772022885299 -1.6152049040715621 1
bicycle_rack 199 2 -2.40933312597995 0.0 654.66077 334.23514 1215.0 1.3192870876232257 2.3954661052723965 2.3410677426641606 -2.7401478703283852 1.3977066455803175 2.6669538216871884 -3.2082671136667367 1
Pedestrian 969 1 2.978875407603147 1191.4471 827.24915 1250.0826 909.4326 1.1007968285693994 0.839369711450396 0.7442157165143044 3.9022106856277596 4.207447168670919 22.536429850040722 -3.1328586224213186 1
Pedestrian 1095 2 2.9834626912881643 1189.5718 827.42664 1237.4126 904.63403 1.1014445689301124 0.6551748096673775 0.6428238132791728 3.9409527647957248 4.314989412948261 23.39814508283855 -3.1328586224213186 1
Car 293 1 -1.4136996533369128 538.9343 761.0873 874.83813 1057.921 1.6307281428477063 2.0030664400164104 3.9384338756729553 -1.8215751939209412 2.903880945678157 12.004350698843158 -1.564293728058575 1
Car 970 1 2.0276601250600823 206.94003 818.1836 372.21994 909.12933 1.3988523673592517 1.8048246673492343 4.017178906728909 -15.035544053872934 6.02068160396129 33.71821054819399 -4.674979012805249 1
Car 1096 1 2.0772043472362394 0.0 809.4646 201.05865 932.35925 1.507548998610857 1.8048246673492225 4.022320572146189 -15.3478777597663 5.024075085543304 26.46461514616284 1.551665766816848 1
vehicle_other 973 1 -1.3458064860778527 220.2572 669.25433 807.3335 1215.0 5.009152754580665 3.387100030211902 17.082428424426435 -4.874704960076616 5.9120187942441556 21.887575335284417 -1.5649455639869485 1
moped_scooter 290 0 -1.8256645601750767 1462.5824 763.2939 1690.8632 1102.4336 1.456707954707819 0.637071326317724 2.261078184351949 3.4231837760919666 2.3539379690904374 8.533365660762636 -1.444164760159922 1
