bicycle 1680 0 2.619935196419835 751.5459 821.0447 905.6515 925.7949 0.9936345274747992 0.5256294674033014 1.7849275446922437 -1.5490361933365144 3.4015223378710955 17.63184186583244 -3.7508795935777828 1
bicycle 1681 0 1.7983985000918734 1024.658 806.5796 1114.5751 935.6587 1.2406101351176122 0.6767282864145447 1.9188679609459862 1.3468378293796257 3.581521124628172 18.251807317106124 -4.411128284765178 1
bicycle 1682 0 2.8656298138369394 229.29068 814.32263 628.7809 1086.863 1.0814442369358825 0.8979644530202902 1.8644086103480324 -2.8586188189770096 2.2216008593719354 8.096458285934874 -3.756962908715918 1
bicycle 1683 1 2.7057291361840283 710.7614 801.3648 891.91754 921.7701 1.175578837975387 0.6875232013344768 2.0494778074103936 -1.8932954432410916 3.3773429284229293 17.83580611492512 -3.683211517030678 1
bicycle 1684 0 1.882873918979259 886.70245 812.58563 998.80975 931.22473 1.1374528322955133 0.8934550399429074 1.6709581258964434 -0.2005521457095368 3.5399171254615958 18.211915845639666 -4.41132308192876 1
bicycle 1685 0 1.7936731612489725 964.9434 805.28284 1050.5872 933.17535 1.2406101351176122 0.6576460856885314 1.7808998036307824 0.5855048504515923 3.539743048962567 18.11596954291492 -4.457203573669233 1
Car 1686 0 -2.808490727311364 181.28609 749.0699 608.6823 901.6669 1.5658040422255177 1.9057765799739521 4.421900733708109 -6.66367533163116 3.141485602628589 17.97538086054181 -3.163496078098177 1
Car 1687 1 2.7329577260735074 1359.1372 760.649 1803.2784 956.44556 2.097857489865824 1.7481306323726133 4.694549700329445 7.434237537364278 3.8364698199659957 18.228642309065215 -3.16298711363003 1
Car 1688 1 -0.7293592680650219 1805.1085 815.74054 1935.0 1120.2583 1.4117968261255154 1.7481306323726133 4.283644135862517 7.70883127282936 2.678425137830243 9.005685362407661 -0.02139446004023693 1
Pedestrian 1679 0 2.5608867507759516 1619.9418 680.76794 1892.2059 1215.0 1.6802834083454963 0.5671719631614633 0.5043292054768936 2.4017393431374687 1.8622205254691693 4.5632218185554585 -3.2378131368998107 1
Pedestrian 1689 1 1.7403842742865292 1833.3789 805.60016 1882.9512 943.92755 1.755701890051497 0.5123635762331642 0.39839786106843017 12.072522907221872 4.226535294266193 20.13003017687145 -4.002582281157006 1
Pedestrian 1690 1 -3.0613878542950648 1854.2368 794.767 1914.6077 955.8024 1.8690802172978336 0.838126524893382 0.5854735132518121 11.699000512126068 4.079281358399452 18.946571770510847 -2.5082193796227576 1
Pedestrian 1692 2 -2.8835140177972205 477.94812 740.8624 525.2001 867.96674 1.7045575247645581 0.5420895430553455 0.5080774339016998 -6.404411822174738 3.343084480436267 20.848965236770635 -3.1815460513893394 1
