bicycle 1680 0 2.6195667140022545 751.74426 820.93524 906.34375 926.0397 0.9936345274747992 0.5256294674033014 1.7849275446922437 -1.5385786223905449 3.392538807913252 17.573527596406485 -3.7509468454288197 1
bicycle 1681 0 1.797489388043667 1025.6569 807.89197 1116.0588 938.0485 1.2406101351176122 0.6767282864145447 1.9188679609459862 1.3531683442454538 3.5834799852129375 18.12962928422719 -4.41119555854937 1
bicycle 1682 0 2.8670656376514176 223.33809 811.96796 629.3935 1088.8685 1.0814442369358825 0.8979644530202902 1.8644086103480324 -2.8267064113031464 2.1913507785640323 7.967903126018609 -3.7570301738330554 1
bicycle 1683 1 2.703194285300945 714.7288 802.786 895.42194 923.0763 1.175578837975387 0.6875232013344768 2.0494778074103936 -1.852521077523752 3.3993520195459683 17.87170972561125 -3.6832787671192118 1
bicycle 1684 0 1.8841796756496896 884.10913 811.24713 997.2267 930.70447 1.1374528322955133 0.8934550399429074 1.6709581258964434 -0.2238363260705048 3.505428241631616 18.072650628972113 -4.411390360611996 1
bicycle 1685 0 1.7960469205706664 960.861 805.83777 1047.3055 934.566 1.2406101351176122 0.6576460856885314 1.7808998036307824 0.5381519352951303 3.534308651288297 18.01260621800673 -4.457270865140403 1
Car 1686 0 -2.8067615306364897 178.16017 750.5657 606.5083 903.5362 1.5658040422255177 1.8177780870267672 4.421900733708109 -6.649085591117909 3.1452066517225408 17.83763975794182 -3.1635633270624224 1
Car 1687 1 2.730891178119649 1360.867 758.8286 1808.8589 956.0685 2.097857489865824 1.7481306323726133 4.694549700329445 7.417996299916123 3.8003349457545204 18.08532947059953 -3.163054366714098 1
Car 1688 1 -0.7332450661692217 1811.1442 828.70215 1935.0 1138.8029 1.4117968261255154 1.7481306323726133 4.283644135862517 7.709647193060683 2.7551552312545216 8.93732970307042 -0.021461713124304227 1
Pedestrian 1679 0 2.58549600377361 1552.3315 673.6308 1874.808 1215.0 1.6709471173571948 0.7023150974600751 0.5665580064687554 2.19481873473121 1.82765967781596 4.4320898378059255 -3.2378803928340574 1
Pedestrian 1689 1 1.738978933345959 1835.8442 805.6116 1885.9325 945.3954 1.755701890051497 0.5123635762331642 0.39839786106843017 11.98502919406155 4.20175164061886 19.923651188783868 -4.002649538350519 1
Pedestrian 1690 1 -3.0598650359352875 1851.0469 798.10614 1911.2384 958.6921 1.8690802172978336 0.838126524893382 0.5854735132518121 11.702257540985807 4.131165428114635 19.019431504661547 -2.508286633783792 1
Pedestrian 1691 2 2.734570833487622 1710.7092 812.038 1777.9583 947.7746 1.5925119237366947 0.5583906922575181 0.569199997455077 9.770180248069591 3.9665875476414794 18.671691106236104 -3.066531175912424 1
Pedestrian 1692 2 -2.854677856335204 429.26733 739.59955 478.3683 868.1656 1.7045575247645581 0.5420895430553455 0.5080774339016998 -6.988813356739757 3.306883405962485 20.609624318738742 -3.181613306841382 1
