bicycle 1680 0 2.6200778510166574 751.1659 820.9904 905.916 926.18677 0.9936345274747992 0.5256294674033014 1.7849275446922437 -1.5432009554946486 3.3913067863501416 17.55908394163155 -3.750768410130292 1
bicycle 1681 0 1.799664189078511 1022.4244 809.48834 1113.2628 940.0478 1.2406101351176122 0.6767282864145447 1.9188679609459862 1.314751372302408 3.600471502510149 18.101701876263444 -4.411017065059257 1
bicycle 1682 0 2.869725622423312 218.94583 815.2314 625.4171 1093.1517 1.0814442369358825 0.8979644530202902 1.8644086103480324 -2.8472433434397595 2.210081061325309 7.963026507830986 -3.7568517033403728 1
bicycle 1683 1 2.703287141493017 714.9475 803.4881 895.4683 923.72217 1.175578837975387 0.6875232013344768 2.0494778074103936 -1.852744349273478 3.4101534231166806 17.888790441423854 -3.6831003364961434 1
bicycle 1684 0 1.8826701113869069 886.7293 812.7162 999.6642 932.3163 1.1374528322955133 0.8934550399429074 1.6709581258964434 -0.19335148924962403 3.5244196520756956 18.075188425904823 -4.411211854123897 1
bicycle 1685 0 1.7960760108781342 961.11285 806.7411 1047.5061 935.4829 1.2406101351176122 0.6576460856885314 1.7808998036307824 0.5411922704711292 3.547162919589617 18.02412737973895 -4.457092324723449 1
Car 1686 0 -2.8059586797326106 177.01935 749.83356 605.5208 902.72504 1.5658040422255177 1.8177780870267672 4.421900733708109 -6.661224315537829 3.1358501855057948 17.836166824760355 -3.1633848994301856 1
Car 1687 1 2.7309155742008033 1361.1078 761.8794 1809.1721 959.4562 2.097857489865824 1.7481306323726133 4.694549700329445 7.42054788947036 3.8389199529905262 18.083615755355634 -3.162875928146536 1
Car 1688 1 -0.7345157754465905 1813.5535 831.13385 1935.0 1142.6548 1.4117968261255154 1.7481306323726133 4.283644135862517 7.71229779072019 2.7679484775235124 8.914250965491531 -0.02128327455674328 1
Pedestrian 1679 0 2.6030913597635656 1523.4915 657.6523 1839.865 1215.0 1.7333452608969686 0.7191627334621989 0.540016065615065 2.0743902493870676 1.837670476865691 4.379067076477718 -3.2377019467000867 1
Pedestrian 1689 1 1.7407663433588674 1832.5459 805.53613 1882.6836 945.45917 1.755701890051497 0.5123635762331642 0.39839786106843017 11.92953167503817 4.198336645893746 19.903824308729398 -4.002471088878565 1
Pedestrian 1690 1 -3.0595674839938325 1850.811 798.11487 1910.9836 958.6027 1.8690802172978336 0.838126524893382 0.5854735132518121 11.706119403301743 4.13259449409189 19.03078655772976 -2.508108192356465 1
Pedestrian 1691 1 2.738522739718644 1703.4819 813.16833 1770.8448 949.66187 1.5925119237366947 0.5583906922575181 0.569199997455077 9.63045051633307 3.968752646528522 18.57494793377947 -3.0663527339232557 1
Pedestrian 1692 2 -2.8507986658461837 423.00345 739.549 472.27298 868.0996 1.7045575247645581 0.5420895430553455 0.5080774339016998 -7.074683889997595 3.306335648131051 20.611727177736224 -3.1814348619884143 1
