Pedestrian 1679 0 2.818386909317559 1156.2393 687.3658 1484.3138 1215.0 1.6955650813448397 0.6475600954532297 0.8135111632604091 1.0709298825298637 1.9024006840779002 4.590907292562202 -3.2356246821514656 1
bicycle 1680 0 2.6203334762871546 750.3622 823.4863 905.41254 929.1032 0.9936345274747992 0.5256294674033014 1.7849275446922437 -1.5479627879480105 3.4175566270617965 17.526850274585527 -3.7509427668185187 1
bicycle 1681 0 1.7978062623109938 1025.1937 813.0499 1115.5841 943.7362 1.2406101351176122 0.6767282864145447 1.9188679609459862 1.3482748115823058 3.6508854986423027 18.140510986525904 -4.411191478608863 1
bicycle 1682 0 2.8690345505945745 219.02637 818.8374 627.10956 1098.9454 1.0814442369358825 0.902912910920471 1.8644086103480324 -2.8330339311924306 2.228260371981808 7.936218162691366 -3.7570260944181566 1
bicycle 1683 1 2.702655010182669 715.0487 808.3586 896.7187 929.88635 1.175578837975387 0.6875232013344768 2.0494778074103936 -1.8325850218467543 3.4569697266356743 17.773544073906848 -3.6832746886158128 1
bicycle 1684 0 1.8885019638674354 877.55286 814.6794 990.8677 934.19916 1.1374528322955133 0.8934550399429074 1.6709581258964434 -0.3026371934410477 3.5546852815305554 18.1171160336114 -4.411386280374373 1
bicycle 1685 0 1.7987817950868292 956.5706 808.9883 1043.4034 938.11804 1.2406101351176122 0.6576460856885314 1.7808998036307824 0.488733945124088 3.5733875941703745 18.00563323756829 -4.457266784127224 1
Car 1686 0 -2.8067061570767775 178.18439 752.85156 606.33154 906.002 1.5658040422255177 1.8177780870267672 4.421900733708109 -6.653378281947435 3.1746810905016396 17.846358716520854 -3.1635592486271067 1
Car 1687 1 2.7318676313903505 1359.5393 765.5869 1806.7242 963.25183 2.097857489865824 1.7481306323726133 4.694549700329445 7.408204580766699 3.888713137642344 18.11159733770019 -3.1630502880289857 1
Car 1688 1 -0.7364575091726162 1816.0211 831.0483 1935.0 1144.112 1.4117968261255154 1.7481306323726133 4.283644135862517 7.705987134017364 2.762054387582924 8.87520698188596 -0.02145763443919213 1
Pedestrian 1689 0 1.7574600325270149 1789.6385 803.77997 1857.803 947.42804 1.755701890051497 0.7000953870174624 0.4892620626744689 11.372809073422253 4.164266136781855 19.72191253016899 -4.002645459416196 1
Pedestrian 1690 1 -3.06365896441716 1859.1451 798.40204 1918.948 959.07996 1.8690802172978336 0.7510466991583972 0.5854735132518121 11.72784982843833 4.117079618976861 18.899817687023102 -2.5082825550333934 1
Pedestrian 1691 1 2.736255455776495 1707.4086 811.9714 1774.8702 948.3543 1.5925119237366947 0.5583906922575181 0.569199997455077 9.684722248614214 3.9548149790359535 18.584335613417924 -3.066527097149165 1
Pedestrian 1692 1 -2.7950521994486928 326.3264 736.4418 378.0953 864.6626 1.7045575247645581 0.5420895430553455 0.5080774339016998 -8.405504382291449 3.265822796972418 20.65052492416499 -3.181609228012694 1
