bicycle 1680 0 2.622074194296894 747.5796 822.04626 902.8445 927.6283 0.9936345274747992 0.5256294674033014 1.7849275446922437 -1.5780050390819143 3.3981145337888785 17.51267590710963 -3.7509748797940943 1
bicycle 1681 0 1.7973225075674266 1025.955 812.5668 1116.192 943.0622 1.2406101351176122 0.6767282864145447 1.9188679609459862 1.3578235197412634 3.6468956058296147 18.158034175839447 -4.411223602057935 1
bicycle 1682 0 2.8687686793279545 221.6586 816.8013 625.3432 1093.0148 1.0814442369358825 0.8979644530202902 1.8644086103480324 -2.8598203944242275 2.2263514779831226 8.01717369798893 -3.7570582137289277 1
bicycle 1683 1 2.7022393376402007 715.44904 809.3132 897.468 931.19055 1.175578837975387 0.6875232013344768 2.0494778074103936 -1.8220364601059267 3.4644510242203044 17.737921636218655 -3.6833068007496563 1
bicycle 1684 0 1.8860371414083668 881.234 814.4456 994.46075 934.14343 1.1374528322955133 0.8934550399429074 1.6709581258964434 -0.2581363033051571 3.548005514544902 18.087906980721502 -4.411418406162808 1
bicycle 1685 0 1.798296961229691 957.33875 809.9416 1044.0022 939.00995 1.2406101351176122 0.6576460856885314 1.7808998036307824 0.4974998925852419 3.5881961990870064 18.02768883035487 -4.457298916022028 1
Car 1686 0 -2.8059220711350554 176.863 750.8113 604.8906 903.63135 1.5658040422255177 1.8177780870267672 4.421900733708109 -6.6741356623895145 3.149970216746942 17.857493644441586 -3.1635913602252534 1
Car 1687 1 2.7315545790449987 1359.8368 764.7946 1807.4421 962.551 2.097857489865824 1.7481306323726133 4.694549700329445 7.40793062144686 3.8772142674935433 18.09641704564004 -3.1630824015937042 1
Car 1688 1 -0.7369374259661146 1816.6982 831.0589 1935.0 1144.4751 1.4117968261255154 1.7481306323726133 4.283644135862517 7.705375105060345 2.7609296137902204 8.866478730753387 -0.021489748003911346 1
Pedestrian 1679 0 2.859917334004341 1116.4797 685.522 1392.543 1215.0 1.700054979346494 0.6817165009156199 0.6598073386796507 0.8657672480625638 1.899947144916204 4.560419048571258 -3.2356567957626527 1
Pedestrian 1689 0 1.756347612267656 1800.174 804.348 1851.3689 947.2076 1.755701890051497 0.49925246346533747 0.48926206267446787 11.331859421768556 4.149665752476064 19.60193667296375 -4.002677574943034 1
Pedestrian 1690 1 -3.0963469599975078 1866.3914 798.6982 1914.7788 958.6676 1.8690802172978336 0.7437900470138138 0.4856943427566986 11.736351073549645 4.1151353799568025 18.88196810284242 -2.5402223135416184 1
Pedestrian 1692 1 -2.7890704499431296 313.9539 731.0247 369.39728 858.9857 1.7045575247645581 0.5420895430553455 0.5548755813880817 -8.558940858932399 3.1914941103088026 20.670605307884482 -3.1816413427077443 1
Pedestrian 1691 1 2.7360489637893957 1707.72 811.97003 1775.2233 948.41406 1.5925119237366947 0.5583906922575181 0.569199997455077 9.684553691656369 3.953767882363467 18.576107467105473 -3.0665592113290936 1
