bicycle 1680 1 2.6193402393730896 751.51135 822.00745 906.19574 927.27527 0.9936345274747992 0.5256294674033014 1.7849275446922437 -1.5398712511968218 3.4043157758358102 17.563130442164052 -3.751297792642696 1
bicycle 1681 2 1.794751321832237 1029.9064 812.02045 1119.0819 941.36224 1.2406101351176122 0.6767282864145447 1.9188679609459862 1.4099929108795264 3.6579370701309823 18.302270389016893 -4.411546620236546 1
bicycle 1682 0 2.8651484486805323 225.25877 815.9489 632.6651 1094.9967 1.0814442369358825 0.8979644530202902 1.8644086103480324 -2.8027406621971647 2.2114009275998496 7.93979015530502 -3.757381190304333 1
bicycle 1683 1 2.703583673230329 713.31195 807.6519 894.582 928.80743 1.175578837975387 0.6875232013344768 2.0494778074103936 -1.8601865949935332 3.453528076543383 17.817032597116985 -3.6836297051291096 1
bicycle 1684 1 1.8869997080843222 879.1958 813.9526 992.63947 933.7175 1.1374528322955133 0.8934550399429074 1.6709581258964434 -0.2811228539671198 3.539512418675288 18.07038509704474 -4.411741447867001 1
bicycle 1685 2 1.7980623431553475 957.29535 810.46295 1043.7928 939.3768 1.2406101351176122 0.6576460856885314 1.7808998036307824 0.49667341145059657 3.598279271153559 18.055677555722625 -4.457622019132453 1
Car 1686 0 -2.8073025938517193 178.7157 752.8011 606.62665 905.89496 1.5658040422255177 1.8177780870267672 4.421900733708109 -6.651336549683942 3.1747711079066017 17.854049863540933 -3.1639142592632066 1
Car 1687 1 2.7313645733472036 1359.4792 763.9689 1807.3413 961.79065 2.097857489865824 1.7481306323726133 4.694549700329445 7.400389302872273 3.865707178266379 18.084850287386427 -3.163405320380864 1
Car 1688 1 -0.7367751351819897 1815.681 829.79144 1935.0 1142.8673 1.4117968261255154 1.7481306323726133 4.283644135862517 7.70023597758753 2.7531096284415946 8.869253352126723 -0.021812666791072077 1
Pedestrian 1679 0 2.96925620405143 941.374 676.2546 1233.8604 1215.0 1.7188407125854173 0.6668361614467662 0.7764549338632536 0.35373398506184306 1.8870288709882774 4.528800821079118 -3.235979715029897 1
Pedestrian 1689 0 1.760170032360981 1787.2909 803.6826 1847.8186 949.7354 1.755701890051497 0.5940441237288263 0.501997204963204 11.051333837169855 4.109066016101386 19.3008945796836 -4.003000513454262 1
Pedestrian 1690 1 3.1057195817546477 1863.5615 798.03656 1921.2362 960.5004 1.8690802172978336 0.838126524893382 0.5854735132518121 11.69512230243676 4.1045329474724825 18.79913638912086 -2.6209476357174193 1
Pedestrian 1692 1 -2.7613107270999246 265.29846 735.13916 318.50903 862.86145 1.7045575247645581 0.5420895430553455 0.5080774339016998 -9.2712609383174 3.2530532450036755 20.724540074591676 -3.1819642728459616 1
Pedestrian 1691 1 2.736238995869542 1705.2551 813.8375 1775.7915 950.4104 1.5925119237366947 0.5583906922575181 0.605634969971452 9.670233300765943 3.9769647374209027 18.57187277954576 -3.0668821362923078 1
