Pedestrian 1679 0 3.0530406357713695 866.4679 670.0987 1053.8253 1215.0 1.705543689403602 0.7167292017405762 0.5005663782546019 -0.024274706389436754 1.8533724198006951 4.5104458532082825 -3.2355265056688776 1
bicycle 1680 1 2.6185272212862767 752.60455 822.84814 907.47363 928.34924 0.9936345274747992 0.5256294674033014 1.7849275446922437 -1.523684779378191 3.4112148730758403 17.537559806595837 -3.7513216980753747 1
bicycle 1685 2 1.7910146014943233 968.0241 810.9812 1054.0901 940.7133 1.2406101351176122 0.6576460856885314 1.7808998036307824 0.6201485999642495 3.5923721970133915 17.955289384962143 -4.457645938651705 1
bicycle 1681 0 1.796713771784841 1026.293 813.13025 1116.6279 943.97076 1.2406101351176122 0.6767282864145447 1.9188679609459862 1.3598630770440683 3.6495210356377026 18.121508043700103 -4.411570533467844 1
bicycle 1682 0 2.866781109855022 222.51485 817.1533 629.8386 1096.3535 1.0814442369358825 0.8979644530202902 1.8644086103480324 -2.818958414836319 2.219039304719834 7.94378408869053 -3.7574051004564137 1
bicycle 1683 1 2.700821184686279 717.5864 807.38837 898.5907 928.40924 1.175578837975387 0.6875232013344768 2.0494778074103936 -1.8124398943038658 3.4521235149765874 17.832426815183567 -3.6836536099344435 1
bicycle 1684 2 1.8866993966518741 879.70013 815.9931 992.9733 935.8266 1.1374528322955133 0.8934550399429074 1.6709581258964434 -0.27646114794690796 3.568231728613303 18.092247523088176 -4.411765362840063 1
Car 1686 0 -2.806398549793637 177.0361 752.6528 605.1323 905.7369 1.5658040422255177 1.8177780870267672 4.421900733708109 -6.669969380962056 3.172854695496932 17.85340562216281 -3.163938163676375 1
Car 1687 1 2.7312792675497892 1359.5026 765.46655 1807.5472 963.53186 2.097857489865824 1.7481306323726133 4.694549700329445 7.398830397048826 3.8840950929637317 18.077873856116952 -3.1634292262542196 1
Car 1688 1 -0.7367100383449721 1815.5001 829.767 1935.0 1142.8152 1.4117968261255154 1.7481306323726133 4.283644135862517 7.699438785980592 2.7530496588324347 8.869929703594227 -0.021836572664426734 1
Pedestrian 1689 0 1.7741494365847679 1779.2749 802.9274 1849.0958 952.1797 1.755701890051497 0.6662685258920524 0.6058076248159333 10.897302296851658 4.083569507042916 19.10666324278918 -3.9907104412745094 1
Pedestrian 1690 1 2.976519930028126 1858.3022 798.08496 1926.741 960.4453 1.8690802172978336 0.838126524893382 0.5999868175409772 11.68813760946165 4.103031689208898 18.788115435638048 -2.7501522166619465 1
Pedestrian 1692 1 -2.752188315000554 248.5936 733.97644 302.24155 861.6447 1.7045575247645581 0.5420895430553455 0.5080774339016998 -9.501321698681398 3.2369818878253294 20.728099521528033 -3.181988179558556 1
Pedestrian 1691 1 2.7362168411419714 1703.1693 813.8101 1777.9467 950.40485 1.5925119237366947 0.5583906922575181 0.6566439314943868 9.672315823234564 3.977373260207565 18.57595173610631 -3.066906042622143 1
