Pedestrian 1679 0 3.117595768258755 684.91486 677.0138 1030.0636 1215.0 1.6708795468307502 0.666211653098037 0.9602021590665909 -0.3153842703932249 1.840860818909208 4.5007605498275005 -3.2355487317564533 1
bicycle 1684 1 1.8807800046752128 888.7383 815.7258 1001.5833 935.7812 1.1374528322955133 0.8934550399429074 1.6709581258964434 -0.1694152828085966 3.5602552066660813 18.05638288075841 -4.411787597553857 1
bicycle 1680 2 2.614834355145701 757.8667 823.27155 913.2489 929.308 0.9936345274747992 0.5256294674033014 1.7849275446922437 -1.452273336715365 3.4059075166398736 17.45855622211566 -3.7513439239189545 1
bicycle 1685 0 1.790807578222256 968.2971 810.98663 1054.3685 940.7708 1.2406101351176122 0.6576460856885314 1.7808998036307824 0.6232359019098139 3.5915998941676617 17.948535072926415 -4.457668177592309 1
bicycle 1681 0 1.7976885980987563 1024.8013 812.58563 1115.1274 943.1466 1.2406101351176122 0.6767282864145447 1.9188679609459862 1.3437785222216592 3.646084053458656 18.14965623373731 -4.411592766562235 1
bicycle 1682 0 2.866578609716378 223.50662 817.4292 629.50964 1095.6898 1.0814442369358825 0.8979644530202902 1.8644086103480324 -2.8264229059112824 2.2239682538723295 7.969376863205242 -3.757427330688018 1
bicycle 1683 1 2.703771453234799 713.0328 807.12427 894.1574 928.12195 1.175578837975387 0.6875232013344768 2.0494778074103936 -1.8659825893940747 3.4487983437796315 17.83215930011351 -3.683675835194709 1
Car 1686 0 -2.806401180113868 177.00238 751.99225 605.0984 905.0013 1.5658040422255177 1.8177780870267672 4.421900733708109 -6.6704217869634 3.1645621196724534 17.853549474395646 -3.1639603885724337 1
Car 1687 1 2.731523100684502 1359.1716 765.46594 1806.9231 963.4165 2.097857489865824 1.7481306323726133 4.694549700329445 7.397330560789682 3.88503755147424 18.087935871341013 -3.163451452507643 1
Car 1688 1 -0.7373704866961824 1816.4504 832.117 1935.0 1146.2162 1.4117968261255154 1.7481306323726133 4.283644135862517 7.6983227427903085 2.766679888135606 8.857218516458113 -0.021858798917850475 1
Pedestrian 1689 0 1.8012121645480388 1776.9912 796.96246 1843.81 956.1242 1.8690802172978336 0.60127298115238 0.6657888257528306 10.777748142426919 4.10449737274787 18.979991985811132 -3.965530484971718 1
Pedestrian 1690 1 2.976483946438648 1857.4929 798.032 1927.6681 960.6137 1.8690802172978336 0.838126524893382 0.6181284479024327 11.67954011583583 4.101082670955162 18.77371954716585 -2.750174443213609 1
Pedestrian 1691 1 2.7365953376984686 1704.7959 813.80597 1774.7098 950.3884 1.5925119237366947 0.5583906922575181 0.5983479754681789 9.659432821261085 3.9762140316389782 18.56937132286891 -3.066928269299883 1
Pedestrian 1692 1 -2.7334892449022252 213.98491 730.7539 268.48584 858.1594 1.7045575247645581 0.5420895430553455 0.5080774339016998 -9.988491572284026 3.193689899358849 20.756063973451937 -3.1820104065921195 1
