bicycle 1683 2 2.703799889103442 712.8735 806.15607 893.9903 927.0543 1.175578837975387 0.6875232013344768 2.0494778074103936 -1.8680318751530933 3.4368513127124865 17.833181669731086 -3.6837551335700054 1
bicycle 1684 0 1.8812781303946773 887.9161 812.3599 1000.6855 931.9035 1.1374528322955133 0.8934550399429074 1.6709581258964434 -0.18005085659311926 3.5201342185965356 18.07724602462402 -4.411866929660222 1
bicycle 1680 1 2.614903548303599 757.58344 823.28143 913.0805 929.3985 0.9936345274747992 0.5256294674033014 1.7849275446922437 -1.4538526580486042 3.404392628494693 17.446182649419228 -3.751423224375836 1
bicycle 1685 0 1.7914122281214562 967.2867 812.41815 1053.3359 942.2014 1.2406101351176122 0.6576460856885314 1.7808998036307824 0.6116573800849927 3.6123102111073466 17.969474074226586 -4.457747524779916 1
bicycle 1681 0 1.7968885540335444 1025.8772 813.0923 1116.2131 943.89465 1.2406101351176122 0.6767282864145447 1.9188679609459862 1.3551551350662487 3.6495856744194004 18.125893621355676 -4.411672092890518 1
bicycle 1682 0 2.8682524378048972 219.40237 817.27325 627.6105 1097.0983 1.0814442369358825 0.8979644530202902 1.8644086103480324 -2.8277504164624667 2.217849883959684 7.928968234039134 -3.7575066468027267 1
Car 1686 0 -2.8056022266934404 174.64854 752.9933 603.98676 906.544 1.5658040422255177 1.8507775218819569 4.421900733708109 -6.68731484942556 3.17835821338036 17.850929572559163 -3.164039685651436 1
Car 1687 1 2.7319078443706006 1358.6246 763.11786 1805.7966 960.5871 2.097857489865824 1.7481306323726133 4.694549700329445 7.39581518336712 3.8570750926191737 18.108209553452205 -3.1635307544278337 1
Car 1688 1 -0.7371112385898351 1815.8755 829.7476 1935.0 1143.1119 1.4117968261255154 1.7481306323726133 4.283644135862517 7.6974659079251975 2.7519055303191173 8.862290666710484 -0.02193810083804082 1
Pedestrian 1679 0 -3.077305072464725 611.9634 663.37665 814.31464 1215.0 1.6792720512826373 0.7744075361954322 0.5390949934685598 -0.7083536753354587 1.804004771103011 4.436660290459546 -3.235628033086359 1
Pedestrian 1689 0 1.796457751060645 1768.5781 796.9669 1833.3859 956.58563 1.8690802172978336 0.6014303023269699 0.5546932366031685 10.554882787153211 4.078829600227157 18.79744857202295 -3.975093396221817 1
Pedestrian 1690 1 2.9759478277572686 1858.8746 798.053 1928.1516 960.7079 1.8690802172978336 0.838126524893382 0.6072434696855589 11.68233559791049 4.099418478460631 18.75910177878016 -2.7502537461970307 1
Pedestrian 1691 1 2.7361042204226464 1706.7699 815.57117 1774.2574 952.1369 1.5925119237366947 0.5583906922575181 0.569199997455077 9.672173946252215 3.9990868497322665 18.575176339178107 -3.067007572733295 1
Pedestrian 1692 1 -2.711157838158947 158.5233 730.2966 240.08504 858.0256 1.7045575247645581 0.5420895430553455 0.8590635400495974 -10.549896643752836 3.1852913619074377 20.721062963621655 -3.182089711294747 1
