bicycle 1684 0 1.8822875918419157 886.3281 814.7956 999.30206 934.70746 1.1374528322955133 0.8934550399429074 1.6709581258964434 -0.197781112886064 3.549206342258305 18.062390971417937 -4.411847163232821 1
bicycle 1680 2 2.61783825356578 753.3353 822.2427 908.55945 927.969 0.9936345274747992 0.5256294674033014 1.7849275446922437 -1.5091670543218374 3.3980300310577825 17.493638095175648 -3.751403465834394 1
bicycle 1685 0 1.7925835265134848 965.6224 812.2992 1051.5679 941.66406 1.2406101351176122 0.6576460856885314 1.7808998036307824 0.5926954257385446 3.61748744965005 18.02279708931232 -4.457727754594829 1
bicycle 1681 0 1.7975895651434 1024.8933 812.5803 1115.1589 943.0693 1.2406101351176122 0.6767282864145447 1.9188679609459862 1.3451917068803254 3.647188661136199 18.159009277501596 -4.411652327902807 1
bicycle 1682 0 2.866419775938365 224.82022 815.8378 628.6219 1091.9988 1.0814442369358825 0.8979644530202902 1.8644086103480324 -2.840901316009051 2.2200634254453746 8.0127252090847 -3.757486884359737 1
bicycle 1683 2 2.706381821820032 709.1154 808.4949 890.0063 929.3893 1.175578837975387 0.6875232013344768 2.0494778074103936 -1.9177087143980058 3.469997011524849 17.865520114305824 -3.6837353755472653 1
Car 1686 0 -2.8076870803985345 179.19527 750.23987 607.0899 903.06256 1.5658040422255177 1.8177780870267672 4.421900733708109 -6.6451038471936 3.1424448251198935 17.852533604954832 -3.1640199279512173 1
Car 1687 1 2.7318623531946877 1358.6954 764.72546 1805.9629 962.40576 2.097857489865824 1.7481306323726133 4.694549700329445 7.3958014793593865 3.8772128036528453 18.10480098388212 -3.163510995521646 1
Car 1688 1 -0.7339689164198319 1808.0947 827.13007 1935.0 1140.1473 1.4117968261255154 1.7481306323726133 4.283644135862517 7.643273293583289 2.7338715740489272 8.855600759473393 -0.02191834193185227 1
Pedestrian 1679 0 -3.1366495325420387 672.3131 679.7628 949.6876 1215.0 1.6556137340582495 0.666211653098037 0.7661845837087342 -0.44511117169093145 1.8335857173932701 4.483254817428916 -3.235608274327035 1
Pedestrian 1689 0 1.795594439161941 1766.2339 796.42725 1839.0507 956.84357 1.8690802172978336 0.6611405648522913 0.717103897495613 10.66533888039784 4.099160182778927 18.95493412343299 -3.9750736361261985 1
Pedestrian 1690 1 2.9767269184156264 1856.2314 797.9928 1927.7206 960.64734 1.8690802172978336 0.838126524893382 0.6326417521915976 11.671798492303731 4.100921849810837 18.773935647284866 -2.750233987026054 1
Pedestrian 1691 1 2.7350682956629115 1708.6516 813.88257 1776.3989 950.7944 1.5925119237366947 0.5583906922575181 0.569199997455077 9.669151244256236 3.971006460607351 18.521612718314287 -3.066987813450176 1
Pedestrian 1692 1 -2.7246845635780708 195.27557 730.66394 254.33588 858.3194 1.7045575247645581 0.5420895430553455 0.56267527263582 -10.197589634480533 3.189848135497641 20.718531090673697 -3.182069951695439 1
