Car 1113 2 1.946284350885487 223.85886 742.26544 416.91388 845.7714 1.5395060942368417 1.967406326434698 4.644693920795515 -12.666729928451874 4.071125722941717 29.91043237446339 1.5456944897435543 1
Car 1115 0 -1.2775233219206243 173.1926 675.6712 724.2862 1132.7793 1.8763783309392166 1.749783531874456 4.256761102810892 -2.6051796496963493 2.2456314288969232 8.743896173730391 -1.5670915777040988 1
bicycle 1116 2 2.8253501638124114 661.9309 795.29266 811.42456 914.10547 1.2320924831103468 0.7396202568559218 1.6532416434655437 -2.7344890482064614 3.3881511555431114 18.221071764576244 -3.606796384307262 1
Car 1838 2 -0.6872119523118547 0.0 0.0 1935.0 1169.3353 1.4623636314242952 1.8470489544140805 4.306666302433546 -2.2053905221827774 1.4144704934350896 1.747959027173427 -1.587805177516511 1
Car 431 2 -1.482521322946318 800.2328 782.6172 871.1235 854.7967 1.569507641426492 1.6761372608472365 3.507502576065326 -3.482543575156733 6.180386269642191 41.96075817297889 -1.5653267927916106 1
Car 432 1 -1.449292967806227 737.7223 766.3389 865.39636 884.18646 1.7158240930915294 1.9621956991408385 4.707869535414458 -3.086951417005499 4.762247011843422 29.83805406508626 -1.5523830707264952 1
Car 435 2 -1.485357001651002 824.8007 788.8302 891.54346 851.0596 1.4597303873909035 1.8077307844894164 4.409851651216286 -3.329261585620371 7.074476919536814 48.99927017800418 -1.5531978591699225 1
Car 433 1 -1.4632777995559199 697.8837 772.6214 840.4292 907.0985 1.496063470239196 1.7350100542627058 3.680002840646576 -2.8103826686465845 3.9081577226568562 22.56437142021244 -1.587189265349454 1
Car 1661 0 2.0156768226267783 0.0 724.55914 257.57532 863.4448 1.5559828121745203 2.0370041469676767 4.2524239115313405 -12.299801560722758 3.1730966935062437 22.078681735211912 1.5074069236792265 1
bicycle 1117 2 2.570263642477899 593.87445 802.03296 757.34973 920.41284 1.0696071865769878 0.4327975745930413 1.8496491283093883 -3.1598384105660293 3.1392074448643426 16.679245931896617 -3.900150131997302 1
bicycle 1118 2 2.530597981245354 616.14185 796.5019 834.8404 946.6277 1.1471487531487425 0.81929630554287 2.0164067756168453 -2.2871428262191604 2.9472790574136685 14.693411312271087 -3.907005845874402 1
moped_scooter 436 2 -1.6112157718895022 969.3595 795.6811 991.73224 842.98694 1.338980792985025 0.6768910167933271 2.0081283222129374 0.6454167021066609 7.239735463341087 50.65652545609831 -1.5984754235270824 1
Pedestrian 437 0 -1.552814007565121 889.8977 755.28467 939.66895 908.8024 1.7817070921561822 0.594488448091647 0.6270858429182504 -0.5608883484038869 3.3973147993567796 18.21257774942175 -1.5836010347460392 1
Pedestrian 438 1 -1.5700453797164438 921.0559 761.6998 960.91547 891.6861 1.7817070921561822 0.5571108852016946 0.37492891352013313 -0.2859240762644431 3.728592408508004 21.09131296310094 -1.5836010347460392 1
Pedestrian 440 2 -1.6019450553054855 968.80084 777.0014 1009.00244 896.0579 1.611015622366277 0.5512719996665653 0.4103033813867877 0.384860112867296 3.765908460855448 20.977786291688137 -1.5836010347460392 1
bicycle 1119 2 2.396795036489695 633.44946 792.5935 814.43616 935.1696 1.1774874291981998 0.6248331634323432 1.9517432693915515 -2.4355321891405546 3.030319294634129 15.56428035423042 -4.041613630471678 1
Pedestrian 439 1 -1.602972605986887 964.68524 761.8466 1016.7932 912.77203 1.7395784904977092 0.6127353318574499 0.6985267361044476 0.35320653400602753 3.4414578312651 18.23096058363602 -1.5836010347460392 1
