Car 1113 1 1.931315556860152 269.9734 744.9874 450.06577 844.0009 1.5395060942368417 1.967406326434698 4.644693920795515 -12.43000808122316 4.238229967036455 31.26696830264333 1.5529278691503365 1
Car 1115 1 -1.3134743550300556 314.63977 689.45984 761.3289 1080.0388 1.8763783309392166 1.749783531874456 4.256761102810892 -2.5222503774195575 2.401655215786448 10.028968031774829 -1.5598609938065746 1
bicycle 1116 2 2.8144152962011164 694.5238 795.9156 834.33307 906.8598 1.2320924831103468 0.7396202568559218 1.6532416434655437 -2.5591605446802546 3.5366114634579304 19.45451549643728 -3.5995648610538544 1
Car 1838 1 -0.9493897436072137 0.0 655.2836 583.3578 1215.0 1.4623636314242952 1.8470489544140805 4.306666302433546 -2.2144510874223773 1.5678620395494782 3.0296331687395988 -1.5805742083544756 1
Car 431 2 -1.4876742885106706 820.3493 787.30084 888.4748 857.71344 1.569507641426492 1.6761372608472365 3.507502576065326 -3.0498412736258045 6.456543256044499 43.236903055019894 -1.5580955685746303 1
Car 432 1 -1.4549962910149565 761.1226 770.55383 882.00433 883.851 1.7158240930915294 1.9621956991408385 4.707869535414458 -2.8152107852953074 4.980650736496951 31.14163108863359 -1.5451514706720166 1
Car 435 2 -1.487290194803004 839.64 791.7859 904.39496 852.6828 1.4597303873909035 1.8077307844894164 4.409851651216286 -2.9535604972366625 7.319147661827398 50.27841470980228 -1.5459668670973477 1
Car 433 1 -1.467758581155129 720.9189 775.0913 854.31055 901.81067 1.496063470239196 1.7350100542627058 3.680002840646576 -2.691056152612372 4.0804053363188935 23.883968536484016 -1.5799574588700689 1
Car 1661 2 1.9933791231429432 42.34279 727.50037 303.57602 858.0332 1.5559828121745203 2.0370041469676767 4.2524239115313405 -12.162237329375163 3.3133384609638967 23.43357337763379 1.5146401548147876 1
bicycle 1118 2 2.5156157558906562 660.46436 798.78125 859.43384 935.67426 1.1471487531487425 0.81929630554287 2.0164067756168453 -2.1329208965784203 3.127310128906342 16.03933060408989 -3.8997745622623956 1
Pedestrian 437 0 -1.5540717375577113 903.76984 762.4406 951.5096 908.6877 1.7817070921561822 0.594488448091647 0.44019802846845724 -0.4205716129278643 3.5365493819889364 18.857948530107695 -1.5763701283214118 1
Pedestrian 438 1 -1.5697451074857165 932.0345 765.11743 970.6609 891.47736 1.7817070921561822 0.5571108852016946 0.4309952578550627 -0.14432976554279886 3.844734616675388 21.785237741618843 -1.5763701283214118 1
Pedestrian 440 2 -1.595391547396314 970.7556 782.56195 1008.94037 895.6148 1.611015622366277 0.5512719996665653 0.29201489669491476 0.41604200900576943 3.932269795674571 21.869652810671784 -1.5763701283214118 1
bicycle 1119 2 2.3774217235662367 684.0827 794.8776 846.2995 923.7966 1.1774874291981998 0.6248331634323432 1.9517432693915515 -2.216216036484012 3.2338941531207914 17.13591176781619 -4.034381305829873 1
Pedestrian 439 1 -1.6017786880425475 972.7312 770.9453 1026.9042 917.98145 1.7395784904977092 0.6583525412719885 0.7532673874018763 0.47837159606682195 3.614830712539132 18.823130949946155 -1.5763701283214118 1
