bicycle 1116 2 2.8176970950881386 682.18665 795.6146 825.78406 909.63556 1.2320924831103468 0.7396202568559218 1.6532416434655437 -2.625287522109385 3.475526540022707 18.952897187621225 -3.603128800174198 1
Car 1838 1 -0.8619908512284957 0.0 645.69037 537.91534 1215.0 1.4623636314242952 1.8470489544140805 4.306666302433546 -2.2217696144274055 1.5275458264546524 2.522234040682443 -1.5841378767325927 1
Car 1115 0 -1.3018971117848865 266.2823 684.3993 748.3085 1098.6072 1.8763783309392166 1.749783531874456 4.256761102810892 -2.5488101109469112 2.340216680708651 9.522649758113207 -1.5634244723535875 1
Car 431 2 -1.4866330590282602 812.9015 789.2053 881.9985 860.64014 1.569507641426492 1.6761372608472365 3.507502576065326 -3.2112380717038382 6.456866452865987 42.721157268725015 -1.5616593625944983 1
Car 432 1 -1.4517136322869508 749.4643 770.0298 872.69684 884.7514 1.7158240930915294 1.9621956991408385 4.707869535414458 -2.9923049838290052 4.9306843325962895 30.751113215426052 -1.5487154498415894 1
Car 435 2 -1.4865208139139192 832.7117 791.92847 898.2478 853.4659 1.4597303873909035 1.8077307844894164 4.409851651216286 -3.1400979469528743 7.266932889330389 49.76915585905743 -1.5495305467333784 1
Car 433 1 -1.4663721356200579 711.5066 774.4495 848.2163 904.0987 1.496063470239196 1.7350100542627058 3.680002840646576 -2.7512802850863816 4.019035617201164 23.377691071203706 -1.5835215397955749 1
Car 1113 2 1.9370776587496155 250.93378 743.9082 436.0397 844.6724 1.5395060942368417 1.967406326434698 4.644693920795515 -12.547857019789188 4.171151725253426 30.725489138456478 1.5493630132136933 1
Car 1661 1 2.0019096897273427 13.438863 729.5896 284.6918 864.0713 1.5559828121745203 2.0370041469676767 4.2524239115313405 -12.231319858495514 3.310965578504317 22.885366190984737 1.5110753718203331 1
bicycle 1118 2 2.5152186978123923 651.1491 800.66406 858.6302 944.0701 1.1471487531487425 0.81929630554287 2.0164067756168453 -2.0958389027605024 3.0723163920416416 15.387408381013907 -3.903338384708991 1
Pedestrian 437 0 -1.5536345382594914 897.30255 762.5874 945.77985 912.22186 1.7817070921561822 0.594488448091647 0.599052670750778 -0.49099057904740917 3.528074620533476 18.665087237688397 -1.5799337657852919 1
Pedestrian 438 1 -1.569994545515005 926.697 769.44336 966.0744 900.2804 1.7817070921561822 0.5571108852016946 0.7113269795297524 -0.21384541735942925 3.8958658205189263 21.51460272574804 -1.5799337657852919 1
Pedestrian 440 2 -1.597149863532502 967.5874 782.2924 1006.81836 898.88885 1.611015622366277 0.5512719996665653 0.40185420390882787 0.36872968953375707 3.886397725370734 21.415611392838354 -1.5799337657852919 1
bicycle 1119 2 2.3865730795180853 660.1941 796.5002 830.88696 931.9155 1.1774874291981998 0.6248331634323432 1.9517432693915515 -2.33161078142038 3.167765801844782 16.38724542757145 -4.03794564045049 1
Pedestrian 439 1 -1.6014550366822407 968.79065 770.7451 1018.8502 915.48395 1.7395784904977092 0.6127353318574499 0.5444546764370607 0.4047249556464642 3.600198417828945 18.80290763634109 -1.5799337657852919 1
