Car 1113 2 1.9222003906666962 294.48895 746.5729 467.168 842.91437 1.5395060942368417 1.967406326434698 4.644693920795515 -12.338686922725186 4.344464155164806 32.137287961513664 1.5556178450280895 1
Car 1115 1 -1.3308510208610644 379.34424 696.9784 777.0769 1053.6284 1.8763783309392166 1.749783531874456 4.256761102810892 -2.503684896891177 2.5036176661411336 10.873010286666624 -1.5571720568433824 1
bicycle 1116 2 2.8059043944037754 714.60614 795.55646 848.3173 901.50006 1.2320924831103468 0.7396202568559218 1.6532416434655437 -2.4428461597396303 3.631339771710221 20.328569173019687 -3.596875579599734 1
Car 1838 1 -1.0603948901035078 0.0 676.22565 639.92456 1215.0 1.4623636314242952 1.8470489544140805 4.306666302433546 -2.2045363769310464 1.6694248113983652 3.8728116812855955 -1.577885128201648 1
Car 431 2 -1.4891393300947402 827.4009 786.4125 894.0224 855.35767 1.569507641426492 1.6761372608472365 3.507502576065326 -2.9257699384994873 6.521813047512792 44.08654704226742 -1.5554063936903744 1
Car 432 1 -1.455439418313756 767.87585 770.20264 885.21436 880.05505 1.7158240930915294 1.9621956991408385 4.707869535414458 -2.7950409322913465 5.060056373544651 32.037394608101536 -1.5424621561761003 1
Car 433 1 -1.4740139529460883 738.05963 776.2884 865.0964 898.18726 1.496063470239196 1.7350100542627058 3.680002840646576 -2.568150672948162 4.191853818880579 24.78368522805281 -1.5772680675626456 1
Car 1661 2 1.9787923727094772 83.32614 733.02606 329.8193 859.51697 1.5559828121745203 2.0370041469676767 4.2524239115313405 -12.082000943969852 3.4702038553319268 24.296596334509076 1.5173300758206167 1
bicycle 1118 2 2.5076697904103966 682.4463 800.20593 870.3263 929.6039 1.1471487531487425 0.81929630554287 2.0164067756168453 -2.068169747767575 3.2476036646334703 16.928301217487103 -3.8970853670098577 1
Pedestrian 437 0 -1.5569920786821112 912.40955 760.78894 959.3861 907.03424 1.7817070921561822 0.594488448091647 0.7579073130331031 -0.32221010259646193 3.570458231592711 19.30495096436902 -1.573681071489358 1
Pedestrian 438 1 -1.567060601297827 932.1795 766.758 970.3658 893.88495 1.7817070921561822 0.5571108852016946 0.767393323864691 -0.1469890559190431 3.9242798396823817 22.20188357014799 -1.573681071489358 1
Pedestrian 440 2 -1.595706926234545 975.6815 781.9278 1013.02924 892.6316 1.611015622366277 0.5512719996665653 0.3342607840848772 0.49361599735361966 3.981512543552533 22.40712909789692 -1.573681071489358 1
bicycle 1119 2 2.385131647646871 678.90045 793.6413 836.54407 917.97986 1.1774874291981998 0.6248331634323432 1.9517432693915515 -2.38081916400797 3.283518939888346 17.70924419169537 -4.031691725238582 1
Pedestrian 439 1 -1.6003468643946102 975.4582 767.8476 1027.5511 907.5162 1.7395784904977092 0.6609885477268074 0.5160578984462998 0.5178452090966977 3.6202328920672153 19.41522851644641 -1.573681071489358 1
