Car 1113 2 1.9606032288650737 193.51225 741.83105 398.40137 849.71466 1.5395060942368417 1.967406326434698 4.644693920795515 -12.638835606236203 3.972524830795575 28.77018735623913 1.5466802774878343 1
Car 1115 0 -1.2406011707871063 19.040783 660.55206 702.8849 1201.6199 1.8763783309392166 1.749783531874456 4.256761102810892 -2.5649685045313784 2.108419328625805 7.599677298526668 -1.566106171096204 1
bicycle 1116 2 2.83401052597463 646.2931 791.53754 803.53595 916.40564 1.2320924831103468 0.7396202568559218 1.6532416434655437 -2.7364815945226946 3.240968807435138 17.327204520940043 -3.6058108485629368 1
Car 1838 2 -0.28325256840893975 0.0 0.0 1935.0 1215.0 1.4623636314242952 1.8470489544140805 4.306666302433546 -2.202978144431852 1.2767027241039755 0.603125539383771 -1.5868197183846904 1
Car 431 2 -1.4799348214359875 796.55273 787.5102 869.7978 862.28687 1.569507641426492 1.6761372608472365 3.507502576065326 -3.451898094657229 6.197188610053669 40.798960860988196 -1.5643412988728658 1
Car 432 1 -1.4485821101219782 735.6782 767.3637 867.61426 889.47986 1.7158240930915294 1.9621956991408385 4.707869535414458 -2.984030262451131 4.6970278996257 28.92083930109956 -1.5513975255518613 1
Car 435 2 -1.4837586012642285 822.8872 791.00885 891.4609 855.03064 1.4597303873909035 1.8077307844894164 4.409851651216286 -3.280359810107762 7.021075138529429 47.84591331164008 -1.5522123969001547 1
Car 433 1 -1.459148178867769 688.3999 771.3109 839.0905 912.722 1.496063470239196 1.7350100542627058 3.680002840646576 -2.748016304587393 3.783641941255927 21.511960614848835 -1.586203692053363 1
Car 1661 1 2.0375002065314196 0.0 723.2383 226.64352 870.2289 1.5559828121745203 2.0370041469676767 4.2524239115313405 -12.244309712347833 3.076761102601067 20.94051095501216 1.5083926911550298 1
bicycle 1117 2 2.5814251289941548 571.4401 801.80475 747.48627 928.93195 1.0696071865769878 0.4327975745930413 1.8496491283093883 -3.116416141659273 3.006605877943044 15.581372324117105 -3.8991644810064536 1
bicycle 1118 2 2.536830750803395 598.268 798.3975 835.5949 962.1883 1.1471487531487425 0.81929630554287 2.0164067756168453 -2.185606938577287 2.837022754780114 13.57211621730231 -3.906020343462569 1
moped_scooter 436 2 -1.6159676300607502 977.623 795.55005 1000.65314 843.6531 1.338980792985025 0.6768910167933271 2.0081283222129374 0.9207662389037988 7.140388767279304 49.82590802609823 -1.5974900652048079 1
Pedestrian 437 0 -1.5534160821365672 891.21124 756.0628 942.61316 917.0843 1.7817070921561822 0.594488448091647 0.9354507367603959 -0.5194983974464775 3.383063771033277 17.78628776562769 -1.582615584166551 1
Pedestrian 438 1 -1.5705096350467278 922.44604 763.0291 963.86865 899.9324 1.7817070921561822 0.5571108852016946 0.636571853749857 -0.2473729724358694 3.698760342657306 20.433002432901485 -1.582615584166551 1
bicycle 1119 2 2.4013069590579694 620.8553 792.996 815.23444 946.44727 1.1774874291981998 0.6248331634323432 1.9517432693915515 -2.326696868665893 2.9188107600447135 14.53306356730647 -4.040627985770658 1
Pedestrian 439 1 -1.6081840085616603 971.36975 763.143 1028.5243 916.6101 1.7395784904977092 0.6570853965660157 0.5403026004869989 0.45314870427091974 3.402935197921617 17.719118908848248 -1.582615584166551 1
Pedestrian 440 2 -1.606449261537826 976.8034 777.2127 1017.45123 897.2561 1.611015622366277 0.5512719996665653 0.4281523291258485 0.4967501398429893 3.7555889311730786 20.838415737078904 -1.582615584166551 1
