Car 1113 2 2.0084133404086137 97.49462 732.4206 344.9809 853.9204 1.5395060942368417 1.967406326434698 4.644693920795515 -12.387587166483387 3.5355579162312996 25.42381707071853 1.555022989562123 1
Car 1661 2 2.1126582025033374 0.0 693.61334 126.81563 863.6912 1.5559828121745203 2.0370041469676767 4.2524239115313405 -11.949153363281411 2.465703784120421 17.619749702311175 1.5167352324763752 1
Car 1114 2 1.8544243591804699 460.057 761.0829 582.16406 839.25195 1.7068450562934319 2.129729313332288 4.844357936848382 -12.70993058821418 5.890554013603261 43.518570242659095 1.5702699738783679 1
Car 1115 1 -1.0293078557227149 0.0 492.396 597.2075 1215.0 1.8763783309392166 1.749783531874456 4.256761102810892 -2.431892129827198 1.6969012042974316 4.165278524076767 -1.5577666825989807 1
Car 429 2 1.8830243234774233 409.40628 751.7709 542.96094 837.05444 1.637249380542076 1.844750020934753 4.866956110734736 -12.343291854014089 5.100588555473423 38.38768219437615 -4.711263006210382 1
bicycle 1116 2 2.859014415463538 600.035 784.1257 798.4694 942.5543 1.2320924831103468 0.7396202568559218 1.6532416434655437 -2.4026564569056266 2.767575329405081 13.72512292282348 -3.597470281309606 1
Car 431 2 -1.4733054138057395 795.03436 777.2513 875.8452 858.22595 1.569507641426492 1.6761372608472365 3.507502576065326 -3.099683691746538 5.559406682115976 37.39754578087885 -1.5560010720496602 1
Car 432 1 -1.4367010482487137 717.3204 758.7874 871.7154 898.6286 1.7158240930915294 1.9621956991408385 4.707869535414458 -2.699635412910171 4.192935437775323 25.287274090032845 -1.543056865401418 1
Car 433 1 -1.4374137455519052 647.3513 761.327 833.3842 929.7364 1.496063470239196 1.7350100542627058 3.680002840646576 -2.5621083327009635 3.317758983386851 18.122155385428883 -1.577862793775955 1
Car 435 2 -1.479342447891784 825.5665 786.301 900.05054 855.0769 1.4597303873909035 1.8077307844894164 4.409851651216286 -2.870965823885066 6.495407313416736 44.428640193137475 -1.5438724377743727 1
bicycle 1117 2 2.630242813305243 478.47678 799.5712 709.8757 964.54626 1.0696071865769878 0.4327975745930413 1.8496491283093883 -2.9468713045123387 2.581250040122125 12.153481157652267 -3.890822938556772 1
bicycle 1118 2 2.579158480362328 502.35568 790.9391 821.3816 1011.6768 1.1471487531487425 0.81929630554287 2.0164067756168453 -2.010237626547228 2.3951638385507463 10.25051647863177 -3.897680049793421 1
moped_scooter 436 2 -1.6100449137936736 980.56146 789.7485 1005.01276 841.4082 1.338980792985025 0.6768910167933271 2.0081283222129374 0.9658218924013672 6.54518867869725 46.21827482105019 -1.5891509849992327 1
Pedestrian 437 0 -1.5585524362685783 908.29285 746.2869 966.23346 924.67523 1.7817070921561822 0.6007180419066457 0.8326624388129942 -0.25036458209315454 3.1080040420914274 15.921857957951929 -1.574275723748967 1
Pedestrian 438 1 -1.5766752491027587 942.5809 756.60016 987.3421 902.8251 1.7817070921561822 0.5571108852016946 0.43099525785506404 0.045178944228669256 3.45895345790887 18.828247614879903 -1.574275723748967 1
bicycle 1119 2 2.44540955183129 527.7915 783.3815 792.0038 989.24506 1.1774874291981998 0.6248331634323432 1.9517432693915515 -2.163013497615712 2.4423138600094405 10.979679967987973 -4.032286493150579 1
Pedestrian 439 1 -1.6108800242698673 985.0123 752.50995 1048.4808 925.5503 1.7395784904977092 0.6467792862909002 0.7136479962622579 0.5829965507842826 3.128627526459355 15.919882047499124 -1.574275723748967 1
Pedestrian 440 2 -1.6181442759705493 1004.4879 771.3892 1049.814 903.99457 1.611015622366277 0.5512719996665653 0.3872559296292988 0.8249458471135598 3.470991782033174 18.792883477589697 -1.574275723748967 1
