Car 1113 2 2.0186086648980024 72.91362 730.7047 330.52887 855.3263 1.5395060942368417 1.967406326434698 4.644693920795515 -12.384919808852464 3.458207968113289 24.78087261162916 1.5551391606232836 1
Car 1661 2 2.1300900287609936 0.0 689.8799 98.95646 866.2464 1.5559828121745203 2.0370041469676767 4.2524239115313405 -11.947400576672894 2.388333260093412 16.976756735834496 1.516851401169689 1
Car 1114 2 1.858468293310304 452.25928 760.46375 576.94965 839.7999 1.7068450562934319 2.129729313332288 4.844357936848382 -12.705144544531697 5.813242134950151 42.87565843220854 1.5703861364416851 1
Car 1115 1 -0.953522901165196 0.0 330.435 555.89264 1215.0 1.8763783309392166 1.749783531874456 4.256761102810892 -2.4315176411765727 1.604032986685091 3.522848166280535 -1.557650556400107 1
Car 429 2 1.8882295467897556 399.08572 754.93945 536.0898 842.24585 1.637249380542076 1.844750020934753 4.866956110734736 -12.344630080136783 5.1300606149564825 37.73183132110649 -4.711146866000931 1
bicycle 1116 2 2.8667178760464522 585.0537 776.9664 790.0016 940.0445 1.2320924831103468 0.7396202568559218 1.6532416434655437 -2.430980508699469 2.6545212283446 13.292345293982311 -3.597354140267333 1
Car 431 2 -1.4733465375745392 794.4969 776.79755 876.7235 859.21814 1.569507641426492 1.6761372608472365 3.507502576065326 -3.040479038472848 5.482110749355428 36.75345614327765 -1.555884935577226 1
Car 432 1 -1.4350841288248946 712.84705 754.0221 870.9984 896.0966 1.7158240930915294 1.9621956991408385 4.707869535414458 -2.681781782448527 4.059933045883259 24.76783766042451 -1.5429407229007355 1
Car 433 1 -1.4348150558813932 639.01416 759.0819 832.66693 933.66925 1.496063470239196 1.7350100542627058 3.680002840646576 -2.5182585504958954 3.231811769411729 17.498484707545337 -1.5777466479577293 1
Car 435 2 -1.4784497257445728 823.738 782.51306 899.4338 851.9278 1.4597303873909035 1.8077307844894164 4.409851651216286 -2.864338300729287 6.310715827624733 43.797502303238666 -1.5437563050276717 1
bicycle 1118 2 2.5937777368310417 466.54785 786.5047 810.1367 1023.6733 1.1471487531487425 0.81929630554287 2.0164067756168453 -2.0217158613036696 2.2884825545184073 9.571802909155775 -3.897563912453395 1
moped_scooter 436 2 -1.6103497948197283 981.01733 787.95435 1005.8321 840.2735 1.338980792985025 0.6768910167933271 2.0081283222129374 0.9716566394617663 6.418799328801851 45.57882525868937 -1.5890348644812826 1
Pedestrian 437 0 -1.560219016921363 910.9249 741.90814 969.38794 919.2481 1.7817070921561822 0.6007180419066457 0.5149531542483626 -0.21782628469883927 3.0244499930801885 15.624331613633087 -1.5741595923738896 1
Pedestrian 438 1 -1.5775414110640018 943.4412 750.7814 989.6139 903.4329 1.7817070921561822 0.5571108852016946 0.7113269795297524 0.06222383418494411 3.360552345332766 18.39944795235909 -1.5741595923738896 1
Pedestrian 440 2 -1.6245041568222975 1013.0885 764.6975 1061.0813 903.963 1.611015622366277 0.5512719996665653 0.7060245931165362 0.9253109443082254 3.360835474504265 18.36402927697435 -1.5741595923738896 1
bicycle 1117 2 2.6301142564918076 472.473 799.6739 715.7148 973.7107 1.0696071865769878 0.4327975745930413 1.8496491283093883 -2.8005702760510083 2.51305750172007 11.562461340190902 -3.8907067839370084 1
bicycle 1119 2 2.4554026423045507 503.3842 782.5759 784.026 1000.8572 1.1774874291981998 0.6248331634323432 1.9517432693915515 -2.1562012207167394 2.3749982664265015 10.402254746507953 -4.032170339181796 1
Pedestrian 439 1 -1.6089692284015036 982.7276 747.6786 1045.0127 921.8007 1.7395784904977092 0.6285324025250656 0.5220557167212221 0.5422843401031311 3.0396291628057797 15.572276923194517 -1.5741595923738896 1
