Car 1113 2 1.9851777661305825 153.2426 737.6278 378.5813 852.3318 1.5395060942368417 1.967406326434698 4.644693920795515 -12.379737581012602 3.751249404558429 27.00304378903764 1.5553131979069579 1
Car 1661 2 2.073936683139027 0.0 713.14484 188.24881 872.58307 1.5559828121745203 2.0370041469676767 4.2524239115313405 -11.944572266401028 2.816523492763238 19.18329122701231 1.517025434906572 1
Car 1114 2 1.8449406205473424 479.1432 762.5511 595.2756 837.9849 1.7068450562934319 2.129729313332288 4.844357936848382 -12.695191062231391 6.081344360634915 45.10159463352645 1.5705601609947495 1
Car 1115 1 -1.1529990505339103 0.0 626.86975 665.2328 1215.0 1.8763783309392166 1.749783531874456 4.256761102810892 -2.459492459496736 1.886785814487487 5.745387988081775 -1.5574765863238307 1
Car 429 2 1.8717069623660558 432.63654 755.28625 558.6831 837.5046 1.637249380542076 1.844750020934753 4.866956110734736 -12.331961684749112 5.331688431794303 39.93737257924989 -4.710972874935705 1
bicycle 1116 2 2.8485148948410077 627.733 792.8293 804.06995 933.6619 1.2320924831103468 0.7396202568559218 1.6532416434655437 -2.5312242762927397 3.0438865892246914 15.438473389853195 -3.5971801479631225 1
Car 431 2 -1.4754210707770754 800.5726 786.42426 877.85876 864.8885 1.569507641426492 1.6761372608472365 3.507502576065326 -3.1341642551200204 5.967521900632006 38.95169136112153 -1.5557109501103958 1
Car 432 1 -1.4406806923008075 730.1067 767.1651 873.6625 899.0563 1.7158240930915294 1.9621956991408385 4.707869535414458 -2.762995604527037 4.508161692299416 26.971276328223922 -1.5427667284032136 1
Car 433 1 -1.4483132710661897 674.73883 772.1311 843.1816 928.6216 1.496063470239196 1.7350100542627058 3.680002840646576 -2.549766957443227 3.6090710188094466 19.615989760748217 -1.5775726484900723 1
Car 435 2 -1.4815422793474717 830.8658 791.036 902.4888 857.8369 1.4597303873909035 1.8077307844894164 4.409851651216286 -2.8571098889747053 6.81701577181134 45.99357190422561 -1.543582325142307 1
Pedestrian 439 1 -1.6090372577505574 986.5067 760.4116 1042.5793 927.79236 1.7395784904977092 0.5932213033856817 1.0004365476334256 0.5910371939923007 3.3123503775110983 16.85499072758683 -1.5739856145432223 1
bicycle 1117 2 2.601506758610238 540.39594 795.9298 741.36145 939.8457 1.0696071865769878 0.4327975745930413 1.8496491283093883 -2.919777230506289 2.735295764362391 13.77611415973083 -3.8905327712923095 1
bicycle 1118 2 2.554447389749086 564.6264 799.7187 839.47766 990.7084 1.1471487531487425 0.81929630554287 2.0164067756168453 -2.0063824075024077 2.640354348643549 11.783573835461684 -3.8973899256900504 1
moped_scooter 436 2 -1.6093897307738185 980.4223 790.2471 1004.02435 840.184 1.338980792985025 0.6768910167933271 2.0081283222129374 0.9813615877477448 6.735517447059385 47.797357517502206 -1.5888609029154326 1
Pedestrian 437 0 -1.5550581105776986 904.99066 755.17755 959.82806 924.379 1.7817070921561822 0.599160643452907 0.7672517037555747 -0.3165857645331255 3.2721845591972265 16.72423149651211 -1.5739856145432223 1
bicycle 1119 2 2.4229710385511094 582.8548 794.7575 810.5941 974.4887 1.1774874291981998 0.6248331634323432 1.9517432693915515 -2.178680898959418 2.712342706194856 12.557820929664228 -4.031996327510138 1
Pedestrian 438 1 -1.574377985527649 942.1714 762.5625 981.64874 902.3046 1.7817070921561822 0.5131532916088067 0.37492891352012847 0.007700839165656705 3.6057655604050955 19.626422636000385 -1.5739856145432223 1
Pedestrian 440 2 -1.6169409820015264 1004.02924 778.191 1047.58 905.8412 1.611015622366277 0.5512719996665653 0.46079899869956276 0.845039562786234 3.650039551125531 19.660401095353226 -1.5739856145432223 1
