Car 1113 1 2.0208143904631655 65.087685 719.6212 325.43732 842.87317 1.5395060942368417 1.967406326434698 4.644693920795515 -12.40350531479221 3.246629208873544 24.61256573965728 1.5540116857985136 1
Car 1661 2 2.1352875318522093 0.0 688.6615 88.19741 867.0495 1.5559828121745203 2.0370041469676767 4.2524239115313405 -11.969082412428822 2.3644248582210667 16.781039258571987 1.5157239493370476 1
Car 1114 2 1.859694661353359 447.96164 760.2392 573.4998 839.94604 1.7068450562934319 2.129729313332288 4.844357936848382 -12.756264609678501 5.788762790504104 42.679138534551974 1.569258744093533 1
Car 1115 1 -0.9279124993017883 0.0 257.3014 539.7725 1215.0 1.8763783309392166 1.749783531874456 4.256761102810892 -2.438044520384391 1.5816497876825466 3.3377726693421272 -1.558777595792791 1
Car 429 2 1.8896456884028785 394.28247 753.15643 532.3475 840.68097 1.637249380542076 1.844750020934753 4.866956110734736 -12.387832661446081 5.065673676990604 37.54054414974734 -4.712274041380941 1
bicycle 1116 2 2.869728221460718 576.98615 776.8157 785.23834 942.62286 1.2320924831103468 0.7396202568559218 1.6532416434655437 -2.449167224932538 2.632176975017808 13.085609844308827 -3.5984813239261264 1
Car 431 2 -1.4734540455655702 792.7346 776.63983 875.3734 859.474 1.569507641426492 1.6761372608472365 3.507502576065326 -3.0626597325738483 5.459111048379941 36.56774425676214 -1.557012074686735 1
Car 432 1 -1.433689961728872 708.0757 753.6356 867.8637 896.79346 1.7158240930915294 1.9621956991408385 4.707869535414458 -2.7244610982790505 4.036890714771122 24.58269592512257 -1.5440679205229604 1
Car 433 1 -1.4328297713646663 632.8466 758.6767 828.8876 934.873 1.496063470239196 1.7350100542627058 3.680002840646576 -2.551958429268853 3.2133264858183814 17.349478645767512 -1.5788738777758193 1
Car 435 2 -1.4781210734290497 821.3487 780.8233 897.41394 850.34937 1.4597303873909035 1.8077307844894164 4.409851651216286 -2.9163363173226133 6.239836031828522 43.617440011828506 -1.5448834079755596 1
bicycle 1117 2 2.632420822490387 466.06305 800.71277 711.09186 976.01715 1.0696071865769878 0.4327975745930413 1.8496491283093883 -2.8262228530281948 2.5138571057797607 11.495689047539216 -3.8918340993719496 1
bicycle 1118 1 2.593173647737653 462.93674 786.3613 811.6478 1027.4612 1.1471487531487425 0.81929630554287 2.0164067756168453 -1.9973172610993215 2.2724184744478357 9.43188586206469 -3.8986910600562408 1
moped_scooter 436 2 -1.6103598550954625 979.29755 788.4414 1004.214 841.00476 1.338980792985025 0.6768910167933271 2.0081283222129374 0.9169769230103899 6.413714332229341 45.39320399867982 -1.590161848733649 1
Pedestrian 437 0 -1.5615512798425022 911.3211 741.0865 969.6719 918.0655 1.7817070921561822 0.6007180419066457 0.5149531542483626 -0.2150281806325063 3.018058361743238 15.65404896047296 -1.5752866820064158 1
Pedestrian 438 1 -1.5815166997791095 947.7562 749.03937 994.053 902.04285 1.7817070921561822 0.5571108852016946 0.7113269795297524 0.11432633994249 3.3346790892842777 18.35064762078954 -1.5752866820064158 1
Pedestrian 440 2 -1.624434395405651 1011.1216 764.3025 1059.5488 904.77875 1.611015622366277 0.5512719996665653 0.7651688354624708 0.8999319613315644 3.3523373337691433 18.296013952454718 -1.5752866820064158 1
bicycle 1119 2 2.459208949805807 492.45383 782.1699 778.92804 1004.74567 1.1774874291981998 0.6248331634323432 1.9517432693915515 -2.1705334056979155 2.352527444364491 10.217496163641357 -4.033297648249061 1
Pedestrian 439 1 -1.6112677625941403 984.63007 748.22015 1046.3522 920.1402 1.7395784904977092 0.6285324025250656 0.3943275303605401 0.562101918695464 3.043683097679776 15.615409979756539 -1.5752866820064158 1
