Car 1113 1 2.0376936432613846 14.32079 730.76776 294.57285 863.2003 1.5395060942368417 1.967406326434698 4.644693920795515 -12.443695772052871 3.366977321151011 23.471423938689004 1.5502073111424237 1
Car 1661 2 2.1676668594622828 0.0 702.7201 26.476946 900.85736 1.5559828121745203 2.0370041469676767 4.2524239115313405 -12.032748527011798 2.4835100610593135 15.64090362586214 1.5119196524504623 1
Car 1114 2 1.8672048294757062 426.69247 766.6697 557.277 849.5255 1.7068450562934319 2.129729313332288 4.844357936848382 -12.93054398036265 5.875402814163475 41.54325637811344 1.5654546477738744 1
Car 1115 2 -0.7367403370560228 0.0 0.0 427.809 1215.0 1.8763783309392166 1.749783531874456 4.256761102810892 -2.4574225878221116 1.483445817027993 2.266282295537315 -1.5625805007039246 1
Car 429 2 1.8991357728693663 368.43723 761.9661 513.16724 853.72064 1.637249380542076 1.844750020934753 4.866956110734736 -12.551291354362595 5.197147959813417 36.40247706227768 1.5671079018623328 1
bicycle 1116 2 2.8902408203372216 529.42303 784.9577 757.0013 967.90076 1.2320924831103468 0.7396202568559218 1.6532416434655437 -2.5479878230154474 2.590526114414023 11.993194809917439 -3.6022847190260845 1
Car 431 1 -1.4701397137315475 780.30975 788.3241 866.06366 875.06726 1.569507641426492 1.6761372608472365 3.507502576065326 -3.2242076773560764 5.637225049089206 35.46010386201325 -1.560815316211035 1
Car 432 1 -1.4277590272721588 687.34045 763.52875 857.2867 916.9458 1.7158240930915294 1.9621956991408385 4.707869535414458 -2.823611097005207 4.10482076945505 23.39492743969336 -1.5478713595939968 1
Car 433 1 -1.4269370917518356 608.0254 766.0671 820.61896 958.45404 1.496063470239196 1.7350100542627058 3.680002840646576 -2.5427601040397922 3.1994875656976514 16.194703486469212 -1.5826774254521132 1
Car 435 2 -1.4759669862321463 811.09717 794.2867 889.5323 867.20276 1.4597303873909035 1.8077307844894164 4.409851651216286 -3.095855800835767 6.5253443243617735 42.49747353686954 -1.5486865274449215 1
bicycle 1117 2 2.6690364927097154 380.5387 798.60504 663.8604 998.7879 1.0696071865769878 0.4327975745930413 1.8496491283093883 -2.9361846680981945 2.3409219551061495 10.153931406875227 -3.895637939155966 1
bicycle 1118 1 2.6133760454696517 397.44708 794.5526 797.12964 1075.2045 1.1471487531487425 0.81929630554287 2.0164067756168453 -1.9678085970203891 2.2017177517446496 8.303780838650955 -3.9024943314448493 1
moped_scooter 436 2 -1.6105955093729547 973.98663 806.3716 998.84894 859.6142 1.338980792985025 0.6768910167933271 2.0081283222129374 0.7570592487393633 6.98523981293553 45.51693195948165 -1.5939645675020426 1
Pedestrian 437 0 -1.5609922660244309 903.08746 751.44135 964.6636 939.7281 1.7817070921561822 0.6007180419066457 0.6457746243632485 -0.2699344003026824 3.0712459973236688 14.913942382599785 -1.5790897564915602 1
Pedestrian 438 1 -1.5804873761333307 939.7337 763.1245 987.5378 921.34375 1.7817070921561822 0.5571108852016946 0.66460502591733 0.024821367800708247 3.4541956185003366 17.759732975513778 -1.5790897564915602 1
Pedestrian 440 2 -1.6211725718955936 1000.32294 776.6822 1048.742 918.3263 1.611015622366277 0.5512719996665653 0.4272017363427537 0.7447818680285127 3.428169608600313 17.687556036843965 -1.5790897564915602 1
bicycle 1119 2 2.4787239146137137 433.32605 789.49945 760.1809 1045.1586 1.1774874291981998 0.6248331634323432 1.9517432693915515 -2.1506045166444028 2.281906903572834 9.076965392337407 -4.037101465728372 1
Pedestrian 439 1 -1.6153201222285625 984.92194 760.53326 1047.445 945.7642 1.7395784904977092 0.5920386349934358 0.6771542287306312 0.5395249380588442 3.120560858001025 14.884996030189726 -1.5790897564915602 1
