Car 1113 1 2.106714133034698 0.0 724.76917 211.25714 882.4854 1.5395060942368417 1.967406326434698 4.644693920795515 -12.1013777883458 3.0232947394839025 19.884938520098924 1.56001695238086 1
Car 1114 2 1.8935411459506026 389.93112 762.1611 537.7659 852.56775 1.7068450562934319 2.129729313332288 4.844357936848382 -12.530217763589835 5.420315178413602 38.03040878833833 -4.707921735732341 1
Car 429 2 1.932720833888407 315.04126 756.1233 483.5446 857.7521 1.637249380542076 1.844750020934753 4.866956110734736 -12.200387436991495 4.7321201818369865 32.8300956280523 -4.706270369217802 1
bicycle 1116 1 2.964918637772795 373.40604 786.5505 706.68445 1062.1284 1.2320924831103468 0.7396202568559218 1.6532416434655437 -2.3044732772955747 2.1925685415952922 8.192315687096874 -3.592477612696157 1
Car 431 1 -1.4636843600581178 779.3306 794.21 876.07837 892.42053 1.569507641426492 1.6761372608472365 3.507502576065326 -2.781545639207736 5.367076754758168 31.77207080016319 -1.5510085956680828 1
Car 432 1 -1.412436049729038 656.24506 763.6953 864.09314 950.01697 1.7158240930915294 1.9621956991408385 4.707869535414458 -2.4891781686982757 3.7664695122501124 19.709521019786123 -1.5380641300232285 1
Car 433 1 -1.385104749704265 505.6063 762.6989 804.35925 1022.1082 1.496063470239196 1.7350100542627058 3.680002840646576 -2.3604582288062432 2.8105448755713907 12.423246252248076 -1.5728699157437833 1
Car 434 2 -1.4811640325053015 836.3181 804.4151 910.6603 875.815 1.4807831928883333 1.834398271762575 4.747702297552952 -2.6124038828020493 7.2306847769198965 45.4968367724435 -1.5385205149967482 1
Car 435 2 -1.4697352969556847 811.7949 801.9086 898.73846 883.21686 1.4597303873909035 1.8077307844894164 4.409851651216286 -2.6872473190355897 6.316849660454318 38.802085164699285 -1.5388801215053816 1
bicycle 1118 1 2.7730388313867027 0.0 797.5271 714.45447 1215.0 1.1471487531487425 0.81929630554287 2.0164067756168453 -1.8321684928547062 1.7867800701345233 4.553530810260488 -3.892687537672684 1
bicycle 1117 2 2.7797851587111455 115.34222 810.4158 572.17816 1131.4056 1.0696071865769878 0.4327975745930413 1.8496491283093883 -2.685734275266096 1.9953944546835867 6.6770678563649675 -3.8858296863331487 1
moped_scooter 436 2 -1.6194015154174188 1000.2806 812.75714 1028.3976 872.00836 1.338980792985025 0.6768910167933271 2.0081283222129374 1.4525381236664507 6.641057046911248 41.19866856650329 -1.5841591941644406 1
Pedestrian 437 0 -1.567061174616202 922.9993 755.41156 992.68494 967.16974 1.7817070921561822 0.6007180419066457 0.4993791697108971 -0.029203583614518774 2.9504219403411334 13.141179806127354 -1.5692834663716297 1
Pedestrian 438 1 -1.5883334997974783 963.4286 768.42725 1016.763 942.621 1.7817070921561822 0.5571108852016946 0.39361769496510896 0.3013768400433738 3.3188432303864275 15.818365012504614 -1.5692834663716297 1
bicycle 1119 2 2.608202679674667 80.973076 788.2565 679.7916 1215.0 1.1774874291981998 0.6248331634323432 1.9517432693915515 -1.9761365891471676 1.868784539067578 5.375059729430645 -4.027293267850112 1
Pedestrian 439 1 -1.6376822435543903 1028.532 764.155 1100.1686 971.96735 1.7395784904977092 0.5944462099347676 0.458191623540838 0.8943840299206396 2.9767027987597086 13.055625722862118 -1.5692834663716297 1
Pedestrian 440 2 -1.625182402669684 1018.05597 785.37994 1072.735 945.2094 1.611015622366277 0.5512719996665653 0.5099451281188772 0.886472986095416 3.338480232080731 15.84197364508438 -1.5692834663716297 1
