Car 1113 1 2.0938978062708338 0.0 724.01556 224.66878 877.52936 1.5395060942368417 1.967406326434698 4.644693920795515 -12.124797722323887 3.04314712375531 20.350080514502917 1.5565642948445482 1
Car 1114 2 1.8897291200895383 391.8682 760.5113 537.27325 849.4941 1.7068450562934319 2.129729313332288 4.844357936848382 -12.668060266314889 5.417515505996381 38.49534670211985 -4.711374140759435 1
Car 429 2 1.9278755058656634 319.29523 754.9847 484.4346 854.8713 1.637249380542076 1.844750020934753 4.866956110734736 -12.319712465013566 4.7452782901760955 33.29320665752878 -4.709722110216332 1
bicycle 1116 1 2.9488944260205168 403.60205 786.5692 716.94366 1044.2733 1.2320924831103468 0.7396202568559218 1.6532416434655437 -2.3342303678683307 2.249628096713551 8.7170761996647 -3.5959293746433443 1
Car 431 1 -1.4665359047314046 779.47797 792.5896 874.2984 888.97864 1.569507641426492 1.6761372608472365 3.507502576065326 -2.8443889563186135 5.385919530948517 32.26701615701966 -1.554460225633464 1
Car 432 1 -1.4152815043460214 659.03894 761.71747 860.7291 942.2368 1.7158240930915294 1.9621956991408385 4.707869535414458 -2.5643583256094096 3.7824064971934765 20.20623540669046 -1.5415159390182231 1
Car 433 1 -1.3912532969661502 519.63104 764.11694 802.713 1011.4014 1.496063470239196 1.7350100542627058 3.680002840646576 -2.42803282847371 2.8752027968505343 12.969514806646734 -1.5763218233734988 1
Car 434 2 -1.4817460472661275 832.50226 799.93713 905.9461 869.98425 1.4807831928883333 1.834398271762575 4.747702297552952 -2.7740237519923214 7.146333161956843 46.004462707802546 -1.5419721387040586 1
Car 435 2 -1.4704608939419532 808.364 799.2621 894.09717 879.1233 1.4597303873909035 1.8077307844894164 4.409851651216286 -2.829477769768108 6.302082721679221 39.301167951097035 -1.5423316407851242 1
bicycle 1117 2 2.7567231747342413 169.70688 809.9087 589.8738 1105.9027 1.0696071865769878 0.4327975745930413 1.8496491283093883 -2.7242013206951485 2.0548201094414975 7.17602309493352 -3.889281851755587 1
bicycle 1118 1 2.740079779491289 38.615112 793.44934 728.3916 1215.0 1.1471487531487425 0.81929630554287 2.0164067756168453 -1.8639721153854703 1.8287833842483985 5.058678002027919 -3.896139192007039 1
moped_scooter 436 2 -1.6186400690953364 994.1972 813.72296 1021.84564 872.1476 1.338980792985025 0.6768910167933271 2.0081283222129374 1.2977354505938679 6.745509356714542 41.80891629201016 -1.5876103502326306 1
Pedestrian 437 0 -1.5679115388623135 919.3751 748.95447 988.537 959.94525 1.7817070921561822 0.6007180419066457 0.6115118583807433 -0.06412782340790066 2.9100261155941416 13.295029468162067 -1.5727349449513455 1
Pedestrian 438 1 -1.5867893670057955 956.2 761.4467 1009.4696 938.04047 1.7817070921561822 0.5571108852016946 0.7113269795297524 0.2248194961085158 3.274757748895909 15.995299729791633 -1.5727349449513455 1
bicycle 1119 2 2.5911509816071763 133.50003 785.31537 682.3316 1211.5885 1.1774874291981998 0.6248331634323432 1.9517432693915515 -2.0447031024704954 1.9024978204401164 5.804077619369032 -4.030745414890573 1
Pedestrian 439 1 -1.6335295161307102 1017.26953 755.8086 1089.1414 964.0351 1.7395784904977092 0.5944462099347676 0.6680307868476811 0.8064517058606164 2.9286664976183276 13.24884610989393 -1.5727349449513455 1
Pedestrian 440 2 -1.62725884040719 1016.4898 786.22955 1070.0088 942.43317 1.611015622366277 0.5512719996665653 0.430452409802203 0.8778902158143292 3.369574693424612 16.085059388993212 -1.5727349449513455 1
