Car 1113 1 2.119475484510442 0.0 726.3865 197.6075 889.58887 1.5395060942368417 1.967406326434698 4.644693920795515 -12.028637336390714 3.0097963547793176 19.33481423164988 1.5629475233626104 1
Car 1114 2 1.8979380431542383 385.86572 762.1687 536.6529 854.0066 1.7068450562934319 2.129729313332288 4.844357936848382 -12.412567168604468 5.371039962712943 37.488260674340815 -4.704991379032336 1
Car 429 2 1.9384780673796635 307.87683 757.1644 480.56302 860.86066 1.637249380542076 1.844750020934753 4.866956110734736 -12.100899467674374 4.7084787858732895 32.28254977875786 -4.7033405758453775 1
bicycle 1116 1 2.9843536155283683 334.71408 785.46625 691.8097 1082.4144 1.2320924831103468 0.7396202568559218 1.6532416434655437 -2.287030369365006 2.1270695206046897 7.644001093486683 -3.5895478047453597 1
Car 431 1 -1.46125944850519 778.9099 793.4916 877.8122 893.5468 1.569507641426492 1.6761372608472365 3.507502576065326 -2.7159182379932645 5.287152408025916 31.203733940287787 -1.5480788965106158 1
Car 432 1 -1.4089464286867048 650.1141 762.4748 866.64685 955.94855 1.7158240930915294 1.9621956991408385 4.707869535414458 -2.4161332369966915 3.6875800818634445 19.045377708420624 -1.5351342790211713 1
Car 433 1 -1.375824128269168 484.46216 761.14636 801.16705 1033.2517 1.496063470239196 1.7350100542627058 3.680002840646576 -2.3406962008956986 2.7485504463303587 11.906406155676697 -1.5699399809925316 1
Car 434 2 -1.4806060804126784 839.31683 804.09485 914.68085 876.43933 1.4807831928883333 1.834398271762575 4.747702297552952 -2.472815596730876 7.152488649825898 44.92742934459073 -1.5355908211670548 1
Car 435 2 -1.4688867988339251 814.13153 801.9268 902.5078 884.5553 1.4597303873909035 1.8077307844894164 4.409851651216286 -2.567803871436025 6.250103314467024 38.23159844250388 -1.5359505162576408 1
bicycle 1118 1 2.8170875577036822 0.0 792.08594 686.46326 1215.0 1.1471487531487425 0.81929630554287 2.0164067756168453 -1.8370633905936138 1.7128124084035181 4.073584610871272 -3.889757819021079 1
bicycle 1117 2 2.8063196626649916 45.913036 811.32526 552.2261 1166.6362 1.0696071865769878 0.4327975745930413 1.8496491283093883 -2.6263201978720723 1.9288960747104722 6.108801500649742 -3.8828995359685874 1
moped_scooter 436 2 -1.6198990311104515 1005.24634 810.86707 1033.712 870.67926 1.338980792985025 0.6768910167933271 2.0081283222129374 1.576598399729065 6.531945068566783 40.75117086789451 -1.58122989700684 1
Pedestrian 437 0 -1.5682576242752115 929.2933 753.09595 998.66986 978.5395 1.7817070921561822 0.5726848697391821 0.9198767522228976 0.024376530352517828 2.91892764366042 12.804608872945622 -1.566353895614223 1
Pedestrian 438 1 -1.5862106022201536 964.19226 764.8776 1018.8305 946.1702 1.7817070921561822 0.5571108852016946 0.7113269795297524 0.3099087581428911 3.2758223684674563 15.605207451461723 -1.566353895614223 1
bicycle 1119 2 2.641551897752705 0.0 782.927 658.8895 1215.0 1.1774874291981998 0.6248331634323432 1.9517432693915515 -1.9555288659976888 1.7914200016283592 4.857474682534114 -4.02436313227407 1
Pedestrian 439 1 -1.6432327526448427 1035.6152 761.5839 1119.9509 981.72375 1.7395784904977092 0.6583103031151156 0.7886629628550196 0.9786528013510941 2.936983698096009 12.704715131390971 -1.566353895614223 1
Pedestrian 440 2 -1.6328994179135223 1033.478 785.71423 1089.1942 947.63947 1.611015622366277 0.5512719996665653 0.44370119618834575 1.0359659785448438 3.306645929634454 15.544792489786472 -1.566353895614223 1
