Car 1113 1 2.0866501482815982 0.0 728.5608 232.75562 879.5628 1.5395060942368417 1.967406326434698 4.644693920795515 -12.21575492059589 3.1428591064396496 20.79281558097201 1.5554733954697175 1
Car 1114 2 1.8862312765636045 397.1628 760.97253 540.2 848.90814 1.7068450562934319 2.129729313332288 4.844357936848382 -12.712625845501643 5.4710725951509405 38.94623979725236 1.5707203468393764 1
Car 429 2 1.9234073776216807 326.8634 755.0275 488.73004 853.4646 1.637249380542076 1.844750020934753 4.866956110734736 -12.357868947566024 4.785622041007497 33.74608031066546 -4.710812719915099 1
bicycle 1116 1 2.9385425683629007 426.83292 785.9344 723.4085 1028.6857 1.2320924831103468 0.7396202568559218 1.6532416434655437 -2.3747897744722586 2.2986783605789345 9.20904783676163 -3.5970199918112575 1
Car 431 1 -1.4657345062088556 777.3083 789.9087 870.90027 884.5196 1.569507641426492 1.6761372608472365 3.507502576065326 -2.9481724672455916 5.376576764742138 32.73616028279856 -1.5555508002429157 1
Car 432 1 -1.4148150756097588 659.1185 762.3871 856.8231 938.93665 1.7158240930915294 1.9621956991408385 4.707869535414458 -2.6498266504091106 3.830703888332601 20.622549659831524 -1.5426065702234946 1
Car 433 1 -1.3963219071046173 533.93164 764.15045 803.97784 1000.8616 1.496063470239196 1.7350100542627058 3.680002840646576 -2.4661230007713653 2.922130468364594 13.468983597165163 -1.5774124857353633 1
Car 434 2 -1.4823022106262584 832.14874 798.8689 904.77264 868.0502 1.4807831928883333 1.834398271762575 4.747702297552952 -2.827050588031116 7.165863708873785 46.47049799778199 -1.543062711340474 1
Car 435 2 -1.4712623519278927 808.5583 797.1501 893.1501 875.75366 1.4597303873909035 1.8077307844894164 4.409851651216286 -2.874753577844562 6.297271509537949 39.7695262318108 -1.543422180412338 1
bicycle 1117 2 2.7419754942193286 208.46379 809.2359 600.88904 1085.8015 1.0696071865769878 0.4327975745930413 1.8496491283093883 -2.7751369165203603 2.106322783783386 7.622327022795816 -3.8903725964175875 1
bicycle 1118 1 2.7073405845527305 135.9615 796.0285 748.0364 1215.0 1.1471487531487425 0.81929630554287 2.0164067756168453 -1.8729500457437784 1.9041577411534796 5.625703329308568 -3.8972297746325855 1
moped_scooter 436 2 -1.6174425164018356 990.9692 808.1622 1018.2066 865.61475 1.338980792985025 0.6768910167933271 2.0081283222129374 1.2162950632159015 6.647302262705326 42.30641796038755 -1.5887007750476245 1
Pedestrian 437 0 -1.5675676650604875 917.716 749.2974 985.81165 958.912 1.7817070921561822 0.6007180419066457 0.8077440635530273 -0.08508597082887767 2.946420001015932 13.596594622991992 -1.5738254717044007 1
Pedestrian 438 1 -1.5845898913220027 951.7477 764.27594 1003.7753 935.9935 1.7817070921561822 0.5571108852016946 0.6085386815823602 0.17565093395375675 3.3309238703511137 16.31710354636657 -1.5738254717044007 1
bicycle 1119 2 2.560094231141579 218.0543 782.92883 707.45514 1163.0692 1.1774874291981998 0.6248331634323432 1.9517432693915515 -2.0352949422455757 1.952757763504652 6.381347751536196 -4.031836153528744 1
Pedestrian 439 1 -1.6323402120705528 1014.22266 757.8399 1085.8279 965.11646 1.7395784904977092 0.5944462099347676 0.868746508271627 0.7934539510073463 2.9823432462700334 13.544418901596996 -1.5738254717044007 1
Pedestrian 440 2 -1.6277574315193906 1016.0512 777.4195 1068.6879 930.70404 1.611015622366277 0.5512719996665653 0.45694998257445685 0.8855042117134724 3.3073527166238015 16.402991950539306 -1.5738254717044007 1
