Car 1113 1 2.1462665077264864 0.0 730.25824 184.8156 906.29205 1.5395060942368417 1.967406326434698 4.644693920795515 -11.646837474254284 2.985387808601616 18.193985794461167 -4.706336738284305 1
Car 1114 2 1.9077100752497422 389.29605 765.57074 546.25726 861.1242 1.7068450562934319 2.129729313332288 4.844357936848382 -11.870883103884339 5.35654939387777 36.354523403708114 -4.6910913493170465 1
Car 429 2 1.9514347394341343 304.47748 761.8575 486.07785 870.6447 1.637249380542076 1.844750020934753 4.866956110734736 -11.639196859527026 4.713927766625735 31.1399245194239 -4.689443214456622 1
bicycle 1116 1 3.0317584622458402 236.89758 788.19965 676.23804 1159.9462 1.2320924831103468 0.7396202568559218 1.6532416434655437 -2.0971087668429114 1.988077829403136 6.239846319380909 -3.575650414048261 1
Car 431 1 -1.46015655017245 795.78955 800.68176 899.0062 906.3517 1.569507641426492 1.6761372608472365 3.507502576065326 -2.2195143057904336 5.297067328998095 29.928345453473245 -1.5341819816431923 1
Car 432 1 -1.4007458905544112 646.3018 765.0783 883.2231 977.2836 1.7158240930915294 1.9621956991408385 4.707869535414458 -2.1384574341827705 3.596357302372347 17.661925048275368 -1.5212366453435309 1
Car 433 1 -1.3587302561979706 446.37634 761.2179 814.50287 1076.4637 1.496063470239196 1.7350100542627058 3.680002840646576 -2.109457899139776 2.6268154292388832 10.55189115040789 -1.5560419497127627 1
Car 434 2 -1.4797146111118695 857.5337 814.028 935.2375 889.93085 1.4807831928883333 1.834398271762575 4.747702297552952 -1.8326889450812853 7.304392160671628 43.631298213038576 -1.521693931769337 1
Car 435 2 -1.4675530758280828 831.2119 807.65326 922.81287 894.2008 1.4597303873909035 1.8077307844894164 4.409851651216286 -2.016145934924918 6.25057263192269 36.95621008550189 -1.5220540463354013 1
moped_scooter 436 1 -1.6223163965911722 1029.081 824.1545 1058.838 886.9786 1.338980792985025 0.6768910167933271 2.0081283222129374 2.160474025236481 6.703308892596882 39.25495219743448 -1.5673348859279024 1
bicycle 1117 2 2.8882027499340275 0.0 823.92584 501.83694 1215.0 1.0696071865769878 0.4327975745930413 1.8496491283093883 -2.427678985985841 1.8027403731578526 4.732031948760332 -3.8690005218271364 1
bicycle 1118 1 2.9885918164768084 0.0 793.8183 577.46893 1215.0 1.1471487531487425 0.81929630554287 2.0164067756168453 -1.8350844907992072 1.5733139833222323 2.79320662751661 -3.8758608264122714 1
Pedestrian 437 0 -1.5726975431242027 952.53174 759.71857 1030.8037 995.68976 1.7817070921561822 0.6173302920799713 0.8638104078879852 0.24754810298865126 2.923642826242954 12.228994811336147 -1.5524575885968446 1
Pedestrian 438 1 -1.5893048538154662 988.3532 771.2189 1045.9932 963.68134 1.7817070921561822 0.5571108852016946 0.7954264960321638 0.5477745605979873 3.275016719217012 14.859355954210933 -1.5524575885968446 1
bicycle 1119 1 2.7566372290555865 0.0 792.51056 603.2409 1215.0 1.1774874291981998 0.6248331634323432 1.9517432693915515 -1.8343103649411325 1.6747763853544217 3.48994569302745 -4.010464178131112 1
Pedestrian 439 1 -1.6515865545789876 1069.4341 769.937 1153.3192 1002.37335 1.7395784904977092 0.6126930937005906 0.7795395209721439 1.2015086091025715 2.949613635727231 12.080933704773658 -1.5524575885968446 1
Pedestrian 440 2 -1.640211617720199 1063.9812 788.8902 1122.7023 958.5342 1.611015622366277 0.5512719996665653 0.496895789287898 1.3148734699143363 3.277706722097757 14.945143485170536 -1.5524575885968446 1
