Car 1113 1 2.153018004481331 0.0 726.6798 183.7603 904.37897 1.5395060942368417 1.967406326434698 4.644693920795515 -11.548850651011604 2.9207572635323613 17.961329050267775 -4.70159467509758 1
Car 1114 2 1.9096407837415708 393.3642 769.8759 551.3806 866.67584 1.7068450562934319 2.129729313332288 4.844357936848382 -11.69316346671196 5.449302507295647 36.15437047208343 -4.686349632398279 1
Car 430 2 1.7585014184097536 575.50336 796.37897 665.9801 866.0841 1.6180521759098696 2.0283933399221876 5.015728211986977 -11.254031074007807 7.615462257655029 49.760638495971804 1.5360799901334241 1
Car 429 2 1.9541465735852128 306.92737 760.19464 490.32013 869.6467 1.637249380542076 1.844750020934753 4.866956110734736 -11.480076261863672 4.655713303277351 30.905266440597583 -4.684702406288941 1
bicycle 1116 1 3.046958289478466 207.8585 783.01746 666.2703 1167.8691 1.2320924831103468 0.7396202568559218 1.6532416434655437 -2.096009030948972 1.9412921666242302 6.027079595246063 -3.5709096108506477 1
Car 431 1 -1.4602104141648145 802.49304 797.0325 906.62366 903.3337 1.569507641426492 1.6761372608472365 3.507502576065326 -2.0562747739615266 5.188549742665234 29.654217946305145 -1.5294413256417254 1
Car 432 1 -1.4017147085661772 653.05115 760.4253 893.0087 974.87177 1.7158240930915294 1.9621956991408385 4.707869535414458 -2.0068709372143485 3.511247629996839 17.407491303595183 -1.5164957447013871 1
Car 433 1 -1.3550118637514497 439.3992 757.18884 820.63025 1082.1246 1.496063470239196 1.7350100542627058 3.680002840646576 -2.0389467875973954 2.5673695479402845 10.253719306924815 -1.5513009133180091 1
Car 434 2 -1.4798446835591887 864.59357 807.18335 942.7293 882.80084 1.4807831928883333 1.834398271762575 4.747702297552952 -1.6101879157658088 7.06240486991865 43.371312947443045 -1.5169532845299767 1
Car 435 2 -1.4674586826070497 837.8018 804.9833 930.0887 891.92426 1.4597303873909035 1.8077307844894164 4.409851651216286 -1.8302139989891273 6.147820600425302 36.68042466721087 -1.5173135419140662 1
bicycle 1117 2 2.920740902714698 0.0 824.93994 476.37283 1215.0 1.0696071865769878 0.4327975745930413 1.8496491283093883 -2.4020283676209386 1.7587678007801895 4.377981103489736 -3.8642591651778093 1
bicycle 1118 2 3.0409836437249154 0.0 796.6867 554.13495 1215.0 1.1471487531487425 0.81929630554287 2.0164067756168453 -1.796942931255661 1.5431816997664056 2.4701618975723947 -3.87112014939295 1
moped_scooter 436 2 -1.6238178621990353 1038.2424 817.1837 1068.4279 880.3128 1.338980792985025 0.6768910167933271 2.0081283222129374 2.3820609860156736 6.464980312892329 38.859328561914445 -1.562594878158939 1
Pedestrian 437 0 -1.574207839969878 961.43036 754.7798 1040.7267 991.8288 1.7817070921561822 0.6173302920799713 0.7143001563281346 0.3180554143703988 2.8558589956220897 12.003495784919668 -1.5477171394806104 1
Pedestrian 438 1 -1.5938608679041961 1001.9886 766.5292 1059.8291 956.4542 1.7817070921561822 0.5571108852016946 0.580505509414902 0.6819402536050077 3.20846032758422 14.768121313786438 -1.5477171394806104 1
bicycle 1119 1 2.786328914736175 0.0 789.2222 603.85565 1215.0 1.1774874291981998 0.6248331634323432 1.9517432693915515 -1.7497574337069197 1.6259764930393654 3.136488668554442 -4.005722838125794 1
Pedestrian 439 1 -1.654730713006172 1081.9785 767.46094 1163.5397 994.96466 1.7395784904977092 0.6119328068770105 0.47846593883619554 1.2879851761050614 2.906049322885897 11.989738760803917 -1.5477171394806104 1
Pedestrian 440 2 -1.64433926011205 1077.0189 789.37476 1136.469 960.44525 1.611015622366277 0.5512719996665653 0.5116935111225673 1.4392658466912178 3.2730594122334797 14.849437493577332 -1.5477171394806104 1
