Car 1113 1 2.2062077020837085 0.0 696.2194 135.7148 889.4143 1.5395060942368417 1.967406326434698 4.644693920795515 -11.144743478748552 2.414513462579281 15.998606589282447 -4.685422846541043 1
Car 1114 2 1.9262445784844413 386.0244 743.6212 555.9593 842.4066 1.7068450562934319 2.129729313332288 4.844357936848382 -11.086882941944548 4.619991950835391 34.22915350610587 -4.6701789835844245 1
Car 430 2 1.76677876920302 585.3003 783.059 680.53827 854.15045 1.6180521759098696 2.0283933399221876 5.015728211986977 -10.41567226144795 6.941060372922701 47.8040360383153 1.552248916397481 1
Car 429 2 1.975808266748957 287.66684 736.7454 488.53888 850.0852 1.637249380542076 1.844750020934753 4.866956110734736 -10.936100459569532 3.987528452155268 28.952524894453976 -4.668534850487239 1
bicycle 1116 1 -3.0877229073803245 0.0 756.51666 563.5779 1215.0 1.2320924831103468 0.7396202568559218 1.6532416434655437 -1.9123167887001693 1.6249113320371582 3.792611434172131 -3.554742128719095 1
bicycle 1117 2 -3.0739153790822824 0.0 796.1412 177.20253 1215.0 1.0696071865769878 0.4327975745930413 1.8496491283093883 -2.3122319249676675 1.4279871311180428 2.3647271257843885 -3.848089797325639 1
Car 431 1 -1.4573699146191545 817.81177 776.93164 930.39276 889.35156 1.569507641426492 1.6761372608472365 3.507502576065326 -1.5414042484111512 4.552587683290127 27.543428797149915 -1.5132742881102756 1
Car 432 1 -1.391473947294325 638.06586 738.787 916.23584 980.293 1.7158240930915294 1.9621956991408385 4.707869535414458 -1.6744595450082695 3.0667809953434104 15.32182339668697 -1.5003278751407039 1
Car 433 0 -1.313895235448577 308.23926 730.7893 826.3933 1151.2863 1.496063470239196 1.7350100542627058 3.680002840646576 -1.8290711734195169 2.2042926152152376 8.132132748116879 -1.5351325804113538 1
Car 435 1 -1.4661453940129079 856.81934 784.7165 954.9324 874.6479 1.4597303873909035 1.8077307844894164 4.409851651216286 -1.2107740505258773 5.396847388893366 34.57780929947357 -1.5011470204693715 1
Car 434 2 -1.4796713444274219 886.3387 788.0958 968.4593 865.5499 1.4807831928883333 1.834398271762575 4.747702297552952 -0.8715938015224117 6.250249781647536 41.27241504134388 -1.5007862771549478 1
moped_scooter 436 2 -1.6280299545927692 1067.8873 801.50714 1100.1481 867.44464 1.338980792985025 0.6768910167933271 2.0081283222129374 3.0096786956156163 5.804659181550554 36.801459320414345 -1.5464300464130682 1
Pedestrian 437 0 -1.585710732322552 999.2016 731.35986 1087.377 985.3303 1.7817070921561822 0.6405254347915619 0.8690017360671587 0.6132892619945507 2.6188656097128806 11.312598235069277 -1.5315508056066098 1
Pedestrian 438 1 -1.6015593417628322 1036.1575 743.192 1097.2068 940.6974 1.7817070921561822 0.5571108852016946 0.47771721146752083 0.9844808153703453 2.9120035213325677 14.039315289676624 -1.5315508056066098 1
Pedestrian 440 1 -1.6502816489466006 1107.8397 768.768 1173.2188 953.59906 1.611015622366277 0.5512719996665653 0.7136626495565604 1.6669883517043729 2.990734779300829 13.974025181004304 -1.5315508056066098 1
Pedestrian 439 1 -1.6695433254176177 1125.417 744.5857 1214.9762 990.3824 1.7395784904977092 0.6077230705761176 0.5970706833139641 1.5548799536271092 2.66049821295309 11.196245248092307 -1.5315508056066098 1
