Car 1113 1 2.1690978685605744 0.0 711.1605 176.11371 890.48566 1.5395060942368417 1.967406326434698 4.644693920795515 -11.390159838235798 2.6801052481087178 17.4321197542798 -4.692849619469676 1
Car 1114 2 1.9138231430075496 399.3875 752.9838 560.1222 848.84784 1.7068450562934319 2.129729313332288 4.844357936848382 -11.351328096102021 4.970980107675871 35.65212313596098 -4.677605214954829 1
Car 430 2 1.7607425507371302 585.07434 791.10876 676.7265 860.97076 1.6180521759098696 2.0283933399221876 5.015728211986977 -10.796700200242933 7.3705833278026915 49.22395973771219 1.5448234748576888 1
Car 429 2 1.959696886312086 310.06818 745.11786 497.52078 854.0422 1.637249380542076 1.844750020934753 4.866956110734736 -11.177038240624125 4.2782280028051165 30.386295400935047 -4.675959662617046 1
bicycle 1116 1 3.0791556068494677 128.69946 772.1444 653.82324 1207.1189 1.2320924831103468 0.7396202568559218 1.6532416434655437 -2.009177415316449 1.8271274668649586 5.368147429189801 -3.5621668961651496 1
Car 431 1 -1.4602888471659066 814.5472 788.8591 920.8367 896.6103 1.569507641426492 1.6761372608472365 3.507502576065326 -1.7561346834826774 4.949533322470062 29.034885957283844 -1.5206988623608266 1
Car 432 1 -1.3998174658934976 657.73883 753.74084 906.84827 974.88495 1.7158240930915294 1.9621956991408385 4.707869535414458 -1.8229574593085696 3.373032344085138 16.823705323505187 -1.5077528310508388 1
Car 433 1 -1.343199839409208 411.1161 747.9468 828.0527 1097.8906 1.496063470239196 1.7350100542627058 3.680002840646576 -1.9330998104498607 2.436682732844341 9.56782837240992 -1.5425577491791782 1
Car 434 2 -1.4799649099616636 877.2672 799.5212 956.4898 875.44434 1.4807831928883333 1.834398271762575 4.747702297552952 -1.208006174688643 6.756741122917168 42.75607142378031 -1.5082108375041026 1
Car 435 2 -1.467286196806398 849.7742 796.673 943.638 884.17694 1.4597303873909035 1.8077307844894164 4.409851651216286 -1.4897908530870503 5.8615580323627015 36.06487867131638 -1.5085713578788689 1
bicycle 1117 2 2.9708030976607382 0.0 810.62366 450.8303 1215.0 1.0696071865769878 0.4327975745930413 1.8496491283093883 -2.2814971265724413 1.6344826371836547 3.7792109368549003 -3.855515430417264 1
bicycle 1118 2 -3.111199386550459 0.0 774.5798 489.5175 1215.0 1.1471487531487425 0.81929630554287 2.0164067756168453 -1.722528090931156 1.4291864262643494 1.8446440168916967 -3.862377654584729 1
moped_scooter 436 2 -1.6215645895383353 1047.8628 811.4856 1078.3138 875.2552 1.338980792985025 0.6768910167933271 2.0081283222129374 2.598574258580082 6.245988977484613 38.318773632141415 -1.5538536086316193 1
Pedestrian 437 0 -1.5785083328827028 980.7563 746.74634 1060.8141 984.94244 1.7817070921561822 0.6173302920799713 0.6540807494498653 0.46939680413711504 2.776083016971355 11.867274647447251 -1.5389750570759753 1
Pedestrian 438 1 -1.596096764652582 1017.9952 759.2947 1077.0582 953.4808 1.7817070921561822 0.5571108852016946 0.7113269795297524 0.8343127817631526 3.125663021373434 14.589990324268625 -1.5389750570759753 1
bicycle 1119 2 2.896481482052662 0.0 766.84015 520.44586 1215.0 1.1774874291981998 0.6248331634323432 1.9517432693915515 -1.7850798233331435 1.509133691776565 2.5525618398020544 -3.996979128978974 1
Pedestrian 439 1 -1.6611987479537826 1098.5106 756.8461 1194.1447 993.4885 1.7395784904977092 0.6865394712867666 0.6426878927285126 1.4366621057657063 2.8008381262281903 11.695777137727976 -1.5389750570759753 1
Pedestrian 440 1 -1.6451756464232883 1090.8848 780.8525 1151.3956 955.0837 1.611015622366277 0.5512719996665653 0.4101039338314808 1.5376285766564568 3.137531969560881 14.4240581600049 -1.5389750570759753 1
