Car 1113 2 2.2733337302921237 0.0 682.5018 25.39383 902.8289 1.5395060942368417 1.967406326434698 4.644693920795515 -11.257234898006148 2.170133550324032 14.024066595331703 -4.686241751731302 1
Car 430 2 1.7755793565248457 567.1161 777.5457 667.99396 851.2159 1.6180521759098696 2.0283933399221876 5.015728211986977 -10.45176173365066 6.555625011623193 45.84504661785355 1.5514301578869927 1
Car 429 2 1.9992666153916607 233.06776 732.18884 456.18817 853.74426 1.637249380542076 1.844750020934753 4.866956110734736 -10.944761793908489 3.7498984876219597 26.97558941443325 -4.669353539594688 1
bicycle 1116 2 -2.7904138544205757 0.0 711.4899 219.89786 1215.0 1.2320924831103468 0.7396202568559218 1.6532416434655437 -1.9446342200040834 1.388208933004369 2.025035816447179 -3.5555608119993236 1
Car 431 1 -1.455430946315438 808.5209 775.6202 930.2583 897.1614 1.569507641426492 1.6761372608472365 3.507502576065326 -1.501739757034778 4.327948391111752 25.57049931644763 -1.5140929509996774 1
Car 432 1 -1.3779301273787876 584.37683 732.1294 911.9996 1013.0316 1.7158240930915294 1.9621956991408385 4.707869535414458 -1.6590375071871684 2.8496844015292533 13.39620612507621 -1.5011465800758217 1
Car 433 0 -1.250646865760822 22.51966 710.6391 796.279 1215.0 1.496063470239196 1.7350100542627058 3.680002840646576 -1.8123573357651992 1.9575077894150488 6.17906232752472 -1.535951308822378 1
Car 434 2 -1.478590974983082 881.08527 788.1382 967.54395 869.7317 1.4807831928883333 1.834398271762575 4.747702297552952 -0.9046413453587434 6.03627292585617 39.3014278743225 -1.5016049385072157 1
Car 435 1 -1.4640123320610763 848.79224 786.6677 953.3281 882.7413 1.4597303873909035 1.8077307844894164 4.409851651216286 -1.2379134836390202 5.231015845689894 32.601070761225316 -1.5019656572581523 1
moped_scooter 436 2 -1.6314425207592667 1070.7802 805.8716 1105.1798 875.93896 1.338980792985025 0.6768910167933271 2.0081283222129374 2.9382810045278718 5.6747683904448545 34.816466978870565 -1.5472485977933268 1
Pedestrian 437 0 -1.5906972950465812 1006.22845 731.52466 1093.4078 991.77094 1.7817070921561822 0.6170262629065142 0.8324028724040567 0.6433038928060092 2.597701995028988 11.016590828265976 -1.5323694329360733 1
Pedestrian 438 1 -1.6100217058256217 1046.3168 746.7831 1110.1252 951.9708 1.7817070921561822 0.5571108852016946 0.4777172114675042 1.0528512707419486 2.9048903508355997 13.531274656987264 -1.5323694329360733 1
Pedestrian 440 1 -1.6591144282690247 1119.5132 767.7527 1185.4901 954.19635 1.611015622366277 0.5512719996665653 0.5277807450408051 1.7351364277339056 2.9379609854070337 13.616594567069258 -1.5323694329360733 1
Pedestrian 439 1 -1.677656574688193 1134.4767 742.0371 1229.3147 1000.9231 1.7395784904977092 0.5965721971636855 0.8045022716795138 1.5855475934777787 2.6207774629091007 10.836304878799151 -1.5323694329360733 1
