Car 430 2 1.7706144511659228 577.54474 782.9643 675.22235 855.4471 1.6180521759098696 2.0283933399221876 5.015728211986977 -10.42672782622592 6.845485480652274 46.92969841882912 1.5519880267713528 1
Car 1113 1 2.235838000361575 0.0 690.3745 87.60734 894.5987 1.5395060942368417 1.967406326434698 4.644693920795515 -11.223354190486653 2.3046163427766793 15.126602660178243 -4.68568378290191 1
Car 1114 2 1.9349707236727616 367.45483 742.072 543.96356 843.3968 1.7068450562934319 2.129729313332288 4.844357936848382 -11.136556634998385 4.513612253287475 33.35687284654496 -4.670439900924832 1
Car 429 2 1.9859835044789254 264.42722 734.7922 474.65433 851.6185 1.637249380542076 1.844750020934753 4.866956110734736 -10.942312722678462 3.882274480781029 28.07895544425889 -4.668795717998716 1
bicycle 1116 1 -2.985497952251143 0.0 738.7257 450.30618 1215.0 1.2320924831103468 0.7396202568559218 1.6532416434655437 -1.9369370486752533 1.51341313662227 3.025185683840184 -3.5550029943496106 1
Car 431 1 -1.4563970366559846 813.7609 778.11865 930.26166 894.67 1.569507641426492 1.6761372608472365 3.507502576065326 -1.5253517411728974 4.486041656091164 26.6668147136377 -1.5135351472679344 1
Car 432 1 -1.3858293189976665 616.0433 736.6428 914.64246 994.8147 1.7158240930915294 1.9621956991408385 4.707869535414458 -1.6653886552517363 2.976053902982657 14.448236130301407 -1.500588747694811 1
Car 433 0 -1.2878023563426761 200.84459 723.51935 812.8322 1208.7246 1.496063470239196 1.7350100542627058 3.680002840646576 -1.8302716521046234 2.096864579677459 7.240641949847054 -1.5353934604459745 1
Car 435 1 -1.4652464209440768 853.53265 788.74194 954.4107 881.77765 1.4597303873909035 1.8077307844894164 4.409851651216286 -1.2189724226627106 5.399212401688223 33.694473922392056 -1.5014078713107086 1
Car 434 2 -1.479185847672787 884.17694 790.2391 968.18 869.7594 1.4807831928883333 1.834398271762575 4.747702297552952 -0.8831899031268583 6.215665305145549 40.393283129075854 -1.501047135822698 1
moped_scooter 436 2 -1.6280664221942578 1067.14 804.89185 1100.2681 872.84125 1.338980792985025 0.6768910167933271 2.0081283222129374 2.923124777863004 5.774762242633931 35.842087195711294 -1.546690870041613 1
Pedestrian 437 0 -1.5860296830215235 1002.9391 731.12836 1083.8656 986.6039 1.7817070921561822 0.5844590904566391 0.8783461267896313 0.6107778883338417 2.613143379528229 11.254176808697848 -1.5318116534342785 1
Pedestrian 438 1 -1.604569198327833 1039.5348 746.563 1102.5978 951.091 1.7817070921561822 0.5571108852016946 0.6739494166398005 1.004998030670242 2.9317855554955656 13.788591042228438 -1.5318116534342785 1
Pedestrian 440 1 -1.6542002036204753 1112.8496 771.1186 1179.0488 958.75024 1.611015622366277 0.5512719996665653 0.5784758099087213 1.6737246355289106 2.970793967708153 13.607150282250414 -1.5318116534342785 1
Pedestrian 439 1 -1.6728499563829222 1126.1821 743.02325 1224.1521 995.0218 1.7395784904977092 0.647257985402059 0.6791816602601094 1.5625457823053206 2.6366909159819056 11.005318177940616 -1.5318116534342785 1
