Car 1113 1 2.2247653765986977 0.0 691.87103 107.194275 889.8903 1.5395060942368417 1.967406326434698 4.644693920795515 -11.247970412957617 2.341789328823822 15.564805383149192 -4.684188742524876 1
Car 1114 2 1.9311905680187138 378.0418 742.8562 551.2824 842.9128 1.7068450562934319 2.129729313332288 4.844357936848382 -11.084011844632668 4.566822197417938 33.79188248642264 -4.668944969518874 1
Car 430 2 1.768666257165204 583.637 782.0986 680.0471 853.7629 1.6180521759098696 2.0283933399221876 5.015728211986977 -10.353080614229508 6.86276374081177 47.367902639680786 1.5534827994236302 1
Car 429 2 1.9806961940585683 278.92194 731.729 484.17065 845.99524 1.637249380542076 1.844750020934753 4.866956110734736 -10.893382209646639 3.8515556215443567 28.52368328966964 -4.66730107205317 1
bicycle 1116 1 -3.0406940516728675 0.0 744.41534 519.3966 1215.0 1.2320924831103468 0.7396202568559218 1.6532416434655437 -1.9005427168749218 1.5553900801930483 3.3753857903438504 -3.553508359487209 1
Car 431 1 -1.4573560933499048 818.5739 778.5386 933.0586 893.22876 1.569507641426492 1.6761372608472365 3.507502576065326 -1.4827474640191183 4.537375911728889 27.0875726778934 -1.5120405491817612 1
Car 432 1 -1.3896998248234667 630.7441 738.25574 919.06354 988.853 1.7158240930915294 1.9621956991408385 4.707869535414458 -1.6305016649710005 3.024434815131313 14.84531748934048 -1.4990940728663549 1
Car 433 0 -1.3035777850374712 265.90015 727.5336 824.30096 1177.2134 1.496063470239196 1.7350100542627058 3.680002840646576 -1.8055316095919915 2.1529338908451443 7.700088111689431 -1.5338987427560173 1
Car 435 1 -1.4657631809823781 857.313 787.4697 956.82336 879.0999 1.4597303873909035 1.8077307844894164 4.409851651216286 -1.1656164926457788 5.414879316801805 34.11884504347791 -1.499913320868068 1
Car 434 2 -1.479465797075963 887.34406 790.4125 970.42725 869.097 1.4807831928883333 1.834398271762575 4.747702297552952 -0.8199111738877919 6.267211202149769 40.81303175646313 -1.4995525405449257 1
Pedestrian 440 1 -1.6477181339315032 1106.2805 770.0697 1170.4342 952.84393 1.611015622366277 0.5512719996665653 0.5918824247737551 1.6483442005245657 2.997507835909032 13.975724227047051 -1.5303171202527732 1
moped_scooter 436 2 -1.6272010751169181 1068.3345 804.7998 1100.9407 871.7949 1.338980792985025 0.6768910167933271 2.0081283222129374 2.9866134324120983 5.832254796527799 36.33839681578286 -1.545196475492088 1
Pedestrian 437 0 -1.586998713939962 1003.424 734.87256 1089.9369 980.24194 1.7817070921561822 0.6405254347915619 0.4578485442776099 0.6421787707371499 2.6317654927547727 11.317446288156324 -1.5303171202527732 1
Pedestrian 438 1 -1.6049119655854904 1042.91 748.3942 1104.7671 949.0588 1.7817070921561822 0.5571108852016946 0.7113269795297524 1.0534629606059236 2.976078138951075 14.096259208934146 -1.5303171202527732 1
Pedestrian 439 1 -1.6708290239791983 1125.9548 744.14355 1222.8671 991.10376 1.7395784904977092 0.6533402799906666 0.7247988696746033 1.5943291614134103 2.668312361429362 11.271804638259816 -1.5303171202527732 1
