Car 831 2 1.9590108649646725 323.42474 736.8666 520.16284 846.17053 1.7068450562934319 2.129729313332288 4.844357936848382 -10.983893299287628 4.203813046031562 30.88020510595978 -4.665912535849245 1
Car 429 2 2.0175094966232248 199.87907 725.1818 440.63742 852.49243 1.637249380542076 1.844750020934753 4.866956110734736 -10.783803738567734 3.520389005397395 25.6064531372006 -4.664269217167329 1
Car 430 2 1.7827494535026756 561.40283 790.2832 666.7222 867.9643 1.6180521759098696 2.0283933399221876 5.015728211986977 -10.222349150337104 6.808513493473432 44.41121473783729 1.5565149113329384 1
Car 431 1 -1.4528614821840222 807.9202 773.3718 937.40625 902.36115 1.569507641426492 1.6761372608472365 3.507502576065326 -1.357239394172493 4.145881540618062 24.147423499733797 -1.5090087913474388 1
Car 432 1 -1.3683499690102479 547.42535 719.5217 920.49176 1034.417 1.7158240930915294 1.9621956991408385 4.707869535414458 -1.5440179516132209 2.629808890704987 12.024022808655486 -1.4960621594589614 1
Car 433 1 -1.1737951991121696 0.0 689.94745 773.1038 1215.0 1.496063470239196 1.7350100542627058 3.680002840646576 -1.7612842332271939 1.7829098540757644 4.72114214443062 -1.5308667423924327 1
Car 434 2 -1.4778661520731242 885.7248 784.9955 975.56604 869.4662 1.4807831928883333 1.834398271762575 4.747702297552952 -0.7067715109216852 5.797100889464696 37.882782141757794 -1.4965207884182097 1
Car 435 1 -1.4627662431788149 851.70825 782.218 961.2692 882.354 1.4597303873909035 1.8077307844894164 4.409851651216286 -1.0642988093565688 4.978702393775434 31.18490081089628 -1.4968816596399588 1
Pedestrian 439 1 -1.6885625669500206 1157.4363 736.4906 1254.5437 995.39545 1.7395784904977092 0.6148190809294961 0.5951982792454582 1.7288351326455285 2.555736251444765 10.62655636666928 -1.5272854939956615 1
moped_scooter 436 2 -1.6407342972750416 1091.361 802.94104 1128.0698 875.8704 1.338980792985025 0.6768910167933271 2.0081283222129374 3.30468424752615 5.4382392360829055 33.417901064740136 -1.5421651303162809 1
Pedestrian 437 0 -1.596479314870114 1022.6382 723.331 1110.3075 996.2439 1.7817070921561822 0.5889930907390251 0.7856809187915973 0.7249783250681695 2.4969346629164524 10.460774286447158 -1.5272854939956615 1
Pedestrian 438 1 -1.6138721859481864 1058.5562 740.5243 1125.4786 955.08356 1.7817070921561822 0.5571108852016946 0.7113269795297524 1.1442382622811549 2.8293306869213692 13.181901947145633 -1.5272854939956615 1
Pedestrian 440 1 -1.6669331017336682 1138.4253 761.97876 1205.4476 952.4 1.611015622366277 0.5512719996665653 0.3334496630469432 1.8396429450707577 2.827075681567031 13.087720065326627 -1.5272854939956615 1
