Car 831 2 1.9769710859755696 245.95174 738.03754 464.54752 856.34625 1.7068450562934319 2.129729313332288 4.844357936848382 -11.459342626646905 4.064221485324849 28.709580222496857 -4.685985031543802 1
Car 429 2 2.049199629722816 85.1393 725.0728 362.81708 865.19824 1.637249380542076 1.844750020934753 4.866956110734736 -11.336257397246861 3.3725557437332205 23.446748954668095 -4.684337875277674 1
Car 603 2 1.7939982595230255 507.20746 799.19324 620.6862 882.45984 1.6180521759098696 2.0283933399221876 5.015728211986977 -11.126251329107292 6.837350163681187 42.24027929335269 1.5364445520406007 1
Car 431 1 -1.4441907221264727 756.70044 779.85254 900.2186 922.29834 1.569507641426492 1.6761372608472365 3.507502576065326 -1.8850083779126012 4.050124133167072 22.152967128594206 -1.529076806327372 1
Car 432 1 -1.335025978964497 390.1688 713.4824 873.5442 1107.9885 1.7158240930915294 1.9621956991408385 4.707869535414458 -1.8289018021592895 2.44988000167965 9.987908798669961 -1.5161312065883226 1
Car 433 1 -0.9568220096427914 0.0 649.20514 645.75995 1215.0 1.496063470239196 1.7350100542627058 3.680002840646576 -1.8734826957857476 1.5713286282805965 2.7733482999604204 -1.5509363647643268 1
Car 435 1 -1.4537485226062863 803.37946 791.3498 921.2848 898.877 1.4597303873909035 1.8077307844894164 4.409851651216286 -1.868121475802696 4.995866764853139 29.519278919894635 -1.5169490342505427 1
Car 434 2 -1.476171350996414 850.01733 795.5419 945.40045 886.5055 1.4807831928883333 1.834398271762575 4.747702297552952 -1.449533621080019 5.84710753346404 35.84455451330878 -1.516588765890892 1
moped_scooter 436 2 -1.6368252574425928 1054.3246 809.97095 1092.9845 888.1905 1.338980792985025 0.6768910167933271 2.0081283222129374 2.3445165540615833 5.346067117916047 31.371688202119365 -1.5622304086623793 1
Pedestrian 437 0 -1.5920457756471647 982.9916 726.9673 1076.9108 1018.0852 1.7817070921561822 0.5983374814615197 1.0566682497437774 0.4500515974952829 2.5050814262756864 10.063108251385964 -1.5473526360639511 1
Pedestrian 438 1 -1.6115595240415197 1023.6575 751.0107 1092.4867 972.5627 1.7817070921561822 0.5571108852016946 0.4590284300225177 0.8056904846276826 2.8583711864630508 12.53110135045621 -1.5473526360639511 1
Pedestrian 440 1 -1.6682524723045031 1106.9639 773.8582 1180.6008 981.03687 1.611015622366277 0.5512719996665653 0.5362299225187858 1.4941088656282198 2.8633484140830348 12.29796603696323 -1.5473526360639511 1
Pedestrian 439 1 -1.693816332351103 1133.359 745.04645 1232.5144 1017.89014 1.7395784904977092 0.6056956390465593 0.40763254977298674 1.465062589709777 2.5544287892282873 9.93127736251909 -1.5473526360639511 1
