Car 831 2 1.9743918976292694 282.13406 739.6387 493.29184 855.30524 1.7068450562934319 2.129729313332288 4.844357936848382 -11.117334314012556 4.153590364434759 29.423916839956558 -4.670045713892073 1
Car 429 2 2.0396186585748577 139.74748 729.0315 403.62552 865.7108 1.637249380542076 1.844750020934753 4.866956110734736 -10.925932036669465 3.491156116007808 24.15188055105443 -4.668401606245181 1
Car 431 1 -1.4476018132421151 788.52026 775.9987 927.3277 914.041 1.569507641426492 1.6761372608472365 3.507502576065326 -1.4925624863927187 4.049048375650834 22.740955550819223 -1.5131410481350132 1
Car 432 1 -1.3456737758926256 455.58118 717.37445 903.8175 1090.09 1.7158240930915294 1.9621956991408385 4.707869535414458 -1.6357148237011063 2.5147004685713545 10.50133714012734 -1.5001946283232575 1
Car 433 1 -1.0394065407211523 0.0 665.4139 712.1223 1215.0 1.496063470239196 1.7350100542627058 3.680002840646576 -1.7836920376128629 1.636121538626086 3.2995059591238913 -1.534999329773009 1
Car 435 1 -1.4552281308141648 830.3523 789.564 946.79926 895.99066 1.4597303873909035 1.8077307844894164 4.409851651216286 -1.3642541008807327 4.9875103287017115 29.775716704177157 -1.5010137847417244 1
Car 434 2 -1.4673714649553304 860.7254 793.4187 956.2008 882.68695 1.4807831928883333 1.834398271762575 4.747702297552952 -1.212650540629009 5.85930435158401 36.42264116020344 -1.5006530374299594 1
moped_scooter 436 2 -1.6365431948627531 1078.2091 807.2798 1116.1956 883.9442 1.338980792985025 0.6768910167933271 2.0081283222129374 2.890901711741984 5.3585197846440416 31.94642855124505 -1.546296824584339 1
Pedestrian 437 0 -1.596489629106936 1013.7397 729.4133 1106.0825 1010.6237 1.7817070921561822 0.5983374814615197 0.5707599321742921 0.6511666293404751 2.50084539995707 9.992726506796028 -1.531417571418102 1
Pedestrian 438 1 -1.6150814498474813 1052.3763 748.97314 1123.3508 977.2441 1.7817070921561822 0.5571108852016946 0.8141152774771303 1.0519586328186803 2.857147302304272 12.54427909513825 -1.531417571418102 1
Pedestrian 440 1 -1.665950355873209 1128.2587 774.5518 1200.774 978.51404 1.611015622366277 0.5512719996665653 0.5531282774747461 1.6946908457521335 2.8927469302617674 12.520772429897313 -1.531417571418102 1
Pedestrian 439 1 -1.6953972309325673 1153.5233 741.66345 1268.5375 1021.05426 1.7395784904977092 0.6695597322268988 0.781693666972198 1.6633346637256996 2.5560068892668655 10.052461528157739 -1.531417571418102 1
