Car 429 1 2.078917844144546 0.0 716.7219 249.1389 869.2625 1.637249380542076 1.844750020934753 4.866956110734736 -12.266405726340672 3.103651565886978 21.437661971528357 1.5591982722974538 1
Car 831 2 1.9977688299341951 122.40089 732.5838 368.76053 859.45233 1.7068450562934319 2.129729313332288 4.844357936848382 -12.573015466519712 3.804278434550614 26.691136242500367 1.5575434937696322 1
Car 603 2 1.8054190661630405 419.17743 779.12164 541.96344 864.3498 1.6180521759098696 2.0283933399221876 5.015728211986977 -12.845085366202841 6.038781309982408 40.29017674855683 1.4967920343453636 1
Car 431 1 -1.4366225173289204 677.57684 766.61426 834.2575 917.09143 1.569507641426492 1.6761372608472365 3.507502576065326 -2.745235277676135 3.6937264477035034 20.660126716197418 -1.568724691078556 1
Car 432 1 -1.3003661201274124 168.56264 693.51733 797.6017 1173.7427 1.7158240930915294 1.9621956991408385 4.707869535414458 -2.190389805843977 2.2094177000079918 8.388504096326566 -1.5557811458240858 1
Car 433 2 -0.5839070080273814 0.0 0.0 1935.0 1215.0 1.496063470239196 1.7350100542627058 3.680002840646576 -2.005078820421112 1.3891918486800683 1.268609594380516 -1.5905874373804914 1
Car 435 1 -1.4514877572162534 735.8211 780.2797 861.34973 891.8449 1.4597303873909035 1.8077307844894164 4.409851651216286 -2.949836140897352 4.595416770664455 27.961413398818284 -1.5565956483067036 1
Car 434 1 -1.4717198388401966 780.56134 784.13916 881.6294 877.5182 1.4807831928883333 1.834398271762575 4.747702297552952 -2.9010088758930577 5.381270240897657 34.24289929992959 -1.5562365785056476 1
Car 608 1 -1.5305732539029324 824.2557 783.84973 894.0799 862.0487 1.7022810823186216 1.8385886368082156 4.108954120233979 -2.8929513643642384 6.502397157532582 43.08204507031855 -1.597622412912758 1
moped_scooter 436 2 -1.6464844609536697 1008.0843 804.4472 1049.3442 886.00806 1.338980792985025 0.6768910167933271 2.0081283222129374 1.340580093946141 5.066256045520257 30.03009153976601 -1.6018728541144156 1
Pedestrian 437 0 -1.5972975812535168 928.0198 715.8222 1028.5239 1020.3387 1.7817070921561822 0.6035288096406888 0.7361037346805054 0.09625053102589427 2.372594906579251 9.345472225527086 -1.5869987835326391 1
Pedestrian 438 2 -1.6097761999117923 959.76935 736.887 1033.1562 974.39514 1.7817070921561822 0.5571108852016946 0.7393601516972239 0.2721344651180782 2.704286842565617 11.94549007976022 -1.5869987835326391 1
Pedestrian 439 1 -1.6905646249660133 1053.7078 730.7169 1184.9438 1024.4858 1.7395784904977092 0.7435609830549611 0.7725702250892558 0.9905685787001877 2.4417169609602682 9.530405543182649 -1.5869987835326391 1
Pedestrian 440 1 -1.666308924597664 1043.4729 759.50134 1118.1802 971.4361 1.611015622366277 0.5512719996665653 0.4540382284153572 0.9452361533427142 2.702344573853284 11.893226174304417 -1.5869987835326391 1
