Car 831 2 1.9835652286225436 196.073 735.9545 424.96848 857.42426 1.7068450562934319 2.129729313332288 4.844357936848382 -11.951021614173342 3.958454339468646 27.888695674633183 -4.7044731944282665 1
Car 429 2 2.0609340889623953 18.077667 722.0924 313.52493 866.9023 1.637249380542076 1.844750020934753 4.866956110734736 -11.797160018441563 3.266703772867114 22.628657113571467 -4.702822490828151 1
Car 603 2 1.7980119950295024 469.0754 781.5854 586.02795 864.337 1.6180521759098696 2.0283933399221876 5.015728211986977 -11.9318388624159 6.2327861269330835 41.485831147581365 1.5179583702282464 1
Car 431 1 -1.4394542999281834 718.0783 774.801 867.7651 921.0542 1.569507641426492 1.6761372608472365 3.507502576065326 -2.328538119378013 3.897878529400171 21.455316870760974 -1.5475608281509337 1
Car 432 1 -1.3209675881094542 304.25696 708.3899 837.5078 1133.0518 1.7158240930915294 1.9621956991408385 4.707869535414458 -2.0327446356933336 2.3722387773627345 9.369223332957406 -1.534616183821252 1
Car 433 1 -0.8378761054394505 0.0 625.454 559.7821 1215.0 1.496063470239196 1.7350100542627058 3.680002840646576 -1.9455415368216622 1.497559222390679 2.1672389847116476 -1.5694218709802321 1
Car 435 1 -1.4526538985802449 772.2665 787.81744 893.05634 896.9146 1.4597303873909035 1.8077307844894164 4.409851651216286 -2.399592051584933 4.854119277289753 28.921842491038586 -1.5354324645005475 1
Car 434 2 -1.474842891063692 819.1133 793.61365 916.59265 885.85693 1.4807831928883333 1.834398271762575 4.747702297552952 -2.1232596858279886 5.7244886881227846 35.20996892112139 -1.5350727537510236 1
moped_scooter 436 2 -1.6408941503797716 1032.2085 802.9429 1071.8398 881.9953 1.338980792985025 0.6768910167933271 2.0081283222129374 1.8603826454510493 5.134837182763368 30.87515073426939 -1.5807118997111071 1
Pedestrian 437 0 -1.5968801302461801 960.66565 725.82227 1057.3572 1017.98254 1.7817070921561822 0.6035288096406888 0.6174818857867783 0.29950355690651137 2.453535094863074 9.644524937410802 -1.5658358499508658 1
Pedestrian 438 2 -1.6123956283777923 995.8647 745.5006 1068.1631 978.75745 1.7817070921561822 0.5571108852016946 0.7113269795297524 0.5660746876891665 2.7902972225221605 12.149232656522509 -1.5658358499508658 1
Pedestrian 440 1 -1.668418558523094 1079.1284 770.9909 1153.1093 978.40985 1.611015622366277 0.5512719996665653 0.5953741648647148 1.269874349172416 2.8453147321708565 12.335576365470123 -1.5658358499508658 1
Pedestrian 439 1 -1.6842248301016662 1083.3577 735.4587 1200.7231 1025.4056 1.7395784904977092 0.6589157166968552 0.9641625046302983 1.168622786608557 2.501711535120268 9.824883112238126 -1.5658358499508658 1
