Car 831 2 1.9851311504580647 187.16359 735.57806 418.00378 857.6069 1.7068450562934319 2.129729313332288 4.844357936848382 -12.035568676591343 3.9402399588536356 27.74869683844674 -4.707299728130255 1
Car 429 2 2.0628810586283928 7.1506658 719.9623 305.69028 865.1953 1.637249380542076 1.844750020934753 4.866956110734736 -11.86295018893967 3.222162983534291 22.49230661362881 -4.705648481212115 1
Car 603 2 1.799049598740616 462.39093 786.611 580.10394 870.3918 1.6180521759098696 2.0283933399221876 5.015728211986977 -12.059107139586372 6.363843289388678 41.32654526137836 1.5151321404808593 1
Car 431 1 -1.4396679957732976 713.6608 773.2841 864.1314 920.03894 1.569507641426492 1.6761372608472365 3.507502576065326 -2.3729454405852466 3.8631018349648656 21.344546738541286 -1.5503867276630108 1
Car 432 1 -1.315996489882493 281.3956 706.9858 829.6794 1140.3075 1.7158240930915294 1.9621956991408385 4.707869535414458 -2.0736835936875866 2.352359789168374 9.210724388882753 -1.5374422297783448 1
Car 433 1 -0.8170399271843678 0.0 557.52856 547.3646 1215.0 1.496063470239196 1.7350100542627058 3.680002840646576 -1.9468416700158517 1.4858452765360541 2.0680896587100204 -1.572247997724226 1
Car 435 1 -1.4532270290183456 768.5935 787.70154 889.85443 897.2943 1.4597303873909035 1.8077307844894164 4.409851651216286 -2.4537236820951818 4.836786454919945 28.787148966653255 -1.5382582734369232 1
Car 434 2 -1.4745133166517785 814.1555 792.1004 912.02264 884.39575 1.4807831928883333 1.834398271762575 4.747702297552952 -2.227917138063409 5.674056285907094 35.10169602211355 -1.5378986481213421 1
moped_scooter 436 2 -1.640893162077667 1027.9086 802.86053 1067.6636 882.1898 1.338980792985025 0.6768910167933271 2.0081283222129374 1.7670002610421005 5.121149012080812 30.77393627257485 -1.5835374115076404 1
Pedestrian 437 0 -1.5971187912068232 957.3483 727.26196 1052.0803 1011.4673 1.7817070921561822 0.6035288096406888 0.42124968061446 0.27720997235171074 2.462788680187053 9.738676832987602 -1.5686616256284636 1
Pedestrian 438 2 -1.613290586262838 993.17303 746.2143 1064.5396 975.80273 1.7817070921561822 0.5571108852016946 0.5431279465249311 0.5432844279555682 2.7906813765572784 12.165277385180302 -1.5686616256284636 1
Pedestrian 440 1 -1.667983464022752 1074.5637 771.2968 1147.5432 977.129 1.611015622366277 0.5512719996665653 0.5108823900848115 1.2281858665359182 2.842654854767475 12.32502955921736 -1.5686616256284636 1
Pedestrian 439 1 -1.6844323216144972 1079.4318 735.2873 1196.2753 1025.248 1.7395784904977092 0.6589157166968552 0.8911749695670537 1.1347596845929575 2.492827655831463 9.757957024425433 -1.5686616256284636 1
