Car 830 2 1.8791705108746393 256.63986 758.07574 429.00372 857.80707 1.538684137955263 2.0860182017867697 4.502511418358299 -12.940784782869123 4.56157065658118 31.61630786110323 1.4906664605799693 1
Car 831 2 2.0228465511786196 70.013145 727.9776 339.72382 862.1089 1.7068450562934319 2.129729313332288 4.844357936848382 -12.526799541963264 3.6114987892159065 25.200022816177118 1.561525826158408 1
Car 603 2 1.8165529845662163 377.82776 784.93463 508.45132 874.6938 1.6180521759098696 2.0283933399221876 5.015728211986977 -13.316711175054769 6.042772494030101 38.761402842496814 1.4856304478170097 1
Car 431 1 -1.4262345642860992 634.979 761.4571 808.3313 925.01355 1.569507641426492 1.6761372608472365 3.507502576065326 -2.9507843309992783 3.470213446236442 19.05316464619892 -1.5798849740086855 1
Car 432 0 -1.248475002406639 0.0 671.0585 753.12756 1215.0 1.7158240930915294 1.9621956991408385 4.707869535414458 -2.27966127086458 2.0020436507107884 6.91458251582774 -1.5669420103859515 1
Car 435 1 -1.4464009777323992 706.21387 778.8196 840.4079 896.835 1.4597303873909035 1.8077307844894164 4.409851651216286 -3.2273680948150605 4.410793615407342 26.46384706527899 -1.5677555724539751 1
Car 434 1 -1.4621140593227675 745.5607 780.3445 853.1575 877.2483 1.4807831928883333 1.834398271762575 4.747702297552952 -3.4719206544248147 5.143034698478597 32.855163612868765 -1.567396841622915 1
Car 608 1 -1.527689514765604 801.59924 777.2397 874.2306 857.54877 1.7022810823186216 1.8385886368082156 4.108954120233979 -3.3897025881279497 6.163798839175174 41.70816562985934 -1.6087832008404257 1
Car 429 2 2.107245065852884 0.0 702.40466 185.66003 864.02826 1.637249380542076 1.844750020934753 4.866956110734736 -12.489691750532662 2.798755424216724 19.95649402233857 1.548037629725786 1
moped_scooter 436 1 -1.6502066958499118 995.73364 802.80664 1039.5717 888.8203 1.338980792985025 0.6768910167933271 2.0081283222129374 1.0602216690241024 4.851347186671062 28.506535579941826 -1.6130315990525463 1
Pedestrian 437 0 -1.6012479096461385 914.69135 708.932 1020.11304 1026.531 1.7817070921561822 0.6035288096406888 0.5865934831206614 0.027342041702047556 2.2959857933082697 8.85043385044422 -1.5981585746847164 1
Pedestrian 438 2 -1.6116908290949852 944.8951 735.73425 1019.1679 974.7184 1.7817070921561822 0.5571108852016946 0.33755135063015584 0.15548320166874624 2.646305227860105 11.489121180082938 -1.5981585746847164 1
Pedestrian 440 1 -1.6747569645197915 1035.5427 758.34186 1119.7804 988.92065 1.611015622366277 0.5512719996665653 0.8910953765944438 0.8769109277479854 2.670992611928787 11.42576523287429 -1.5981585746847164 1
Pedestrian 439 1 -1.6958379044664411 1053.3121 721.75 1167.3173 1034.303 1.7395784904977092 0.5848130942923893 0.8045022716793817 0.880706310735825 2.348221575198234 8.987607879160858 -1.5981585746847164 1
