Car 830 2 1.875900922541863 265.90427 754.0688 435.7081 852.14484 1.538684137955263 2.0860182017867697 4.502511418358299 -12.8966259152061 4.496470798695985 31.91662209809884 1.4918887979368143 1
Car 831 2 2.018248249123374 83.73123 724.55994 348.44568 856.23157 1.7068450562934319 2.129729313332288 4.844357936848382 -12.48933740922914 3.567982962901536 25.495889496930637 1.5627479958023809 1
Car 603 2 1.8141173419247798 384.84183 779.53754 513.83374 867.7651 1.6180521759098696 2.0283933399221876 5.015728211986977 -13.262733751466088 5.9252393564397945 39.068784863491416 1.4868527680091028 1
Car 431 1 -1.4268762044419143 639.4326 762.05164 810.0683 923.1478 1.569507641426492 1.6761372608472365 3.507502576065326 -2.9564005061237686 3.5035604571068437 19.327538608887746 -1.5786627965522146 1
Car 432 0 -1.258016362798426 0.0 675.4642 757.44495 1215.0 1.7158240930915294 1.9621956991408385 4.707869535414458 -2.2993157004429383 2.040240383199142 7.235168561418689 -1.5657197691680733 1
Car 435 1 -1.4468566989367948 709.83734 778.4954 842.1756 894.8445 1.4597303873909035 1.8077307844894164 4.409851651216286 -3.223089225412199 4.439517868029006 26.802928030091913 -1.5665334343085353 1
Car 434 1 -1.4682169199557848 757.86743 780.7816 863.2166 876.896 1.4807831928883333 1.834398271762575 4.747702297552952 -3.255937517213303 5.182283655447014 33.13180033422103 -1.5661746663253189 1
Car 608 1 -1.5282301668469747 804.5551 779.843 876.6338 859.87695 1.7022810823186216 1.8385886368082156 4.108954120233979 -3.336929316894931 6.267599786261241 41.975199328643534 -1.607560968076153 1
Car 429 2 2.100191471369053 0.0 704.6802 199.08559 864.31537 1.637249380542076 1.844750020934753 4.866956110734736 -12.436648640171155 2.8480493533644227 20.242344183610417 1.5492598465806293 1
moped_scooter 436 1 -1.6482504799469337 994.972 802.76685 1038.0925 887.7201 1.338980792985025 0.6768910167933271 2.0081283222129374 1.0516712544374522 4.890999675304023 28.846872320685687 -1.6118095901581606 1
Pedestrian 437 0 -1.5998353600090394 914.8403 708.8945 1020.5949 1030.0417 1.7817070921561822 0.6035288096406888 0.8482364233503777 0.025958500445971713 2.3089299691354235 8.954551139243879 -1.5969364511383772 1
Pedestrian 438 2 -1.6088018483240285 942.9035 736.15063 1016.5339 973.8806 1.7817070921561822 0.5571108852016946 0.45902843002251875 0.13843197043183794 2.667227287960655 11.666316070254043 -1.5969364511383772 1
Pedestrian 440 1 -1.673545672022096 1037.5698 760.6853 1116.7007 981.27246 1.611015622366277 0.5512719996665653 0.646069229732681 0.8948948268891789 2.699583147128798 11.658432585148182 -1.5969364511383772 1
Pedestrian 439 1 -1.6911640188328312 1049.3851 726.21954 1160.873 1032.3549 1.7395784904977092 0.5848130942923893 0.8501194810939311 0.8710482809920108 2.3933530581409097 9.21671662000791 -1.5969364511383772 1
