Car 830 2 1.9073340578881162 188.3649 765.31396 383.19846 875.16296 1.538684137955263 2.0860182017867697 4.502511418358299 -13.053568949606943 4.502564393264349 29.235358055377493 1.4873950690270559 1
Car 603 2 1.8359761972359732 332.16364 779.9181 476.10138 875.1494 1.6180521759098696 2.0283933399221876 5.015728211986977 -13.444322184161125 5.661773263673675 36.42135099065853 1.482359102221432 1
Car 831 2 2.064756905576486 0.0 753.58435 273.07 909.81573 1.7068450562934319 2.129729313332288 4.844357936848382 -12.640832256239174 3.877155176120426 22.785502163931987 1.5582548834558279 1
Car 429 2 2.166355483854753 0.0 742.3622 86.30174 943.5326 1.637249380542076 1.844750020934753 4.866956110734736 -12.533040760862372 3.204544957607987 17.496659865710516 1.5447665606483794 1
Car 431 1 -1.4075282647585996 582.1974 763.89056 787.7678 954.9075 1.569507641426492 1.6761372608472365 3.507502576065326 -2.9490994584158865 3.278070575855292 16.618765935477693 -1.5831559376274031 1
Car 432 1 -1.114116975050954 0.0 636.72845 684.6106 1215.0 1.7158240930915294 1.9621956991408385 4.707869535414458 -2.276169041231212 1.7711633256310368 4.639599400233992 -1.5702131447301675 1
Car 435 1 -1.4333935318874373 671.5463 781.2232 822.8772 912.45935 1.4597303873909035 1.8077307844894164 4.409851651216286 -3.3370316103792903 4.208736717551126 24.092597438627323 -1.571026430839654 1
Car 434 1 -1.4522909288479038 719.64557 787.1284 837.97296 893.2023 1.4807831928883333 1.834398271762575 4.747702297552952 -3.628910259776626 5.048369148505628 30.512241480231715 -1.5706677994769898 1
Car 608 1 -1.522551516015116 786.08215 783.6693 863.91437 869.78546 1.7022810823186216 1.8385886368082156 4.108954120233979 -3.5323652910364074 6.103199027208109 39.36109361594412 -1.6120543124858617 1
moped_scooter 436 1 -1.6458003402464252 982.46094 802.87445 1030.1533 897.79694 1.338980792985025 0.6768910167933271 2.0081283222129374 0.7651887541082217 4.546476656514043 25.93263490288761 -1.6163021113836378 1
Pedestrian 437 0 -1.5981001093814289 903.0757 705.42346 1013.15796 1060.9703 1.7817070921561822 0.5645938482969838 0.7080705625130099 -0.02670354965132553 2.233127732364852 8.020777553229824 -1.6014293939566602 1
Pedestrian 438 2 -1.6067831751987942 929.7493 737.56274 1010.2359 998.0602 1.7817070921561822 0.5571108852016946 0.39361769496510324 0.05681084114429364 2.596608922714153 10.61124759953746 -1.6014293939566602 1
Pedestrian 440 1 -1.6698506833296753 1020.9781 762.16144 1109.7909 1009.4132 1.611015622366277 0.5512719996665653 0.7955727312183011 0.7264605717599262 2.621316016603962 10.600890297420813 -1.6014293939566602 1
Pedestrian 439 1 -1.7131770589275324 1060.0759 724.0166 1205.2615 1068.1272 1.7395784904977092 0.6809682583962309 0.8337733143870403 0.923890483990531 2.313590558236839 8.233206234830298 -1.6014293939566602 1
