Car 830 2 1.8998316218945202 205.6671 760.72253 394.4326 867.4114 1.538684137955263 2.0860182017867697 4.502511418358299 -13.042710798538984 4.459723671984118 29.830929204114568 1.4876553222095334 1
Car 831 2 2.052407243322818 0.0 727.20734 291.80542 872.5779 1.7068450562934319 2.129729313332288 4.844357936848382 -12.610076408749329 3.4758021562432866 23.42147528833524 1.5585151009307676 1
Car 429 2 2.1490157328927286 0.0 709.36163 114.65238 891.6799 1.637249380542076 1.844750020934753 4.866956110734736 -12.53199386688475 2.8018057787562194 18.1620781320261 1.5450267881781508 1
Car 603 2 1.83049447608135 343.97424 771.26227 484.1931 863.5004 1.6180521759098696 2.0283933399221876 5.015728211986977 -13.428916516918344 5.495812683503414 37.0327876282549 1.4826193517468234 1
Car 431 1 -1.4127325952947074 595.7782 767.19037 792.65375 951.8381 1.569507641426492 1.6761372608472365 3.507502576065326 -2.954297412876538 3.373313965193967 17.193665628870257 -1.5828957184881136 1
Car 432 1 -1.1513351108022998 0.0 648.9174 698.169 1215.0 1.7158240930915294 1.9621956991408385 4.707869535414458 -2.3108624342885493 1.8370774541726458 5.193932971287853 -1.5699529120047921 1
Car 435 1 -1.4375603126312824 681.1815 783.10675 827.5216 911.1073 1.4597303873909035 1.8077307844894164 4.409851651216286 -3.3111442309405286 4.307172124743422 24.71014221218065 -1.5707662200733268 1
Car 434 1 -1.4567136971593815 728.5832 788.0684 843.6529 892.16754 1.4807831928883333 1.834398271762575 4.747702297552952 -3.55003876643341 5.13209304966878 31.089880719893277 -1.5704075807955942 1
Car 608 1 -1.5238001058327937 789.08014 786.06415 865.59344 871.1427 1.7022810823186216 1.8385886368082156 4.108954120233979 -3.522899415032546 6.2311155169512435 39.93230395530353 -1.6117940815702168 1
moped_scooter 436 1 -1.6449115664844558 982.061 809.8673 1028.5879 903.14526 1.338980792985025 0.6768910167933271 2.0081283222129374 0.7659562177376195 4.745656852116512 26.524177415144834 -1.6160419281545557 1
Pedestrian 437 0 -1.5947041662692218 897.57324 713.32544 1009.94934 1056.7567 1.7817070921561822 0.6035288096406888 0.9977466749101955 -0.05513281551437357 2.315994468011129 8.527745791133643 -1.6011691863042086 1
Pedestrian 438 2 -1.6035211802177591 926.6657 738.6847 1004.91547 993.7388 1.7817070921561822 0.5571108852016946 0.5805055094149189 0.025899596193673498 2.642298165239183 11.01174126627687 -1.6011691863042086 1
Pedestrian 440 1 -1.672809569962228 1027.8616 764.5982 1111.5598 999.59174 1.611015622366277 0.5512719996665653 0.6012416492244728 0.784255052984991 2.6607642722763627 10.928373979346706 -1.6011691863042086 1
Pedestrian 439 1 -1.716296913751517 1069.727 729.67737 1202.8485 1052.321 1.7395784904977092 0.680968258396221 0.5547058119780075 0.9872535733162591 2.3579056872367987 8.537369061297042 -1.6011691863042086 1
