Car 830 2 1.9189954232873059 159.93964 752.9117 364.76038 864.43445 1.538684137955263 2.0860182017867697 4.502511418358299 -13.074099747329726 4.162147093266249 28.31592866017262 1.4864359860880705 1
Car 607 1 1.9244489616876344 434.11285 769.2355 545.4118 836.73474 1.5274524716344122 1.8435755723078733 4.296822016188259 -14.238007221199343 6.121468765304849 45.405920700385266 -4.6625971780848525 1
Car 831 2 2.081130041135062 0.0 727.1586 247.40353 884.041 1.7068450562934319 2.129729313332288 4.844357936848382 -12.640978552179282 3.3698382760395518 21.882922578424033 1.5572959321052222 1
Car 429 2 2.193139726727635 0.0 707.7073 40.88794 911.28 1.637249380542076 1.844750020934753 4.866956110734736 -12.514048303632608 2.6861460736108067 16.48426480277954 1.543807572242068 1
Car 603 2 1.84367065726824 314.27075 760.7372 463.82242 855.5336 1.6180521759098696 2.0283933399221876 5.015728211986977 -13.466665296360969 5.080758960890445 35.53234233916016 1.481400032760971 1
Car 431 1 -1.3973725024742802 555.3853 756.41754 777.09717 958.36 1.569507641426492 1.6761372608472365 3.507502576065326 -2.9638356955478833 3.104274119446445 15.686331058152847 -1.5841148951120223 1
Car 432 1 -1.0047376225936664 0.0 571.4236 634.4018 1215.0 1.7158240930915294 1.9621956991408385 4.707869535414458 -2.277611267428391 1.6719466024687366 3.5814330978006925 -1.5711721522882585 1
Car 435 1 -1.4301416414518224 660.6361 778.8745 819.60913 915.909 1.4597303873909035 1.8077307844894164 4.409851651216286 -3.297842046620989 4.064673562747696 23.093692723569966 -1.5719853574664986 1
Car 434 1 -1.450025184371719 712.25696 783.8584 834.9336 893.00854 1.4807831928883333 1.834398271762575 4.747702297552952 -3.614742319690453 4.877374487811627 29.579451229157492 -1.5716267552752383 1
Car 608 1 -1.5057482583929493 757.1314 780.0201 838.93964 867.1498 1.7022810823186216 1.8385886368082156 4.108954120233979 -4.1731911826013866 5.939374377823322 38.75608513163808 -1.613013313368863 1
moped_scooter 436 1 -1.6475999453419012 982.7071 797.40784 1032.585 895.9514 1.338980792985025 0.6768910167933271 2.0081283222129374 0.7558372221488628 4.329493496807361 24.905405035427005 -1.6172609365198996 1
Pedestrian 437 0 -1.5957515640046172 892.03064 698.17395 1014.0588 1064.0121 1.7817070921561822 0.6071627393661165 0.7080705625130431 -0.051716174236453985 2.1813382760550013 7.792285849254916 -1.602388309104985 1
Pedestrian 440 1 -1.6729276326799032 1023.7723 759.659 1112.6892 1009.14026 1.611015622366277 0.5512719996665653 0.6181400041803712 0.7290126774965975 2.5694093197931087 10.317693732088514 -1.602388309104985 1
bicycle_rack 614 2 0.29812574082487986 406.98328 781.33136 494.76096 835.2766 1.2782011859485924 1.5841407174397957 1.896064314535734 -13.973478121680717 5.654207008897242 41.01271915458509 -0.030249812437600276 1
Pedestrian 439 1 -1.7128267600977602 1059.9149 717.74066 1200.7527 1070.2306 1.7395784904977092 0.6444744908646108 0.7516623374408518 0.8837216325444105 2.25830325018197 7.969379187849814 -1.602388309104985 1
Pedestrian 438 2 -1.6042813031436758 924.13214 729.67865 1005.68146 994.0769 1.7817070921561822 0.5571108852016946 0.43077467829107796 0.019837159498472687 2.5316544177936264 10.479238390622232 -1.602388309104985 1
