Car 830 2 1.936278117042033 122.31948 750.7731 341.9251 867.4211 1.538684137955263 2.0860182017867697 4.502511418358299 -13.034959531490006 4.01463804963253 27.085252678011617 1.4877372613056505 1
Car 607 1 1.9323276877158442 420.97922 765.8869 536.55164 835.0062 1.5274524716344122 1.8435755723078733 4.296822016188259 -14.175383563113844 5.899989506138463 44.18610462667786 -4.661295958877375 1
Car 831 2 2.106441472558672 0.0 717.9245 212.05339 882.8312 1.7068450562934319 2.129729313332288 4.844357936848382 -12.606129094086045 3.1435718317675163 20.66093185556436 1.5585970287845714 1
Car 603 1 1.8555747865735324 291.328 759.2997 449.32654 857.5267 1.6180521759098696 2.0283933399221876 5.015728211986977 -13.418061777260423 4.9334603896180145 34.30214807241676 1.4827012896915646 1
Car 431 1 -1.3819151107436796 518.00635 752.73846 765.25354 973.4274 1.569507641426492 1.6761372608472365 3.507502576065326 -2.941181008733723 2.954931497853364 14.442629373948701 -1.5828137901103128 1
Car 432 1 -0.7968707119353776 0.0 0.0 1935.0 1215.0 1.7158240930915294 1.9621956991408385 4.707869535414458 -2.2585660949007758 1.505654328463844 2.3152750066861154 -1.5698709793496448 1
Car 434 1 -1.445647969869764 703.83606 780.75714 833.0416 894.53516 1.4807831928883333 1.834398271762575 4.747702297552952 -3.5520691195302794 4.68213139617052 28.342241101313146 -1.5703256525619844 1
Car 435 1 -1.4226831028598388 644.3785 776.0544 815.0114 921.23956 1.4597303873909035 1.8077307844894164 4.409851651216286 -3.255016687897922 3.8893731902608986 21.832361840773398 -1.5706842943316581 1
Car 608 1 -1.5066184313637299 759.25714 779.49396 843.1487 869.0619 1.7022810823186216 1.8385886368082156 4.108954120233979 -3.9796966151491557 5.818666953812681 37.728556777734454 -1.6117121494847106 1
moped_scooter 436 2 -1.649295593004336 985.7937 797.54974 1038.7098 901.9077 1.338980792985025 0.6768910167933271 2.0081283222129374 0.7861992202255008 4.178386439091339 23.575648876009385 -1.615960011082564 1
Pedestrian 437 0 -1.589271691417856 887.285 695.0591 1002.87024 1059.7411 1.8099309169417048 0.5872991285214421 0.848822212914766 -0.09478697414399814 2.2066129378896626 8.021835772902518 -1.601087261542845 1
Pedestrian 438 2 -1.5877610217150158 902.152 725.28235 981.87775 986.21924 1.7817070921561822 0.5571108852016946 0.5805055094148932 -0.14312570043267697 2.5226599066896505 10.739505643044534 -1.601087261542845 1
Pedestrian 440 1 -1.663483643768192 1012.922 757.21326 1098.637 1000.6615 1.611015622366277 0.5512719996665653 0.5420974068784306 0.6547076658923594 2.562903843644621 10.479097702703429 -1.601087261542845 1
bicycle_rack 614 2 0.3075826497265688 391.6089 780.65515 482.71338 836.2628 1.2782011859485924 1.5841407174397957 1.896064314535734 -13.917704396259763 5.5071008212980646 39.783163292878015 -0.02894878486575503 1
Pedestrian 439 1 -1.7033540670980927 1043.4801 719.9592 1193.5498 1066.7611 1.7395784904977092 0.7083385840449393 0.8428967562698683 0.8384617562246622 2.286396154399252 8.170165229468761 -1.601087261542845 1
