Car 830 2 1.9386536883221361 116.63627 750.46826 338.36847 867.8367 1.538684137955263 2.0860182017867697 4.502511418358299 -13.036545649147675 3.994881308129849 26.921335180813077 1.4876886203782589 1
Car 607 1 1.9334713110251993 418.67023 767.44836 534.8746 837.0128 1.5274524716344122 1.8435755723078733 4.296822016188259 -14.178576192573892 5.932153256322104 44.015572162761984 -4.661344597710187 1
Car 831 2 2.109985377205586 0.0 717.3013 206.60968 883.5373 1.7068450562934319 2.129729313332288 4.844357936848382 -12.607399949375365 3.123822582568142 20.497034398807212 1.5585483945308765 1
Car 603 1 1.8572359461326287 287.70483 757.50195 446.90173 855.93896 1.6180521759098696 2.0283933399221876 5.015728211986977 -13.422042161981844 4.874753867036214 34.14014920574181 1.4826526494476542 1
Car 431 1 -1.379661638249524 512.111 752.2052 763.1588 975.6272 1.569507641426492 1.6761372608472365 3.507502576065326 -2.9421505989536745 2.935243253209319 14.27919838626451 -1.5828624246750638 1
Car 432 2 -0.7602527453735836 0.0 0.0 1935.0 1215.0 1.7158240930915294 1.9621956991408385 4.707869535414458 -2.258941731232297 1.4859794882382789 2.1518758679190215 -1.569919616453519 1
Car 434 1 -1.4438546680556847 700.34204 780.5812 830.7724 895.04816 1.4807831928883333 1.834398271762575 4.747702297552952 -3.5842754454368175 4.661464049707124 28.17847760879518 -1.570374287041139 1
Car 435 1 -1.4226077439442593 643.4891 775.8788 815.28973 922.0835 1.4597303873909035 1.8077307844894164 4.409851651216286 -3.236550085370188 3.8721795612794065 21.69006100645395 -1.5707329273315436 1
Car 608 1 -1.5061422414274857 757.90894 779.23303 842.8027 869.8053 1.7022810823186216 1.8385886368082156 4.108954120233979 -3.9565657631269957 5.769714081660982 37.321500889422076 -1.6117607862504408 1
moped_scooter 436 2 -1.6495160043782087 985.8679 797.4991 1039.1821 902.61346 1.338980792985025 0.6768910167933271 2.0081283222129374 0.7847815263829433 4.158712747616772 23.412398774017234 -1.616008638935945 1
Pedestrian 437 0 -1.5900194822884561 885.8188 694.55493 1006.25806 1059.071 1.8099309169417048 0.6110301639748391 0.7728828994638652 -0.0886253573589554 2.1996979228105364 7.972150485819242 -1.6011358939608031 1
Pedestrian 438 2 -1.5876705686403059 901.6126 728.963 982.6104 996.7438 1.7817070921561822 0.5571108852016946 0.8237192346085564 -0.14404615311132513 2.555322117020737 10.696915497324625 -1.6011358939608031 1
Pedestrian 440 1 -1.665316837209399 1016.2203 758.0232 1100.2397 997.6985 1.611015622366277 0.5512719996665653 0.44070727714253977 0.6770511337594854 2.5691624022454813 10.534610575597346 -1.6011358939608031 1
bicycle_rack 614 2 0.3088729378929826 389.11737 780.5553 480.6905 836.39417 1.2782011859485924 1.5841407174397957 1.896064314535734 -13.919912292129364 5.487329067374205 39.61920431288562 -0.028997416539360277 1
moped_scooter 617 2 -1.6006654757891021 942.044 807.73254 961.8136 848.9877 1.1238439415779677 0.6081457865645273 1.9309110504540523 -0.3209778030515995 7.400668677806889 50.36396115553267 -1.607038553880077 1
Pedestrian 439 1 -1.7037037034513327 1053.1204 720.0116 1182.7893 1065.735 1.7395784904977092 0.6079807233329738 0.7060451280263109 0.8322914290800334 2.276902956006089 8.08607273990506 -1.6011358939608031 1
