Car 830 1 1.9497597480846909 92.01803 749.086 323.6817 869.7979 1.538684137955263 2.0860182017867697 4.502511418358299 -13.011432618702438 3.9065915767301607 26.18450343303129 1.4885844055229565 1
Car 607 1 1.938446476831924 410.44516 766.04065 529.3903 836.70166 1.5274524716344122 1.8435755723078733 4.296822016188259 -14.137690801755786 5.819569446568348 43.28283646307909 -4.6604488511517195 1
Car 831 2 2.1272003864414866 0.0 722.33484 182.06392 897.1778 1.7068450562934319 2.129729313332288 4.844357936848382 -12.594243172799699 3.1520240701491797 19.74614690122829 1.559444056770447 1
Car 606 2 1.815823692249491 486.66583 761.25586 574.2282 831.70416 1.8205190944073706 1.8077072877029694 4.025422181621311 -13.939926967331127 6.43779411502074 48.59543174700178 1.536468124059593 1
Car 603 1 1.8643393842910017 273.9974 747.6246 438.46048 846.65546 1.6180521759098696 2.0283933399221876 5.015728211986977 -13.383973737560895 4.574027910102126 33.43233959235569 1.483548422006118 1
Car 431 1 -1.3697083157269565 486.68225 753.4662 756.183 991.47687 1.569507641426492 1.6761372608472365 3.507502576065326 -2.9156135399115066 2.8842311812847514 13.529238716220256 -1.5819667567073723 1
Car 435 1 -1.4182624707063707 633.7948 774.9824 813.05054 926.6419 1.4597303873909035 1.8077307844894164 4.409851651216286 -3.2024153596829343 3.7852277237433687 20.965571204708176 -1.569837288181687 1
Car 432 2 -0.5842855536057051 0.0 0.0 1935.0 1171.5344 1.7158240930915294 1.9621956991408385 4.707869535414458 -2.2572777356490406 1.4075504356426283 1.4985195517502827 -1.5690239017286205 1
Car 434 1 -1.4427157443309202 697.72205 779.48773 832.0244 897.1567 1.4807831928883333 1.834398271762575 4.747702297552952 -3.4965081712201047 4.562370384237407 27.435160176833566 -1.569478620650499 1
Car 608 1 -1.5031817275147952 753.62604 778.32733 840.6309 870.58795 1.7022810823186216 1.8385886368082156 4.108954120233979 -3.9600290187410656 5.6750793692211925 36.63250375423085 -1.6108650777490776 1
Pedestrian 437 0 -1.585369886555708 886.8722 698.15533 993.3342 1048.1584 1.8099309169417048 0.5635680930680307 0.8181711950316579 -0.12380799977430192 2.2382001528007356 8.325199652076627 -1.6002402655257448 1
moped_scooter 436 2 -1.6649514818283822 1008.2239 796.85767 1066.0619 906.9999 1.338980792985025 0.6768910167933271 2.0081283222129374 1.116168336083548 4.029170150790478 22.37720975774388 -1.6151130945587027 1
Pedestrian 440 1 -1.655748858852298 1003.2512 755.9395 1088.0376 996.937 1.611015622366277 0.5512719996665653 0.66038589157035 0.5947085354530416 2.5785038441511055 10.702804165122252 -1.6002402655257448 1
bicycle_rack 614 2 0.314842655240144 379.47357 780.12915 473.17532 837.02155 1.2782011859485924 1.5841407174397957 1.896064314535734 -13.883348083520156 5.399315234639718 38.883131707897185 -0.028101801776641677 1
moped_scooter 617 2 -1.600571248437938 943.1004 809.7928 963.1658 851.7697 1.1238439415779677 0.6081457865645273 1.9309110504540523 -0.27640302758704505 7.377924614779426 49.60816337374933 -1.6061429154502544 1
Pedestrian 439 1 -1.6913615607195351 1038.0127 721.9397 1160.934 1047.4316 1.7395784904977092 0.6353510489816937 0.44146531342206785 0.7638526001541375 2.296972562244747 8.359597116752896 -1.6002402655257448 1
Pedestrian 438 2 -1.5797115453104382 891.51526 731.19745 970.1813 988.05194 1.7817070921561822 0.5571108852016946 0.49342105332896835 -0.22254697389880346 2.570298424918218 10.839239278032824 -1.6002402655257448 1
