Car 830 2 1.9548397581931607 80.540535 746.41626 316.88287 868.2841 1.538684137955263 2.0860182017867697 4.502511418358299 -12.999909664238915 3.82890521385867 25.855220571356355 1.4889575991605994 1
Car 607 1 1.9407287346336517 406.59314 764.9347 526.81366 836.0526 1.5274524716344122 1.8435755723078733 4.296822016188259 -14.120474694286056 5.754997528596896 42.9521296858627 -4.660075673596907 1
Car 831 2 2.1348115573715827 0.0 717.5072 171.141 894.3378 1.7068450562934319 2.129729313332288 4.844357936848382 -12.583497241337868 3.060068269990143 19.417854002351085 1.5598171992042418 1
Car 606 2 1.817669147324478 483.82547 760.976 572.2396 831.9062 1.8205190944073706 1.8077072877029694 4.025422181621311 -13.921081717950447 6.397905417449728 48.26153230649845 1.5368412575721768 1
Car 603 1 1.8678490675656674 267.07562 747.0982 434.15277 847.12085 1.6180521759098696 2.0283933399221876 5.015728211986977 -13.370827917679872 4.53402405975586 33.09824646183885 1.4839216104007957 1
Car 431 1 -1.3645036578158336 473.3893 751.02075 752.20435 995.27 1.569507641426492 1.6761372608472365 3.507502576065326 -2.9098757384474583 2.8308216613739052 13.192776360430306 -1.5815936118874114 1
Car 435 1 -1.416043293280998 628.5244 774.51245 811.8852 929.19885 1.4597303873909035 1.8077307844894164 4.409851651216286 -3.183348940345367 3.740012790146481 20.58607351006818 -1.569464155366805 1
Car 432 2 -0.4728807680548246 0.0 0.0 1935.0 1206.9031 1.7158240930915294 1.9621956991408385 4.707869535414458 -2.2561028873423963 1.3668601114974095 1.1603259925430378 -1.56865073743161 1
Car 434 1 -1.4418780333808927 695.894 780.4403 832.12714 899.91815 1.4807831928883333 1.834398271762575 4.747702297552952 -3.4659274408605256 4.54599627887471 27.09483395450306 -1.5691054764879824 1
Car 608 1 -1.5036234983573304 754.5785 778.19684 842.08325 871.08673 1.7022810823186216 1.8385886368082156 4.108954120233979 -3.9039503871594365 5.646938599097366 36.39126495859704 -1.6104919160424749 1
moped_scooter 436 2 -1.6597866765664595 1001.21924 796.6423 1058.7017 907.4223 1.338980792985025 0.6768910167933271 2.0081283222129374 1.0029600040260622 4.011161104934558 22.24984422160598 -1.6147400012228008 1
Pedestrian 437 0 -1.5869593328128733 889.9863 698.4258 996.82294 1052.4062 1.8165228712343175 0.5635680930680307 0.9737102082100733 -0.10810528708918507 2.252625528843928 8.374722775829358 -1.5998671371734259 1
Pedestrian 438 2 -1.5756281783158905 886.42816 731.9178 963.96875 986.42865 1.7817070921561822 0.5571108852016946 0.6272274630273625 -0.2681614298188354 2.5962961800881064 11.061073702301925 -1.5998671371734259 1
Pedestrian 440 1 -1.654642605179562 1002.994 761.6605 1085.3668 997.98694 1.611015622366277 0.5512719996665653 0.49140234201047944 0.5889663527922289 2.6165587717968632 10.741618847220318 -1.5998671371734259 1
bicycle_rack 614 2 0.31760704641333015 374.9205 779.9296 469.6201 837.31354 1.2782011859485924 1.5841407174397957 1.896064314535734 -13.868145732954646 5.359366162523443 38.549218355005245 -0.027728679097950293 1
moped_scooter 617 2 -1.6006117792296837 943.6529 807.8269 963.8559 850.0122 1.1238439415779677 0.6081457865645273 1.9309110504540523 -0.25416832318816174 7.270790946509126 49.27605401171956 -1.6057697829341628 1
Pedestrian 439 1 -1.689170357316656 1028.2772 723.031 1170.2197 1060.0865 1.7395784904977092 0.6900917002791302 0.9979952682793641 0.7631945568618702 2.3322854827023325 8.523372774753724 -1.5998671371734259 1
