Car 830 2 1.9517116658128744 87.36581 748.83545 320.83673 870.147 1.538684137955263 2.0860182017867697 4.502511418358299 -13.011079014001034 3.8912431330826163 26.056948366263395 1.4885982656091241 1
Car 607 1 1.9392909588708367 408.81006 765.1088 528.2354 835.88464 1.5274524716344122 1.8435755723078733 4.296822016188259 -14.13673312004945 5.779566262201611 43.158411709001705 -4.660434991662776 1
Car 831 2 2.1302069562720525 0.0 722.74304 177.47603 899.0149 1.7068450562934319 2.129729313332288 4.844357936848382 -12.594662748873949 3.149632276443808 19.617065254159748 1.559457914954951 1
Car 606 2 1.8165221863445449 485.38266 761.14594 573.2713 831.778 1.8205190944073706 1.8077072877029694 4.025422181621311 -13.939260884163792 6.422452175848651 48.467888886923795 1.5364819819127549 1
Car 603 1 1.865662201303866 271.16425 747.4214 436.62286 846.8291 1.6180521759098696 2.0283933399221876 5.015728211986977 -13.38351932485591 4.558681689733377 33.304789501039906 1.48356228189756 1
Car 431 1 -1.3677457001089448 481.49542 753.0334 754.4758 993.52386 1.569507641426492 1.6761372608472365 3.507502576065326 -2.915435729291922 2.868863214068071 13.401544989133976 -1.581952898434246 1
Car 435 1 -1.4190990926018696 634.4601 774.81195 814.74506 927.63806 1.4597303873909035 1.8077307844894164 4.409851651216286 -3.1616818993490687 3.767743835523517 20.817496542416578 -1.5698234303544265 1
Car 432 2 -0.5364723944286476 0.0 0.0 1935.0 1186.4781 1.7158240930915294 1.9621956991408385 4.707869535414458 -2.256980116410105 1.3893367224138236 1.3475640203354975 -1.5690100427321065 1
Car 434 1 -1.4424579916944609 696.93286 780.59106 831.95447 899.0855 1.4807831928883333 1.834398271762575 4.747702297552952 -3.4866643992155737 4.570793202678584 27.304817840622594 -1.569464762401785 1
Car 608 1 -1.500411873074518 749.15186 777.7982 836.7258 870.0941 1.7022810823186216 1.8385886368082156 4.108954120233979 -4.058071016359324 5.657572500544514 36.595282207844534 -1.6108512188487947 1
moped_scooter 436 2 -1.6647534505010726 1007.9724 796.64966 1065.7577 906.7194 1.338980792985025 0.6768910167933271 2.0081283222129374 1.1125429011279597 4.027083996726736 22.38739392420925 -1.6150992381977025 1
Pedestrian 437 0 -1.586111668643304 888.39795 699.32404 993.10095 1040.2584 1.8099309169417048 0.5635680930680307 0.4501408172974585 -0.11679533965023459 2.2333371203005585 8.274158062841614 -1.6002264078642336 1
Pedestrian 440 1 -1.65516929843707 1001.9334 755.01855 1088.2471 999.09064 1.611015622366277 0.5512719996665653 0.7955727312182082 0.5889918458215909 2.578146599932624 10.709284731547601 -1.6002264078642336 1
bicycle_rack 614 2 0.315886172083006 377.53827 780.0497 471.6226 837.1298 1.2782011859485924 1.5841407174397957 1.896064314535734 -13.882817294294892 5.383971050306965 38.75558830699177 -0.028087944326080194 1
moped_scooter 617 2 -1.6005530484162855 943.07 809.1381 963.18506 851.1966 1.1238439415779677 0.6081457865645273 1.9309110504540523 -0.27592298064417314 7.340414119594744 49.48344061231797 -1.6061290576341032 1
Pedestrian 439 1 -1.6934530062021689 1036.3193 722.0009 1169.5018 1047.5006 1.7395784904977092 0.6900917002791302 0.4779590809536909 0.7844352593933362 2.3005281466341976 8.389895100853424 -1.6002264078642336 1
Pedestrian 438 2 -1.579812524440849 892.13965 731.9429 969.86774 985.50146 1.7817070921561822 0.5571108852016946 0.4666597713893016 -0.22363738815964507 2.5830592689098473 10.95363961085268 -1.6002264078642336 1
