Car 830 1 1.9825394113046255 24.178574 745.10565 286.28726 875.77997 1.538684137955263 2.0860182017867697 4.502511418358299 -12.844634086593212 3.6714688210631596 24.20888468474579 1.4947318712640136 1
Car 607 1 1.881232859450557 402.33365 763.76636 521.48895 838.79126 1.5331504332500927 1.8443525251458928 4.303007084319442 -13.510712870597965 5.514995401617705 40.719162631801126 1.5608608440223661 1
Car 831 1 2.1774327843209313 0.0 714.43 116.00758 909.1601 1.7068450562934319 2.129729313332288 4.844357936848382 -12.467296739520119 2.915976204113992 17.768177508431805 1.5655906790377738 1
Car 606 2 1.8272140017401273 475.41525 761.1236 568.1099 834.60345 1.8205190944073706 1.8077072877029694 4.025422181621311 -13.645002078917683 6.254997980590521 46.64309421224702 1.5426145994908365 1
Car 603 1 1.8866572155012602 236.36661 755.9895 417.4536 863.3372 1.6180521759098696 2.0283933399221876 5.015728211986977 -13.175442496972437 4.599434181314542 31.428763895338165 1.4896958014270827 1
Car 431 1 -1.3377816128758475 405.47498 747.2458 740.1547 1032.5776 1.569507641426492 1.6761372608472365 3.507502576065326 -2.7883011786915546 2.653499743413712 11.491575922591165 -1.5758200951512555 1
Car 435 1 -1.4057148968962008 609.6497 776.51886 812.84845 947.04956 1.4597303873909035 1.8077307844894164 4.409851651216286 -3.0179411448967346 3.604690823969709 18.94461822095432 -1.5636908243235514 1
Car 434 1 -1.435479884878165 688.5317 783.6023 835.79004 912.6892 1.4807831928883333 1.834398271762575 4.747702297552952 -3.2638677677683003 4.4278537669672735 25.389218007817792 -1.563331969956127 1
Car 608 1 -1.4988405315850917 753.25964 780.97253 845.86145 878.9597 1.7022810823186216 1.8385886368082156 4.108954120233979 -3.6882623504311374 5.541852289997432 34.704884940298356 -1.6047181380369806 1
Pedestrian 437 0 -1.574160067856852 878.5878 707.8964 984.63873 1034.982 1.8165228712343175 0.6016760391830314 0.670963747407506 -0.175869348866659 2.325131358158095 8.821498674106614 -1.5940938750770948 1
Pedestrian 438 2 -1.5872407655872423 914.01794 738.31635 989.4018 986.2426 1.7817070921561822 0.5571108852016946 0.636571853749843 -0.07791323199455681 2.668576976915178 11.368855608042836 -1.5940938750770948 1
Pedestrian 440 1 -1.6489468190713172 1005.38324 767.7913 1082.997 991.41815 1.611015622366277 0.5512719996665653 0.48295316453245646 0.6225452282433662 2.7180643079446343 11.337964325726357 -1.5940938750770948 1
bicycle_rack 614 2 0.33204697629905217 357.5949 782.7842 457.38882 842.8558 1.2782011859485924 1.5841407174397957 1.896064314535734 -13.639113551435466 5.260378607349328 36.90526433578003 -0.021955503094139628 1
bicycle_rack 612 2 -3.0570844441059744 731.0331 801.7815 840.8633 883.92535 1.2211580621311953 3.0444168405736796 1.9669054521588034 -3.5145859138419957 5.0080111538454135 30.464379237776225 -3.171943726263173 1
moped_scooter 617 2 -1.6019081374294108 953.83514 811.81976 974.8501 855.72186 1.1238439415779677 0.6081457865645273 1.9309110504540523 0.09089981987559766 7.1889694342581105 47.549622009332914 -1.5999964564253881 1
Pedestrian 439 1 -1.6752828456189686 1028.1123 729.24176 1143.463 1044.5873 1.7395784904977092 0.6003778550972375 0.8989045522733058 0.7329570319866549 2.399944758473038 9.007945953813337 -1.5940938750770948 1
