Car 830 1 1.9745577724153278 39.945847 746.0589 294.50378 874.29803 1.538684137955263 2.0860182017867697 4.502511418358299 -12.897891909681421 3.7253971724794734 24.664025628451927 1.4927242852546376 1
Car 831 1 2.1651334490100105 0.0 717.3161 131.37363 907.3817 1.7068450562934319 2.129729313332288 4.844357936848382 -12.508221551190926 2.9831624814893627 18.22254029186415 1.563583368485204 1
Car 606 2 1.8245393454207606 477.15204 761.4747 568.6282 834.2597 1.8205190944073706 1.8077072877029694 4.025422181621311 -13.743578626751482 6.3080087181386535 47.096678570661865 1.540607336862656 1
Car 607 1 1.8781070310198587 405.11835 771.33215 522.5649 846.3926 1.5331504332500927 1.8443525251458928 4.303007084319442 -13.601064148663427 5.77383517619873 41.14530842263575 1.558852994295885 1
Car 603 1 1.881289257901359 244.54834 754.8445 421.60422 860.327 1.6180521759098696 2.0283933399221876 5.015728211986977 -13.24231226845059 4.613473148746771 31.88839055152826 1.4876882435967378 1
Car 431 1 -1.344661410358604 423.90933 749.1677 741.614 1021.9796 1.569507641426492 1.6761372608472365 3.507502576065326 -2.841802716715619 2.7101084706581036 11.96621923969144 -1.5778274185302774 1
Car 435 1 -1.409566250102579 616.04407 777.07587 813.29144 943.3991 1.4597303873909035 1.8077307844894164 4.409851651216286 -3.0502974905308857 3.6564561205143296 19.377670809765696 -1.5656980831535445 1
Car 434 1 -1.4365204042558297 688.81866 783.8734 833.07886 910.37476 1.4807831928883333 1.834398271762575 4.747702297552952 -3.350236233645765 4.483095262986607 25.863320211752967 -1.565339289780552 1
Car 608 1 -1.5001430118723293 752.9815 780.73615 844.1593 877.3636 1.7022810823186216 1.8385886368082156 4.108954120233979 -3.7617968871191745 5.583739140593746 35.160933552815635 -1.606725552251002 1
moped_scooter 436 2 -1.6700001923435113 1019.7585 802.09894 1082.5093 921.08014 1.338980792985025 0.6768910167933271 2.0081283222129374 1.2336149726372136 3.9330520691783892 20.875288818829926 -1.6109743273324444 1
Pedestrian 437 0 -1.5779371085614622 880.0911 707.75183 989.0871 1045.5195 1.8165228712343175 0.6016760391830314 0.8249833629556592 -0.1574752182475601 2.320076245157277 8.668679096997208 -1.596101109957232 1
Pedestrian 438 2 -1.5838744055364526 905.3771 739.04376 981.875 991.75665 1.7817070921561822 0.5571108852016946 0.7393601516971884 -0.13768401375106537 2.6699471807495194 11.260364857491535 -1.596101109957232 1
Pedestrian 440 1 -1.6505228629422355 1004.8503 764.74066 1082.2205 987.27795 1.611015622366277 0.5512719996665653 0.482953164532402 0.6202961856815686 2.699037550456273 11.386690947083945 -1.596101109957232 1
bicycle_rack 614 2 0.32794940149801943 361.89343 782.98956 460.24423 842.3439 1.2782011859485924 1.5841407174397957 1.896064314535734 -13.718052911520957 5.313705581324145 37.35884713629904 -0.02396270840414605 1
bicycle_rack 612 2 -3.0587277028280657 731.52673 801.76794 839.4418 882.6137 1.2211580621311953 3.0444168405736796 1.9669054521588034 -3.5806513056855804 5.063974609050931 30.938141343561895 -3.173950889340173 1
moped_scooter 617 2 -1.6018008887166864 950.77704 811.7003 971.57495 855.1536 1.1238439415779677 0.6081457865645273 1.9309110504540523 -0.00974180647855305 7.24524482203495 48.03060400229403 -1.6020037136977026 1
Pedestrian 439 1 -1.684443982609106 1032.4995 728.17896 1160.1637 1047.9823 1.7395784904977092 0.6642419482775815 0.7298674484983463 0.7749223295366642 2.3695902857035867 8.748926831784201 -1.596101109957232 1
