Car 830 1 1.9717569201584055 47.584965 746.44196 299.29285 873.77386 1.538684137955263 2.0860182017867697 4.502511418358299 -12.8884010045998 3.7462863152039123 24.836292425711044 1.4930769594972806 1
Car 607 1 1.9481717682536566 398.91196 773.43884 523.1366 847.35077 1.5274524716344122 1.8435755723078733 4.296822016188259 -13.939989972149085 5.910808692142961 41.932823034915906 -4.655956491072776 1
Car 831 1 2.1611579492513058 0.0 722.739 138.25247 912.48737 1.7068450562934319 2.129729313332288 4.844357936848382 -12.504432933663049 3.06879403385997 18.387080732136866 1.5639359943382418 1
Car 606 2 1.8236365572361457 479.48022 770.1568 570.4144 843.38525 1.8205190944073706 1.8077072877029694 4.025422181621311 -13.740204666147243 6.613564154958347 47.305878097130815 1.540959954294797 1
Car 603 1 1.8794147325357324 249.31203 755.103 424.84488 860.01044 1.6180521759098696 2.0283933399221876 5.015728211986977 -13.230255170539937 4.634417494573307 32.060772430883844 1.488040912888395 1
Car 431 1 -1.347797677725071 433.21378 751.2495 744.85486 1020.3545 1.569507641426492 1.6761372608472365 3.507502576065326 -2.836840365205341 2.743322534119244 12.13347477510158 -1.5774747904237134 1
Car 435 1 -1.409223483821704 617.32874 777.3181 812.5124 941.6991 1.4597303873909035 1.8077307844894164 4.409851651216286 -3.083198158739036 3.6814161968351558 19.587935511857875 -1.5653454663873205 1
Car 434 1 -1.437755437177469 691.98706 784.0215 834.94385 909.6549 1.4807831928883333 1.834398271762575 4.747702297552952 -3.3301082730679172 4.503903878316688 26.032287458392904 -1.5649866622979043 1
Car 608 1 -1.5004188565367977 754.28467 781.32745 844.8296 877.3766 1.7022810823186216 1.8385886368082156 4.108954120233979 -3.7632212176168687 5.621817509464876 35.38447380940846 -1.6063729081871658 1
moped_scooter 436 2 -1.6695276978004934 1019.8466 802.1221 1082.0093 920.0663 1.338980792985025 0.6768910167933271 2.0081283222129374 1.2413976139166991 3.9540648835760175 21.049850418556638 -1.6106217478477032 1
Pedestrian 437 0 -1.58096896069093 885.87823 710.8585 993.3945 1041.7257 1.8165228712343175 0.6016760391830314 0.5677547266793724 -0.12789755695454683 2.3306627462967695 8.65306179178791 -1.5957484973999574 1
Pedestrian 438 2 -1.5793015609421008 899.41974 740.6059 974.46155 986.1429 1.7817070921561822 0.5571108852016946 0.5057503836349894 -0.1867920747639642 2.6804787355864415 11.356232354460394 -1.5957484973999574 1
Pedestrian 440 1 -1.656587093851599 1013.3088 768.4678 1093.1421 997.18634 1.611015622366277 0.5512719996665653 0.4914023420104476 0.6763301249305644 2.701203143858997 11.103074642400873 -1.5957484973999574 1
bicycle_rack 614 2 0.32648449318135037 365.274 783.09827 463.05176 842.17523 1.2782011859485924 1.5841407174397957 1.896064314535734 -13.704050746411427 5.33470081087749 37.531391360452766 -0.0236101010695704 1
bicycle_rack 612 2 -3.059368199409785 733.4096 801.79456 840.6337 882.17615 1.2211580621311953 3.0444168405736796 1.9669054521588034 -3.5689077632150092 5.084506509255856 31.107138790136517 -3.1735982893775203 1
moped_scooter 617 2 -1.6018006229862596 951.338 812.7131 972.0651 856.05646 1.1238439415779677 0.6081457865645273 1.9309110504540523 0.007206325980413278 7.299008661991177 48.19453837150346 -1.6016510972065714 1
Pedestrian 439 1 -1.6803863683520366 1020.0511 727.7499 1163.3887 1050.2095 1.7395784904977092 0.7463529252237208 0.8976374075673467 0.7481062162855336 2.377539602379233 8.817790239433865 -1.5957484973999574 1
