Car 830 1 1.9888290530676094 12.217326 744.3649 280.31802 876.9577 1.538684137955263 2.0860182017867697 4.502511418358299 -12.796047708503421 3.6304608264554146 23.861705392833706 1.4965969399081902 1
Car 607 2 1.8840725198831132 399.89325 767.9298 520.5603 844.1247 1.5331504332500927 1.8443525251458928 4.303007084319442 -13.433609649558074 5.599402126256449 40.35519245152354 1.5627261575198932 1
Car 831 2 2.187170464542164 0.0 711.9142 104.31664 910.2785 1.7068450562934319 2.129729313332288 4.844357936848382 -12.430120886553505 2.8617340584142026 17.421850400070344 1.5674554917788828 1
Car 606 2 1.8293104171641104 474.51562 764.8131 568.18604 839.2206 1.8205190944073706 1.8077072877029694 4.025422181621311 -13.550878047484094 6.341127428963317 46.28156049428413 1.5444793677342816 1
Car 603 1 1.8907952502894054 230.59833 755.5362 414.80505 864.0876 1.6180521759098696 2.0283933399221876 5.015728211986977 -13.113284127001318 4.558713734321526 31.082156620686543 1.4915608439020174 1
Car 431 1 -1.332691452336256 391.4521 745.6809 740.1133 1041.463 1.569507641426492 1.6761372608472365 3.507502576065326 -2.737690641222498 2.6100048014332993 11.126262834379315 -1.573955270497897 1
Car 435 1 -1.4033598856974563 605.93146 776.0565 814.03796 950.3164 1.4597303873909035 1.8077307844894164 4.409851651216286 -2.9690855143011805 3.5613910619119906 18.57930293413902 -1.5618260596249018 1
Car 434 1 -1.4325713678411551 685.21246 783.30304 835.4628 914.44073 1.4807831928883333 1.834398271762575 4.747702297552952 -3.2435020753509947 4.383813327830492 25.02424425568169 -1.5614671486114813 1
Car 608 1 -1.498287586251765 754.7617 781.3257 848.232 880.21704 1.7022810823186216 1.8385886368082156 4.108954120233979 -3.611795358836402 5.520047499983166 34.41495600620724 -1.6028532289998088 1
Pedestrian 437 0 -1.5806823702165342 893.1465 710.44305 996.14667 1045.166 1.8165228712343175 0.5730950795967658 0.7662336126950008 -0.10050657416378082 2.3366859677390885 8.703920973686698 -1.592229132607537 1
Pedestrian 438 2 -1.5827508736204727 910.15466 736.8664 984.675 979.6696 1.7817070921561822 0.5571108852016946 0.421650867132568 -0.10796539357517558 2.6507786105653057 11.390505428614098 -1.592229132607537 1
Pedestrian 440 1 -1.6501912026062877 1009.2205 768.6315 1089.2634 997.5221 1.611015622366277 0.5512719996665653 0.6857334240042705 0.6564188234469892 2.7317995874982097 11.3122867569146 -1.592229132607537 1
bicycle_rack 614 2 0.3352781991109328 354.68713 784.0948 455.60773 844.7933 1.2782011859485924 1.5841407174397957 1.896064314535734 -13.567111397341607 5.256144838728197 36.556727974973995 -0.020090787746610994 1
bicycle_rack 612 2 -3.0557929928959653 731.0692 802.88385 842.42395 886.1772 1.2211580621311953 3.0444168405736796 1.9669054521588034 -3.454745304964517 4.98770250761163 30.097206064707887 -3.170079050734362 1
moped_scooter 617 2 -1.601971974960055 956.63586 814.718 977.82495 859.10004 1.1238439415779677 0.6081457865645273 1.9309110504540523 0.18114015546629259 7.2345334865333015 47.16822208105731 -1.5981316931558487 1
Pedestrian 439 1 -1.6751141279673383 1032.4097 732.4123 1141.4075 1038.8412 1.7395784904977092 0.6003778550972375 0.47010278377671144 0.7394152644777175 2.3968386241025006 8.900540362321841 -1.592229132607537 1
