Car 830 1 1.984166184504315 20.428534 744.89874 284.1568 876.0871 1.538684137955263 2.0860182017867697 4.502511418358299 -12.840410129755542 3.660283012147016 24.1153927525267 1.4948913583626524 1
Car 607 2 1.8819083308691096 401.26813 763.23895 520.8068 838.3819 1.5331504332500927 1.8443525251458928 4.303007084319442 -13.50359479731427 5.491386651186776 40.62756533083233 1.5610203520644652 1
Car 831 2 2.180022252124926 0.0 714.9843 112.21808 911.1012 1.7068450562934319 2.129729313332288 4.844357936848382 -12.464789979322425 2.9177259102107236 17.673109786034157 1.5657501442534598 1
Car 606 2 1.8277591212171131 474.64957 761.0437 567.6041 834.6693 1.8205190944073706 1.8077072877029694 4.025422181621311 -13.637177760758634 6.2438846049992245 46.54972206536828 1.5427740609004772 1
Car 603 1 1.8877334443053841 234.27267 755.859 416.20895 863.53046 1.6180521759098696 2.0283933399221876 5.015728211986977 -13.17005800633892 4.588273078954924 31.335321860562686 1.4898552862875638 1
Car 431 1 -1.3380403211059178 404.32828 746.84534 741.7774 1034.8243 1.569507641426492 1.6761372608472365 3.507502576065326 -2.760299774078248 2.6422260547810494 11.396968560725343 -1.575660628916783 1
Car 435 1 -1.4045932271088275 607.4462 776.4085 811.86694 947.67377 1.4597303873909035 1.8077307844894164 4.409851651216286 -3.024737311202295 3.595623342055677 18.870390441431198 -1.563531363216425 1
Car 434 1 -1.4338288954492988 685.673 783.48193 833.9656 913.0824 1.4807831928883333 1.834398271762575 4.747702297552952 -3.2900004575837154 4.41554994250521 25.29412172831128 -1.563172504004348 1
Car 608 1 -1.4988755490194063 753.3894 780.42914 846.2846 878.6819 1.7022810823186216 1.8385886368082156 4.108954120233979 -3.6695781838020936 5.516843071233594 34.59309690149466 -1.604558664586505 1
Pedestrian 437 0 -1.5766387428000035 884.8401 708.42615 987.02435 1043.5259 1.8165228712343175 0.5730950795967658 1.090151154672547 -0.154521700193459 2.34630103167206 8.933233841600051 -1.5939344158716142 1
Pedestrian 438 2 -1.587784633260973 915.0922 739.5016 990.43463 987.16895 1.7817070921561822 0.5571108852016946 0.6178830723048407 -0.06989589208189984 2.6768646777498026 11.365444171729752 -1.5939344158716142 1
Pedestrian 440 1 -1.64884410091636 1005.3687 766.2514 1083.5299 990.6367 1.611015622366277 0.5512719996665653 0.5843432942683755 0.6272334558131392 2.7178739376263374 11.41151954455564 -1.5939344158716142 1
bicycle_rack 614 2 0.332881284655351 356.2866 782.7339 456.39056 842.95746 1.2782011859485924 1.5841407174397957 1.896064314535734 -13.632849257661112 5.249240311201758 36.81189399086344 -0.021796046221109977 1
bicycle_rack 612 2 -3.0567392226919066 730.5346 801.777 840.76154 884.1887 1.2211580621311953 3.0444168405736796 1.9669054521588034 -3.50934610753789 4.996663514466406 30.369406908146576 -3.1717842727731647 1
moped_scooter 617 2 -1.6019208139271959 954.07184 811.83746 975.12994 855.83026 1.1238439415779677 0.6081457865645273 1.9309110504540523 0.09888581802468452 7.177596648735555 47.4540731623319 -1.599836995441146 1
Pedestrian 439 1 -1.6761544449802643 1029.3975 728.99817 1144.7119 1046.0051 1.7395784904977092 0.6003778550972375 0.7985466915613304 0.7317004152030729 2.385947690789198 8.879233954868923 -1.5939344158716142 1
