Car 830 1 2.0032163821442825 0.0 744.84674 264.1309 882.4585 1.538684137955263 2.0860182017867697 4.502511418358299 -12.723135018069947 3.576424852847757 23.08539748820189 1.4995033681029293 1
Car 831 2 2.2098875973630276 0.0 713.34784 73.73125 923.0006 1.7068450562934319 2.129729313332288 4.844357936848382 -12.37837549389902 2.8344485402930246 16.641908668320895 1.5703615211880182 1
Car 606 2 1.8349681258828234 468.66803 774.6598 564.9012 851.4775 1.8205190944073706 1.8077072877029694 4.025422181621311 -13.429419633790673 6.571041417638476 45.403065206933434 1.547385327848097 1
Car 607 2 1.8903555095301279 392.39713 779.35724 516.51746 858.4582 1.5331504332500927 1.8443525251458928 4.303007084319442 -13.318344996130701 5.842143040539874 39.56271213777447 1.5656329670058096 1
Car 603 1 1.8963319638582152 223.92003 756.1912 411.73743 866.22217 1.6180521759098696 2.0283933399221876 5.015728211986977 -13.056469749596907 4.541597749750271 30.721610087579286 1.4944672313341574 1
Car 431 1 -1.315224506553332 343.95764 741.8549 730.6134 1063.5334 1.569507641426492 1.6761372608472365 3.507502576065326 -2.7008186376551833 2.514266555228359 10.325978192016601 -1.5710492225324415 1
Car 435 1 -1.3979671416823223 594.7376 774.0187 814.96796 957.20544 1.4597303873909035 1.8077307844894164 4.409851651216286 -2.88009865365202 3.4495468409894054 17.73925164581431 -1.5589201050662163 1
Car 434 1 -1.4301014643648502 683.60986 782.2284 837.7373 916.23114 1.4807831928883333 1.834398271762575 4.747702297552952 -3.166059271348295 4.3103559603732915 24.510614673407133 -1.5585611058145075 1
Car 608 1 -1.496066471079007 754.09235 781.8601 850.6284 883.78613 1.7022810823186216 1.8385886368082156 4.108954120233979 -3.4888192918751115 5.433017736122016 33.46401049919191 -1.599947049541153 1
Pedestrian 437 0 -1.585262332277911 905.1627 711.9656 1006.7154 1040.4137 1.8165228712343175 0.5730950795967601 0.6018930950740299 -0.03548995374244679 2.3431801916867303 8.739424805973826 -1.5893232126498849 1
Pedestrian 440 1 -1.6482399942872168 1012.5655 771.06775 1087.6415 988.03906 1.611015622366277 0.5512719996665653 0.3931806538287457 0.682885204904478 2.762324682587742 11.577259691637785 -1.5893232126498849 1
bicycle_rack 614 2 0.34245792164913325 346.04764 783.7422 449.58115 845.7299 1.2782011859485924 1.5841407174397957 1.896064314535734 -13.455908751939928 5.1653372157791955 35.78745449631228 -0.017184909379714508 1
bicycle_rack 612 2 -3.052898249138011 729.18 803.47485 844.0168 889.1911 1.2211580621311953 3.0444168405736796 1.9669054521588034 -3.362617344252184 4.904382370502395 29.297464585639972 -3.16717323553952 1
moped_scooter 617 2 -1.602234851415961 961.19086 813.2449 982.7638 858.34125 1.1238439415779677 0.6081457865645273 1.9309110504540523 0.3249845711393379 7.085877206639545 46.36526180617664 -1.5952257407897126 1
Pedestrian 439 1 -1.6710363133088473 1031.4355 733.1291 1138.5205 1035.7432 1.7395784904977092 0.6003778550972232 0.42448557436217477 0.7346228436410659 2.4045528327421715 8.970251726262454 -1.5893232126498849 1
Pedestrian 438 2 -1.5896438608382262 926.1008 743.49005 998.5674 980.5375 1.7817070921561822 0.5571108852016946 0.48811291285382713 0.003764027014959523 2.7323811594381318 11.738806027350918 -1.5893232126498849 1
