Car 830 1 1.9985468809446822 0.0 743.157 268.9341 878.8149 1.538684137955263 2.0860182017867697 4.502511418358299 -12.752286689858618 3.5671110142104 23.32956660969769 1.4983063765098534 1
Car 831 2 2.2026553572933074 0.0 713.43964 82.96187 919.6605 1.7068450562934319 2.129729313332288 4.844357936848382 -12.400177254410973 2.8499718148152664 16.883055177513636 1.5691646938316492 1
Car 606 2 1.833184567440437 470.0348 769.6526 565.49896 845.5594 1.8205190944073706 1.8077072877029694 4.025422181621311 -13.476349508880109 6.437201647079325 45.66021490727791 1.5461885290234618 1
Car 607 2 1.8884143300112481 394.2034 773.8205 517.2814 851.80164 1.5331504332500927 1.8443525251458928 4.303007084319442 -13.364910057205819 5.711318729750959 39.798942215952856 1.5644358184215523 1
Car 603 1 1.8939139439962214 227.07706 756.41376 413.12625 865.7751 1.6180521759098696 2.0283933399221876 5.015728211986977 -13.091040782914355 4.563005890807689 30.907740691183946 1.4932702565261602 1
Car 431 1 -1.3209166359236906 359.28262 743.1002 733.2625 1056.1805 1.569507641426492 1.6761372608472365 3.507502576065326 -2.715761446718712 2.5442544844876234 10.577104259363756 -1.5722460575300385 1
Car 435 1 -1.399696767593132 598.00726 775.2913 814.219 955.6667 1.4597303873909035 1.8077307844894164 4.409851651216286 -2.91415542924842 3.4936183019676106 18.009673329621194 -1.5601169015984289 1
Car 434 1 -1.4311331649238304 683.71387 782.32367 837.2168 915.9992 1.4807831928883333 1.834398271762575 4.747702297552952 -3.1771580216806776 4.317641421457187 24.564609554931568 -1.5597579386816842 1
Car 608 1 -1.496594205287879 753.6808 781.957 849.1409 882.80414 1.7022810823186216 1.8385886368082156 4.108954120233979 -3.5475482732008836 5.471550765212344 33.80795974849184 -1.6011439386923012 1
Pedestrian 437 0 -1.582323159146322 895.8594 711.1209 1003.7697 1045.6785 1.8165228712343175 0.6016760391830145 0.8114867987065544 -0.07167142395971124 2.3443883401073142 8.743595775247334 -1.5905199949377717 1
Pedestrian 440 1 -1.6483041307606738 1009.9997 770.31165 1087.7836 993.1969 1.611015622366277 0.5512719996665653 0.6720035106025364 0.6708155873456623 2.771783501820753 11.596068581512666 -1.5905199949377717 1
bicycle_rack 614 2 0.3401891138372763 348.2987 783.8446 451.01886 845.42944 1.2782011859485924 1.5841407174397957 1.896064314535734 -13.501475143200704 5.193297454880011 36.02583483729291 -0.018381674638695777 1
bicycle_rack 612 2 -3.0538067029923495 729.352 802.89966 843.0767 887.7997 1.2211580621311953 3.0444168405736796 1.9669054521588034 -3.400138151701672 4.9226140951656525 29.54917189789048 -3.168369974616231 1
moped_scooter 617 2 -1.6021231645703653 959.29315 814.16925 980.7426 859.06 1.1238439415779677 0.6081457865645273 1.9309110504540523 0.26574600888555466 7.1469752527930845 46.616464605987545 -1.5964225364240268 1
Pedestrian 439 1 -1.6755339538250402 1037.2743 730.96106 1144.0216 1044.4153 1.7395784904977092 0.5638840875655904 0.6525716214348379 0.7546793163048879 2.391196272067631 8.855725967656458 -1.5905199949377717 1
Pedestrian 438 2 -1.5907982225314599 925.7757 743.1902 998.7366 981.43176 1.7817070921561822 0.5571108852016946 0.4466990997165371 0.003238564835720985 2.720549324857837 11.639984047678496 -1.5905199949377717 1
