Car 830 1 2.022536163940234 0.0 747.2095 241.8274 892.1668 1.538684137955263 2.0860182017867697 4.502511418358299 -12.634923473487328 3.535703344888848 22.10001019770729 1.5031736027355485 1
Car 603 1 1.9072808265030399 205.71832 756.1108 402.85306 870.0312 1.6180521759098696 2.0283933399221876 5.015728211986977 -12.898730833710989 4.4540344832441985 29.74709110198603 1.4981374145239843 1
Car 606 2 1.841013216248863 463.2367 774.12604 562.38007 852.6279 1.8205190944073706 1.8077072877029694 4.025422181621311 -13.256399294165215 6.456674556688968 44.42979740112864 1.5510549714782562 1
Car 607 2 1.8977983841008996 383.7561 766.88855 512.1852 846.5471 1.5331504332500927 1.8443525251458928 4.303007084319442 -13.16015899333989 5.403577141843822 38.61052457598453 1.5693036826481377 1
Car 431 1 -1.293219053364912 276.33197 739.67114 721.3551 1103.7239 1.569507641426492 1.6761372608472365 3.507502576065326 -2.618787479201036 2.4189695203835524 9.311495756122603 -1.5673794680594892 1
Car 435 1 -1.3871896469127296 571.8073 775.17706 811.67487 973.0723 1.4597303873909035 1.8077307844894164 4.409851651216286 -2.8196783867804562 3.3527977193770915 16.619468437108484 -1.555250468505028 1
Car 434 1 -1.4262134929544255 678.3288 784.8775 840.8462 926.44855 1.4807831928883333 1.834398271762575 4.747702297552952 -3.0313661219716237 4.24249103487709 23.427623021816885 -1.5548913578897012 1
Car 608 1 -1.493756668429984 754.16486 781.69965 854.25525 887.07825 1.7022810823186216 1.8385886368082156 4.108954120233979 -3.335077668848068 5.319067679292916 32.41679827281224 -1.59627712903121 1
Pedestrian 437 0 -1.5852870320464865 908.19196 716.14343 1015.3196 1043.7661 1.8165228712343175 0.6112030257117878 0.8346519348572913 -0.0032804093425800804 2.3882620763479965 8.948498519262857 -1.5856536197135203 1
Pedestrian 440 1 -1.6455771947485673 1013.2634 768.1972 1091.1155 991.39276 1.611015622366277 0.5512719996665653 0.7226985754704636 0.6976769105792149 2.760347712834866 11.628839389846561 -1.5856536197135203 1
bicycle_rack 612 2 -3.0491794508202235 726.53815 802.3903 846.0523 891.1512 1.2211580621311953 3.0444168405736796 1.9669054521588034 -3.248445964940302 4.762074620694227 28.29040250833554 -3.163503775662093 1
bicycle_rack 614 2 0.3518645727039487 334.41904 783.27216 441.44614 846.9729 1.2782011859485924 1.5841407174397957 1.896064314535734 -13.318523587471809 5.050425714395514 34.81443232102632 -0.01351536777900586 1
moped_scooter 1881 2 -1.7341445802052444 1040.775 800.7896 1121.3367 935.5366 1.3432590705023637 0.6798185893659265 2.010318750682283 1.4658757711457882 3.6554584018304697 18.628242979666307 -1.6556153672924097 1
moped_scooter 617 2 -1.6026065371786316 966.9893 814.30176 989.07513 860.4776 1.1238439415779677 0.6081457865645273 1.9309110504540523 0.5010374999929003 6.989241219583326 45.339149214425056 -1.591556106937306 1
Pedestrian 439 1 -1.681725369667637 1048.1323 727.3189 1168.492 1048.7975 1.7585856610870982 0.618624738863033 0.8744608497587825 0.8580592925951587 2.398663931863103 8.903946970567477 -1.5856536197135203 1
Pedestrian 438 2 -1.583127745689358 921.89465 745.11847 993.8664 980.67303 1.7817070921561822 0.5571108852016946 0.5000010840318723 -0.029868654610488772 2.7527659524880095 11.82505176571587 -1.5856536197135203 1
