Car 830 1 2.0177165625732396 0.0 742.3463 248.09169 884.4518 1.538684137955263 2.0860182017867697 4.502511418358299 -12.645949679756084 3.475174371677976 22.33980388172568 1.5026173819308668 1
Car 831 2 2.232802614932285 0.0 707.5413 42.809612 926.76917 1.7068450562934319 2.129729313332288 4.844357936848382 -12.320386462168894 2.7193745060387697 15.89670029769029 -4.709710199427173 1
Car 606 2 1.8395951780477693 465.0181 774.2613 563.4593 852.3606 1.8205190944073706 1.8077072877029694 4.025422181621311 -13.282506464590151 6.483693216238884 44.6577506572987 1.5504988402327533 1
Car 607 2 1.8962965776125276 385.8352 774.57916 513.3475 854.71423 1.5331504332500927 1.8443525251458928 4.303007084319442 -13.187003255317345 5.633165731236363 38.809410012930336 1.5687473889818402 1
Car 603 1 1.9055746294113558 208.90324 755.7722 404.04904 868.6935 1.6180521759098696 2.0283933399221876 5.015728211986977 -12.95602145634721 4.466580553056499 29.973607068747544 1.497581201513079 1
Car 431 1 -1.2971105101648444 291.08203 737.5769 721.9982 1089.5996 1.569507641426492 1.6761372608472365 3.507502576065326 -2.6509740081436237 2.421255724698695 9.548013872834554 -1.5679356160961695 1
Car 435 1 -1.393151938909485 583.8568 772.7419 817.5267 966.39343 1.4597303873909035 1.8077307844894164 4.409851651216286 -2.769757610357828 3.34763478424715 16.878018480288105 -1.555806598675372 1
Car 434 1 -1.4271202761246542 680.0164 781.5015 840.5821 920.70294 1.4807831928883333 1.834398271762575 4.747702297552952 -3.054077168609346 4.209369539698157 23.66835191226281 -1.5554475049324856 1
Car 608 1 -1.4965503026128506 758.15967 778.2895 857.1291 882.5561 1.7022810823186216 1.8385886368082156 4.108954120233979 -3.280873291338884 5.25990708330972 32.60640080672151 -1.5968333022296695 1
Pedestrian 437 0 -1.5865786939930686 909.16815 713.2669 1015.9233 1036.487 1.8165228712343175 0.6112030257117878 0.5447311759015673 0.0032590107722497777 2.354869183344178 8.833186892730259 -1.586209743277551 1
Pedestrian 438 2 -1.5947168501403244 938.143 742.29315 1012.01605 986.00244 1.7817070921561822 0.5571108852016946 0.6926381980847961 0.09886661946299335 2.7215272545442284 11.621369758867848 -1.586209743277551 1
Pedestrian 440 1 -1.6458312160635056 1013.8294 768.1327 1088.5927 984.1258 1.611015622366277 0.5512719996665653 0.4269773637407491 0.696048855481961 2.748728745198605 11.660629544114999 -1.586209743277551 1
bicycle_rack 612 2 -3.0501035971349255 727.72205 801.25366 846.097 889.11646 1.2211580621311953 3.0444168405736796 1.9669054521588034 -3.2649233133900593 4.767308707143286 28.526538490515517 -3.1640598790068735 1
bicycle_rack 614 2 0.34965244976768756 337.6974 783.3936 443.8761 846.6817 1.2782011859485924 1.5841407174397957 1.896064314535734 -13.339230324226936 5.077525908108971 35.04234000405234 -0.01407148364874189 1
moped_scooter 617 2 -1.6025762777662016 966.17065 810.9365 988.13464 856.7115 1.1238439415779677 0.6081457865645273 1.9309110504540523 0.477033957224717 6.91578973720693 45.586264715232396 -1.5921122367014349 1
Pedestrian 439 1 -1.6733158839349338 1038.2039 729.0528 1149.7501 1041.5712 1.7585856610870982 0.6001784840229547 0.689998301357783 0.7857535347210115 2.4096163836149014 8.997818368477386 -1.586209743277551 1
