Car 830 1 2.0416584086094156 0.0 745.90283 220.87299 897.4742 1.538684137955263 2.0860182017867697 4.502511418358299 -12.532985944116298 3.440166770373437 21.186810444314848 1.5074778215557298 1
Car 606 2 1.8464278908324623 459.99313 760.59784 561.7983 839.3749 1.8205190944073706 1.8077072877029694 4.025422181621311 -13.051963149944404 5.957838727653377 43.5678609547543 1.5553584973458983 1
Car 607 2 1.9053367756411594 375.96655 766.1216 508.7598 847.7379 1.5331504332500927 1.8443525251458928 4.303007084319442 -12.986353628839218 5.296887723793439 37.70093230918158 -4.709576842310218 1
Car 603 1 1.918304024384 188.35 754.216 394.92307 871.64636 1.6180521759098696 2.0283933399221876 5.015728211986977 -12.73643615421596 4.334359274272661 28.84032762070027 1.5024415730619283 1
Car 431 1 -1.2645445899786267 186.77144 733.5902 706.6839 1147.372 1.569507641426492 1.6761372608472365 3.507502576065326 -2.5717862077537075 2.3048732285238946 8.357345068460814 -1.5630758123409398 1
Car 435 1 -1.3829770803282242 561.6909 771.70984 817.9709 982.27 1.4597303873909035 1.8077307844894164 4.409851651216286 -2.6603672908369367 3.218153001681272 15.689125283142836 -1.550946951003829 1
Car 434 1 -1.4219175775117114 673.14734 779.1741 844.4247 926.60046 1.4807831928883333 1.834398271762575 4.747702297552952 -2.900662014695449 4.040353720989648 22.418851024012785 -1.5505877098806324 1
Car 608 1 -1.4911024889410627 754.7579 780.0345 858.25037 888.38605 1.7022810823186216 1.8385886368082156 4.108954120233979 -3.188859217522107 5.185786799830359 31.50601304681578 -1.591973278615725 1
Pedestrian 437 0 -1.5840091467485653 912.1408 710.6734 1020.1497 1040.8654 1.8165228712343175 0.6092976284060314 0.7829058391203444 0.023470675777243447 2.345453322790554 8.826881556425006 -1.5813501532736107 1
Pedestrian 438 2 -1.5810393912358167 925.4665 746.35864 996.6832 978.628 1.7817070921561822 0.5571108852016946 0.4216508671325759 -0.003700818965529061 2.7663110343469137 11.908851134672984 -1.5813501532736107 1
Pedestrian 440 0 -1.6407378373025272 1013.7531 768.93085 1088.0919 984.18665 1.611015622366277 0.5512719996665653 0.4692232511307189 0.6984921571351497 2.7653657701302854 11.747735333203677 -1.5813501532736107 1
bicycle_rack 612 2 -3.0456151466388213 725.0559 801.8471 849.29877 893.74255 1.2211580621311953 3.0444168405736796 1.9669054521588034 -3.1188401416442804 4.638291041673764 27.33994056312406 -3.1592004663318125 1
bicycle_rack 614 2 0.36090865733267985 324.51614 779.1958 434.93237 844.3801 1.2782011859485924 1.5841407174397957 1.896064314535734 -13.15967848527885 4.860271932085505 33.916528356898816 -0.009211959837855277 1
moped_scooter 1881 2 -1.7390098814516655 1052.2084 797.9865 1138.0503 940.1908 1.3432590705023637 0.6798185893659265 2.010318750682283 1.5528350622067713 3.5065283683695743 17.66098475245954 -1.651310807832897 1
moped_scooter 617 2 -1.6030376271071134 973.8219 819.8927 996.4285 867.35614 1.1238439415779677 0.6081457865645273 1.9309110504540523 0.7001726121296922 7.033639283899039 44.353051889994966 -1.5872525925276866 1
Pedestrian 439 1 -1.6872785600232734 1059.167 726.6911 1184.4142 1031.9745 1.7585856610870982 0.7016328856435231 0.4409738610164248 0.9556967600836505 2.3856723423762003 8.98833035455608 -1.5813501532736107 1
