Car 830 1 2.0432278586830726 0.0 745.70416 218.18929 897.8513 1.538684137955263 2.0860182017867697 4.502511418358299 -12.536559876293408 3.430828854949363 21.109713804728017 1.507323205773008 1
Car 606 2 1.8469098316055501 458.8155 760.5186 560.88007 839.43555 1.8205190944073706 1.8077072877029694 4.025422181621311 -13.059018085715456 5.94843585568947 43.49069066583478 1.5552039064526468 1
Car 607 2 1.9060408312621853 374.28754 767.9211 507.52225 849.9484 1.5331504332500927 1.8443525251458928 4.303007084319442 -12.99347945389278 5.336774165372825 37.61668796596068 -4.709731478318256 1
Car 603 1 1.9192783771959545 185.82083 754.0871 393.28503 871.83966 1.6180521759098696 2.0283933399221876 5.015728211986977 -12.741201091704022 4.324998665654468 28.763201888772738 1.502286959443777 1
Car 431 1 -1.2620730049023354 177.87575 729.2016 704.58093 1145.2054 1.569507641426492 1.6761372608472365 3.507502576065326 -2.5732911921481074 2.2701112394943266 8.28477445168238 -1.563230407896072 1
Car 435 1 -1.3821821999439254 559.2184 770.5554 817.12195 981.8943 1.4597303873909035 1.8077307844894164 4.409851651216286 -2.6630360878114114 3.197083715967141 15.614902073242272 -1.5511015415951181 1
Car 434 1 -1.4206327265240668 670.0546 779.01855 842.8623 927.45013 1.4807831928883333 1.834398271762575 4.747702297552952 -2.9150231533368722 4.023223511853646 22.27780304722369 -1.5507423051582634 1
Car 608 1 -1.4921860688571456 755.9721 777.4052 859.7861 885.9834 1.7022810823186216 1.8385886368082156 4.108954120233979 -3.143117349057469 5.110311865685482 31.34469380713495 -1.5921278811643162 1
Pedestrian 437 0 -1.5874271442973198 920.27264 715.21643 1021.6695 1038.8633 1.8165228712343175 0.5807166688197827 0.5923661085453089 0.05247241539519591 2.3697006272034233 8.859884817091052 -1.581504742032541 1
Pedestrian 438 2 -1.5814480640203121 926.2308 739.87665 996.66956 969.19446 1.7817070921561822 0.5571108852016946 0.40296208568760933 -0.0006817608221228455 2.7222632751158558 12.02866498988641 -1.581504742032541 1
Pedestrian 440 0 -1.640793605423198 1013.6308 767.5499 1088.1244 982.86487 1.611015622366277 0.5512719996665653 0.53681667095462 0.7016284600863768 2.7644379127396643 11.820198819914483 -1.581504742032541 1
bicycle_rack 612 2 -3.0452928942412028 724.10974 801.8344 848.7572 894.0011 1.2211580621311953 3.0444168405736796 1.9669054521588034 -3.123380857106132 4.629111798614069 27.264291516762498 -3.159355049427405 1
bicycle_rack 614 2 0.36166564688304065 322.77994 779.134 433.5166 844.46924 1.2782011859485924 1.5841407174397957 1.896064314535734 -13.165232416389689 4.850890935315448 33.83933886715026 -0.009366546527516562 1
moped_scooter 1881 2 -1.7392524272258818 1052.1819 791.52747 1138.3787 933.4821 1.3432590705023637 0.6798185893659265 2.010318750682283 1.548742895643287 3.418647379210289 17.596711479925304 -1.6514654358517629 1
moped_scooter 617 2 -1.6045290647263553 975.7594 816.58093 998.49396 863.96344 1.1238439415779677 0.6081457865645273 1.9309110504540523 0.7584346688552064 6.925434338611965 44.29189302946766 -1.5874071830095091 1
Pedestrian 439 1 -1.689676520339279 1061.4843 727.24023 1189.24 1031.0895 1.7585856610870982 0.7170047646769316 0.4870894981167045 0.9848892960101745 2.396185293696794 9.069323542528762 -1.581504742032541 1
