Car 830 1 2.073429111684506 0.0 730.3561 188.63687 889.7596 1.538684137955263 2.0860182017867697 4.502511418358299 -12.333807519299352 3.0968216409922222 19.79012453296307 1.5161033193003384 1
Car 603 2 1.942020919239424 149.56125 735.3827 376.407 856.8004 1.6180521759098696 2.0283933399221876 5.015728211986977 -12.487181413135323 3.8140328345286827 27.15926309161284 1.5110669501588174 1
Car 606 2 1.8558374461012057 456.21332 759.4121 562.6546 840.78375 1.8205190944073706 1.8077072877029694 4.025422181621311 -12.663718794297738 5.793594926224671 42.151428078586584 1.5639826069371106 1
Car 607 2 1.9170752150170278 366.95212 751.29565 506.68726 834.3846 1.5331504332500927 1.8443525251458928 4.303007084319442 -12.642055652087864 4.786878158168307 36.33381475037058 -4.70095021783294 1
Car 431 1 -1.2083135093391346 0.0 703.3913 681.5865 1215.0 1.569507641426492 1.6761372608472365 3.507502576065326 -2.475909373746346 2.0226008304752288 6.864979067664046 -1.554451442991903 1
Car 435 1 -1.3669078453918808 527.73914 754.49945 819.8369 985.4993 1.4597303873909035 1.8077307844894164 4.409851651216286 -2.5135602290504746 2.882037419530305 14.181945075173264 -1.5423228584252637 1
Car 434 1 -1.415375946383884 667.44635 763.97565 853.55133 919.7712 1.4807831928883333 1.834398271762575 4.747702297552952 -2.6595151414917075 3.647355637173224 20.89697752681838 -1.541963356078395 1
Car 608 1 -1.4892735907733794 761.84955 762.92535 870.9694 874.57825 1.7022810823186216 1.8385886368082156 4.108954120233979 -2.828132377176894 4.659491230819782 29.97381364865855 -1.583348519183266 1
Pedestrian 437 0 -1.5893917089123046 937.06024 698.9453 1037.2717 1017.629 1.8165228712343175 0.5807166688198121 0.6055098214415133 0.14947983204113033 2.275627413918798 8.968562504515095 -1.572726162695135 1
Pedestrian 440 1 -1.6421245970979859 1028.1176 746.7171 1105.3064 965.75397 1.611015622366277 0.5512719996665653 0.9254788349423002 0.832574491641907 2.624464493301596 11.977755265825252 -1.572726162695135 1
bicycle 610 2 2.5639217024050662 835.53705 791.2236 889.6468 833.4653 1.2231233943121786 0.6404191900865254 1.7471269423752693 -3.3094426921806592 6.896194740162786 50.226887015829874 -3.785058362105122 1
bicycle_rack 612 2 -3.04034417378407 725.7641 786.3232 857.91986 881.65326 1.2211580621311953 3.0444168405736796 1.9669054521588034 -2.863612074328703 4.179216309477446 25.872594332254717 -3.150576793958404 1
bicycle_rack 614 2 0.37535211340469066 311.63928 755.3654 427.52243 822.06744 1.2782011859485924 1.5841407174397957 1.896064314535734 -12.848233692366264 4.187192905398483 32.55083729321003 -0.0005880808557070516 1
moped_scooter 616 2 -1.7777464852341829 1071.4434 753.3955 1169.2544 928.9544 1.6161853145049498 0.6820446842596036 1.833365051572918 1.683925471663109 3.08095624329754 16.100073037022803 -1.673534216818638 1
moped_scooter 617 2 -1.6058615928043805 990.4806 807.3531 1014.0668 855.8966 1.1238439415779677 0.6081457865645273 1.9309110504540523 1.167637822934144 6.47175157351663 42.865105795313745 -1.5786285058688547 1
Pedestrian 439 1 -1.6781289004191886 1063.1642 713.7798 1180.1398 1018.46063 1.7585856610870982 0.6432197453164736 0.6807751739376415 0.9703138505434244 2.32397534859164 9.171658124021233 -1.572726162695135 1
Pedestrian 438 2 -1.582471850707235 941.28656 730.41223 1011.0286 957.24945 1.7817070921561822 0.5571108852016946 0.42673842804369144 0.11850313329695494 2.6547176198939355 12.159160172036966 -1.572726162695135 1
