Car 830 1 2.066166120331956 0.0 734.7248 195.95811 892.5439 1.538684137955263 2.0860182017867697 4.502511418358299 -12.379333681465413 3.184087981081145 20.097664573860158 1.51409476404437 1
Car 603 2 1.937545007981626 156.27797 738.0451 379.2118 858.52997 1.6180521759098696 2.0283933399221876 5.015728211986977 -12.547104371589814 3.890435842713587 27.467959229678417 1.5090584229782977 1
Car 606 2 1.8537232597800295 456.9547 759.6789 562.3421 840.462 1.8205190944073706 1.8077072877029694 4.025422181621311 -12.752999442943725 5.829893092087732 42.464927781878046 1.5619743748667028 1
Car 607 2 1.9142959772777894 369.14954 751.6866 507.2321 834.0515 1.5331504332500927 1.8443525251458928 4.303007084319442 -12.719499567138756 4.823369722678532 36.64733661286538 -4.7029590351853034 1
Car 431 1 -1.2229562483932537 41.307697 707.13666 688.47784 1192.5925 1.569507641426492 1.6761372608472365 3.507502576065326 -2.493960692604227 2.0624855052269635 7.198738810121599 -1.5564597354948413 1
Car 435 1 -1.3711178391482095 537.23236 759.8638 819.6809 985.80023 1.4597303873909035 1.8077307844894164 4.409851651216286 -2.546106878820259 2.974148053662124 14.551960486602956 -1.5443310865048077 1
Car 434 1 -1.4169835155889636 668.7923 766.73785 851.6344 920.6511 1.4807831928883333 1.834398271762575 4.747702297552952 -2.7072808598675207 3.719384338292322 21.204443918736242 -1.5439716449495486 1
Car 608 1 -1.4884994272459409 758.13605 767.37994 866.4061 878.5884 1.7022810823186216 1.8385886368082156 4.108954120233979 -2.9398391672968813 4.782105350825398 30.257243070735278 -1.5853569025110696 1
Pedestrian 437 0 -1.5863677918266184 926.8857 700.35126 1032.7495 1023.5312 1.8165228712343175 0.6092976284060513 0.8532114711890387 0.10509256714398242 2.2938904110863825 9.033266494434017 -1.5747343670616079 1
Pedestrian 438 2 -1.582275445258835 938.057 730.3465 1007.6956 957.1535 1.7817070921561822 0.5571108852016946 0.45902843002252997 0.09194908032153803 2.6577283758441403 12.19286353060912 -1.5747343670616079 1
Pedestrian 440 0 -1.6436718250954339 1027.427 749.31586 1103.9147 967.63104 1.611015622366277 0.5512719996665653 0.7058002205144973 0.81426894917577 2.6216188083413523 11.792988314560048 -1.5747343670616079 1
bicycle 610 2 2.568862621293036 825.3347 793.7933 878.968 835.6769 1.2231233943121786 0.6404191900865254 1.7471269423752693 -3.698615104901027 7.043552328650378 50.75457036171565 -3.7870666537183344 1
bicycle_rack 612 2 -3.041493568214115 725.46967 790.8051 855.8074 885.47424 1.2211580621311953 3.0444168405736796 1.9669054521588034 -2.9222108889965486 4.2974708976467335 26.19627501397576 -3.1525849238340675 1
bicycle_rack 614 2 0.3719261338902322 314.76453 755.769 429.3474 821.8592 1.2782011859485924 1.5841407174397957 1.896064314535734 -12.91799404511835 4.223757351916737 32.863936076843025 -0.002596259914288135 1
moped_scooter 617 2 -1.605552461465126 987.11224 807.2822 1010.49023 855.43616 1.1238439415779677 0.6081457865645273 1.9309110504540523 1.0767367566576425 6.511345119909144 43.20619890232705 -1.5806367326026982 1
Pedestrian 439 1 -1.6821226270763148 1065.6344 714.4265 1184.3198 1024.8407 1.7585856610870982 0.6339966178964245 0.7637833207181737 0.9784639229815636 2.324908861287121 9.076408676841218 -1.5747343670616079 1
