Car 830 1 2.0821384953829996 0.0 726.55255 179.51178 888.24615 1.538684137955263 2.0860182017867697 4.502511418358299 -12.284133771573005 3.0159630592909856 19.429381353044814 1.5183460807500637 1
Car 603 2 1.947426965106982 141.05403 734.5782 372.7014 857.629 1.6180521759098696 2.0283933399221876 5.015728211986977 -12.422015117097132 3.7711016703753892 26.79388755532313 1.5133096802731605 1
Car 606 2 1.8579161179016404 455.86722 752.72485 563.44305 834.1042 1.8205190944073706 1.8077072877029694 4.025422181621311 -12.552944722087274 5.566515562989022 41.80755380933077 1.566225007564742 1
Car 607 2 1.920382074024027 364.07407 751.80786 505.8023 835.88855 1.5331504332500927 1.8443525251458928 4.303007084319442 -12.556702012358663 4.768951676736049 35.96518602146934 -4.698707163926445 1
Car 431 1 -1.1897366725212808 0.0 698.66003 672.5831 1215.0 1.569507641426492 1.6761372608472365 3.507502576065326 -2.45642433816083 1.9762648464167056 6.477432925313605 -1.5522089749252264 1
Car 435 1 -1.362369718914081 517.36633 753.3195 820.2145 991.6852 1.4597303873909035 1.8077307844894164 4.409851651216286 -2.4775554667926962 2.835971815555528 13.79443373606645 -1.5400804622747406 1
Car 434 1 -1.4131229276974446 664.71313 761.74133 855.34076 920.4888 1.4807831928883333 1.834398271762575 4.747702297552952 -2.608021923957476 3.575540469006235 20.490645847146684 -1.5397208920751926 1
Car 608 1 -1.4890694307128174 764.14984 760.65454 874.6388 873.40955 1.7022810823186216 1.8385886368082156 4.108954120233979 -2.7330122319805 4.577720473718072 29.61097441670806 -1.5811059497098359 1
Pedestrian 437 0 -1.5882474751987743 939.7113 700.4666 1038.8173 1018.7232 1.8165228712343175 0.5807166688198121 0.9558266305533254 0.16416689577160276 2.307641240449444 9.24074333170562 -1.5704837929946522 1
Pedestrian 440 1 -1.6429207796820755 1033.2118 749.459 1108.2546 964.4109 1.611015622366277 0.5512719996665653 0.5959609133005875 0.8600074843747945 2.623015958829077 11.85171844596503 -1.5704837929946522 1
bicycle 610 2 2.5628688828689272 840.2443 786.73 894.8331 829.21967 1.2231233943121786 0.6404191900865254 1.7471269423752693 -3.1142457080353285 6.692654524192237 49.76345629734149 -3.7828158956951126 1
bicycle_rack 612 2 -3.0388779442655545 725.69495 785.4924 860.0967 882.2122 1.2211580621311953 3.0444168405736796 1.9669054521588034 -2.8009272451893064 4.122363462791749 25.48712006480109 -3.1483345077107447 1
bicycle_rack 614 2 0.37937233371370677 307.75854 754.3727 425.19064 821.808 1.2782011859485924 1.5841407174397957 1.896064314535734 -12.770836965748613 4.133650526196508 32.187070451582414 0.0016542610780669875 1
moped_scooter 616 2 -1.78310432261074 1081.4174 751.0639 1182.6086 930.952 1.6161853145049498 0.6820446842596036 1.833365051572918 1.7638858158689736 3.021381513473216 15.709516221596932 -1.671291274760697 1
moped_scooter 617 2 -1.6062270667178076 994.26495 808.5961 1018.0998 857.6585 1.1238439415779677 0.6081457865645273 1.9309110504540523 1.2675846318907162 6.459006932806918 42.46540814211959 -1.5763861111974788 1
Pedestrian 439 1 -1.6829754464327695 1074.6407 708.3827 1190.1727 1015.0821 1.7585856610870982 0.624773490476401 0.6915354892610835 1.0290351408725293 2.2864199295990186 9.109039163735806 -1.5704837929946522 1
Pedestrian 438 2 -1.5815855877736016 943.4286 728.1923 1012.964 954.6806 1.7817070921561822 0.5571108852016946 0.47600416211178537 0.13566518677771833 2.6421968508531224 12.219610960379846 -1.5704837929946522 1
