Car 830 2 2.0886044188001374 0.0 721.0862 172.40862 883.7986 1.538684137955263 2.0860182017867697 4.502511418358299 -12.250289946297219 2.9193919223322493 19.164389644952646 1.5198437053755054 1
Car 603 2 1.9515168343558909 134.19264 733.95795 369.55606 858.26086 1.6180521759098696 2.0283933399221876 5.015728211986977 -12.37897248341282 3.738907008852645 26.520667441159084 1.5148072839822841 1
Car 606 2 1.8597238954674304 454.85236 751.63727 563.36975 833.4511 1.8205190944073706 1.8077072877029694 4.025422181621311 -12.485801650694754 5.5116105843752 41.537118783336375 1.5677223912771625 1
Car 607 2 1.9227971014336571 361.71646 750.4716 504.93414 835.069 1.5331504332500927 1.8443525251458928 4.303007084319442 -12.499348300597841 4.712362751310072 35.6956720954282 -4.697209344129172 1
Car 431 1 -1.1746522021728958 0.0 694.84283 664.8982 1215.0 1.569507641426492 1.6761372608472365 3.507502576065326 -2.4439137286574555 1.9418029617700885 6.189464900023469 -1.5507115462035161 1
Car 435 1 -1.3594490192600146 510.58176 752.5158 820.6146 995.80566 1.4597303873909035 1.8077307844894164 4.409851651216286 -2.4532449612118747 2.8064542876116017 13.54822129325175 -1.5385830815641948 1
Car 434 1 -1.4114792626749828 662.48096 761.22 856.4449 922.42377 1.4807831928883333 1.834398271762575 4.747702297552952 -2.574393924674083 3.541439497937989 20.202849275906267 -1.5382234660717098 1
Car 608 1 -1.4885994910960505 764.95575 759.4532 876.7597 873.345 1.7022810823186216 1.8385886368082156 4.108954120233979 -2.672849909569183 4.5230896226838855 29.287955358432587 -1.5796084532781902 1
Pedestrian 437 0 -1.58922630514343 941.99524 694.9351 1043.6378 1019.3445 1.8165228712343175 0.5807166688198121 0.7865225654878357 0.18092189651147303 2.253554267666616 8.937663344705284 -1.5689864299298217 1
Pedestrian 440 1 -1.6485210662774488 1043.4843 748.805 1119.7612 964.92676 1.611015622366277 0.5512719996665653 0.7226985754704989 0.9503993382832361 2.6290005841964055 11.924295342830998 -1.5689864299298217 1
bicycle 610 2 2.5631636536768356 841.89056 786.66583 896.79584 829.39825 1.2231233943121786 0.6404191900865254 1.7471269423752693 -3.0365439413130204 6.65934142360182 49.47630511800895 -3.781318468468042 1
bicycle_rack 612 2 -3.037808383234548 725.401 783.4093 861.49963 880.9929 1.2211580621311953 3.0444168405736796 1.9669054521588034 -2.758858183128302 4.054525135598142 25.203591143474863 -3.1468372005327243 1
bicycle_rack 614 2 0.38234356472104625 304.5964 751.10913 423.1996 818.97314 1.2782011859485924 1.5841407174397957 1.896064314535734 -12.719005002297763 4.039182077090876 31.919118350386036 0.0031516058922211876 1
moped_scooter 616 2 -1.7854139804458962 1086.1278 750.1372 1189.6813 933.55164 1.6161853145049498 0.6820446842596036 1.833365051572918 1.7903016815733501 2.9863842793074307 15.415239354934176 -1.6697935295049475 1
moped_scooter 617 2 -1.6065200176593581 996.85547 808.66046 1020.87756 858.071 1.1238439415779677 0.6081457865645273 1.9309110504540523 1.3343919903599606 6.424735900694643 42.171757277021676 -1.5748887314608762 1
Pedestrian 439 1 -1.682391816825298 1078.3593 711.16437 1187.8098 1010.42145 1.7585856610870982 0.6155503630563575 0.4978498134399068 1.0457129015120592 2.30262386946755 9.181452368275123 -1.5689864299298217 1
Pedestrian 438 2 -1.5809101533221774 944.4911 721.2146 1014.28595 948.0342 1.7817070921561822 0.5571108852016946 0.4454272094887011 0.1449988353628211 2.5792701070184467 12.159956985038093 -1.5689864299298217 1
