Car 830 2 2.1187924946703776 0.0 735.52435 143.06317 915.116 1.538684137955263 2.0860182017867697 4.502511418358299 -12.012416762081852 3.0348187438594048 17.931348481475155 1.5285468232084147 1
Car 603 2 1.9701387079317991 105.51609 746.8624 359.0151 880.9833 1.6180521759098696 2.0283933399221876 5.015728211986977 -12.08648532774933 3.8845998518468043 25.237829973874053 1.5235102803966107 1
Car 606 2 1.8689037353601803 451.55603 757.69037 564.72906 842.89014 1.8205190944073706 1.8077072877029694 4.025422181621311 -12.123589944144124 5.574898251275704 40.262294259663605 -4.706761197588822 1
Car 607 2 1.934898112312534 351.9021 759.05664 502.58234 848.26654 1.5331504332500927 1.8443525251458928 4.303007084319442 -12.18032786254046 4.815008584127879 34.40944945717807 -4.688505094004797 1
Car 431 1 -1.087299210810571 0.0 679.9694 621.8152 1215.0 1.569507641426492 1.6761372608472365 3.507502576065326 -2.3906408823167413 1.815039886945616 4.8900577917646935 -1.5420095667098388 1
Car 435 1 -1.3394207994441218 461.84442 756.45123 820.22156 1035.8954 1.4597303873909035 1.8077307844894164 4.409851651216286 -2.34461842867154 2.7265840540932835 12.161041855759768 -1.5298813808883402 1
Car 434 1 -1.4043092380943272 654.1612 768.3718 865.644 945.76794 1.4807831928883333 1.834398271762575 4.747702297552952 -2.3651967461100796 3.5147539907016667 18.790676885192987 -1.5295215024499846 1
Car 608 1 -1.4856345181206196 770.0998 771.9915 888.09406 893.8769 1.7022810823186216 1.8385886368082156 4.108954120233979 -2.3848352564450903 4.648610172126489 27.899714196144934 -1.5709060803968247 1
Pedestrian 437 0 -1.5912594588457665 958.2981 711.10016 1059.8153 1034.0668 1.8165228712343175 0.5857448005988742 0.806147883484706 0.2799200017715551 2.360696771695882 9.034183761004869 -1.560284831534442 1
bicycle 610 2 2.5633409649605494 853.84235 801.53937 910.4149 846.0635 1.2231233943121786 0.6404191900865254 1.7471269423752693 -2.5352514528212815 6.983883765921917 47.99685035440349 -3.7726165037725155 1
bicycle_rack 612 2 -3.0322775051261694 725.3173 797.3461 870.194 902.7659 1.2211580621311953 3.0444168405736796 1.9669054521588034 -2.533137444153096 4.146199008860213 23.840032264356964 -3.13813592939297 1
bicycle_rack 614 2 0.3945826918438047 295.61502 744.6315 419.67722 815.0543 1.2782011859485924 1.5841407174397957 1.896064314535734 -12.350392777266087 3.7987662546367202 30.67801476351638 0.01185310289244379 1
bicycle_rack 613 2 -3.027025025611846 848.7909 805.2146 907.92535 849.2458 1.0836119371017494 1.9945610412840058 1.6135677514452549 -2.553537758377038 6.8035048658858015 46.394263703008505 -3.0820094929322983 1
moped_scooter 616 2 -1.8010539870370508 1117.1356 760.0366 1234.1484 964.27563 1.6161853145049498 0.6820446842596036 1.833365051572918 1.976130339031226 2.968994284026105 14.026502828261748 -1.6610897102347482 1
moped_scooter 617 2 -1.6080305182016894 1011.69855 819.2736 1036.6627 870.94147 1.1238439415779677 0.6081457865645273 1.9309110504540523 1.7069524617718315 6.548697384328163 40.76993700594456 -1.5661870362272037 1
Pedestrian 438 2 -1.5816556674539002 958.03894 734.82153 1029.2157 967.6923 1.7817070921561822 0.5571108852016946 0.5501491363558522 0.256111704920678 2.6829124591949665 11.982344297713357 -1.560284831534442 1
Pedestrian 439 1 -1.6871020163233186 1099.0215 723.5383 1208.376 1033.009 1.7585856610870982 0.5878809807962049 0.5685604569936124 1.1435132769457375 2.369118650348757 8.968630509446218 -1.560284831534442 1
Pedestrian 440 1 -1.6477423868346495 1056.1189 756.82214 1130.1976 969.1273 1.611015622366277 0.5512719996665653 0.4832698277374621 1.0430853291880413 2.6820496468755524 11.896336569435343 -1.560284831534442 1
