Car 830 2 2.1221750083519835 0.0 735.1321 139.66753 915.99426 1.538684137955263 2.0860182017867697 4.502511418358299 -11.993116901183857 3.0204626708639912 17.809501356047956 1.529517665941254 1
Car 603 2 1.9721417928207299 102.51813 746.6338 357.90805 881.41223 1.6180521759098696 2.0283933399221876 5.015728211986977 -12.060046573385245 3.870365392605396 25.116037521554663 1.5244811095992734 1
Car 606 2 1.8697730290380559 451.47586 757.57477 565.1027 843.0424 1.8205190944073706 1.8077072877029694 4.025422181621311 -12.082478210000302 5.560900498483651 40.14050407773174 -4.705790510918817 1
Car 607 2 1.9361148245776585 351.07126 759.9607 502.50903 849.6505 1.5331504332500927 1.8443525251458928 4.303007084319442 -12.145453575865794 4.825882448407176 34.284143932641655 -4.687534125167462 1
Car 431 1 -1.0797581129331653 0.0 676.1764 619.2522 1215.0 1.569507641426492 1.6761372608472365 3.507502576065326 -2.380356626123942 1.7946911579914562 4.7890172742386845 -1.5410388509457473 1
Car 435 1 -1.3362823833538393 453.75644 755.90234 819.38226 1040.0897 1.4597303873909035 1.8077307844894164 4.409851651216286 -2.33828257479391 2.7062366690219237 11.988318674822688 -1.528910696206164 1
Car 434 1 -1.4038865061157295 654.28845 768.2289 866.92584 946.5578 1.4807831928883333 1.834398271762575 4.747702297552952 -2.343774367942014 3.5044186314806116 18.70319268638297 -1.5285507884643654 1
Car 608 1 -1.4840943208309718 768.7867 771.86426 887.5994 894.2746 1.7022810823186216 1.8385886368082156 4.108954120233979 -2.3911370216200893 4.6350498099110995 27.786966182139594 -1.569935320760651 1
Pedestrian 437 0 -1.5888734428150761 955.42676 708.86536 1058.6163 1038.3652 1.8165228712343175 0.5857448005988742 0.9487018685721128 0.2650945302555506 2.3467572455057986 8.96562012964456 -1.5593141582337198 1
bicycle 610 2 2.5634407049199135 855.07135 801.5563 911.7975 846.20056 1.2231233943121786 0.6404191900865254 1.7471269423752693 -2.486524737831469 6.968893516918238 47.865795607371936 -3.771645790301712 1
bicycle_rack 612 2 -3.031792580654972 725.56274 796.6458 871.3168 902.6047 1.2211580621311953 3.0444168405736796 1.9669054521588034 -2.5077135056123776 4.119537664578671 23.71036283220605 -3.137165292854763 1
bicycle_rack 614 2 0.39542154766795834 295.57318 744.43005 420.15512 815.13916 1.2782011859485924 1.5841407174397957 1.896064314535734 -12.296782028582706 3.7848845699882343 30.556472336570533 0.01282376538118779 1
bicycle_rack 613 2 -3.026915363045428 849.99384 805.23663 909.2994 849.4031 1.0836119371017494 1.9945610412840058 1.6135677514452549 -2.506375567107168 6.7884919697762225 46.263230247004486 -3.081038858593061 1
moped_scooter 616 2 -1.8043444632579946 1122.8477 758.3313 1241.6279 964.3753 1.6161853145049498 0.6820446842596036 1.833365051572918 2.018128422318072 2.9402294015072696 13.895694593206931 -1.6601187892127327 1
moped_scooter 617 2 -1.6081633349184994 1013.308 818.9848 1038.364 870.8141 1.1238439415779677 0.6081457865645273 1.9309110504540523 1.7463372125870271 6.523503126768303 40.63762559898692 -1.5652163521291378 1
Pedestrian 438 2 -1.585626924770002 965.6911 734.07684 1036.5459 965.4457 1.7817070921561822 0.5571108852016946 0.5061915427629727 0.31620347907899643 2.6775580762464144 12.01433910608376 -1.5593141582337198 1
Pedestrian 439 1 -1.6859976129039025 1100.519 725.22327 1205.2814 1026.6295 1.7585856610870982 0.5878809807962049 0.3933210360126108 1.1537596181274563 2.3797272606901507 9.058648536823409 -1.5593141582337198 1
Pedestrian 440 1 -1.6472549692732257 1056.2795 753.1157 1132.025 974.0734 1.6507619815246002 0.5512719996665653 0.6373522297743984 1.046369385985817 2.6958923886337827 11.86787551714666 -1.5593141582337198 1
