Car 830 2 2.182747256114787 0.0 716.76855 67.10137 918.5763 1.538684137955263 2.0860182017867697 4.502511418358299 -11.763470242258434 2.6469826045679725 15.759675024395856 1.5415358427007395 1
Car 603 2 2.007114351250726 38.774887 729.6228 330.08273 873.3699 1.6180521759098696 2.0283933399221876 5.015728211986977 -11.740325773260018 3.4120965278793536 23.07725561260654 1.5364991191108874 1
Car 606 1 1.8848680619614582 441.91098 755.9564 563.9017 846.2517 1.8205190944073706 1.8077072877029694 4.025422181621311 -11.587552746259854 5.334849885211158 38.07117576562229 -4.693774265070022 1
Car 607 2 1.9565764785391169 329.27072 757.5182 494.3619 853.14655 1.5331504332500927 1.8443525251458928 4.303007084319442 -11.720480625372906 4.5840017100908135 32.2178228710638 -4.675514390804732 1
Car 431 1 -0.7982471925834156 0.0 564.2593 481.1397 1215.0 1.569507641426492 1.6761372608472365 3.507502576065326 -2.277816441142484 1.5389314003358037 2.541314478254999 -1.5290222456322926 1
Car 435 0 -1.3075806617419714 353.38232 745.4602 829.0238 1107.7987 1.4597303873909035 1.8077307844894164 4.409851651216286 -2.0759744005242586 2.4290341850441437 9.772731781772828 -1.516894475299286 1
Car 434 1 -1.3912101830422565 631.38025 765.84143 879.373 972.2789 1.4807831928883333 1.834398271762575 4.747702297552952 -2.0726698668044348 3.259430414028939 16.451812323465436 -1.5165342052969044 1
Car 608 1 -1.4788572426822435 772.2196 769.39264 902.9023 903.4453 1.7022810823186216 1.8385886368082156 4.108954120233979 -2.0211145610191066 4.3668407545789565 25.510726071841884 -1.5579181725556057 1
moped_scooter 609 2 1.2864917795201372 1131.1536 768.9479 1251.7839 966.9035 1.555965494444385 0.682665850159117 1.569766229909195 2.091042928043578 2.962292027388557 13.776344639333761 1.4371270220403791 1
Pedestrian 437 0 -1.587978376527406 968.6095 709.87415 1077.0681 1033.4281 1.8165228712343175 0.6175014223613778 0.4310689338433177 0.3555674519313241 2.32557569863683 8.735709905539697 -1.5472980777482888 1
bicycle 610 2 2.5651126532339945 869.2098 804.0104 928.65137 850.8615 1.2231233943121786 0.6404191900865254 1.7471269423752693 -1.8991717308068319 6.785517000465416 45.67456719002256 -3.7596292239238096 1
bicycle_rack 612 2 -3.0228345369341323 720.8738 796.0886 883.22565 913.77936 1.2211580621311953 3.0444168405736796 1.9669054521588034 -2.2105615371055416 3.8618669827561494 21.52997682962274 -3.1251496715393827 1
bicycle_rack 614 2 0.41582055934052914 275.4085 772.1658 410.61215 850.0913 1.2782011859485924 1.5841407174397957 1.896064314535734 -11.717762240203575 4.1579372248812225 28.427236627938193 0.02483972048374561 1
bicycle_rack 613 2 -3.023070250176405 860.58844 807.0824 923.08875 853.6993 1.0836119371017494 1.9945610412840058 1.6135677514452549 -2.0255230904383414 6.577979457430269 44.04710404767429 -3.069023263017031 1
moped_scooter 616 1 -1.8342585255395805 1174.0466 752.0314 1323.1609 999.7925 1.6161853145049498 0.6820446842596036 1.833365051572918 2.196124288923829 2.6874213482717177 11.66045078914222 -1.6480996426339236 1
moped_scooter 617 2 -1.6118769274015217 1036.0505 809.9178 1062.8728 864.4306 1.1238439415779677 0.6081457865645273 1.9309110504540523 2.255216173814946 5.993662816439826 38.390433334117795 -1.5532001380731224 1
Pedestrian 439 1 -1.6780886383834648 1099.432 724.13605 1222.4735 1050.2947 1.7585856610870982 0.6263106783797087 0.827790117026503 1.1497646802358439 2.3665700796637283 8.74070087528194 -1.5472980777482888 1
Pedestrian 438 2 -1.5879211419432433 986.76556 737.8847 1058.7017 973.83795 1.7817070921561822 0.5571108852016946 0.5941067299487103 0.4831373915299917 2.7027232337386478 11.886636537939504 -1.5472980777482888 1
Pedestrian 440 1 -1.6463057769210827 1072.5475 762.49603 1149.4451 981.8086 1.611015622366277 0.5512719996665653 0.7084991963012891 1.1719739118689225 2.7297932741630184 11.798496303036375 -1.5472980777482888 1
