Car 603 2 2.036818086391425 0.0 724.915 299.8741 879.13354 1.6180521759098696 2.0283933399221876 5.015728211986977 -11.58016232266022 3.2264652990031393 21.513677648122812 1.5430253938000398 1
Car 604 1 -1.4871809779058702 888.8882 787.8406 952.1469 851.67163 1.6428231884597293 1.8089026386403724 3.6234545496933492 -1.321295279970692 7.276870832472433 49.8476124969502 -1.5136814639826992 1
Car 606 2 1.8967660551434768 429.23633 752.9478 558.3483 847.03564 1.8205190944073706 1.8077072877029694 4.025422181621311 -11.32689689803568 5.120931693797851 36.50945556117893 -4.687248947469154 1
Car 607 1 1.9716443276403117 308.3786 746.8115 484.94092 846.02686 1.5331504332500927 1.8443525251458928 4.303007084319442 -11.458478115990344 4.212737038633884 30.67947533865587 -4.668987182375165 1
Car 431 2 -0.32814175269537116 0.0 0.0 1935.0 1215.0 1.569507641426492 1.6761372608472365 3.507502576065326 -2.234949167848263 1.3601760376743748 0.8834579579424411 -1.522496733376486 1
Car 435 0 -1.2658351137112598 195.65675 735.1023 816.66895 1191.1403 1.4597303873909035 1.8077307844894164 4.409851651216286 -2.029271390840991 2.2252541364553426 8.132450713275038 -1.5103691714997347 1
Car 434 1 -1.3780187431506636 597.71686 760.93933 882.868 995.0764 1.4807831928883333 1.834398271762575 4.747702297552952 -1.9517893099628898 3.0387983351178436 14.70143506582086 -1.5100087051668176 1
Car 608 1 -1.4770405635736585 773.61237 763.83997 914.1261 907.3992 1.7022810823186216 1.8385886368082156 4.108954120233979 -1.7739864086212382 4.10747174589536 23.815377369884253 -1.5513923656660957 1
moped_scooter 609 1 1.258501167709479 1172.2108 760.808 1319.792 994.9083 1.555965494444385 0.682665850159117 1.569766229909195 2.1943505222715407 2.695421124474888 11.715836936571188 1.4436537809303478 1
Pedestrian 437 0 -1.5900047362893646 981.32306 705.3946 1091.8662 1039.6093 1.8165228712343175 0.6175014223613778 0.9169452468096257 0.43462185378081375 2.316505715389252 8.820922493842483 -1.540772849835049 1
bicycle 610 2 2.5661460062574717 876.3307 803.14386 937.96606 851.69055 1.2231233943121786 0.6404191900865254 1.7471269423752693 -1.5893263254226084 6.564556053316895 44.049962170607834 -3.7531037408949617 1
bicycle_rack 612 2 -3.0154855128000118 711.1469 795.5393 888.4613 923.7121 1.2211580621311953 3.0444168405736796 1.9669054521588034 -2.0602604300113985 3.6686444635533833 19.904654163462368 -3.1186246960107273 1
bicycle_rack 614 2 0.43639237606969333 245.71333 763.86755 390.41797 846.00653 1.2782011859485924 1.5841407174397957 1.896064314535734 -11.521134247701712 3.8517606676461833 26.872574199482468 0.03136488698544171 1
bicycle_rack 613 2 -3.021828582676315 867.22784 806.0921 932.1848 854.5347 1.0836119371017494 1.9945610412840058 1.6135677514452549 -1.7263261994309234 6.352036704233222 42.42405402297295 -3.062498300318719 1
moped_scooter 616 0 -1.8634423998680838 1214.7722 739.8048 1399.024 1033.1117 1.6161853145049498 0.6820446842596036 1.833365051572918 2.236483372016683 2.450087336622092 9.914220170705484 -1.6415727501795137 1
moped_scooter 617 2 -1.6159952523466654 1051.2888 816.3565 1079.6737 873.792 1.1238439415779677 0.6081457865645273 1.9309110504540523 2.54939970122363 5.9492662994694125 36.71811320051194 -1.5466748377007287 1
Pedestrian 439 1 -1.6884168093250769 1113.8076 721.1111 1260.4791 1041.039 1.7585856610870982 0.7702939453260623 0.8151510164879565 1.3223644186209116 2.3575847505924212 8.891266563602718 -1.540772849835049 1
Pedestrian 438 2 -1.581213727567626 987.07336 735.7714 1057.3236 966.1327 1.7817070921561822 0.5571108852016946 0.5941067299487276 0.49226032487932986 2.706317805653787 12.165708686106978 -1.540772849835049 1
Pedestrian 440 1 -1.6387291938348971 1072.4115 752.06354 1145.6613 969.8107 1.6640107679107072 0.5512719996665653 0.5097674005097053 1.1791095146951451 2.706680247032513 11.998566827579314 -1.540772849835049 1
