Car 603 2 2.0344336861486503 0.0 725.35986 304.47525 878.64465 1.6180521759098696 2.0283933399221876 5.015728211986977 -11.56419486470358 3.242231944000374 21.642522142331245 1.5437026701160357 1
Car 604 1 -1.4872750731271382 890.13153 787.89545 953.2245 851.5734 1.6428231884597293 1.8089026386403724 3.6234545496933492 -1.2859550784011793 7.2921134237357705 49.96951009280988 -1.5130041887713226 1
Car 606 2 1.8957963156611592 432.2944 753.1351 560.75006 846.901 1.8205190944073706 1.8077072877029694 4.025422181621311 -11.300696005006813 5.1368398426311845 36.63810571981705 -4.686571770448072 1
Car 607 1 1.9695157494791227 313.80817 752.80927 489.19238 852.56964 1.5331504332500927 1.8443525251458928 4.303007084319442 -11.401077622803378 4.353986269513923 30.789091990835857 -4.668309809278558 1
Car 431 2 -0.37671703581647287 0.0 0.0 1935.0 1215.0 1.569507641426492 1.6761372608472365 3.507502576065326 -2.2176036277796567 1.3749455802824642 1.0055044156280615 -1.5218195361772897 1
Car 435 0 -1.2680312775023925 206.7829 735.68524 818.70435 1186.044 1.4597303873909035 1.8077307844894164 4.409851651216286 -2.0243642096243657 2.235322512729985 8.213177466507537 -1.509691995921166 1
Car 434 1 -1.3795270747928743 603.4642 759.8931 884.8279 990.8154 1.4807831928883333 1.834398271762575 4.747702297552952 -1.9386913025824508 3.040411111059107 14.851500261568377 -1.5093315092299495 1
Car 608 1 -1.4769857857592374 774.9728 764.0371 914.7643 906.842 1.7022810823186216 1.8385886368082156 4.108954120233979 -1.7681167483261693 4.122321697836689 23.937708628284298 -1.550715137898702 1
moped_scooter 609 1 1.2679811255770086 1161.8802 763.5481 1302.1283 988.62616 1.555965494444385 0.682665850159117 1.569766229909195 2.169095176008557 2.760687857300777 12.172173774245342 1.4443311075591536 1
Pedestrian 437 0 -1.5863881474982362 977.2188 706.2066 1086.5365 1036.8418 1.8165228712343175 0.6175014223613778 0.9169452468096257 0.4129437556241196 2.3266177032718898 8.91395028620654 -1.5400956821167502 1
bicycle 610 2 2.5659989812112243 877.65497 802.49304 939.11285 850.8741 1.2231233943121786 0.6404191900865254 1.7471269423752693 -1.5573610059641378 6.55978850002608 44.17441840991395 -3.75242654705097 1
bicycle_rack 612 2 -3.016171797307668 713.9314 795.6042 889.98035 922.9549 1.2211580621311953 3.0444168405736796 1.9669054521588034 -2.0453396970708377 3.683623383194009 20.02709472003585 -3.117947554601404 1
bicycle_rack 614 2 0.43472580916502385 250.3324 764.0715 394.13742 845.82764 1.2782011859485924 1.5841407174397957 1.896064314535734 -11.501512550537056 3.8675804790352135 27.0013712060278 0.032042048604430384 1
bicycle_rack 613 2 -3.021984971766357 868.58124 805.79895 933.3379 854.08765 1.0836119371017494 1.9945610412840058 1.6135677514452549 -1.6958193267761579 6.358482297428997 42.547298184071785 -3.061821160194718 1
moped_scooter 616 0 -1.863440123430587 1216.7574 740.5629 1398.7659 1030.0894 1.6161853145049498 0.6820446842596036 1.833365051572918 2.2710749871154694 2.464993472400655 10.035996988704028 -1.6408954097435733 1
moped_scooter 617 2 -1.614808353969889 1050.6119 816.2983 1078.8114 873.541 1.1238439415779677 0.6081457865645273 1.9309110504540523 2.5388519876705247 5.963158302741837 36.83793298974918 -1.5459976624660596 1
Pedestrian 439 1 -1.6837237467106443 1119.5533 722.45044 1240.0017 1035.9019 1.7585856610870982 0.6424511513648031 0.6399115955069593 1.2907734417231718 2.3623013708099436 8.925034374466764 -1.5400956821167502 1
Pedestrian 438 2 -1.5825289274734733 989.96875 739.01056 1060.5452 970.8837 1.7817070921561822 0.5571108852016946 0.6234117923439599 0.5148686661240198 2.731456891134536 12.126331698248684 -1.5400956821167502 1
Pedestrian 440 1 -1.6421326211626208 1077.6724 757.3406 1153.2205 973.8214 1.611015622366277 0.5512719996665653 0.6422552643707542 1.2145375593745837 2.690700897290686 11.861582428368926 -1.5400956821167502 1
