Car 603 2 2.032614494504163 0.0 725.70123 308.06317 878.2725 1.6180521759098696 2.0283933399221876 5.015728211986977 -11.550830827403082 3.254420394523029 21.741989163943025 1.5442662282605224 1
Car 604 1 -1.4873481226621414 891.15234 787.93835 954.1183 851.4995 1.6428231884597293 1.8089026386403724 3.6234545496933492 -1.256474675264719 7.303864559629263 50.06318671440637 -1.5124406315543168 1
Car 606 1 1.895054166845001 434.7076 753.2797 562.6597 846.79913 1.8205190944073706 1.8077072877029694 4.025422181621311 -11.278816871178224 5.149145404941884 36.737405790911794 -4.686008294922122 1
Car 607 1 1.9667797236532483 320.07935 754.17395 494.25223 853.8227 1.5331504332500927 1.8443525251458928 4.303007084319442 -11.320044418220487 4.392222891746105 30.88280495379509 -4.667746170620751 1
Car 431 2 -0.40859147761815473 0.0 0.0 1935.0 1215.0 1.569507641426492 1.6761372608472365 3.507502576065326 -2.231309871865436 1.3863380516475698 1.1003126343641845 -1.5212560438644926 1
Car 435 0 -1.2707599557148468 219.49098 736.31085 820.98083 1180.1771 1.4597303873909035 1.8077307844894164 4.409851651216286 -2.0185810658657837 2.246747817259055 8.30731943119674 -1.5091285215969878 1
Car 434 1 -1.3795775215800345 605.2705 760.05945 885.29834 989.8613 1.4807831928883333 1.834398271762575 4.747702297552952 -1.9378678696083207 3.0482497397327473 14.916536312307521 -1.5087680179680938 1
Car 608 1 -1.4771318538668452 776.1949 764.1027 915.7204 906.6847 1.7022810823186216 1.8385886368082156 4.108954120233979 -1.7537857610728673 4.127003832258189 23.975256923124967 -1.5501516201514511 1
moped_scooter 609 1 1.2709167425450931 1159.0629 763.3238 1297.4391 986.07214 1.555965494444385 0.682665850159117 1.569766229909195 2.15983753224924 2.7695329640137736 12.288923322547117 1.4448947075777676 1
Pedestrian 437 0 -1.5865922919025126 978.4958 707.11804 1086.6166 1030.9305 1.8165228712343175 0.6175014223613778 0.5739737317745939 0.4161465566813019 2.3186541900325537 8.836349753846159 -1.5395322143309087 1
bicycle 610 2 2.5658894632688343 878.73126 802.177 940.05414 850.4386 1.2231233943121786 0.6404191900865254 1.7471269423752693 -1.5308809542338762 6.561521200094274 44.26943908588995 -3.7518630575759766 1
bicycle_rack 612 2 -3.0166956733172867 716.1245 795.6543 891.2112 922.3813 1.2211580621311953 3.0444168405736796 1.9669054521588034 -2.0328499641867332 3.6951563832864536 20.121233601758206 -3.117384108723644 1
bicycle_rack 614 2 0.4334527450702224 253.93782 764.2284 397.05362 845.6922 1.2782011859485924 1.5841407174397957 1.896064314535734 -11.485107861108101 3.8798129432447954 27.100796840486822 0.032605511354576455 1
bicycle_rack 613 2 -3.0221008081889535 869.67816 805.8093 934.28296 853.99347 1.0836119371017494 1.9945610412840058 1.6135677514452549 -1.6705519425456343 6.370194331424736 42.64121393482409 -3.0612577153798552 1
moped_scooter 616 0 -1.859121506022191 1212.0732 741.08435 1391.2677 1027.8867 1.6161853145049498 0.6820446842596036 1.833365051572918 2.2514030007547112 2.47576476525259 10.12553911241525 -1.6403317982438361 1
moped_scooter 617 2 -1.6146689794970503 1051.2872 816.28394 1079.4069 873.3822 1.1238439415779677 0.6081457865645273 1.9309110504540523 2.560898297883724 5.974533834687357 36.92948442226334 -1.5454341884263567 1
Pedestrian 439 1 -1.6799622090858493 1115.7108 723.1503 1233.3541 1032.1981 1.7585856610870982 0.6424511513648031 0.5476803213064432 1.2685529037567655 2.366825632655738 8.973888052754777 -1.5395322143309087 1
Pedestrian 438 2 -1.5803623611334903 986.831 738.3194 1058.6527 973.693 1.7817070921561822 0.5571108852016946 0.5648016675534728 0.48580780931632206 2.705695138297972 11.891650013212077 -1.5395322143309087 1
Pedestrian 440 1 -1.6422617703441287 1078.0679 756.29504 1155.6305 977.35114 1.611015622366277 0.5512719996665653 0.8409870601623598 1.2203572198770982 2.688801809720586 11.837501169578754 -1.5395322143309087 1
