Car 603 1 2.048136094462423 0.0 718.8918 272.44412 876.7779 1.6180521759098696 2.0283933399221876 5.015728211986977 -11.721913524625977 3.0909006832175505 20.89208888762992 1.5368339814150933 1
Car 604 1 -1.4865736284914368 878.2801 786.72174 942.3401 851.1814 1.6428231884597293 1.8089026386403724 3.6234545496933492 -1.6417623707370212 7.1767758882107024 49.28507658168233 -1.519872866776919 1
Car 606 2 1.901170249812541 410.00607 746.63556 542.40106 841.61316 1.8205190944073706 1.8077072877029694 4.025422181621311 -11.555229529407125 4.907956065872182 35.897090800318544 -4.69343945188573 1
Car 607 1 1.9741172284884154 290.8621 745.672 472.20023 846.8951 1.5331504332500927 1.8443525251458928 4.303007084319442 -11.520136807901968 4.136243850627203 30.047596267923403 -4.675179480539739 1
Car 435 0 -1.2472400800337338 99.61022 725.49194 797.9215 1215.0 1.4597303873909035 1.8077307844894164 4.409851651216286 -2.0805213876683806 2.118148713336425 7.537418027369528 -1.5165596628187645 1
Car 434 1 -1.3714330144658453 567.9944 754.78687 869.0634 997.6672 1.4807831928883333 1.834398271762575 4.747702297552952 -2.0594739106413242 2.9179980482771217 14.12667036465773 -1.516199382735847 1
Car 608 1 -1.4742893705943683 757.79254 762.85254 902.3676 909.7038 1.7022810823186216 1.8385886368082156 4.108954120233979 -1.9439388013504157 4.040881018238117 23.284293697875636 -1.5575833342531833 1
moped_scooter 609 1 1.255387670213437 1165.7794 758.8287 1317.109 998.2988 1.555965494444385 0.682665850159117 1.569766229909195 2.110135308811523 2.656141810198416 11.461071622687296 1.4374619091614953 1
Pedestrian 437 0 -1.5902832562670648 976.1066 704.4119 1078.9077 1027.976 1.8165228712343175 0.5910375708926191 0.8073849017290333 0.3904775382655522 2.31733111484455 9.008157073572804 -1.5469632691678288 1
bicycle 610 2 2.566863093830756 865.5763 796.4515 928.0109 845.4078 1.2231233943121786 0.6404191900865254 1.7471269423752693 -1.870659967126311 6.301878332936622 43.5050766624704 -3.7592944021044477 1
bicycle_rack 612 2 -3.011930697424095 692.83563 791.07697 876.3533 922.3819 1.2211580621311953 3.0444168405736796 1.9669054521588034 -2.192598445195361 3.5413349689089406 19.340861095538596 -3.1248148758581236 1
bicycle_rack 614 2 0.4444744931835765 217.79544 762.7861 367.2171 846.80536 1.2782011859485924 1.5841407174397957 1.896064314535734 -11.697765274622665 3.7732362428911626 26.243874247458674 0.025174525797542868 1
bicycle_rack 615 2 0.20389052053734066 584.782 773.979 659.0877 827.1838 1.2430171186139136 4.174217475780773 1.5482845601329558 -11.023960665950732 6.318598981846783 48.81286305354201 -0.018224543076679645 1
bicycle_rack 613 2 -3.021026494717216 856.2614 801.406 922.1489 850.21747 1.0836119371017494 1.9945610412840058 1.6135677514452549 -1.9971759191193093 6.1499977331674405 41.87118677636539 -3.0686884680137267 1
moped_scooter 616 0 -1.8800191380109024 1224.5869 734.3212 1424.2891 1045.193 1.6161853145049498 0.6820446842596036 1.833365051572918 2.21783386223599 2.3710948284537614 9.37683680988356 -1.64776474863683 1
moped_scooter 617 2 -1.6166708872130733 1042.7838 814.34753 1071.6328 872.5256 1.1238439415779677 0.6081457865645273 1.9309110504540523 2.311722053269113 5.830437636681955 36.181549495786555 -1.5528653257734546 1
Pedestrian 439 1 -1.681699700085765 1110.0991 721.74207 1221.6409 1029.4492 1.7585856610870982 0.6055586416845969 0.5937959584066386 1.2257400970059422 2.3638447084135814 9.042200189204712 -1.5469632691678288 1
Pedestrian 438 2 -1.5850423311248878 983.7456 736.40344 1053.8241 966.06335 1.7817070921561822 0.5571108852016946 0.5794541987510887 0.4642511207002204 2.7124215716369653 12.185875512704124 -1.5469632691678288 1
Pedestrian 440 1 -1.6395532246780342 1064.1161 747.5912 1138.5114 968.5295 1.677259554296815 0.5512719996665653 0.7582256521148062 1.1297460136418893 2.707108869037711 12.16671679984572 -1.5469632691678288 1
