Car 603 1 2.0587152876587087 0.0 716.5054 241.80768 878.953 1.6180521759098696 2.0283933399221876 5.015728211986977 -11.90854459335956 3.0188221286747283 20.31827686845426 1.5285789837718804 1
Car 604 1 -1.4859062112898684 864.5468 776.7446 929.2921 840.9809 1.6428231884597293 1.8089026386403724 3.6234545496933492 -2.0631189522511812 6.789200656095733 48.83497582706664 -1.5281278530584554 1
Car 606 2 1.9054263101154865 387.4554 743.16516 523.1553 839.2618 1.8205190944073706 1.8077072877029694 4.025422181621311 -11.862837967783967 4.7746161509323315 35.331152256958156 -4.701693238279414 1
Car 607 2 1.9793105437139316 264.59402 744.45087 451.3946 847.5149 1.5331504332500927 1.8443525251458928 4.303007084319442 -11.757616884971988 4.063573677658147 29.474828351101106 -4.683435662085277 1
Car 435 0 -1.2339932257784865 11.273134 719.48883 780.9841 1215.0 1.4597303873909035 1.8077307844894164 4.409851651216286 -2.1178206157162447 2.0492425157579426 7.075764730051102 -1.5248134320020468 1
Car 434 1 -1.36659996954629 539.5179 751.2689 853.55444 1001.53375 1.4807831928883333 1.834398271762575 4.747702297552952 -2.1807354889509005 2.842462459741599 13.70000220136139 -1.5244534006346937 1
Car 608 1 -1.4721634404600514 739.75726 757.54865 888.40424 906.90076 1.7022810823186216 1.8385886368082156 4.108954120233979 -2.138434373550031 3.903944841468248 22.761588666671237 -1.565837740248497 1
Pedestrian 437 0 -1.588337046034256 958.25854 702.6584 1064.8553 1015.7962 1.8165228712343175 0.6270284088901311 0.4739403732227291 0.2994223275197935 2.2990200017533975 9.037194942789823 -1.5552169420083344 1
bicycle 610 2 2.5677611797909936 851.47577 794.05896 914.6568 843.53156 1.2231233943121786 0.6404191900865254 1.7471269423752693 -2.244354302443225 6.176525183976478 43.01875057068404 -3.767548406037525 1
bicycle_rack 612 2 -3.0082030837283367 671.22546 787.2397 860.688 921.37054 1.2211580621311953 3.0444168405736796 1.9669054521588034 -2.366087791769197 3.433671373620676 18.85056173003036 -3.133068232356331 1
bicycle_rack 614 2 0.4518702198235126 187.04578 759.31903 341.17676 844.92957 1.2782011859485924 1.5841407174397957 1.896064314535734 -11.928486925608764 3.6585297161673256 25.67336537629403 0.016920937086634114 1
bicycle_rack 615 2 0.20639876208142371 567.08673 773.4115 642.76184 827.2659 1.2430171186139136 4.174217475780773 1.5482845601329558 -11.44258623694174 6.243407122638412 48.24424274759959 -0.026478431555823967 1
bicycle_rack 613 2 -3.0200784878111873 842.0092 797.1849 908.7568 846.2984 1.0836119371017494 1.9945610412840058 1.6135677514452549 -2.3561322926450594 5.972740948935424 41.39034271490041 -3.076941807179179 1
moped_scooter 609 1 1.2520947364135624 1155.7157 753.8781 1312.4619 1001.09686 1.555965494444385 0.682665850159117 1.569766229909195 1.986498223072454 2.584373461360496 11.09856097696862 1.4292063006093976 1
moped_scooter 616 0 -1.889952628596575 1221.7733 726.75195 1434.5929 1053.7363 1.6161853145049498 0.6820446842596036 1.833365051572918 2.1258621905895887 2.2879874654139694 8.92114096577204 -1.6560205274110924 1
moped_scooter 617 2 -1.6178355051810505 1031.9136 811.7888 1061.2448 870.62573 1.1238439415779677 0.6081457865645273 1.9309110504540523 2.026107469619022 5.7045368875807565 35.68516300549787 -1.5611190903399068 1
Pedestrian 439 1 -1.6721414945124595 1083.614 715.25665 1193.5388 1022.2718 1.7585856610870982 0.6055586416845969 0.5292340664663078 1.0564245668799215 2.3182954642751783 8.993884521868896 -1.5552169420083344 1
Pedestrian 438 2 -1.583878931673824 969.555 732.3671 1039.7937 962.7331 1.7817070921561822 0.5571108852016946 0.6234117923439763 0.34911773779797795 2.6795238803402857 12.177177350145366 -1.5552169420083344 1
Pedestrian 440 1 -1.6392488731061035 1050.8785 750.93774 1126.4357 966.42444 1.611015622366277 0.5512719996665653 0.9072309920928782 1.0254065848685576 2.675646237060559 12.173846826027997 -1.5552169420083344 1
