Car 603 1 2.06124527817564 0.0 715.99927 236.53456 879.4604 1.6180521759098696 2.0283933399221876 5.015728211986977 -11.927141453843113 3.003552410282774 20.193912590461803 1.5277435737444658 1
Car 604 1 -1.4857608286440072 862.9819 777.46466 927.9049 841.91626 1.6428231884597293 1.8089026386403724 3.6234545496933492 -2.105932193985146 6.801328714566738 48.71535374819429 -1.5289632620270368 1
Car 606 2 1.9064521719369205 383.963 742.94116 520.37885 839.3631 1.8205190944073706 1.8077072877029694 4.025422181621311 -11.894058031137682 4.759149801736705 35.206844248054225 -4.702528525688834 1
Car 607 2 1.9807025171955441 260.0473 744.1953 448.06186 847.6805 1.5331504332500927 1.8443525251458928 4.303007084319442 -11.783911106735252 4.048196281285476 29.35059993039146 -4.684271192105873 1
Car 435 0 -1.2297307555253805 0.0 716.26965 778.35767 1215.0 1.4597303873909035 1.8077307844894164 4.409851651216286 -2.1156948698400027 2.020824691832625 6.939680094109603 -1.5256487176859654 1
Car 434 1 -1.366172844354539 534.797 749.6006 853.0328 1002.6933 1.4807831928883333 1.834398271762575 4.747702297552952 -2.1729154569970572 2.8111495197694882 13.540739921912754 -1.525288711512934 1
Car 608 1 -1.4717316790704533 737.4088 754.7133 886.8019 904.15204 1.7022810823186216 1.8385886368082156 4.108954120233979 -2.1587535136471745 3.848816993930993 22.669384623063056 -1.566673090406565 1
moped_scooter 609 1 1.2469776461639284 1161.2023 750.26984 1320.4592 999.4197 1.555965494444385 0.682665850159117 1.569766229909195 2.01666109610765 2.546973129095119 10.995418912090551 1.42837082886025 1
Pedestrian 437 0 -1.5909035306654962 960.88403 701.2081 1067.6859 1015.01697 1.8165228712343175 0.6270284088901311 0.4929943462802658 0.31483228437616206 2.2901233805785997 9.029926929256455 -1.556052217919314 1
bicycle 610 2 2.5679441713410087 849.85846 794.00757 913.21686 843.6189 1.2231233943121786 0.6404191900865254 1.7471269423752693 -2.282094750356026 6.161915705218307 42.90243388450986 -3.7683837160066256 1
bicycle_rack 612 2 -3.007379723215311 667.89557 786.2796 858.76245 921.1154 1.2211580621311953 3.0444168405736796 1.9669054521588034 -2.383209728827418 3.408076501334617 18.735447391895054 -3.133903476448323 1
bicycle_rack 614 2 0.4535732568525868 181.90587 756.692 337.0182 842.53925 1.2782011859485924 1.5841407174397957 1.896064314535734 -11.951140327996718 3.601263471262887 25.55219090573616 0.01608567010447093 1
bicycle_rack 615 2 0.2069692116988176 564.7094 773.3118 640.6745 827.3067 1.2430171186139136 4.174217475780773 1.5482845601329558 -11.48466308008424 6.227809550593417 48.12029792704009 -0.027313727793312426 1
bicycle_rack 613 2 -3.0198754080676857 840.3433 797.14545 907.2966 846.393 1.0836119371017494 1.9945610412840058 1.6135677514452549 -2.3925026553860445 5.958142118760714 41.27393108778256 -3.0777770494450394 1
moped_scooter 616 0 -1.8926978875688318 1223.298 725.82367 1439.7316 1057.2866 1.6161853145049498 0.6820446842596036 1.833365051572918 2.1167839537834605 2.274271254101111 8.808408305666084 -1.6568560164697836 1
moped_scooter 617 2 -1.6179400377715885 1030.7676 813.63306 1060.2032 872.77045 1.1238439415779677 0.6081457865645273 1.9309110504540523 1.9933438585107974 5.734835675169805 35.567334596558865 -1.5619543755381553 1
Pedestrian 439 1 -1.6739337698019494 1085.3846 713.05615 1194.8375 1017.29364 1.7585856610870982 0.6055586416845969 0.5661265761465264 1.0775268418219233 2.3118974197272313 9.098379422273068 -1.556052217919314 1
Pedestrian 438 2 -1.5799262650492656 962.1091 731.76385 1032.7026 964.06854 1.7817070921561822 0.5571108852016946 0.7113269795297524 0.2903755933936461 2.676417408424355 12.160503045241686 -1.556052217919314 1
Pedestrian 440 1 -1.6391968287542373 1049.9639 751.8097 1123.9829 964.0454 1.611015622366277 0.5512719996665653 0.6952504099151902 1.0103625236890552 2.6697560939290637 12.123855280009982 -1.556052217919314 1
