Car 603 1 2.088571902924223 0.0 710.438 181.83806 885.4937 1.6180521759098696 2.0283933399221876 5.015728211986977 -12.056633882718744 2.844015219935292 18.87665422533566 1.5201771830963562 1
Car 604 1 -1.4839189922129559 847.7361 788.11255 914.7874 855.3277 1.6428231884597293 1.8089026386403724 3.6234545496933492 -2.492724263509001 7.0102055205289755 47.33687774563984 -1.5365296438483786 1
Car 605 2 1.872017038474386 459.00122 770.9456 586.14636 852.3386 1.59181722520774 1.955201749218681 4.716043345971643 -11.677783197425311 5.744632503135531 40.147171265693984 -4.694232043003889 1
Car 606 2 1.9188766639256079 345.61386 753.744 490.77356 855.85114 1.8205190944073706 1.8077072877029694 4.025422181621311 -12.163475773266581 4.9031059976137925 33.76310855405858 -4.710093805474655 1
Car 607 2 1.997085685760136 209.82072 741.2146 412.43494 849.7516 1.5331504332500927 1.8443525251458928 4.303007084319442 -12.004705346937524 3.8755612877654664 27.945561065487585 -4.691838671040431 1
Car 435 1 -1.1657571228993797 0.0 704.3772 735.47595 1215.0 1.4597303873909035 1.8077307844894164 4.409851651216286 -2.1614059783817368 1.8770619717323134 5.614911990122192 -1.5332139819804256 1
Car 434 1 -1.3483643884377956 463.78094 745.72876 830.45905 1030.796 1.4807831928883333 1.834398271762575 4.747702297552952 -2.2795815928959375 2.6622764271185946 12.215632175347206 -1.5328542041919266 1
Car 608 1 -1.4656900929833718 710.45435 756.1269 870.7382 915.62524 1.7022810823186216 1.8385886368082156 4.108954120233979 -2.332577126419796 3.761118686063636 21.40426673747019 -1.5742389388734146 1
moped_scooter 609 1 1.224589952677316 1172.261 747.36597 1358.8025 1033.8293 1.555965494444385 0.682665850159117 1.569766229909195 1.9195577280026155 2.414558647345605 9.657112668466135 1.4208038800646547 1
Pedestrian 437 0 -1.5931814392734909 955.62146 701.5375 1057.9083 1022.8406 1.8165228712343175 0.5889204627751461 0.645426130740314 0.2642192206307862 2.2910591204551416 8.934576799363334 -1.5636173935082207 1
bicycle 610 2 2.5702295468698346 834.00037 795.96716 899.47614 847.32275 1.2231233943121786 0.6404191900865254 1.7471269423752693 -2.6215005553278523 6.06607180487169 41.560389957583936 -3.7759492047133274 1
bicycle_rack 612 2 -2.996746124327483 629.80225 783.93 838.5798 929.4186 1.2211580621311953 3.0444168405736796 1.9669054521588034 -2.5362862168431217 3.2337183708879795 17.4026764422909 -3.1414683655399127 1
bicycle_rack 614 2 0.47484921310407824 122.15248 751.917 289.45544 842.49194 1.2782011859485924 1.5841407174397957 1.896064314535734 -12.155267137159194 3.3972671229046814 24.148460042689987 0.00852057880459589 1
bicycle_rack 615 2 0.2137603230063375 540.0969 772.94507 619.4793 828.6488 1.2430171186139136 4.174217475780773 1.5482845601329558 -11.860592637063112 6.076890476289713 46.714905280127866 -0.034879075003927396 1
bicycle_rack 613 2 -3.0173479081635883 823.89594 799.26807 893.31696 850.2727 1.0836119371017494 1.9945610412840058 1.6135677514452549 -2.719265097939695 5.8609740889886925 39.931063351959736 -3.085341921393275 1
moped_scooter 616 0 -1.9344594030711713 1255.959 718.1874 1526.1638 1113.2296 1.6161853145049498 0.6820446842596036 1.833365051572918 2.0784397617470995 2.143534239953196 7.508890247144909 -1.6644231227307944 1
moped_scooter 617 2 -1.6195022405291275 1021.1856 806.13434 1051.8424 867.0804 1.1238439415779677 0.6081457865645273 1.9309110504540523 1.7151626094508283 5.3961487464541875 34.286609412892396 -1.5695196352788479 1
Pedestrian 439 1 -1.6881271002294598 1092.7255 712.33185 1208.6228 1028.853 1.7585856610870982 0.6035090578135095 0.6768041051871945 1.1060771390463455 2.2952018551466535 8.837507828258216 -1.5636173935082207 1
Pedestrian 438 2 -1.5911001279688746 968.02686 728.4049 1038.3477 958.7791 1.7817070921561822 0.5571108852016946 0.6234117923439667 0.3343155287337122 2.645179030951028 12.161502902490797 -1.5636173935082207 1
Pedestrian 440 1 -1.6489919001240179 1044.3834 751.64374 1120.4528 966.1609 1.611015622366277 0.5512719996665653 0.8409870601623598 0.9734945921786577 2.6764100526712475 12.149364794143224 -1.569035523820959 1
