Car 603 2 2.1061263151697025 0.0 706.9848 151.11014 889.3659 1.6180521759098696 2.0283933399221876 5.015728211986977 -12.08698470916953 2.7535291542167553 18.12791052205488 1.518058370053744 1
Car 604 1 -1.4830119999922662 842.58295 784.4593 910.77856 852.4325 1.6428231884597293 1.8089026386403724 3.6234545496933492 -2.596524871478411 6.813531269559322 46.62132456578869 -1.5386484546659227 1
Car 605 2 1.8830783096512809 435.4516 770.34674 566.4453 852.74664 1.59181722520774 1.955201749218681 4.716043345971643 -12.099768363922054 5.678290932769045 39.642123085689384 -4.696350480851433 1
Car 606 2 1.9254901005801663 328.21283 744.9281 478.0879 848.26965 1.8205190944073706 1.8077072877029694 4.025422181621311 -12.227642595898432 4.6334989179065795 33.03375764930919 -4.712212307351891 1
Car 607 2 2.0067248224948795 183.9845 744.6997 395.26938 857.13 1.5331504332500927 1.8443525251458928 4.303007084319442 -12.057086201149339 3.8843982326513733 27.18167371317535 -4.693957789313515 1
Car 435 1 -1.119248580696567 0.0 694.44946 710.15656 1215.0 1.4597303873909035 1.8077307844894164 4.409851651216286 -2.1711586154516125 1.7922273975417946 4.913417007070226 -1.535332479563954 1
Car 434 1 -1.3375075514092116 422.10333 745.74554 820.8994 1053.1982 1.4807831928883333 1.834398271762575 4.747702297552952 -2.300551471690851 2.60435437353007 11.498592469147123 -1.5349727657924104 1
Car 608 1 -1.4624683165332675 698.0522 757.49255 865.6331 924.1358 1.7022810823186216 1.8385886368082156 4.108954120233979 -2.357860054830299 3.7126007117932662 20.613500546876864 -1.5763576001117496 1
moped_scooter 609 1 1.2013666699924523 1195.3652 746.8339 1404.6953 1061.5051 1.555965494444385 0.682665850159117 1.569766229909195 1.9571281776687712 2.346164104295801 8.863594788840588 1.418684911008623 1
Pedestrian 437 0 -1.5901613939696435 946.52985 703.7391 1051.9014 1036.4221 1.8165228712343175 0.5889204627751461 0.8073849017291315 0.21407897970554948 2.2998719577693203 8.762815948725043 -1.5657358661901903 1
bicycle 610 2 2.5727732003453907 826.3357 799.12177 893.11755 851.6082 1.2231233943121786 0.6404191900865254 1.7471269423752693 -2.763424821260213 6.064945340725313 40.78309506577342 -3.778067766585561 1
bicycle_rack 612 2 -2.99006446614324 609.7337 788.6614 829.8613 942.24567 1.2211580621311953 3.0444168405736796 1.9669054521588034 -2.5787612862764973 3.2130282608205567 16.66513476141677 -3.143586758551652 1
bicycle_rack 613 2 -3.0155471628315555 817.1389 803.42365 888.2151 855.779 1.0836119371017494 1.9945610412840058 1.6135677514452549 -2.8152620231186245 5.87310677529525 39.08057760983427 -3.0874603094092827 1
bicycle_rack 614 2 0.48799635831082283 89.36854 763.36865 264.11902 857.84796 1.2782011859485924 1.5841407174397957 1.896064314535734 -12.213920244825596 3.516019421621938 23.369713649203646 0.00640213081916019 1
bicycle_rack 615 2 0.21794207701745105 528.9715 778.42096 610.3585 835.6504 1.2430171186139136 4.174217475780773 1.5482845601329558 -11.97233061611082 6.176236929460767 45.93958372004673 -0.03699759172703421 1
moped_scooter 616 0 -1.9594036217142556 1277.0928 715.155 1587.5854 1158.3131 1.6161853145049498 0.6820446842596036 1.833365051572918 2.0455896722028837 2.0826742240854896 6.783994075161067 -1.6665421361042112 1
moped_scooter 617 2 -1.620349200363068 1018.92914 810.6612 1050.326 873.2435 1.1238439415779677 0.6081457865645273 1.9309110504540523 1.635756579296895 5.411869683573819 33.554234323133706 -1.5716381315370285 1
Pedestrian 439 1 -1.6974801533655217 1103.7045 715.5584 1220.7609 1039.7261 1.7585856610870982 0.5778892594244932 0.8335972713279267 1.1614678995786543 2.3153191363879575 8.76501320397147 -1.5657358661901903 1
Pedestrian 438 2 -1.5942752472458903 970.0412 734.49005 1039.7451 963.20294 1.7817070921561822 0.5571108852016946 0.6527168547392629 0.3508955717976972 2.706520624887189 12.291797717268143 -1.5657358661901903 1
Pedestrian 440 1 -1.6555281282226584 1050.5831 755.1518 1127.4338 970.7974 1.611015622366277 0.5512719996665653 0.7879919146179305 1.0184783659610261 2.694231776352156 12.04232115755864 -1.571153998203113 1
