Car 603 2 2.1569613649073087 0.0 706.60693 66.09422 914.4115 1.6180521759098696 2.0283933399221876 5.015728211986977 -12.114211268099437 2.644065959448887 16.217866950073084 1.515404209840416 1
Car 604 1 -1.4804178032654964 832.96234 788.3433 904.4035 859.6583 1.6428231884597293 1.8089026386403724 3.6234545496933492 -2.7255753695349973 6.730332709069845 44.71076967028535 -1.5413026122445042 1
Car 605 2 1.897617335822626 401.8738 761.7334 542.51544 847.3186 1.59181722520774 1.955201749218681 4.716043345971643 -12.24099726765241 5.2644735188989955 37.7668118648343 -4.6990041709991655 1
Car 606 1 1.9451741652069598 282.28574 743.45013 445.94217 853.36176 1.8205190944073706 1.8077072877029694 4.025422181621311 -12.321075416850368 4.448252959143677 31.131870185309246 1.5683192294522401 1
Car 607 2 2.034078173965402 115.41969 743.2348 351.56876 864.6144 1.5331504332500927 1.8443525251458928 4.303007084319442 -12.133058594832487 3.70483395314555 25.278162843165365 -4.696612332169526 1
Car 435 1 -0.916130809646374 0.0 666.4968 619.96686 1215.0 1.4597303873909035 1.8077307844894164 4.409851651216286 -2.15957956030559 1.6056789293592055 3.0131686080892077 -1.5379862445883543 1
Car 434 1 -1.301102725412484 277.37326 739.51416 796.9005 1126.1696 1.4807831928883333 1.834398271762575 4.747702297552952 -2.3030554049079432 2.397273035398051 9.554837711784733 -1.5376266110463475 1
Car 608 1 -1.450432279264947 662.7242 758.09155 852.20013 944.33093 1.7022810823186216 1.8385886368082156 4.108954120233979 -2.4152294059331565 3.54971795582627 18.68033849809102 -1.5790115701812253 1
bicycle 611 2 -1.5167560421751827 1149.5585 795.22656 1216.3978 964.75775 1.1972485559586568 0.49230129370677767 1.8473024099504103 2.0105813044752954 2.835933431061589 13.433033529751064 -1.3681845398236185 1
moped_scooter 609 0 1.1476710739241858 1244.6715 739.1713 1529.9805 1149.3256 1.555965494444385 0.682665850159117 1.569766229909195 1.914719161383181 2.1513039309043114 6.9627983976811985 1.4160305555405093 1
Pedestrian 437 0 -1.5910085686043483 943.8944 714.32245 1047.942 1032.4685 1.8165228712343175 0.6032109425682481 0.4644133866940525 0.20140148798582094 2.3628111653024964 8.902578332938422 -1.5683895999836401 1
bicycle 610 2 2.5750719421833916 817.2486 805.01495 887.2722 860.3077 1.2231233943121786 0.6404191900865254 1.7471269423752693 -2.8315038679601905 6.005503993718534 38.92844598504296 -3.780721613040382 1
bicycle_rack 612 2 -2.973232365600618 558.7175 790.9945 814.55945 968.2319 1.2211580621311953 3.0444168405736796 1.9669054521588034 -2.567518834401816 3.022552657836422 14.692097297628779 -3.146240392897824 1
bicycle_rack 613 2 -3.012159899960085 806.2042 809.28735 880.8064 864.415 1.0836119371017494 1.9945610412840058 1.6135677514452549 -2.9193202558914466 5.8196716717930155 37.373361909046984 -3.0901139373769455 1
bicycle_rack 614 2 0.5232600660546487 4.620245 762.18 200.18494 865.20294 1.2782011859485924 1.5841407174397957 1.896064314535734 -12.279125208623052 3.3222080285418434 21.47024703173514 0.003748428629097633 1
bicycle_rack 615 2 0.22849201113990636 504.95663 789.85333 591.6294 850.8976 1.2430171186139136 4.174217475780773 1.5482845601329558 -12.09070342357226 6.33035251440564 44.004543466851224 -0.039651378215922906 1
moped_scooter 616 1 -2.061385376969304 1376.4657 690.7122 1870.9181 1215.0 1.6161853145049498 0.6820446842596036 1.833365051572918 2.0482787039760777 1.8757538529781361 4.952127679556469 -1.669196547223896 1
moped_scooter 617 2 -1.6246321141735922 1020.3174 813.88934 1053.9423 880.4644 1.1238439415779677 0.6081457865645273 1.9309110504540523 1.5970718423179948 5.251994909465752 31.69876035076166 -1.5742918948701659 1
Pedestrian 439 1 -1.6940214840782306 1088.046 725.21765 1216.5532 1038.5581 1.7585856610870982 0.6885667884651048 0.5937959584066564 1.121708290599102 2.3743635941544565 8.881508335810963 -1.5683895999836401 1
Pedestrian 438 2 -1.598581959347645 972.037 738.4213 1042.5143 971.91766 1.811012154551441 0.5571108852016946 0.5772851889929745 0.3675403431899853 2.7568041959077156 12.16959070140273 -1.5683895999836401 1
Pedestrian 440 1 -1.6567471893515262 1049.4799 757.89935 1123.2637 974.33276 1.6640107679107075 0.5512719996665653 0.5125563797568976 1.0034434781134491 2.760420862319057 12.070751359935217 -1.5738077341229735 1
