Car 603 2 2.1363167833486094 0.0 710.4602 101.57864 908.52374 1.6180521759098696 2.0283933399221876 5.015728211986977 -12.113660460500556 2.7363767655689064 16.986849301880913 1.5168396739912788 1
Car 604 1 -1.4814593575564121 837.38074 791.97266 907.52014 862.3886 1.6428231884597293 1.8089026386403724 3.6234545496933492 -2.657922662044945 6.926531443569309 45.45454316226077 -1.5398671494975364 1
Car 605 2 1.892107411179376 415.49905 769.2996 552.2082 854.11584 1.59181722520774 1.955201749218681 4.716043345971643 -12.189102065320373 5.540087432419783 38.51669213276229 -4.697568961086292 1
Car 606 2 1.9371603415099705 301.77936 747.529 459.6422 855.1648 1.8205190944073706 1.8077072877029694 4.025422181621311 -12.276185149882197 4.601215321882875 31.89599127855266 1.5697544827578547 1
Car 607 2 2.0227084043632484 144.89565 746.2864 370.40417 864.3396 1.5331504332500927 1.8443525251458928 4.303007084319442 -12.093379364411325 3.823206607049972 26.045264063617655 -4.695176661031777 1
Car 435 1 -1.006137910552369 0.0 682.7708 657.1991 1215.0 1.4597303873909035 1.8077307844894164 4.409851651216286 -2.174500032997307 1.6896999930268615 3.7077641873397926 -1.5365509941729745 1
Car 434 1 -1.3151929974274006 337.49487 747.6416 806.1899 1104.5076 1.4807831928883333 1.834398271762575 4.747702297552952 -2.305838000854604 2.520509561076418 10.263317669690307 -1.53619131723479 1
Car 608 1 -1.4541063676211194 673.5869 764.8278 857.86426 948.4234 1.7022810823186216 1.8385886368082156 4.108954120233979 -2.36631869344593 3.679270594851512 19.06766660281262 -1.577576208864651 1
moped_scooter 609 1 1.1768595888869602 1215.628 747.12085 1464.0935 1114.7034 1.555965494444385 0.682665850159117 1.569766229909195 1.8913764605956964 2.2536467703916396 7.708587782977894 1.4174661252675027 1
Pedestrian 437 0 -1.5910290073271727 948.42773 716.99677 1047.9441 1037.0857 1.8165228712343175 0.5746299829819937 0.5120483193378407 0.21411214684375574 2.3799840095020395 8.89196149717302 -1.5669543664642624 1
bicycle 611 2 -1.5070666758432585 1138.1156 801.5887 1202.99 961.8841 1.1972485559586568 0.49230129370677767 1.8473024099504103 2.009650630417841 2.991081130124442 14.228034381705776 -1.3667490555935276 1
bicycle 610 2 2.573456299550425 822.5325 806.9408 891.1801 861.2263 1.2231233943121786 0.6404191900865254 1.7471269423752693 -2.7649053592779804 6.148756582029595 39.68590525376189 -3.7792863184602954 1
bicycle_rack 612 2 -2.9792982180853187 578.75635 796.82184 820.3069 965.97235 1.2211580621311953 3.0444168405736796 1.9669054521588034 -2.5760891769938876 3.169555408984878 15.42245517831952 -3.1448052131140383 1
bicycle_rack 613 2 -3.0135368168943772 811.19745 810.3017 884.3465 864.4812 1.0836119371017494 1.9945610412840058 1.6135677514452549 -2.865038066912945 5.930560363958204 38.05655773788599 -3.0886787610595325 1
bicycle_rack 614 2 0.5085492817901727 41.141426 767.74976 227.74652 867.52924 1.2782011859485924 1.5841407174397957 1.896064314535734 -12.24513255344606 3.4784473456593163 22.23635864824361 0.0051836449644373506 1
bicycle_rack 615 2 0.22418639953050262 515.363 787.8127 599.83887 847.5351 1.2430171186139136 4.174217475780773 1.5482845601329558 -12.027879706420054 6.351853716137876 44.78060689686388 -0.03821611653825663 1
moped_scooter 616 1 -2.0181836826180155 1336.9276 703.18835 1741.4823 1215.0 1.6161853145049498 0.6820446842596036 1.833365051572918 2.075335248828882 1.962937713169064 5.677953259174835 -1.667760947379685 1
moped_scooter 617 2 -1.623555552017409 1021.2598 815.57385 1054.0271 880.6904 1.1238439415779677 0.6081457865645273 1.9309110504540523 1.645785102884149 5.382496093173204 32.43412674599436 -1.5728566453737725 1
Pedestrian 439 1 -1.694206206780131 1095.6875 728.4339 1213.4272 1042.4983 1.7585856610870982 0.62400489652473 0.584572830986532 1.1336766098458473 2.3923763155777733 8.860781665846915 -1.5669543664642624 1
Pedestrian 438 2 -1.5956206258765402 969.9319 743.7562 1040.2197 974.44635 1.7817070921561822 0.5571108852016946 0.6380643235416127 0.3498249078115778 2.7768101257501168 12.200024919286777 -1.5669543664642624 1
Pedestrian 440 1 -1.6574622084333674 1052.724 759.8227 1126.5281 977.7691 1.677259554296815 0.5512719996665653 0.5230161868957797 1.0316520458247265 2.7921501954944095 12.095011798245714 -1.572372499454021 1
