Car 603 2 2.1529168207172606 0.0 707.3995 74.71941 913.2583 1.6180521759098696 2.0283933399221876 5.015728211986977 -12.09526470926756 2.6620882873727423 16.365051816098475 1.5164340210146912 1
Car 604 1 -1.480653248095147 834.99786 788.4141 906.18646 859.5152 1.6428231884597293 1.8089026386403724 3.6234545496933492 -2.677006723811869 6.747667243321004 44.84827534953548 -1.5402728020723597 1
Car 605 2 1.8965206383600561 405.84073 761.91266 545.6601 847.177 1.59181722520774 1.955201749218681 4.716043345971643 -12.199701535382411 5.282865002415232 37.91407176483333 -4.697974542219175 1
Car 606 2 1.9436380482456652 287.3786 743.7503 449.84766 853.13885 1.8205190944073706 1.8077072877029694 4.025422181621311 -12.286663243256397 4.466545394973986 31.27922870058605 1.5693488893631118 1
Car 607 2 2.031903717430872 122.56011 742.9006 356.51303 863.45465 1.5331504332500927 1.8443525251458928 4.303007084319442 -12.104466883557823 3.710529515347049 25.42713760675974 -4.695582372491967 1
Car 435 1 -0.9342255049739076 0.0 669.8717 627.8581 1215.0 1.4597303873909035 1.8077307844894164 4.409851651216286 -2.163311102025213 1.6214688426559318 3.1436453772421658 -1.5369565867500465 1
Car 434 1 -1.3044815861205343 292.2012 740.27167 800.5637 1120.2228 1.4807831928883333 1.834398271762575 4.747702297552952 -2.2909544194468783 2.41397881264717 9.692001659612268 -1.5365969220741074 1
Car 608 1 -1.449881596588317 663.8506 759.1155 852.6944 944.7297 1.7022810823186216 1.8385886368082156 4.108954120233979 -2.4159790960489516 3.5706983899908527 18.75679192684609 -1.5779818327803778 1
bicycle 611 2 -1.5156009308319516 1149.7422 795.4418 1215.9299 962.6146 1.1972485559586568 0.49230129370677767 1.8473024099504103 2.0355798963246667 2.858385527538066 13.611702123236297 -1.3671547142278562 1
moped_scooter 609 0 1.152245644950336 1241.7878 741.34937 1520.24 1143.4102 1.555965494444385 0.682665850159117 1.569766229909195 1.924023255735229 2.1729211579561034 7.094906881931954 1.4170604424498947 1
Pedestrian 437 0 -1.59138743529312 946.0821 715.1017 1050.5193 1035.9836 1.8165228712343175 0.6032109425682481 0.6073181846253459 0.21489269259384391 2.374271559751441 8.941900186612736 -1.5673599542678711 1
bicycle 610 2 2.575241829511912 818.6515 806.9365 888.4589 862.129 1.2231233943121786 0.6404191900865254 1.7471269423752693 -2.8064490683968994 6.071012137352201 39.047977505339965 -3.7796919234883384 1
bicycle_rack 612 2 -2.974562008664411 563.7135 791.12695 817.2696 966.98785 1.2211580621311953 3.0444168405736796 1.9669054521588034 -2.549465709609993 3.035264886130917 14.794538269809975 -3.145210785720567 1
bicycle_rack 613 2 -3.0123261029560284 808.10693 811.02826 882.513 866.12964 1.0836119371017494 1.9945610412840058 1.6135677514452549 -2.8811961683246556 5.875545536222775 37.46224284259434 -3.0890843326904633 1
bicycle_rack 614 2 0.520493680296962 13.125522 762.48114 206.83951 864.81573 1.2782011859485924 1.5841407174397957 1.896064314535734 -12.25472458456229 3.3403368873882524 21.617586806756307 0.004778061995039495 1
bicycle_rack 615 2 0.22773619203992457 508.06116 789.14124 594.3014 849.89264 1.2430171186139136 4.174217475780773 1.5482845601329558 -12.04655027997744 6.324537154604551 44.15227208323592 -0.038621712380680906 1
moped_scooter 616 1 -2.056776490245355 1375.0289 692.7085 1855.5952 1215.0 1.6161853145049498 0.6820446842596036 1.833365051572918 2.0717783606771456 1.8885129218653707 5.060142841994455 -1.668166638703722 1
moped_scooter 617 2 -1.6244917127328522 1021.72235 813.8804 1055.1953 880.1634 1.1238439415779677 0.6081457865645273 1.9309110504540523 1.6321585591589487 5.2685841572167345 31.831879274813208 -1.5732622376921692 1
Pedestrian 439 1 -1.6947475041762112 1094.4071 729.43317 1213.7405 1036.781 1.7585856610870982 0.6608974062049517 0.3724409003254377 1.136283181981543 2.391829668937034 8.87159023557808 -1.5673599542678711 1
Pedestrian 438 2 -1.600225506357054 975.7777 740.0177 1046.8522 971.6221 1.7817070921561822 0.5571108852016946 0.5941067299486853 0.39777504167021094 2.7360134574363446 12.098741323458928 -1.5673599542678711 1
Pedestrian 440 1 -1.6556547089626206 1049.4535 757.7769 1123.1985 978.8873 1.70375712706903 0.5512719996665653 0.5467459663727076 1.0073044285664543 2.8055992245077874 12.126425040984923 -1.5727780875826036 1
