Car 604 1 -1.4788507467230203 828.1355 779.8116 901.6498 852.31665 1.6428231884597293 1.8089026386403724 3.6234545496933492 -2.764149092917747 6.346571272489321 43.5704913470521 -1.5422066926451605 1
Car 605 2 1.9068162352539497 381.50613 756.88226 528.6801 844.7077 1.59181722520774 1.955201749218681 4.716043345971643 -12.272308991018612 5.03109335555701 36.59861203738631 -4.69990809212322 1
Car 606 1 1.9580860397837463 252.97537 734.85693 426.13715 848.1123 1.8205190944073706 1.8077072877029694 4.025422181621311 -12.342339881911604 4.172327704765159 29.96883032924296 1.5674152809953834 1
Car 607 2 2.052763133248159 68.74941 738.29474 322.88293 865.1747 1.5331504332500927 1.8443525251458928 4.303007084319442 -12.156698495145086 3.525182441000442 24.10532435378732 -4.697516543841317 1
Car 435 1 -0.6883099595242193 0.0 0.0 1935.0 1165.2538 1.4597303873909035 1.8077307844894164 4.409851651216286 -2.158603647427003 1.470265994958282 1.8940674140952551 -1.5388901912294974 1
Car 434 1 -1.272396438542608 149.42154 730.1482 781.18286 1185.0817 1.4807831928883333 1.834398271762575 4.747702297552952 -2.284776702674848 2.239742475833841 8.381407322142868 -1.538530585025428 1
Car 608 1 -1.4428803878364203 640.729 750.0216 845.33746 947.5482 1.7022810823186216 1.8385886368082156 4.108954120233979 -2.4220771962274186 3.344457544164725 17.56407910077767 -1.5799155866765315 1
bicycle 611 1 -1.5324510096616901 1170.4231 784.6005 1240.254 969.6956 1.1972485559586568 0.49230129370677767 1.8473024099504103 2.023146076619686 2.6099274715280574 12.27404138859766 -1.3690886338129085 1
moped_scooter 609 0 1.0920915941695741 1300.0875 717.2661 1670.1746 1215.0 1.555965494444385 0.682665850159117 1.569766229909195 1.9262068067660587 1.962531987027388 5.753977859949281 1.4151264078172194 1
Pedestrian 437 0 -1.588642853903768 940.1509 703.56946 1043.7151 1041.1 1.8165228712343175 0.5746299829819795 1.0681194690479645 0.1709140350959637 2.3092734379087845 8.831975646978899 -1.5692935359771067 1
bicycle 610 2 2.575922296434615 813.5541 798.3114 885.6611 854.9888 1.2231233943121786 0.6404191900865254 1.7471269423752693 -2.817265728339428 5.698532837497308 37.81567240897133 -3.7816255876477247 1
bicycle 1928 2 -1.6963460165522197 1050.7892 807.1469 1131.0703 899.15295 1.1412805628908995 1.019087911656205 2.158047200098359 2.052551183661922 4.2002167259539025 24.00159228992431 -1.611036282815141 1
bicycle_rack 612 2 -2.957551214575568 516.08514 783.2758 800.3706 975.99304 1.2211580621311953 3.0444168405736796 1.9669054521588034 -2.593429702302603 2.814232756307068 13.514633026629436 -3.1471442951073385 1
bicycle_rack 613 2 -3.0096182645448373 799.6173 802.10236 876.88745 858.66693 1.0836119371017494 1.9945610412840058 1.6135677514452549 -2.951700231567577 5.4938434797920515 36.18173945162677 -3.0910178373831423 1
bicycle_rack 614 2 0.5476048321101326 0.0 753.7884 156.44963 862.3016 1.2782011859485924 1.5841407174397957 1.896064314535734 -12.299118364647624 3.0961838818349197 20.29828868042894 0.002844503569065626 1
bicycle_rack 615 2 0.23494831533186705 491.2995 771.68933 581.28876 832.52313 1.2430171186139136 4.174217475780773 1.5482845601329558 -12.124504558962503 5.660768497187904 42.88938474209594 -0.04055533153170732 1
moped_scooter 616 1 -2.1765287559390885 1497.5931 646.21844 1935.0 1215.0 1.6161853145049498 0.6820446842596036 1.833365051572918 2.108475503127337 1.683871727642757 3.801257039851654 -1.6701007139383444 1
moped_scooter 617 2 -1.6270360098072532 1021.7467 808.05896 1057.1118 877.34186 1.1238439415779677 0.6081457865645273 1.9309110504540523 1.574070023192764 4.957852802841833 30.33670126705858 -1.5751958409273232 1
Pedestrian 439 1 -1.6924070620126312 1082.5441 713.3588 1216.3739 1040.149 1.7585856610870982 0.6751420726353445 0.8126402469827483 1.0734118225379246 2.2957985771300278 8.674782991635105 -1.5692935359771067 1
Pedestrian 438 2 -1.5940552193797497 963.87683 735.8372 1034.5233 967.44727 1.7817070921561822 0.5571108852016946 0.60875926114632 0.29970226613061557 2.702030903509585 12.100995134650143 -1.5692935359771067 1
Pedestrian 440 1 -1.6285304848061384 1046.3108 754.58844 1121.8704 974.12964 1.611015622366277 0.5512719996665653 0.8144894873901681 0.9648973364029827 2.6768194425688385 11.876090615753606 -1.5474615022171099 1
