Car 604 1 -1.477937690097217 825.7782 782.49115 900.443 856.29645 1.6428231884597293 1.8089026386403724 3.6234545496933492 -2.7757990956772534 6.364367871051732 42.96753036899165 -1.542450292038672 1
Car 605 2 1.911766680063388 370.8867 756.1341 521.6004 845.40204 1.59181722520774 1.955201749218681 4.716043345971643 -12.281611418523541 4.959471530871887 36.00485648146618 -4.70015164859566 1
Car 606 1 1.9651611172383356 237.20486 733.5252 415.62955 849.04504 1.8205190944073706 1.8077072877029694 4.025422181621311 -12.350014015407757 4.100729706015851 29.375054738950663 1.5671717171578448 1
Car 607 1 2.06267152136732 43.925194 733.8121 307.95868 863.2649 1.5331504332500927 1.8443525251458928 4.303007084319442 -12.161926599582067 3.4037017041376103 23.51876301387291 -4.697760178608101 1
Car 435 2 -0.5078668465623986 0.0 0.0 1935.0 1215.0 1.4597303873909035 1.8077307844894164 4.409851651216286 -2.1432407369162605 1.3969386188179198 1.2833514101502812 -1.539133754578412 1
Car 434 0 -1.2545634548016715 66.85787 722.4777 771.09155 1215.0 1.4807831928883333 1.834398271762575 4.747702297552952 -2.2858577086472356 2.1481181293619054 7.8250974593057645 -1.5387741557412176 1
Car 608 1 -1.4374391013645413 626.3383 748.2844 840.3937 953.22675 1.7022810823186216 1.8385886368082156 4.108954120233979 -2.4383505578121007 3.2725520986455003 16.968688941426908 -1.580159168848119 1
bicycle 611 1 -1.540459279247245 1181.2831 789.25824 1252.8997 985.4744 1.1972485559586568 0.49230129370677767 1.8473024099504103 2.0181135208344765 2.5855872193073104 11.677728629920024 -1.3693322368754919 1
moped_scooter 609 1 1.0619370659881897 1328.5403 713.0552 1755.2382 1215.0 1.555965494444385 0.682665850159117 1.569766229909195 1.9095283639707386 1.9103831863437744 5.18371926564435 1.4148827902913244 1
bicycle 610 2 2.577140883272057 810.7568 799.3073 884.0435 856.9536 1.2231233943121786 0.6404191900865254 1.7471269423752693 -2.8276867263991545 5.654883976365858 37.22090823111452 -3.781869158551887 1
bicycle_rack 612 2 -2.949311526347537 494.23193 783.0048 792.9272 984.1431 1.2211580621311953 3.0444168405736796 1.9669054521588034 -2.611065146414715 2.7581027228310475 13.009267252478486 -3.1473878464915024 1
bicycle_rack 613 2 -3.008153458022354 796.2792 803.91864 875.00653 861.59686 1.0836119371017494 1.9945610412840058 1.6135677514452549 -2.9627404577467034 5.465458790821266 35.56719755208718 -3.0912613881709716 1
bicycle_rack 614 2 0.5608023348858935 0.0 752.3029 132.73972 864.09393 1.2782011859485924 1.5841407174397957 1.896064314535734 -12.304423589860475 3.0246248287311364 19.70451952204801 0.0026009460504727855 1
bicycle_rack 615 2 0.23861237115215211 483.96835 771.23883 575.828 832.9256 1.2430171186139136 4.174217475780773 1.5482845601329558 -12.135346791679584 5.589126426883794 42.29566711873339 -0.040798896623777114 1
moped_scooter 616 1 -2.2632683678033123 1588.3289 639.67584 1935.0 1215.0 1.6161853145049498 0.6820446842596036 1.833365051572918 2.114615142029921 1.6565517935319225 3.138347789026186 -1.670344336584311 1
moped_scooter 617 2 -1.6280455451010627 1022.51886 808.113 1058.6852 878.82184 1.1238439415779677 0.6081457865645273 1.9309110504540523 1.5662828198598395 4.8866583685936416 29.746293438889378 -1.5754394041181998 1
Pedestrian 439 1 -1.6957348847521994 1090.638 718.69696 1217.703 1045.0281 1.7585856610870982 0.6317549221162396 0.8704897810082373 1.1095092178641703 2.334434188990977 8.74510559066228 -1.569537096456237 1
Pedestrian 437 0 -1.593745597694452 946.6825 706.2208 1050.3677 1030.6261 1.8165228712343175 0.5895688346928734 0.5153819557448986 0.21214176958566372 2.307009104662831 8.761398480488225 -1.569537096456237 1
Pedestrian 438 2 -1.5981291890019977 969.1326 735.40405 1040.7297 969.0313 1.7817070921561822 0.5571108852016946 0.5941067299487045 0.3427300649755288 2.68921679448056 11.983616257113445 -1.569537096456237 1
Pedestrian 440 1 -1.6310664156410164 1049.7709 754.57166 1125.3838 973.4075 1.611015622366277 0.5512719996665653 0.8409870601623598 0.9977947674730455 2.683520034704455 11.94177382981891 -1.5477050619112926 1
