Car 604 1 -1.4783800359645318 826.29395 781.73334 900.37946 854.92804 1.6428231884597293 1.8089026386403724 3.6234545496933492 -2.7895319145479127 6.373489886264938 43.27125763231996 -1.5427571155473176 1
Car 605 2 1.9092451794610108 375.56586 756.50287 524.50433 845.037 1.59181722520774 1.955201749218681 4.716043345971643 -12.29335917353062 4.9950770784119545 36.302223407824656 -4.700458418040498 1
Car 606 1 1.961547280483693 244.49152 734.18665 420.2674 848.5643 1.8205190944073706 1.8077072877029694 4.025422181621311 -12.359710860987168 4.136365330854435 29.67239699156384 1.5668649384361042 1
Car 607 1 2.0576357569355164 55.721783 736.7976 314.78214 865.0967 1.5331504332500927 1.8443525251458928 4.303007084319442 -12.170571924202942 3.4768062236642185 23.8107804523114 -4.698067046672657 1
Car 435 1 -0.6058616786505626 0.0 0.0 1935.0 1195.306 1.4597303873909035 1.8077307844894164 4.409851651216286 -2.1357343379945197 1.4328007601988628 1.5809298109181973 -1.5394405326850795 1
Car 434 1 -1.263741579580814 109.307274 724.6664 775.56433 1197.1144 1.4807831928883333 1.834398271762575 4.747702297552952 -2.2893166416961015 2.1816317320621312 8.103344594355029 -1.5390809431272638 1
Car 608 1 -1.4405281054506969 633.5885 749.16815 842.6764 950.3069 1.7022810823186216 1.8385886368082156 4.108954120233979 -2.432528601378716 3.3088016066948045 17.269303151755985 -1.5804659706632378 1
bicycle 611 1 -1.5362096288240723 1174.8186 787.7878 1245.5364 978.3445 1.1972485559586568 0.49230129370677767 1.8473024099504103 2.014420572769903 2.6062462518818412 11.981441595494884 -1.369639065010132 1
moped_scooter 609 0 1.0783779611541475 1311.7566 716.88116 1708.4838 1215.0 1.555965494444385 0.682665850159117 1.569766229909195 1.9083969918710706 1.9428186099039404 5.460912722391757 1.414575943948619 1
bicycle 610 2 2.576551468910121 811.48444 799.3429 884.1739 856.52136 1.2231233943121786 0.6404191900865254 1.7471269423752693 -2.839831326770884 5.690830092209472 37.521157563673924 -3.782175946186739 1
bicycle_rack 612 2 -2.955444751749266 506.12454 782.24133 799.994 981.2672 1.2211580621311953 3.0444168405736796 1.9669054521588034 -2.5538946134760385 2.7623821161619926 13.120180441623397 -3.1476946095323752 1
bicycle_rack 613 2 -3.008898080331578 797.3353 803.21625 875.30725 860.3242 1.0836119371017494 1.9945610412840058 1.6135677514452549 -2.973372149781832 5.486103482682598 35.88475705563804 -3.09156815045913 1
bicycle_rack 614 2 0.5540323111709514 0.0 753.0491 144.10016 863.16565 1.2782011859485924 1.5841407174397957 1.896064314535734 -12.31113670149271 3.0603096052934573 20.001870691196892 0.0022941752966332274 1
bicycle_rack 615 2 0.23675073606743607 486.99136 771.4547 577.9143 832.7126 1.2430171186139136 4.174217475780773 1.5482845601329558 -12.149034007128519 5.62470641024783 42.59308129280647 -0.04110567689263478 1
moped_scooter 616 1 -2.2192317258327834 1541.3667 647.07654 1935.0 1215.0 1.6161853145049498 0.6820446842596036 1.833365051572918 2.1115167672743076 1.6814615595627123 3.4549674968832518 -1.6706511893777751 1
moped_scooter 617 2 -1.6281113619175263 1022.325 808.0966 1058.1329 878.07184 1.1238439415779677 0.6081457865645273 1.9309110504540523 1.5749176304098385 4.92331573242231 30.048170117616074 -1.5757461820253962 1
Pedestrian 439 1 -1.6970406127363287 1098.0696 716.00665 1211.3237 1037.2112 1.7585856610870982 0.5739053880907574 0.6680164119190586 1.1140981834063717 2.309700073698063 8.711570293350169 -1.5698438709477929 1
Pedestrian 437 0 -1.5925309571866622 944.5563 701.68884 1048.7748 1038.0408 1.8165228712343175 0.5746299829819795 0.7394647314083077 0.19549366012866298 2.2779310129413335 8.615479152816144 -1.5698438709477929 1
Pedestrian 438 2 -1.595604160257776 965.249 728.26025 1036.0543 963.0885 1.811012154551441 0.5571108852016946 0.5772851889930144 0.3111605293591788 2.6656819117130217 12.0764054564312 -1.5698438709477929 1
Pedestrian 440 1 -1.6319890745767534 1051.4777 752.9567 1124.3417 969.1446 1.6488007676860628 0.5512719996665653 0.4832698277374436 1.00563984025287 2.6930753443998143 11.946984144929795 -1.5480118354143475 1
