Car 604 1 -1.4757207376784032 819.5754 782.217 897.0582 858.593 1.6428231884597293 1.8089026386403724 3.6234545496933492 -2.815342544745847 6.208635547480451 41.5660183338212 -1.5433492776824502 1
Car 1763 2 1.8420299483872427 522.44885 773.10223 611.864 835.8848 1.5686956323919599 1.82897134411805 3.8917409943596155 -12.743530984047183 6.576741829401067 48.57436768852562 -4.697724232414165 1
Car 605 2 1.925000986460078 342.05362 750.9956 501.98605 843.3704 1.59181722520774 1.955201749218681 4.716043345971643 -12.353399441984788 4.709652062245712 34.60675684928693 -4.701050475824493 1
Car 606 2 1.9828889473642863 196.51253 729.40234 388.63016 850.5499 1.8205190944073706 1.8077072877029694 4.025422181621311 -12.3768819588856 3.915992995925486 27.96909717913612 1.5662728627470948 1
Car 607 1 2.087960845193958 0.0 725.79034 268.88947 862.5615 1.5331504332500927 1.8443525251458928 4.303007084319442 -12.183175080359634 3.1715254469478498 22.120225382876423 -4.698659294805327 1
Car 434 0 -1.197641668628595 0.0 706.96436 743.3911 1215.0 1.4807831928883333 1.834398271762575 4.747702297552952 -2.25493397760058 1.9601370844744177 6.333655864790309 -1.5396730355408972 1
Car 859 2 -1.3924343808764652 675.96277 773.8452 844.5222 914.57416 1.4757282619063217 1.764133856697763 3.909031499198476 -2.836724318518105 3.8560176674922557 21.90256835464852 -1.5212330074105005 1
Car 608 1 -1.427298029472188 594.25507 743.68396 833.0189 969.1043 1.7022810823186216 1.8385886368082156 4.108954120233979 -2.407209744607546 3.0999546859708897 15.532051763579718 -1.5810580909247043 1
bicycle 611 1 -1.5629194456110431 1212.0928 786.9255 1292.0648 1011.9922 1.1972485559586568 0.49230129370677767 1.8473024099504103 2.006347867591176 2.414786822300916 10.283219357799355 -1.3702312360879718 1
moped_scooter 609 1 0.9312034190128385 1462.407 684.59375 1935.0 1215.0 1.555965494444385 0.682665850159117 1.569766229909195 1.9453689116904926 1.7371996899036657 3.711474636495666 1.4139837377582518 1
bicycle 610 2 2.579155640922657 804.86755 799.569 881.1215 859.57745 1.2231233943121786 0.6404191900865254 1.7471269423752693 -2.8243819902497567 5.495190963107097 35.79630453113387 -3.7827680391169665 1
bicycle_rack 612 2 -2.925607089357497 422.88034 778.8687 775.19183 1011.4225 1.2211580621311953 3.0444168405736796 1.9669054521588034 -2.582702204742692 2.552909579507147 11.405948377853049 -3.148286654972445 1
bicycle_rack 613 2 -3.004589492208225 787.6567 803.609 869.992 863.7493 1.0836119371017494 1.9945610412840058 1.6135677514452549 -2.9971627549945485 5.28701618900657 34.13810080063013 -3.0921601944414094 1
bicycle_rack 614 2 0.5942184572951048 0.0 740.9728 70.54501 860.6597 1.2782011859485924 1.5841407174397957 1.896064314535734 -12.322419850452718 2.7605510282052745 18.304078629472254 0.0017021150135982932 1
bicycle_rack 615 2 0.2477021249644879 465.1834 770.1127 561.77936 833.9214 1.2430171186139136 4.174217475780773 1.5482845601329558 -12.174847113301855 5.419070820869733 40.888211880751314 -0.04169775546349408 1
moped_scooter 617 1 -1.6328133058345982 1027.2561 807.8511 1065.6884 882.14264 1.1238439415779677 0.6081457865645273 1.9309110504540523 1.602951043611195 4.710877135965206 28.35316697357182 -1.5763382561422088 1
Pedestrian 439 1 -1.6278372685460734 1093.8398 717.7717 1207.4031 1048.4194 1.7585856610870982 0.6028301551034959 0.56677972737449 1.0554998073718995 2.300776853744241 8.42717294636216 -1.5032365488093642 1
Pedestrian 437 0 -1.53417913001613 932.12366 697.69037 1044.954 1055.7332 1.8165228712343175 0.5895688346928736 1.0681194690479645 0.17192009988216087 2.2502780448962545 8.360918335452025 -1.513619680769146 1
Pedestrian 438 2 -1.598285166966138 966.85944 736.20374 1040.7573 977.16754 1.7817070921561822 0.5571108852016946 0.5501491363557864 0.32277304255934114 2.6646107542167217 11.587020908931498 -1.5704359384722333 1
Pedestrian 440 1 -1.6380110293704355 1058.3457 753.15735 1134.1171 980.43744 1.677259554296815 0.5512719996665653 0.5375285639880227 1.0417864923737419 2.6975327723886835 11.621099395606839 -1.548603901031548 1
