Car 604 1 -1.4772540986513838 823.7912 782.2628 899.31537 856.8389 1.6428231884597293 1.8089026386403724 3.6234545496933492 -2.7908244159089874 6.311417370561916 42.52965357790885 -1.5427808233862363 1
Car 605 2 1.9158954627895675 361.86398 756.0522 515.40125 846.4949 1.59181722520774 1.955201749218681 4.716043345971643 -12.30800920854136 4.918541761826703 35.562456072590344 -4.700482121701841 1
Car 606 2 1.9706189168457333 224.68967 733.222 407.2453 850.6002 1.8205190944073706 1.8077072877029694 4.025422181621311 -12.361430330442712 4.062317665602224 28.932321120951187 1.5668412340579345 1
Car 607 1 2.0703542840314313 24.132603 731.81635 296.05646 863.56934 1.5331504332500927 1.8443525251458928 4.303007084319442 -12.17020161253281 3.338005728415352 23.079585190632535 -4.698090757954434 1
Car 435 2 -0.3322488177436145 0.0 0.0 1935.0 1215.0 1.4597303873909035 1.8077307844894164 4.409851651216286 -2.145378693627875 1.3471130031946512 0.8163093722316762 -1.5394642370157408 1
Car 434 0 -1.2396168923867628 0.0 719.2414 763.99866 1215.0 1.4807831928883333 1.834398271762575 4.747702297552952 -2.2715663046213193 2.0964179572404973 7.356702224920472 -1.539104648174953 1
Car 608 1 -1.4370060473507353 621.2823 746.947 841.61206 957.98315 1.7022810823186216 1.8385886368082156 4.108954120233979 -2.3857052119571236 3.218345250742351 16.51276011496813 -1.5804896768258425 1
bicycle 611 1 -1.5469162468133741 1189.9441 786.6704 1262.8297 990.6866 1.1972485559586568 0.49230129370677767 1.8473024099504103 2.0140855947053464 2.516751821080086 11.243491366118942 -1.3696627732067104 1
moped_scooter 609 1 1.0289640927608357 1361.0955 706.5657 1850.5646 1215.0 1.555965494444385 0.682665850159117 1.569766229909195 1.91130517037114 1.8583582268392425 4.708727909154398 1.4145522343455488 1
bicycle 610 2 2.5770843192762145 809.92725 799.6801 884.0367 858.0049 1.2231233943121786 0.6404191900865254 1.7471269423752693 -2.8064667684276445 5.616128306113675 36.80810056255026 -3.7821996512541887 1
bicycle_rack 612 2 -2.944260848308212 475.72263 781.2637 790.9704 992.7861 1.2211580621311953 3.0444168405736796 1.9669054521588034 -2.5626585253745033 2.6797297845462955 12.421270454793628 -3.1477183126991233 1
bicycle_rack 613 2 -3.007163434464588 793.7512 803.6617 873.50336 862.0308 1.0836119371017494 1.9945610412840058 1.6135677514452549 -2.974519062622717 5.408967271660111 35.14750269350604 -3.0915918535676417 1
bicycle_rack 614 2 0.5709590060454561 0.0 751.13947 113.97037 865.49365 1.2782011859485924 1.5841407174397957 1.896064314535734 -12.311685034946263 2.971421147227523 19.263500121194163 0.0022704715345465143 1
bicycle_rack 615 2 0.24139807578698386 478.13956 770.89233 571.4385 833.22864 1.2430171186139136 4.174217475780773 1.5482845601329558 -12.150121220811695 5.535809844299416 41.85471550269072 -0.04112938138881739 1
moped_scooter 616 2 -2.334306084260966 1663.9081 614.5226 1935.0 1215.0 1.6161853145049498 0.6820446842596036 1.833365051572918 2.1128424771039622 1.6040052348159954 2.702052711266843 -1.6706748994793708 1
moped_scooter 617 2 -1.6294118567611853 1023.75397 809.09314 1060.5966 880.9639 1.1238439415779677 0.6081457865645273 1.9309110504540523 1.5736504586920044 4.852822638581703 29.30803593045175 -1.575769886340625 1
Pedestrian 439 1 -1.6871049127817122 1082.3192 720.7034 1196.3391 1043.207 1.7585856610870982 0.5883677715971193 0.5812421108808242 1.0150526675152605 2.3293614740240054 8.618396872308677 -1.5698675749990958 1
Pedestrian 437 0 -1.5667123815912958 944.16144 703.45734 1059.1239 1050.0061 1.8165228712343175 0.6220758421482542 1.0681194690479645 0.2348626533329744 2.298374594881992 8.628839385661939 -1.5395007636406983 1
Pedestrian 438 2 -1.5997757336453815 970.81384 736.86646 1042.9692 971.91785 1.7817070921561822 0.5571108852016946 0.5794541987510688 0.35607393335281845 2.694562317974661 11.902028543317773 -1.5698675749990958 1
Pedestrian 440 1 -1.629951331285072 1047.5778 749.735 1123.2302 980.76434 1.70375712706903 0.5512719996665653 0.8409870601623598 0.9783216866819143 2.734124663696508 11.916291606604794 -1.5480355393892784 1
