Car 604 1 -1.4731474089445025 812.2993 779.4444 893.02606 858.5207 1.6428231884597293 1.8089026386403724 3.6234545496933492 -2.862313982940962 5.974082916161418 40.075966873410195 -1.544448541137954 1
Car 1647 1 1.8498147349082306 506.14267 765.69403 599.4298 829.8846 1.5686956323919599 1.82897134411805 3.8917409943596155 -12.803515227676337 6.186983184054935 47.09444332154215 -4.698823514894749 1
Car 605 2 1.9381933598892562 311.90936 747.6562 482.4385 844.0269 1.59181722520774 1.955201749218681 4.716043345971643 -12.35244808930354 4.503491090501338 33.102176955777544 -4.702149545534947 1
Car 606 2 2.005115414003839 144.13666 721.06995 354.44504 848.8834 1.8205190944073706 1.8077072877029694 4.025422181621311 -12.405588327181622 3.645184590296306 26.355097704352755 1.5651737597957647 1
Car 607 2 2.118158713321595 0.0 720.5316 221.20969 867.225 1.5331504332500927 1.8443525251458928 4.303007084319442 -12.208898968601089 2.9896815276874444 20.612994158767833 -4.699758717922599 1
Car 434 1 -1.1123754718502867 0.0 683.67126 701.6802 1215.0 1.4807831928883333 1.834398271762575 4.747702297552952 -2.2506137377130035 1.768810277070408 4.928186667848261 -1.5407721695485572 1
Car 859 1 -1.384768717925862 654.2266 769.25214 837.1777 920.0342 1.4757282619063217 1.764133856697763 3.909031499198476 -2.831221538760938 3.642435493185494 20.451212398962475 -1.5223321953592603 1
Car 608 1 -1.414080241786547 551.5959 737.9392 823.4134 989.98346 1.7022810823186216 1.8385886368082156 4.108954120233979 -2.3784020548347686 2.9179239741279694 14.017163209858538 -1.5821572766280332 1
Pedestrian 437 0 -1.553988403865433 932.11505 696.8674 1065.2825 1047.8545 1.8165228712343175 0.7028512254301964 0.651704067662329 0.2107266420183379 2.22849941858819 8.219848009949226 -1.5283576993423198 1
bicycle 611 0 -1.5976477791977408 1262.7903 786.3928 1358.7081 1054.416 1.1972485559586568 0.49230129370677767 1.8473024099504103 2.0226457557298514 2.248886392423593 8.78410362193319 -1.3713305161954867 1
moped_scooter 609 2 0.6920094871070359 1719.8368 626.3333 1935.0 1215.0 1.555965494444385 0.682665850159117 1.569766229909195 1.9552758553596787 1.5589010756383501 2.225401767346445 1.4128843925693886 1
bicycle 610 2 2.582935276262386 795.5884 797.4785 875.6524 860.38684 1.2231233943121786 0.6404191900865254 1.7471269423752693 -2.8608570135249654 5.252290281693371 34.1339855963694 -3.7838671742109042 1
bicycle_rack 612 1 -2.8950301682968727 320.85684 772.9115 755.3359 1052.9513 1.2211580621311953 3.0444168405736796 1.9669054521588034 -2.513613755410388 2.3294987597184638 9.668242446202786 -3.14938570182277 1
bicycle_rack 613 2 -3.0003671044805134 777.37726 801.97156 863.9883 864.92535 1.0836119371017494 1.9945610412840058 1.6135677514452549 -3.036960294518385 5.066198433642736 32.59931572243156 -3.093259238567848 1
bicycle_rack 615 2 0.25811527414762425 443.33502 768.8192 545.51807 835.0689 1.2430171186139136 4.174217475780773 1.5482845601329558 -12.221345562469802 5.236896603660901 39.381017650732105 -0.0427968634013316 1
moped_scooter 617 1 -1.6375199815128232 1031.4287 809.54315 1072.5096 888.25507 1.1238439415779677 0.6081457865645273 1.9309110504540523 1.6156842050350144 4.559566266961513 26.858672758058045 -1.577437356174476 1
Pedestrian 439 1 -1.6261438513720523 1075.1774 713.6046 1221.7109 1064.1292 1.7585856610870982 0.7474539901672012 0.8704897810082373 1.0030944689183532 2.271888771733407 8.194261899446888 -1.5043356257390665 1
Pedestrian 438 2 -1.4989986660783203 965.7848 731.53815 1047.0044 985.71924 1.7817070921561822 0.5571108852016946 0.7113269795297524 0.34633679762708375 2.606637842296653 11.185833728906312 -1.4680464637135773 1
Pedestrian 440 1 -1.6458247819607652 1065.807 748.88556 1147.7332 986.0766 1.6375131951384925 0.5512719996665653 0.692853370779207 1.0649201871644853 2.5824310777812185 11.044720977007158 -1.5497029852864959 1
