Car 604 1 -1.4734423211906806 812.7847 779.54535 893.12885 858.2788 1.6428231884597293 1.8089026386403724 3.6234545496933492 -2.8670294347395777 5.994564298677262 40.24674790141535 -1.5445584886056092 1
Car 1647 1 1.8488862559852564 507.69278 767.4011 600.53925 831.5086 1.5686956323919599 1.82897134411805 3.8917409943596155 -12.806090912451408 6.258427994702817 47.25667759414232 -4.6989334642652345 1
Car 605 2 1.9365152723987382 315.2936 747.92664 484.54575 843.8082 1.59181722520774 1.955201749218681 4.716043345971643 -12.356383135881803 4.523860075116978 33.27191976650938 -4.702259473622076 1
Car 606 2 2.002635427622187 149.6119 721.5655 357.87714 848.57666 1.8205190944073706 1.8077072877029694 4.025422181621311 -12.408775656657438 3.6655647509907245 26.524833268706786 1.56506382838371 1
Car 607 2 2.114550959090992 0.0 721.15356 226.5117 866.6523 1.5331504332500927 1.8443525251458928 4.303007084319442 -12.211451203684815 3.010074367955636 20.782750043153637 -4.699868681360906 1
Car 434 1 -1.1232358024382003 0.0 688.23566 706.4698 1215.0 1.4807831928883333 1.834398271762575 4.747702297552952 -2.252124755251876 1.7973998279581407 5.07518308601998 -1.5408821040675182 1
Car 859 2 -1.3863632506084886 657.64557 769.53375 838.60754 918.9947 1.4757282619063217 1.764133856697763 3.909031499198476 -2.82361730323326 3.663135514369617 20.621619684279825 -1.5224421352742517 1
Car 608 1 -1.4162400871301515 557.7526 738.7203 824.791 987.0848 1.7022810823186216 1.8385886368082156 4.108954120233979 -2.3807332453086545 2.940812331599746 14.207424867343388 -1.5822672163175662 1
bicycle 611 0 -1.5934378167139018 1256.2004 786.71 1349.9844 1049.07 1.1972485559586568 0.49230129370677767 1.8473024099504103 2.0213938818969672 2.2694869853435566 8.955411347800535 -1.3714404653323211 1
moped_scooter 609 2 0.7249559785923482 1682.5607 630.5175 1935.0 1215.0 1.555965494444385 0.682665850159117 1.569766229909195 1.9576600758718476 1.5680371596436027 2.382523226334791 1.4127744369303215 1
bicycle 610 2 2.582528459496993 796.24225 797.51166 875.89874 860.1018 1.2231233943121786 0.6404191900865254 1.7471269423752693 -2.864914758617616 5.27278212812249 34.30476551076537 -3.783977108847626 1
bicycle_rack 612 1 -2.8975696039553394 331.14365 773.4258 755.6546 1047.3446 1.2211580621311953 3.0444168405736796 1.9669054521588034 -2.53689799283239 2.352014607472668 9.856067906850262 -3.1494956276273625 1
bicycle_rack 613 2 -3.0003676375265425 777.2767 801.4447 863.7657 864.2708 1.0836119371017494 1.9945610412840058 1.6135677514452549 -3.044869970966787 5.0597987169750045 32.645552911263295 -3.0933691640987337 1
bicycle_rack 615 2 0.2568967466532994 445.50714 768.9633 547.0381 834.92957 1.2430171186139136 4.174217475780773 1.5482845601329558 -12.22597565231651 5.257256257658046 39.550775987962744 -0.04290679528617103 1
moped_scooter 617 1 -1.637130138185009 1030.8201 809.5117 1071.5979 887.70465 1.1238439415779677 0.6081457865645273 1.9309110504540523 1.612429441392267 4.580129715416778 27.029940018865677 -1.5775472872945318 1
Pedestrian 439 1 -1.624357086092764 1076.2811 714.2659 1213.3319 1061.0057 1.7585856610870982 0.7040668396480751 0.7547907129572662 0.9868973946808759 2.271966252533115 8.190727916345079 -1.5044455545487385 1
Pedestrian 437 0 -1.5493988909029126 920.34393 694.7085 1062.0869 1055.0973 1.8165228712343175 0.7298055828784411 0.7245258796974078 0.16876050582717955 2.210469305021261 8.061427758972265 -1.5284676285391048 1
Pedestrian 438 2 -1.5347391185197454 969.92163 728.9966 1046.4279 978.0094 1.7817070921561822 0.5571108852016946 0.7845896355178824 0.3687471919772362 2.607573826846574 11.45369466832425 -1.502555628338809 1
Pedestrian 440 1 -1.641286795590437 1059.6085 749.06134 1139.6117 985.8511 1.6640107679107077 0.5512719996665653 0.6357178849089373 1.0248186933883847 2.6184732871679124 11.172136886790511 -1.549812914828587 1
