Car 604 1 -1.4743734365603167 815.673 779.3895 894.86176 857.0613 1.6428231884597293 1.8089026386403724 3.6234545496933492 -2.8424197222581844 6.043963834100816 40.76689566547596 -1.5439845026106944 1
Car 605 2 1.9314873067155176 326.97363 748.76373 492.34915 843.1793 1.59181722520774 1.955201749218681 4.716043345971643 -12.335939788598978 4.587245439075614 33.795759274366866 -4.701685588799522 1
Car 606 2 1.9927783104197805 173.14502 723.58997 373.21094 847.3482 1.8205190944073706 1.8077072877029694 4.025422181621311 -12.39580697834987 3.7509508172599872 27.233674104167996 1.565637730563798 1
Car 607 2 2.103852701337239 0.0 723.0343 243.83084 864.9861 1.5331504332500927 1.8443525251458928 4.303007084319442 -12.198226908682058 3.0733353922151414 21.30652296235987 -4.699294611993257 1
Car 434 1 -1.1538573435711106 0.0 692.6921 720.7947 1215.0 1.4807831928883333 1.834398271762575 4.747702297552952 -2.25884151398627 1.8412773017208832 5.551178091296467 -1.5403081856690308 1
Car 859 2 -1.3874900513323214 662.8793 770.2114 839.346 916.0853 1.4757282619063217 1.764133856697763 3.909031499198476 -2.8525066677531576 3.719867936568698 21.099535389027153 -1.521868188707302 1
Car 608 1 -1.4216066828310807 574.9413 740.91583 829.12177 979.0865 1.7022810823186216 1.8385886368082156 4.108954120233979 -2.383949382341942 3.0078575607186875 14.76419400487217 -1.5816932709258846 1
bicycle 611 1 -1.5787009064559785 1234.2988 785.5215 1322.0771 1031.5194 1.1972485559586568 0.49230129370677767 1.8473024099504103 1.9988128774591323 2.3177941566277673 9.47845805832636 -1.370866470630703 1
moped_scooter 609 2 0.8197894897032313 1577.9001 655.4916 1935.0 1215.0 1.555965494444385 0.682665850159117 1.569766229909195 1.948475134932198 1.6320012691419938 2.8878172084456457 1.4133484655914854 1
bicycle 610 2 2.5828044860683814 797.38556 796.7198 875.6749 858.1693 1.2231233943121786 0.6404191900865254 1.7471269423752693 -2.904567903807739 5.323128405635055 34.90494703422313 -3.783403189852627 1
bicycle_rack 612 1 -2.9054283389962055 361.13293 774.15955 759.64594 1032.2538 1.2211580621311953 3.0444168405736796 1.9669054521588034 -2.577150940875548 2.409246900824734 10.374063722807016 -3.148921754728753 1
bicycle_rack 613 2 -3.0021254231807406 781.68835 800.50903 866.4822 862.12946 1.0836119371017494 1.9945610412840058 1.6135677514452549 -3.0217482447183834 5.108060569771563 33.23555110851723 -3.092795292626488 1
bicycle_rack 614 2 0.6151028374520234 0.0 735.544 30.246737 860.4873 1.2782011859485924 1.5841407174397957 1.896064314535734 -12.334238424012888 2.6314480199716597 17.49678374965635 0.001066999397727697 1
bicycle_rack 615 2 0.25322913531672075 453.53 769.4246 553.0726 834.5285 1.2430171186139136 4.174217475780773 1.5482845601329558 -12.201903815943572 5.320690231665754 40.074533603182125 -0.04233289058588152 1
moped_scooter 617 1 -1.6344039392183878 1028.0854 807.9167 1067.8092 884.4661 1.1238439415779677 0.6081457865645273 1.9309110504540523 1.583848383328871 4.613669822494916 27.54817096906006 -1.5769733866387639 1
Pedestrian 439 1 -1.620978936345907 1082.8683 712.8348 1196.5044 1053.9346 1.7585856610870982 0.588367771597118 0.682478795425459 0.9712744371217376 2.2652421394382607 8.255937598359479 -1.5038716659550735 1
Pedestrian 437 0 -1.542383625191563 912.4165 699.5281 1048.6621 1051.3983 1.8165228712343175 0.7239593068100476 0.9486086553607966 0.1219745779400062 2.2610171206718097 8.41732161921665 -1.5278937379242514 1
Pedestrian 438 2 -1.5815082398036782 970.3801 730.64 1046.1538 979.94244 1.7817070921561822 0.5571108852016946 0.7113269795297524 0.3527581540358357 2.6101935470921633 11.355486547646166 -1.5504532300800564 1
Pedestrian 440 1 -1.6380410269534347 1056.9575 748.84216 1133.9083 979.1919 1.677259554296815 0.5512719996665653 0.5927028360197267 1.025386047823501 2.656810570598182 11.516511441791845 -1.5492390224107988 1
