Car 605 1 1.9483314823425664 293.10727 746.6235 471.36642 846.0459 1.59181722520774 1.955201749218681 4.716043345971643 -12.29492501518064 4.398781256036777 32.11510717140108 -4.700479527267484 1
Car 604 1 -1.4713941129893786 810.90686 782.82855 893.9719 864.4104 1.6428231884597293 1.8089026386403724 3.6234545496933492 -2.7930608654078823 5.961859685347901 39.060721571472186 -1.5427782284946305 1
Car 1647 2 1.8553510668442188 498.45807 769.76227 594.4885 835.7864 1.5686956323919599 1.82897134411805 3.8917409943596155 -12.722056546495452 6.223288721637296 46.09022616126572 -4.697153173342832 1
Car 606 2 2.0202712509218674 112.24282 719.73236 335.13367 852.7076 1.8205190944073706 1.8077072877029694 4.025422181621311 -12.36066826894149 3.5569998219781036 25.366181546686715 1.5668438285707502 1
Car 607 2 2.139485147289469 0.0 712.449 191.70302 865.3704 1.5331504332500927 1.8443525251458928 4.303007084319442 -12.15787863309787 2.8094772694823016 19.63611765050783 -4.6980881626859965 1
Car 434 1 -1.0168283469930857 0.0 660.81476 664.6047 1215.0 1.4807831928883333 1.834398271762575 4.747702297552952 -2.2230716671463986 1.6312347847157729 3.8622830816903453 -1.5391020535888555 1
Car 859 1 -1.377698483239376 638.26465 769.3947 834.3698 930.20886 1.4757282619063217 1.764133856697763 3.909031499198476 -2.779163015647256 3.5341472603469404 19.3070458976043 -1.5206619974433002 1
Car 608 1 -1.401232292277123 515.8176 733.3538 816.8969 1007.6406 1.7022810823186216 1.8385886368082156 4.108954120233979 -2.3512843559612553 2.793010324258492 12.976201094435243 -1.5804870821177155 1
bicycle 611 0 -1.627068084835937 1301.6483 783.8418 1423.3728 1095.0164 1.1972485559586568 0.49230129370677767 1.8473024099504103 2.0224938224799875 2.115237982435707 7.682848289871277 -1.3696601782759559 1
bicycle 610 2 2.5866771169470946 791.1525 800.1348 873.8104 865.184 1.2231233943121786 0.6404191900865254 1.7471269423752693 -2.8427920079791864 5.192399423657577 33.094506985108076 -3.7821970566659253 1
bicycle_rack 612 1 -2.8621314481733235 218.06908 770.89386 733.8446 1095.6893 1.2211580621311953 3.0444168405736796 1.9669054521588034 -2.5029395157565695 2.202591765501815 8.52470415492157 -3.1477157183188997 1
bicycle_rack 613 2 -2.9973739468913347 773.729 803.61505 863.4692 868.8503 1.0836119371017494 1.9945610412840058 1.6135677514452549 -2.981864749333301 4.978602709793342 31.55576928453161 -3.0915892591937926 1
bicycle_rack 615 2 0.2655343857650046 431.73105 771.56494 537.8786 839.94604 1.2430171186139136 4.174217475780773 1.5482845601329558 -12.154170378518533 5.215155743977375 38.38361072713915 -0.0411267868630949 1
moped_scooter 617 1 -1.639995883141818 1036.7684 812.49084 1079.7479 894.63214 1.1238439415779677 0.6081457865645273 1.9309110504540523 1.6622360458161551 4.487122000374651 25.844404115928214 -1.5757672918346988 1
Pedestrian 437 0 -1.5441628609849218 927.4352 701.77155 1047.4027 1057.5236 1.7796280740700174 0.6126007419033458 0.6203288610286072 0.14692065100108714 2.204661204983158 7.944542753238538 -1.525671689122974 1
Pedestrian 439 1 -1.637782191871902 1074.7289 723.2682 1208.4359 1066.735 1.7035482099998527 0.6629154733436821 0.6504017367906277 0.9438375079878999 2.2492923369685762 7.954768157726289 -1.5196837847521596 1
Pedestrian 440 1 -1.6458660605117335 1068.598 759.42523 1149.8081 992.02765 1.611015622366277 0.5512719996665653 0.6157576915985247 1.0830519024478122 2.6319603310757507 11.035059831061584 -1.548032944920598 1
Pedestrian 438 2 -1.5869513356062261 979.65356 731.10864 1057.7715 991.159 1.8031567747191994 0.5571108852016946 0.7131352991170898 0.4174609585712494 2.6121499473341503 11.02804996974606 -1.5491149339518107 1
