Car 606 2 2.0327681059605016 85.234406 719.79474 318.8996 857.3073 1.8205190944073706 1.8077072877029694 4.025422181621311 -12.328661086731566 3.50912548461552 24.594870880975115 1.5681053329088925 1
Car 605 1 1.9568968845333368 276.78824 747.03 461.7432 849.2594 1.59181722520774 1.955201749218681 4.716043345971643 -12.254047069561738 4.343420754563616 31.321259002938522 -4.699218061075124 1
Car 604 1 -1.4699869716948055 809.6358 782.4141 894.6383 865.761 1.6428231884597293 1.8089026386403724 3.6234545496933492 -2.7413455202630916 5.866219329815962 38.2592631773544 -1.5415165400066582 1
Car 1647 2 1.8598348908545468 492.05524 769.2029 590.34674 836.38763 1.5686956323919599 1.82897134411805 3.8917409943596155 -12.661490227484148 6.129286440106197 45.3011913016456 -4.695891463017304 1
Car 607 2 2.157645963727796 0.0 714.41034 166.08653 875.2069 1.5331504332500927 1.8443525251458928 4.303007084319442 -12.10726071665333 2.7902214436419115 18.8356090659252 -4.6968262909920835 1
Car 434 1 -0.9079525569836452 0.0 647.42444 622.78204 1215.0 1.4807831928883333 1.834398271762575 4.747702297552952 -2.211915559891145 1.562691953872553 3.0344144123854844 -1.5378405136281272 1
Car 859 1 -1.3759363302725671 634.11285 769.55426 835.9249 935.1033 1.4757282619063217 1.764133856697763 3.909031499198476 -2.7184559798297037 3.4892594467589544 18.818510185796026 -1.5194003956007185 1
Car 608 1 -1.389800232062226 481.21646 728.95953 811.5773 1025.4229 1.7022810823186216 1.8385886368082156 4.108954120233979 -2.3192416459246785 2.687543788558993 12.096779250177617 -1.5792254828233727 1
bicycle 611 0 -1.6560719108829223 1339.2405 780.1956 1489.056 1132.5734 1.1972485559586568 0.49230129370677767 1.8473024099504103 2.034613379593865 2.0104464427313693 6.876463034687558 -1.3683984707971177 1
Pedestrian 437 0 -1.542640438633555 928.89276 700.9939 1045.2483 1056.2357 1.791241225401358 0.5979653082844857 0.5741050975791792 0.1453141290436713 2.2120978507586204 7.970020484931464 -1.5244098669058346 1
bicycle 610 2 2.588936313661319 788.58014 799.1124 873.34576 865.76434 1.2231233943121786 0.6404191900865254 1.7471269423752693 -2.806094623801526 5.075381468459895 32.289474517757064 -3.780935515760747 1
bicycle_rack 612 1 -2.8336587004490648 121.571686 773.0988 715.83136 1142.2081 1.2211580621311953 3.0444168405736796 1.9669054521588034 -2.490526843092662 2.1356391443883043 7.700769901732066 -3.1464542784938425 1
bicycle_rack 613 2 -2.9946428655044737 770.00104 804.03424 862.59705 871.2726 1.0836119371017494 1.9945610412840058 1.6135677514452549 -2.94322021479448 4.881217342036377 30.665555951120083 -3.090327822453011 1
bicycle_rack 615 2 0.271606792308985 421.984 770.9358 531.4617 840.7551 1.2430171186139136 4.174217475780773 1.5482845601329558 -12.103405583933466 5.1209131493234805 37.59389152440769 -0.03986527593789524 1
moped_scooter 617 1 -1.6422012639157941 1041.2109 811.6904 1085.8353 896.5068 1.1238439415779677 0.6081457865645273 1.9309110504540523 1.697654719095706 4.372184791537626 25.039497943006367 -1.5745057908457258 1
Pedestrian 439 1 -1.7863960166963042 1109.1338 721.67255 1245.0372 1075.6385 1.7143407483127533 0.571135882454031 0.6610952073349945 1.109514610393123 2.2408637171229486 7.785480090719423 -1.6448384430947687 1
Pedestrian 440 1 -1.6538596840652104 1081.7574 753.69403 1164.6345 994.6255 1.6507619815245993 0.5512719996665653 0.5966252636968135 1.1692833462516552 2.6138143639427307 10.877108301368805 -1.5467714620424877 1
Pedestrian 438 1 -1.5924213224227548 989.57404 730.4918 1067.9562 993.70337 1.8342875879974803 0.5571108852016946 0.5091073141799061 0.48575534222139116 2.6217935835098194 10.89192574629619 -1.54785310848536 1
