Car 606 1 2.0423624169846466 63.989048 709.2302 307.85623 849.40796 1.8205190944073706 1.8077072877029694 4.025422181621311 -12.205914998867172 3.2795776744676877 23.85906726631913 1.5694906808017919 1
Car 605 1 1.961540127940557 268.01846 742.4692 458.51962 846.5632 1.59181722520774 1.955201749218681 4.716043345971643 -12.08664850808246 4.184004263332355 30.599203176893475 -4.697832755067179 1
Car 604 1 -1.4687708221412883 808.91144 774.48895 895.71375 858.71045 1.6428231884597293 1.8089026386403724 3.6234545496933492 -2.6834612168034444 5.581961407161376 37.54061655580014 -1.540130989944307 1
Car 1647 2 1.8640902403583608 486.2439 765.72845 586.7347 833.7735 1.5686956323919599 1.82897134411805 3.8917409943596155 -12.592102888703595 5.9497291695009125 44.55927364747505 -4.6945058889724915 1
Car 607 2 2.1754131569760684 0.0 700.14844 140.7593 864.2399 1.5331504332500927 1.8443525251458928 4.303007084319442 -12.075779015171467 2.5543319986127457 18.126791757976868 -4.695440539777765 1
Car 434 1 -0.7615600991198895 0.0 0.0 1935.0 1215.0 1.4807831928883333 1.834398271762575 4.747702297552952 -2.1990428382091234 1.4376792151104323 2.2457285932618833 -1.5364551266343245 1
Car 859 1 -1.3678259632579206 613.91345 760.9927 832.3965 937.05176 1.4757282619063217 1.764133856697763 3.909031499198476 -2.6668382154983785 3.261373720757554 17.622839752353595 -1.518014940674638 1
Car 608 1 -1.3811167644388265 451.67477 718.607 809.80597 1033.882 1.7022810823186216 1.8385886368082156 4.108954120233979 -2.2641804849384126 2.5433180383174383 11.360612962665178 -1.5778400306716642 1
bicycle 611 0 -1.689964452680834 1382.893 773.68207 1569.7168 1174.6041 1.1972485559586568 0.49230129370677767 1.8473024099504103 2.0510213161453503 1.901933161268678 6.128519638442519 -1.3670128999804319 1
Pedestrian 437 0 -1.557968252620289 927.42444 696.25226 1054.378 1051.9714 1.8005586934337574 0.6550726389374857 0.6607882849712677 0.16338167401781947 2.200822515675521 8.04757100624273 -1.537669055210557 1
bicycle 610 2 2.5890641116740523 789.54095 792.05133 876.1471 859.8269 1.2231233943121786 0.6404191900865254 1.7471269423752693 -2.706203134533827 4.842184022446947 31.60072903179195 -3.7795501279800323 1
bicycle_rack 612 1 -2.80513453740547 12.871755 754.5419 700.6147 1165.1964 1.2211580621311953 3.0444168405736796 1.9669054521588034 -2.4529958476893996 1.9547143646899285 6.935966875374161 -3.145069001548222 1
bicycle_rack 613 2 -2.992385932097477 767.31305 796.1729 862.50055 864.6528 1.0836119371017494 1.9945610412840058 1.6135677514452549 -2.8957071270633064 4.626597791418918 29.896474825626832 -3.088942548859533 1
bicycle_rack 615 2 0.2772631893762197 413.20117 763.8282 525.82965 834.20135 1.2430171186139136 4.174217475780773 1.5482845601329558 -12.048470645904203 4.866002349479584 36.882510276477255 -0.03847992009364365 1
moped_scooter 617 1 -1.6445039406366588 1045.9938 805.29395 1092.2545 892.2495 1.1238439415779677 0.6081457865645273 1.9309110504540523 1.7377795264356062 4.172046393626291 24.302913006208797 -1.5731204466297795 1
Pedestrian 439 1 -1.7392167664045655 1105.8666 718.9497 1244.9916 1069.5574 1.692618923125858 0.6112553363168034 0.6448341616146863 1.092085236974476 2.199460689642168 7.728000963952579 -1.598830984225937 1
Pedestrian 440 1 -1.6506892792991827 1079.4073 748.1776 1161.527 987.38885 1.6507619815246004 0.5512719996665653 0.5892601188263245 1.1554854385598055 2.576848355423973 10.932354884556492 -1.5453861377172442 1
Pedestrian 438 1 -1.591573472928944 992.78455 726.86694 1066.3058 981.7666 1.8083848853238542 0.532009924195183 0.5225527040571004 0.5006302886102932 2.5829240211703803 11.09142913204314 -1.5464674080303003 1
