Car 606 1 2.037920219423404 74.58459 716.9858 312.77493 855.8865 1.8205190944073706 1.8077072877029694 4.025422181621311 -12.305053979775565 3.440074553029212 24.285959201274434 1.5689480076667524 1
Car 605 1 1.9603742922438485 270.7015 746.50525 458.39255 849.7734 1.59181722520774 1.955201749218681 4.716043345971643 -12.226040392322135 4.306240733217953 31.00863560386392 -4.698375411795613 1
Car 604 1 -1.4694437346786409 809.6593 781.22943 895.44714 865.19574 1.6428231884597293 1.8089026386403724 3.6234545496933492 -2.7071974379787354 5.801376847397492 37.94211828576345 -1.5406737422665118 1
Car 1647 2 1.8616447120735264 489.99142 766.0651 589.22266 833.4769 1.5686956323919599 1.82897134411805 3.8917409943596155 -12.617628916633135 5.999534320811513 44.97644868650815 -4.695048650689318 1
Car 607 2 2.165363843323446 0.0 711.24066 155.58524 874.2517 1.5331504332500927 1.8443525251458928 4.303007084319442 -12.089349063990417 2.7279033796000203 18.52647399145363 -4.69598337089094 1
Car 434 1 -0.8586950615014706 0.0 639.5982 609.8553 1215.0 1.4807831928883333 1.834398271762575 4.747702297552952 -2.1839593493872913 1.531056091111424 2.710104151905549 -1.5369978150837529 1
Car 859 1 -1.3707834952855897 622.7755 768.1232 832.62805 939.11414 1.4757282619063217 1.764133856697763 3.909031499198476 -2.7169033666092277 3.415097456060253 18.251485811442226 -1.5185576557316516 1
Car 608 1 -1.387727809046166 472.2678 728.7941 813.3218 1034.9722 1.7022810823186216 1.8385886368082156 4.108954120233979 -2.272541685335891 2.6635608726715585 11.774883339796885 -1.5783827446448877 1
bicycle 611 0 -1.6702343376664308 1358.0098 777.6 1522.4814 1149.5116 1.1972485559586568 0.49230129370677767 1.8473024099504103 2.0460724980218252 1.9637464330855956 6.552177078250574 -1.367555660420014 1
Pedestrian 437 0 -1.5422188824585183 924.68805 710.6302 1048.4354 1072.1199 1.7337279872558033 0.6140288221454722 0.9470716343906085 0.14720122787050227 2.2140678325858705 7.891106903313365 -1.523566979859475 1
bicycle 610 2 2.5880943438116564 790.7584 796.83875 876.23364 863.96545 1.2231233943121786 0.6404191900865254 1.7471269423752693 -2.727590760350507 4.993072324802366 32.01128272819628 -3.78009281670654 1
bicycle_rack 612 1 -2.8212557636978435 75.58906 768.7594 709.6239 1157.8683 1.2211580621311953 3.0444168405736796 1.9669054521588034 -2.4706089842123715 2.07484369053473 7.347958515940048 -3.145611646879031 1
bicycle_rack 613 2 -2.9937511183692975 769.377 801.82874 863.01245 869.6423 1.0836119371017494 1.9945610412840058 1.6135677514452549 -2.914506482654636 4.797286735377364 30.350710784015074 -3.0894851928815843 1
bicycle_rack 615 2 0.2739398172373593 418.8211 765.16907 529.5825 834.87695 1.2430171186139136 4.174217475780773 1.5482845601329558 -12.06937042021676 4.939932463132812 37.29753458033893 -0.03902259643295891 1
moped_scooter 617 1 -1.6431602420479008 1043.5919 811.79926 1088.9188 897.7777 1.1238439415779677 0.6081457865645273 1.9309110504540523 1.7204063577956248 4.333515464082164 24.71520553932981 -1.5736631183245968 1
Pedestrian 439 1 -1.8296654362248836 1122.4116 721.9691 1253.3112 1071.8755 1.6926189231258582 0.5304480630462987 0.6160528306275092 1.1629539495240049 2.217799677565711 7.755423435067147 -1.680820831842107 1
Pedestrian 440 0 -1.6489093085343518 1074.9792 758.3419 1160.2495 999.5554 1.611015622366277 0.5512719996665653 0.9072309920928787 1.132424741000141 2.6298780806560664 10.957596015300776 -1.5459288016201778 1
Pedestrian 438 1 -1.590844666606179 990.5568 729.5105 1065.3716 995.03143 1.8342875879974803 0.532009924195183 0.7621250011256553 0.4835207670575138 2.632525139903932 11.023545823784861 -1.5470102192606932 1
