Car 604 1 -1.4672998213335826 809.6823 778.6343 898.6877 865.35913 1.6428231884597293 1.8089026386403724 3.6234545496933492 -2.574778427399858 5.604582766543013 36.69651197016849 -1.53734913969252 1
Car 606 1 2.055905963544145 36.418438 708.20215 292.82315 853.3923 1.8205190944073706 1.8077072877029694 4.025422181621311 -12.120781565600218 3.2182188725731873 23.07672584626995 -4.710913181846774 1
Car 605 1 1.971071271088828 252.01184 744.0167 450.14713 851.4855 1.59181722520774 1.955201749218681 4.716043345971643 -11.999894857556054 4.153835918697426 29.789520780414886 -4.6950513946128485 1
Car 1647 2 1.8689310452558567 481.59818 765.1025 584.54504 834.41345 1.5686956323919599 1.82897134411805 3.8917409943596155 -12.463030313574446 5.855364297218086 43.75805606397065 -4.6917239905664845 1
Car 607 1 2.197487878018678 0.0 700.6046 110.8801 873.6917 1.5331504332500927 1.8443525251458928 4.303007084319442 -12.022478337790574 2.5194668993875338 17.31335944018226 -4.692658285787856 1
Car 434 2 -0.5452095611684504 0.0 0.0 1935.0 1162.4869 1.4807831928883333 1.834398271762575 4.747702297552952 -2.1626102048277605 1.3524601465735901 1.4240938792196307 -1.533673603657792 1
Car 859 1 -1.3623447185701723 603.46265 762.7602 832.5107 947.1664 1.4757282619063217 1.764133856697763 3.909031499198476 -2.613274198241375 3.2235913779122995 16.95928501236044 -1.5152332813847134 1
Car 608 1 -1.3663761594502382 406.74753 719.6625 804.6071 1066.4414 1.7022810823186216 1.8385886368082156 4.108954120233979 -2.2287018690856053 2.4996413681247747 10.52440186128135 -1.5750583768760988 1
bicycle 611 0 -1.7366644588934328 1444.3895 776.2523 1690.805 1215.0 1.1972485559586568 0.49230129370677767 1.8473024099504103 2.079148458328541 1.832500450988144 5.322070365334021 -1.3642310083776954 1
Pedestrian 437 0 -1.509537772549616 937.04504 702.18384 1058.8757 1060.6737 1.78842308155269 0.6074583258876204 0.8616590327234753 0.2154277732667061 2.231264970123143 8.1128889035346 -1.4829902425215293 1
Pedestrian 438 2 -1.563803133708784 992.31006 732.2731 1065.9873 988.381 1.794000287797872 0.532009924195183 0.7358938649865242 0.5095984777586668 2.6238978819631837 11.176786703422223 -1.5182403252299965 1
bicycle 610 2 2.5928992019811914 786.65826 797.4734 875.81995 867.5004 1.2231233943121786 0.6404191900865254 1.7471269423752693 -2.663529504505876 4.857967240607779 30.72165865619633 -3.776768604212136 1
bicycle_rack 612 1 -2.7701251010227437 0.0 755.92834 683.94226 1215.0 1.2211580621311953 3.0444168405736796 1.9669054521588034 -2.409505728628253 1.8954368300431688 6.1726297951797715 -3.1422876997773956 1
bicycle_rack 613 2 -2.9895395986819646 765.54987 802.7141 863.8804 873.8613 1.0836119371017494 1.9945610412840058 1.6135677514452549 -2.8125270964410403 4.657703092064866 29.01802188111835 -3.0861612537086787 1
bicycle_rack 615 2 0.2839135534220063 404.75616 763.03973 521.0968 834.9578 1.2430171186139136 4.174217475780773 1.5482845601329558 -11.94095286720649 4.771118945672713 36.079870375124685 -0.035698457326948096 1
moped_scooter 617 1 -1.6469802470565102 1053.048 810.93634 1101.15 901.3433 1.1238439415779677 0.6081457865645273 1.9309110504540523 1.8068845883081712 4.171126598427628 23.529700873925012 -1.5703390094779741 1
Pedestrian 439 1 -1.7013351571053232 1085.7617 737.75146 1253.5433 1067.2031 1.6370293479256017 0.8028182092596687 0.7761592572267192 1.1051590634322177 2.2768662967322197 8.088411121564114 -1.5655411632416718 1
Pedestrian 440 1 -1.6537194748645445 1089.2162 765.0881 1169.1865 992.6102 1.611015622366277 0.5512719996665653 0.5892601188263439 1.256745871660587 2.6952697289198473 11.263758003798127 -1.5426047405069152 1
