Car 604 1 -1.4668518233737249 809.2824 778.4745 898.95374 865.80225 1.6428231884597293 1.8089026386403724 3.6234545496933492 -2.5584296080037756 5.575267381130342 36.45078487083944 -1.5369255042449173 1
Car 606 1 2.061006692074435 25.209635 704.53424 285.59552 850.4345 1.8205190944073706 1.8077072877029694 4.025422181621311 -12.150989946504069 3.1458882596475757 22.873719115497874 -4.71048960816254 1
Car 605 1 1.973690426862185 246.91113 739.2664 447.3103 846.826 1.59181722520774 1.955201749218681 4.716043345971643 -11.982066535724066 4.033979871569968 29.5578484564575 -4.694627833730111 1
Car 1647 2 1.8704059214529911 479.48248 764.9001 583.2021 834.5981 1.5686956323919599 1.82897134411805 3.8917409943596155 -12.443698446630453 5.826597201106363 43.51648457592765 -4.691300347785333 1
Car 607 1 2.204351597103111 0.0 689.3469 100.637505 862.0697 1.5331504332500927 1.8443525251458928 4.303007084319442 -12.012354993633796 2.362037146591283 17.063171276386775 -4.692234588871762 1
Car 434 2 -0.47865434612355773 0.0 0.0 1935.0 1172.167 1.4807831928883333 1.834398271762575 4.747702297552952 -2.159064478265877 1.303918525985168 1.2253292936063194 -1.5332500180344593 1
Car 859 1 -1.3606878405939344 598.5846 762.0951 832.575 950.2279 1.4757282619063217 1.764133856697763 3.909031499198476 -2.5865845049546765 3.18678079641601 16.649631961295672 -1.5148096750120403 1
Car 608 1 -1.3616432164322192 391.12582 716.2798 802.2591 1071.6377 1.7022810823186216 1.8385886368082156 4.108954120233979 -2.2233274639412204 2.4562355935508795 10.280241521522964 -1.5746347713312503 1
Pedestrian 437 0 -1.4662187728851013 945.24994 703.4468 1069.8219 1057.6918 1.78842308155269 0.6074583258876204 0.6384622005899128 0.26098105557097884 2.23089994009032 8.0662794693745 -1.433875479163653 1
bicycle 611 0 -1.7537488017518486 1465.6223 774.9484 1737.4501 1215.0 1.1972485559586568 0.49230129370677767 1.8473024099504103 2.078986396290934 1.8005867257043586 5.058527754260411 -1.3638073666702657 1
bicycle 610 2 2.593008711494145 786.78485 797.4512 876.6293 868.02466 1.2231233943121786 0.6404191900865254 1.7471269423752693 -2.633628602665709 4.830519551485409 30.48804954253289 -3.776345018560419 1
bicycle_rack 612 1 -2.7573246709850885 0.0 754.96295 678.641 1215.0 1.2211580621311953 3.0444168405736796 1.9669054521588034 -2.384232753627211 1.8659871312337293 5.891562512695425 -3.14186414787003 1
bicycle_rack 613 2 -2.9891660048968527 765.3138 801.3099 864.2311 872.7716 1.0836119371017494 1.9945610412840058 1.6135677514452549 -2.795357379556345 4.61038959983618 28.85588750827603 -3.085737702796521 1
bicycle_rack 615 2 0.28616675401356945 401.03177 765.64343 518.6249 838.42377 1.2430171186139136 4.174217475780773 1.5482845601329558 -11.930106883693599 4.813808149779461 35.827209299538595 -0.03527488059933792 1
moped_scooter 617 1 -1.6478268997147432 1054.6721 811.00757 1103.3948 902.4263 1.1238439415779677 0.6081457865645273 1.9309110504540523 1.817625041359965 4.141500396114561 23.28214240799024 -1.5699154369171076 1
Pedestrian 439 1 -1.7120388967494284 1112.2748 738.2735 1258.8269 1054.4606 1.6359935440259104 0.7177509909929266 0.6694790422467599 1.230671341006723 2.2919987186744413 8.316040787087784 -1.5651175953251246 1
Pedestrian 438 2 -1.5973163432145274 995.7822 726.7452 1068.4456 984.647 1.852919464787603 0.532009924195183 0.6079522965769555 0.5276747429407876 2.6434273637264436 11.297879614230744 -1.5506446163556566 1
Pedestrian 440 1 -1.6522657630927293 1087.7996 751.1437 1167.5382 986.36566 1.6772595542968154 0.5512719996665653 0.6086755305149368 1.2501784824922715 2.658450736891011 11.310613626176725 -1.5421811740292117 1
