Car 604 1 -1.4645562439591773 809.6332 777.6168 903.00397 868.33984 1.6428231884597293 1.8089026386403724 3.6234545496933492 -2.410358567639478 5.4192555929612976 35.134890177759644 -1.5330519145245722 1
Car 606 1 2.0866955038992447 0.0 708.45197 253.47699 864.4297 1.8205190944073706 1.8077072877029694 4.025422181621311 -12.105013890780516 3.1420415745103236 21.634440145969943 -4.706616582914368 1
Car 605 1 1.9897336204980745 217.92393 739.1656 431.88873 852.09235 1.59181722520774 1.955201749218681 4.716043345971643 -11.86368373008113 3.933894123587282 28.272579732206417 -4.690754925507667 1
Car 860 2 -1.5193298042059078 853.2783 789.4197 914.72565 851.1323 1.4784417006671018 1.8242870728053941 4.532509449606824 -2.5462910260797367 7.248486810450412 50.18093036252526 -1.570028525916422 1
Car 857 2 1.8331693401946874 532.9427 766.36 630.5503 829.6444 1.5198517555041133 1.9398773524602435 4.610230368819979 -12.260622816527404 6.337145829366725 48.60573790767656 -4.697107776787834 1
Car 859 1 -1.3470871059378706 568.78357 761.60376 827.3882 967.24896 1.4757282619063217 1.764133856697763 3.909031499198476 -2.5460263831638916 3.066647244769551 15.399530640668834 -1.5109363510713347 1
Car 608 1 -1.3324023051155478 290.7824 707.71564 790.4769 1125.5398 1.7022810823186216 1.8385886368082156 4.108954120233979 -2.1775127487541024 2.3123667020775285 8.961758672434812 -1.5707614548510682 1
bicycle 611 1 -1.8804313365014562 1629.5188 762.31036 1935.0 1215.0 1.1972485559586568 0.49230129370677767 1.8473024099504103 2.149944619216268 1.6296090810086492 3.750626707141276 -1.3599337201692698 1
Pedestrian 437 0 -0.9313736282114129 1012.4073 701.6602 1200.7977 1081.0391 1.801328041165581 0.6643374818037366 0.7458639525200856 0.7615538361354117 2.2274551197238113 7.802122755744148 -0.8340733110625433 1
bicycle 610 2 2.59414900768868 788.9138 799.3725 882.67596 873.18256 1.2231233943121786 0.6404191900865254 1.7471269423752693 -2.443170461904166 4.721827345839797 29.21413491305583 -3.7724718850965715 1
bicycle_rack 612 1 -2.6655554642215273 0.0 741.693 628.72626 1215.0 1.2211580621311953 3.0444168405736796 1.9669054521588034 -2.348583414580867 1.6992503713567801 4.595747142296382 -3.137991322184135 1
bicycle_rack 613 2 -2.984316317610333 760.8343 803.6651 865.40717 879.2474 1.0836119371017494 1.9945610412840058 1.6135677514452549 -2.6833936911002065 4.486291274771452 27.42097451760273 -3.081864886052205 1
bicycle_rack 615 2 0.2971774819070902 385.596 763.3956 509.64722 838.7134 1.2430171186139136 4.174217475780773 1.5482845601329558 -11.780268009570786 4.638472653682012 34.55249599543087 -0.031401824252976995 1
moped_scooter 617 2 -1.6539075546088375 1068.088 813.349 1120.2135 910.05896 1.1238439415779677 0.6081457865645273 1.9309110504540523 1.9480306845985909 4.032356859230782 22.11360670956339 -1.5660424219359566 1
Pedestrian 439 1 -1.6334705943607857 1156.1506 741.72076 1287.8195 1051.9944 1.6153300684019967 0.6913380612619662 0.8342549573089754 1.4755122216035188 2.3207169678106916 8.577760997031136 -1.463121708336198 1
Pedestrian 438 0 -1.5357442339299103 982.98206 736.7393 1055.6705 982.2353 1.7710534683692873 0.532009924195183 0.5463282351153108 0.4466284194931276 2.6415264291464875 11.346994772422264 -1.4964035987032263 1
Pedestrian 440 2 -1.6650775429369506 1111.9586 766.7346 1194.4489 997.25854 1.611015622366277 0.5512719996665653 0.708499196301243 1.4352219811513438 2.7134848573255943 11.260811461189556 -1.5383082146782812 1
