Car 604 1 -1.4660780944716525 810.60297 780.88617 901.5299 869.6736 1.6428231884597293 1.8089026386403724 3.6234545496933492 -2.4778253219047297 5.5891200004533355 35.989807317360636 -1.5348175961012192 1
Car 606 1 2.0689394496372593 9.437853 709.0935 277.78967 859.2639 1.8205190944073706 1.8077072877029694 4.025422181621311 -12.070901716806388 3.1955917183186093 22.406932334230483 -4.708382007251315 1
Car 605 1 1.9791537608358931 238.56158 740.8977 443.37875 850.53485 1.59181722520774 1.955201749218681 4.716043345971643 -11.918323386709295 4.034965722056272 29.1195498254619 -4.692520296507405 1
Car 860 2 -1.5201148361363435 852.4227 791.3433 912.736 852.15295 1.4784417006671018 1.8242870728053941 4.532509449606824 -2.639910170511278 7.4112753991072 51.037172559342544 -1.571794023087819 1
Car 857 2 1.829069916413907 537.86273 766.9524 633.23016 829.14667 1.5198517555041133 1.9398773524602435 4.610230368819979 -12.351404798763038 6.437555652222077 49.45204841579796 -4.698873130269115 1
Car 607 2 2.2177455793523766 0.0 699.74005 83.00195 881.0553 1.5331504332500927 1.8443525251458928 4.303007084319442 -11.975568225577506 2.473086993181596 16.609478459169324 -4.690126374935152 1
Car 434 2 -0.3640151230712678 0.0 0.0 1935.0 1214.5314 1.4807831928883333 1.834398271762575 4.747702297552952 -2.1620339129921553 1.284995482949536 0.9234585517416293 -1.5311423577448307 1
Car 859 1 -1.3544005909562329 585.225 763.1467 830.7526 959.95245 1.4757282619063217 1.764133856697763 3.909031499198476 -2.5588816940695343 3.1427058181224883 16.029375429378096 -1.5127019115151044 1
Car 608 1 -1.3524527662102384 361.95544 714.73035 799.8859 1089.9247 1.7022810823186216 1.8385886368082156 4.108954120233979 -2.1979808628008777 2.4160304533165333 9.825688842465365 -1.5725270119184684 1
bicycle 611 0 -1.7876203388716876 1510.5903 772.82214 1836.0596 1215.0 1.1972485559586568 0.49230129370677767 1.8473024099504103 2.0996324195399705 1.7494484620948916 4.627868815583957 -1.3616994275257779 1
Pedestrian 437 0 -1.1700505151453535 944.53894 714.4224 1121.4004 1069.9203 1.7292241063108391 0.6297888041774399 0.9748537366209546 0.40810026218924317 2.251023301318294 8.140311959909459 -1.1199592065689434 1
bicycle 610 2 2.5925370698769816 790.0423 800.92816 881.1264 872.6927 1.2231233943121786 0.6404191900865254 1.7471269423752693 -2.5188668447455047 4.853129060408632 30.063691483946418 -3.7742373584905 1
bicycle_rack 612 1 -2.724799071155557 0.0 757.4266 659.80963 1215.0 1.2211580621311953 3.0444168405736796 1.9669054521588034 -2.383299660312648 1.8356580300933825 5.409974305792225 -3.1397566554573166 1
bicycle_rack 613 2 -2.987237153253832 764.4627 805.5857 865.4933 878.84985 1.0836119371017494 1.9945610412840058 1.6135677514452549 -2.736638868756432 4.629188472369367 28.302427767382795 -3.0836302152849706 1
bicycle_rack 615 2 0.2899532262041249 397.06088 769.11597 516.8043 843.2892 1.2430171186139136 4.174217475780773 1.5482845601329558 -11.848805529006544 4.859096619481993 35.38475989342534 -0.0331672634969995 1
moped_scooter 617 2 -1.6493964666675331 1059.6945 813.4813 1109.5264 906.89056 1.1238439415779677 0.6081457865645273 1.9309110504540523 1.8693437775662636 4.1285771121656865 22.860956962156475 -1.5678078415939887 1
Pedestrian 439 1 -1.717840180471339 1128.3884 728.33655 1265.9089 1054.9669 1.7225789809337888 0.6802925011540077 0.595225141139783 1.3075095127544443 2.3227937314333627 8.377209981203857 -1.56301002310787 1
Pedestrian 438 2 -1.6061006732101046 986.4692 732.3198 1060.1731 986.69635 1.8164069322190999 0.532009924195183 0.6020145789020067 0.45876198502481425 2.64528508913771 11.236509275815779 -1.5652955331521055 1
Pedestrian 440 1 -1.6557138081034757 1094.6752 765.91864 1178.513 1001.667 1.611015622366277 0.5512719996665653 0.8409870601623598 1.296467426643277 2.7039493277761837 11.161198328082186 -1.5400736089769396 1
