Car 604 1 -1.4619137192537468 801.50745 780.62213 898.7599 875.20746 1.6428231884597293 1.8089026386403724 3.6234545496933492 -2.460647122344727 5.363600471330475 33.8878889338023 -1.5343979108204604 1
Car 606 1 2.1141582654640336 0.0 704.5908 209.06787 871.5872 1.8205190944073706 1.8077072877029694 4.025422181621311 -12.105841717311087 3.006835146424931 20.244446528990434 -4.707962383123245 1
Car 605 1 2.0062269205988983 177.56738 740.34796 406.85593 859.2429 1.59181722520774 1.955201749218681 4.716043345971643 -11.90771272626193 3.8610519871903053 27.01640141063927 -4.692100685058007 1
Car 860 2 -1.5179649007330718 848.25415 791.51434 911.4661 855.0754 1.4784417006671018 1.8242870728053941 4.532509449606824 -2.6161302456182822 7.183217099364005 48.93592224733918 -1.5713743816460504 1
Car 856 2 1.8881373044343253 449.47147 761.9268 563.02716 834.2274 1.5124905428427435 1.82897134411805 3.8917409943596155 -12.312843102254547 5.422746954827133 40.707150995620275 -4.688772710603904 1
Car 857 2 1.839404106933312 518.92163 765.3621 620.11194 830.2878 1.5198517555041133 1.9398773524602435 4.610230368819979 -12.328385770084864 6.185823946148446 47.35769706190302 -4.698453522984355 1
Car 859 1 -1.3398957238295022 543.79535 763.1355 821.63226 983.70264 1.4757282619063217 1.764133856697763 3.909031499198476 -2.527933540054528 3.0029618726071874 14.518784079388574 -1.5122822550289392 1
Car 608 1 -1.2957329038116978 141.67308 695.40466 766.35626 1195.381 1.7022810823186216 1.8385886368082156 4.108954120233979 -2.1916718922935248 2.163524021535976 7.7271382948806755 -1.5721073562385253 1
moped_scooter 617 0 -1.65885099030983 1071.7782 816.1032 1127.679 919.05817 1.1238439415779677 0.6081457865645273 1.9309110504540523 1.915153154844865 3.917180464659253 20.880734014823712 -1.5673882185782122 1
Pedestrian 437 0 -1.4445193761615238 1158.4442 702.154 1313.8049 1109.466 1.7602448206125318 0.6439145563865791 0.5901593977256038 1.293416734327453 2.1407221855418745 6.985737319798032 -1.2614415438614317 1
Pedestrian 438 0 -1.5416235234868727 981.0477 740.2537 1065.7843 995.91797 1.768188387947329 0.6071583043383424 0.8059275569242982 0.47405239303652436 2.6608632715591782 11.14873676249625 -1.4991283946531597 1
bicycle 610 2 2.597945766764521 778.98956 802.7821 877.0247 880.1617 1.2231233943121786 0.6404191900865254 1.7471269423752693 -2.484411873471205 4.64279873845779 27.974279512406003 -3.7738177226610583 1
bicycle_rack 612 1 -2.527118332921024 0.0 732.4434 539.8629 1215.0 1.2211580621311953 3.0444168405736796 1.9669054521588034 -2.3637213030244624 1.5728582856241984 3.366038148808612 -3.139337052959399 1
bicycle_rack 613 2 -2.9785757174271974 746.75494 808.5079 857.6434 888.73315 1.0836119371017494 1.9945610412840058 1.6135677514452549 -2.7320301253560237 4.405690257847182 26.014765885870915 -3.0832106137527893 1
bicycle_rack 615 2 0.30852612141523156 360.35803 761.8966 491.57538 840.0341 1.2430171186139136 4.174217475780773 1.5482845601329558 -11.828984907683417 4.487532011007695 33.305072746787964 -0.0327476359367902 1
Pedestrian 439 2 -1.6465884565305 1182.2491 745.9038 1295.7339 1047.8087 1.625170828026435 0.5999740135231182 0.6476930965672328 1.599942060005239 2.3567812220455435 8.68770739108753 -1.4644674707589336 1
Pedestrian 440 0 -1.6594619383410727 1100.4637 766.96765 1185.4354 1004.8143 1.611015622366277 0.5512719996665653 0.8409870601623598 1.3327213397867745 2.703476686006728 11.070539704221241 -1.539653991988586 1
