Car 604 1 -1.4636919181807866 806.99805 778.9626 901.64703 870.9982 1.6428231884597293 1.8089026386403724 3.6234545496933492 -2.4262752091893747 5.408983167909989 34.71252108577376 -1.5334746794737257 1
Car 606 1 2.0943420777928097 0.0 707.4732 241.50453 867.05725 1.8205190944073706 1.8077072877029694 4.025422181621311 -12.067982946825216 3.100654288210013 21.16562542350087 -4.707039286280864 1
Car 605 1 1.9953449617453467 204.3964 742.78076 423.43402 858.29 1.59181722520774 1.955201749218681 4.716043345971643 -11.880814181745246 3.97396674194661 27.841355014051896 -4.691177616104344 1
Car 860 2 -1.5188817649260076 851.65265 791.0445 913.6891 853.46045 1.4784417006671018 1.8242870728053941 4.532509449606824 -2.5681985367570137 7.25828366510563 49.7565888107094 -1.5704512467203198 1
Car 857 2 1.8352349024350723 528.3432 766.0293 627.1319 829.8587 1.5198517555041133 1.9398773524602435 4.610230368819979 -12.281953797144315 6.286088395026554 48.18443192768198 -4.697530463190665 1
Car 859 1 -1.3477985484016273 568.95355 763.3584 827.9681 970.1077 1.4757282619063217 1.764133856697763 3.909031499198476 -2.5351415987569217 3.0834928057048128 15.361250664587665 -1.5113590870196176 1
Car 608 1 -1.3211627283614826 246.81508 703.87823 783.00574 1146.1549 1.7022810823186216 1.8385886368082156 4.108954120233979 -2.182005295841857 2.2620870648213263 8.544660216924783 -1.5711841899946415 1
moped_scooter 617 1 -1.6555415496846608 1069.3527 813.494 1122.6979 912.15216 1.1238439415779677 0.6081457865645273 1.9309110504540523 1.9379308098402266 3.982196489066354 21.698249686202637 -1.5664651241823213 1
Pedestrian 437 0 -1.0288934846711777 1056.9065 702.93823 1229.3359 1078.164 1.7602448206125307 0.7307707257189147 0.4721273136357643 0.921600548540664 2.178158723330964 7.5972942582251655 -0.9081768863065314 1
bicycle 611 1 -1.9302981501676775 1690.9794 758.5427 1935.0 1215.0 1.1972485559586568 0.49230129370677767 1.8473024099504103 2.152269346500934 1.5826888142833155 3.358270463798032 -1.3603564912754218 1
Pedestrian 439 1 -1.6362888446550208 1168.7466 749.46826 1279.9601 1045.4329 1.6043016643937846 0.5995327086264535 0.613028100993645 1.5226670691409852 2.3592942143587265 8.726712259197285 -1.4635443998332858 1
bicycle 610 2 2.59595426742574 784.7745 801.32117 880.0756 876.445 1.2231233943121786 0.6404191900865254 1.7471269423752693 -2.4695681784988786 4.707131302249996 28.75813757168168 -3.7728946001678034 1
bicycle_rack 612 1 -2.623490428567999 0.0 742.6405 600.35974 1215.0 1.2211580621311953 3.0444168405736796 1.9669054521588034 -2.362551254955452 1.6699920592893434 4.175294002527794 -3.1384140037319703 1
bicycle_rack 613 2 -2.9824228000384045 756.2311 805.93695 862.8762 883.09686 1.0836119371017494 1.9945610412840058 1.6135677514452549 -2.6994653682149443 4.471423802641454 26.94128861025695 -3.082287566638022 1
bicycle_rack 615 2 0.3009201636599884 377.34448 762.9019 503.73315 839.1484 1.2430171186139136 4.174217475780773 1.5482845601329558 -11.795616705463345 4.587534634952521 34.131381255108266 -0.031824531300451264 1
Pedestrian 438 0 -1.5391070654869945 981.4939 742.23663 1055.3029 987.63416 1.7259099688759278 0.532009924195183 0.712750058216278 0.4380512406996423 2.637995368643698 11.249975826959572 -1.500188754680752 1
Pedestrian 440 2 -1.6610686968080308 1105.3949 767.3939 1187.2158 998.2894 1.611015622366277 0.5512719996665653 0.6157576915985221 1.3698723324910769 2.7028175796296603 11.141540719052582 -1.538730910852487 1
