Car 604 1 -1.4631194763157624 805.2823 779.32416 900.7698 872.1622 1.6428231884597293 1.8089026386403724 3.6234545496933492 -2.436273178365937 5.389851288504676 34.441866952492994 -1.5337376572478494 1
Car 606 1 2.1006163653985777 0.0 703.20306 231.43413 864.5171 1.8205190944073706 1.8077072877029694 4.025422181621311 -12.071046010216492 3.018073711687593 20.85299358675325 -4.707302225744972 1
Car 605 1 1.9986847849781348 196.21268 738.94 418.4138 854.932 1.59181722520774 1.955201749218681 4.716043345971643 -11.885697479881923 3.876187841501615 27.577151747037906 -4.691440547624779 1
Car 860 2 -1.518585060306038 850.6069 790.96674 913.02344 853.72876 1.4784417006671018 1.8242870728053941 4.532509449606824 -2.5820870278575554 7.225685231543224 49.48763534693976 -1.5707141970317653 1
Car 856 2 1.8844285334227724 457.7411 762.49304 569.1748 833.8337 1.5124905428427435 1.82897134411805 3.8917409943596155 -12.284276932116699 5.490043106925814 41.26239216297033 -4.688112445600678 1
Car 857 2 1.8365910554413638 525.3434 765.8134 624.90814 829.99896 1.5198517555041133 1.9398773524602435 4.610230368819979 -12.295400978319082 6.253191379038615 47.91293890467759 -4.6977933921021355 1
Car 859 1 -1.34658611989054 563.2067 761.559 827.85126 972.3348 1.4757282619063217 1.764133856697763 3.909031499198476 -2.5101553257087046 3.0360933797230887 15.07141083504167 -1.5116220467531665 1
Car 608 1 -1.313459883927353 215.81723 697.19336 777.9761 1153.9446 1.7022810823186216 1.8385886368082156 4.108954120233979 -2.184603032724289 2.201882677775776 8.279166082212711 -1.5714471492264492 1
moped_scooter 617 0 -1.6566124718730708 1070.1969 813.59033 1124.356 913.54694 1.1238439415779677 0.6081457865645273 1.9309110504540523 1.9314685713020883 3.949857751001676 21.430459547552616 -1.5667280629496079 1
Pedestrian 439 1 -1.635553037093117 1165.5497 747.13934 1281.5988 1052.4637 1.6098558281206816 0.6099975497791232 0.8075799587111254 1.503266373298111 2.3537684457207346 8.666631959386372 -1.4638073319146387 1
bicycle 611 2 -1.9685823884921207 1738.5952 755.4647 1935.0 1215.0 1.1972485559586568 0.49230129370677767 1.8473024099504103 2.150669789643335 1.5504340291968677 3.0905268317654087 -1.360619472884411 1
Pedestrian 437 0 -1.2868767810076867 1092.1927 705.68604 1258.4434 1094.173 1.7602448206125318 0.6439145563865791 0.7057805342843464 1.0724082994601638 2.185640211517171 7.419696470480908 -1.1433354879410014 1
Pedestrian 438 0 -1.570321062507544 985.6312 732.09344 1065.5724 988.97253 1.8052660725859841 0.5794412616226072 0.7601813956436821 0.482886595986363 2.6383316066051687 11.229437352548528 -1.5273456875264568 1
bicycle 610 2 2.597336442478607 781.8445 800.19434 878.0318 875.9431 1.2231233943121786 0.6404191900865254 1.7471269423752693 -2.4950777657390573 4.655224053699101 28.50500828681644 -3.773157546925832 1
bicycle_rack 612 1 -2.594399547605147 0.0 739.555 581.8782 1215.0 1.2211580621311953 3.0444168405736796 1.9669054521588034 -2.3643666313635925 1.637591980932347 3.906372231936964 -3.138676929628652 1
bicycle_rack 613 2 -2.9824198562495807 755.6567 805.658 862.62396 883.03156 1.0836119371017494 1.9945610412840058 1.6135677514452549 -2.6986509044790328 4.456496459890333 26.86116822165881 -3.082550491934573 1
bicycle_rack 615 2 0.30338550415032706 371.91806 762.57776 499.8563 839.43494 1.2430171186139136 4.174217475780773 1.5482845601329558 -11.805342694976437 4.554712052337928 33.86000845814224 -0.03208747301879056 1
Pedestrian 440 1 -1.6591817812841714 1102.1927 766.83105 1183.796 997.8455 1.611015622366277 0.5512719996665653 0.589260118826313 1.3411217863039686 2.6937509241405952 11.104758478719255 -1.5389938458427115 1
