Car 604 1 -1.4602724358396886 796.04614 777.7718 895.7072 874.19556 1.6428231884597293 1.8089026386403724 3.6234545496933492 -2.4997920908673206 5.221407199958556 33.164068405143254 -1.5355066877039445 1
Car 606 1 2.1274646197146794 0.0 698.87256 186.67346 871.03485 1.8205190944073706 1.8077072877029694 4.025422181621311 -12.083728608076274 2.8878911333454327 19.561682378835318 -4.70907099843337 1
Car 860 2 -1.5171003791820354 844.7017 791.29016 909.00256 855.84906 1.4784417006671018 1.8242870728053941 4.532509449606824 -2.6724559991698196 7.094330339108861 48.20503234371429 -1.572483042699895 1
Car 856 2 1.8932370227767876 437.71487 761.14276 554.232 834.76434 1.5124905428427435 1.82897134411805 3.8917409943596155 -12.359873352990235 5.332722261005706 39.96556334040388 -4.689881506682593 1
Car 605 2 2.0162387436593567 151.97232 734.5523 391.094 855.923 1.59181722520774 1.955201749218681 4.716043345971643 -11.935649985762902 3.693349168876002 26.28387777066012 -4.693209266870782 1
Car 857 2 1.843261544344081 509.75803 764.73895 613.2041 830.6782 1.5198517555041133 1.9398773524602435 4.610230368819979 -12.382836282358781 6.095678764974689 46.61610175612046 -4.699562093793563 1
bicycle_rack 858 1 -1.6875088950695705 1123.0605 815.6288 1233.9958 952.5777 1.069466222111047 0.9108775062920552 2.2041691255577924 2.267464743193238 3.238330816007126 15.89216836924948 -1.545787284945498 1
Car 859 1 -1.3314855251527011 517.93585 759.88135 813.80194 992.13086 1.4757282619063217 1.764133856697763 3.909031499198476 -2.5441032612289343 2.9048756915133276 13.831253120836713 -1.513390955835929 1
Car 608 0 -1.2713740717605755 25.034647 686.5907 752.4491 1215.0 1.7022810823186216 1.8385886368082156 4.108954120233979 -2.1785545871280907 2.075786311378616 6.996997278750234 -1.573216054910545 1
Pedestrian 438 0 -1.4947259990880322 983.6041 740.7 1061.7793 995.3196 1.7655915895346617 0.5247565777190186 0.7873270761478558 0.46838791504438804 2.6636419259538844 11.17541802338167 -1.452838175372307 1
Pedestrian 439 1 -1.4345565872080774 1179.0596 742.97144 1308.6177 1060.8076 1.6547076652587944 0.6227186921340221 0.9048883985794736 1.6592872732119819 2.3838043242467535 8.706157183063802 -1.2462273899867469 1
bicycle 610 2 2.6003547215052616 772.3112 801.0657 873.0424 880.4797 1.2231233943121786 0.6404191900865254 1.7471269423752693 -2.51645994235273 4.524203583580837 27.24708193735429 -3.7749263689408523 1
bicycle_rack 612 1 -2.412766901216501 0.0 719.92053 471.10413 1215.0 1.2211580621311953 3.0444168405736796 1.9669054521588034 -2.3476168808181193 1.4854214502116008 2.635563147345601 -3.1404456111444397 1
bicycle_rack 613 2 -2.9755168616429004 738.54205 807.22797 852.9943 889.7376 1.0836119371017494 1.9945610412840058 1.6135677514452549 -2.762145912514795 4.293649765609987 25.28657694656206 -3.0843191693791616 1
bicycle_rack 615 2 0.315627611470563 343.93036 760.9473 479.7753 840.8637 1.2430171186139136 4.174217475780773 1.5482845601329558 -11.867746734184504 4.397703170812287 32.56400531204677 -0.033856260164154994 1
moped_scooter 617 1 -1.662029082768792 1073.7715 814.0716 1132.1384 920.68744 1.1238439415779677 0.6081457865645273 1.9309110504540523 1.8909948092758246 3.796105924307373 20.158578834211546 -1.5684968309495244 1
Pedestrian 437 0 -1.5393154188621765 1252.7953 702.4027 1402.9331 1134.8207 1.7363096804858547 0.6109142773694642 0.8403678526362198 1.6442784854767394 2.1070593099971453 6.666458932051855 -1.2974926841377346 1
Pedestrian 440 0 -1.665455135167681 1106.5507 766.9193 1193.6035 1002.43646 1.611015622366277 0.5732709507913036 0.6687528371429495 1.3769925845842435 2.686887364433474 10.985809596437056 -1.5407625884362481 1
