Car 604 1 -1.4589766673267648 791.794 784.423 893.2851 883.2739 1.6428231884597293 1.8089026386403724 3.6234545496933492 -2.5310627856802106 5.321108779582678 32.63988388938617 -1.5363668848633747 1
Car 606 1 2.139988247100985 0.0 700.7244 165.07281 878.6107 1.8205190944073706 1.8077072877029694 4.025422181621311 -12.114987840461398 2.8879999793833573 19.037636595376124 -4.709931070215223 1
Car 860 2 -1.5164634111533493 842.0221 794.79156 907.1186 860.443 1.4784417006671018 1.8242870728053941 4.532509449606824 -2.7153674763119486 7.153770373907317 47.6872530300119 -1.5733431499749915 1
Car 856 2 1.8968641863190374 429.19592 760.58344 547.8459 835.1447 1.5124905428427435 1.82897134411805 3.8917409943596155 -12.395827136543769 5.270531130811914 39.45372125287009 -4.690741718733399 1
Car 605 2 2.023594844509333 132.86641 733.2563 379.3482 857.0055 1.59181722520774 1.955201749218681 4.716043345971643 -11.959753530670922 3.631390488547214 25.77238045385303 -4.694069312662377 1
Car 857 2 1.845997841479142 503.11758 764.2959 608.17926 830.95276 1.5198517555041133 1.9398773524602435 4.610230368819979 -12.42454673892953 6.033393482826114 46.10424810644182 -4.700422131046507 1
bicycle_rack 858 1 -1.6919342214245734 1126.4896 816.73834 1242.0361 958.6459 1.069466222111047 0.9108775062920552 2.2041691255577924 2.2520927432477387 3.1867105975793466 15.391788125545984 -1.5466473675355317 1
Car 859 1 -1.3244005617153103 496.24286 761.52814 807.1646 1004.80664 1.4757282619063217 1.764133856697763 3.909031499198476 -2.559763271615745 2.875600385895854 13.320663618231876 -1.514251093967274 1
Car 608 0 -1.2493595669302355 0.0 679.60175 738.5642 1215.0 1.7022810823186216 1.8385886368082156 4.108954120233979 -2.186027681795467 2.0150965824880855 6.493815609765736 -1.5740761913744905 1
Pedestrian 437 0 -1.7900969907410356 1279.4048 696.18494 1451.0125 1127.4272 1.770524369770807 0.6109142773694642 0.5884764235016128 1.7510814250797446 2.097297565249332 6.548094215161595 -1.5287928267450048 1
Pedestrian 439 1 -1.470954006016238 1241.9032 733.5764 1359.2522 1058.2849 1.7199210419513842 0.5988391396651271 0.5649541546678561 1.9415185064070712 2.3660099998544473 8.527291695575274 -1.2470874122988085 1
Pedestrian 438 0 -1.5438333097369048 982.2664 741.9256 1066.5974 995.9181 1.7882498922012169 0.6078000542285196 0.46609914398161506 0.4710773700952145 2.6701946774501923 11.016326317533807 -1.5010975973999536 1
bicycle 610 2 2.600853805285404 769.15796 804.34814 872.051 885.7025 1.2231233943121786 0.6404191900865254 1.7471269423752693 -2.5007209725747415 4.517789244557313 26.680620909711585 -3.7757864648723833 1
bicycle_rack 612 2 -2.3007294896084467 0.0 707.8758 389.3751 1215.0 1.2211580621311953 3.0444168405736796 1.9669054521588034 -2.3811921520148887 1.4239318202311675 2.1319149573892258 -3.1413056386530505 1
bicycle_rack 613 2 -2.9731717971252705 732.2701 810.3055 849.36896 894.84564 1.0836119371017494 1.9945610412840058 1.6135677514452549 -2.7868275424323543 4.2845246266207475 24.77660980111961 -3.085179194886635 1
bicycle_rack 615 2 0.320701425105215 331.98776 760.266 471.20364 841.45844 1.2430171186139136 4.174217475780773 1.5482845601329558 -11.89728622973925 4.335664733382944 32.05257308582415 -0.03471633853120637 1
moped_scooter 617 1 -1.6642719763275151 1075.0226 816.9753 1135.2214 926.75903 1.1238439415779677 0.6081457865645273 1.9309110504540523 1.87115068271344 3.772372652197917 19.654710302228448 -1.5693569004509464 1
Pedestrian 440 0 -1.6629833149755595 1100.1008 768.92834 1189.5521 1004.3785 1.611015622366277 0.5964633082857393 0.5495137596679783 1.3247792612603357 2.684490825986047 10.862406311249194 -1.5416226455847635 1
