Car 604 1 -1.4568543187558367 784.199 776.0122 888.7565 876.57477 1.6428231884597293 1.8089026386403724 3.6234545496933492 -2.5915238503247515 5.042308973501012 31.80153690573944 -1.5381651714834164 1
Car 856 2 1.9032981112028686 413.546 759.58435 536.043 835.81256 1.5124905428427435 1.82897134411805 3.8917409943596155 -12.469648889968033 5.163599411762659 38.57526429954742 -4.692540036483436 1
Car 605 2 2.0367740698366124 97.58655 730.91327 357.71027 858.96594 1.59181722520774 1.955201749218681 4.716043345971643 -12.008802802126233 3.5249486365589533 24.894676956639636 -4.695867282754392 1
Car 606 2 2.1610177361337826 0.0 692.494 127.76738 877.90344 1.8205190944073706 1.8077072877029694 4.025422181621311 -12.151106974541307 2.732628860179932 18.165240570936522 -4.711729094648945 1
Car 857 2 1.8508380567243385 490.87613 763.5069 598.83344 831.4295 1.5198517555041133 1.9398773524602435 4.610230368819979 -12.510403038917529 5.926263023676963 45.2257510995507 -4.702220083282398 1
bicycle_rack 858 1 -1.698310448824487 1129.9154 811.3662 1253.7162 961.2798 1.069466222111047 0.9108775062920552 2.2041691255577924 2.196523512473848 3.0219619778090308 14.546785742410203 -1.548445414576809 1
Car 859 1 -1.3135253526387258 458.6965 753.6515 797.8385 1014.1562 1.4757282619063217 1.764133856697763 3.909031499198476 -2.5561375777093063 2.719679851684319 12.448378346619819 -1.5160492571654123 1
Car 608 1 -1.2073705482882113 0.0 661.0859 714.92316 1215.0 1.7022810823186216 1.8385886368082156 4.108954120233979 -2.1765963272688347 1.8885193533153812 5.636764156784147 -1.5758743510555746 1
Car 860 2 -1.5153413661534108 836.905 789.72125 903.3487 856.1122 1.4784417006671018 1.8242870728053941 4.532509449606824 -2.8046460756443863 6.891705149579383 46.84460905766758 -1.5751412486229703 1
Pedestrian 439 2 -1.780197836837218 1292.015 721.8229 1427.175 1063.5596 1.7426449092463645 0.5988391396651271 0.584580425989525 2.1453659581616633 2.2879442144324424 8.106630305552027 -1.521485365362767 1
Pedestrian 438 0 -1.51471930290886 979.48535 730.56134 1060.2416 999.6266 1.8304647350220127 0.5467246473138354 0.6397945235133159 0.430594811398925 2.6171363607031326 10.78904333048525 -1.474830093660483 1
bicycle 610 2 2.605985122480311 756.7972 800.2107 863.4118 884.21497 1.2231233943121786 0.6404191900865254 1.7471269423752693 -2.597830719612231 4.3377462453758655 25.791854823311578 -3.777584540140573 1
bicycle_rack 613 1 -2.969195096715436 721.00824 803.9225 842.7766 890.9889 1.0836119371017494 1.9945610412840058 1.6135677514452549 -2.8314374600940955 4.072622574020324 23.92837255008816 -3.086977122663425 1
bicycle_rack 615 2 0.32974591350277327 310.0441 759.0402 455.418 842.5215 1.2430171186139136 4.174217475780773 1.5482845601329558 -11.957699777981341 4.229054337527098 31.17499066662626 -0.03651437579294092 1
moped_scooter 617 2 -1.666450225752766 1074.217 811.7453 1137.4619 926.15326 1.1238439415779677 0.6081457865645273 1.9309110504540523 1.797917190186034 3.5946326095701684 18.80965141025012 -1.5711549201159636 1
Pedestrian 437 0 -1.8119869395996087 1300.298 686.3292 1500.5018 1159.7585 1.7588947352142592 0.6028634148028849 0.8069845840820503 1.7572480189431552 2.0256795642865937 6.079055255077703 -1.5305913022683326 1
Pedestrian 440 0 -1.656965177666015 1090.3906 762.5649 1176.2687 1004.6296 1.611015622366277 0.5512719996665653 0.7482455554596058 1.2279643595061882 2.6374409299205768 10.768309218985674 -1.5434206394276377 1
