Car 604 1 -1.4552976537285613 779.0528 772.40753 885.83875 874.4873 1.6428231884597293 1.8089026386403724 3.6234545496933492 -2.6260483189880026 4.904049026060769 31.222827826574385 -1.5392068473396647 1
Car 856 2 1.9078528680916689 402.79214 758.8839 528.0365 836.2919 1.5124905428427435 1.82897134411805 3.8917409943596155 -12.511657610249516 5.090991011263545 37.977690910030276 -4.693581730371276 1
Car 605 2 2.0462192361723055 72.3371 729.23553 342.51624 860.39734 1.59181722520774 1.955201749218681 4.716043345971643 -12.036462487273013 3.452626420894607 24.297560245296193 -4.696908775205815 1
Car 606 2 2.176071439547682 0.0 685.6235 101.08956 876.3061 1.8205190944073706 1.8077072877029694 4.025422181621311 -12.168888067348371 2.6158668345112916 17.573073635621412 1.5704146885965082 1
Car 857 2 1.854251431010704 482.57806 762.9575 592.58844 831.77136 1.5198517555041133 1.9398773524602435 4.610230368819979 -12.559382833802164 5.853538318883363 44.628144680622704 -4.703261565387012 1
bicycle_rack 858 1 -1.7055574976344647 1136.4086 808.9939 1267.1669 965.2377 1.069466222111047 0.9108775062920552 2.2041691255577924 2.197742450068433 2.9257178042483583 13.967204234626317 -1.549486951614314 1
Car 608 1 -1.166928864625907 0.0 645.24005 690.2459 1215.0 1.7022810823186216 1.8385886368082156 4.108954120233979 -2.1956066119335014 1.7990304581044028 5.051832761359028 -1.576915953349137 1
Car 859 1 -1.3045354507867173 428.00726 747.2228 790.65094 1021.5661 1.4757282619063217 1.764133856697763 3.909031499198476 -2.5522492804731187 2.606600499254755 11.826075348276465 -1.5170908615156231 1
Car 860 2 -1.5145461397999103 833.6307 785.364 901.02136 852.1766 1.4784417006671018 1.8242870728053941 4.532509449606824 -2.8557125993762362 6.687336164223615 46.27269865173623 -1.576182815554931 1
Pedestrian 437 0 -1.81861126795848 1312.4106 674.7715 1505.2592 1160.1797 1.7899884888708637 0.5702037369673592 0.7486967352162097 1.7645714242535784 2.0022447777893255 5.97906802621978 -1.531633087583182 1
Pedestrian 438 0 -1.4896356710593026 980.5464 727.82935 1058.6927 998.9536 1.7887169885233645 0.4953910023957276 0.6676802884379159 0.4176160179260406 2.5364255213012195 10.501810297400173 -1.4498905144238965 1
bicycle 610 2 2.6050409142026627 755.4361 794.97003 864.42596 880.59595 1.2231233943121786 0.6404191900865254 1.7471269423752693 -2.5432864742918495 4.180314949017901 25.225699767322393 -3.7786260937370093 1
bicycle_rack 613 1 -2.967050550160629 714.38184 800.4497 839.47565 889.4472 1.0836119371017494 1.9945610412840058 1.6135677514452549 -2.838064791425031 3.946269778872989 23.346727528603083 -3.0880185906594386 1
bicycle_rack 615 2 0.3361877902708993 294.6837 758.1743 444.5238 843.287 1.2430171186139136 4.174217475780773 1.5482845601329558 -11.9919424120373 4.156633372777903 30.57793481051818 -0.03755590657749752 1
moped_scooter 617 2 -1.668893226822007 1075.2467 808.278 1140.8916 926.13495 1.1238439415779677 0.6081457865645273 1.9309110504540523 1.7684840496869043 3.477977686467262 18.231926403032155 -1.5721964412869485 1
Pedestrian 439 2 -2.1874620563931986 1324.1597 709.2002 1503.4633 1079.4979 1.7426449092463645 0.5988391396651271 0.6705681588044101 2.298334928164988 2.1965843644983365 7.639168334574784 -1.8952146882271945 1
Pedestrian 440 0 -1.6586028174084138 1089.5967 756.27386 1179.5067 1007.9691 1.611015622366277 0.5512719996665653 0.8409870601623598 1.1975168283652065 2.566267665023446 10.44598593988024 -1.5444621456423042 1
