Car 604 1 -1.453194685837189 772.9621 769.7508 882.75964 874.1386 1.6428231884597293 1.8089026386403724 3.6234545496933492 -2.6533988845598313 4.77298472188783 30.476829001725008 -1.540038530811598 1
Car 856 2 1.9138743024099147 389.42233 757.97394 518.3112 836.94073 1.5124905428427435 1.82897134411805 3.8917409943596155 -12.544881900356279 4.999050847726949 37.2183423087356 -4.69441342823937 1
Car 605 2 2.058864350530307 39.07158 727.00183 323.02145 862.3535 1.59181722520774 1.955201749218681 4.716043345971643 -12.058230747283543 3.360916026486405 23.53858691455897 -4.697740312218057 1
Car 606 2 2.197464546169786 0.0 673.3913 63.814262 871.0224 1.8205190944073706 1.8077072877029694 4.025422181621311 -12.178673933945177 2.4299011991917925 16.777924181777102 1.5695831264457252 1
Car 857 2 1.8587451998645035 472.4977 762.2498 585.21204 832.2357 1.5198517555041133 1.9398773524602435 4.610230368819979 -12.598172855694166 5.761504674495347 43.8687645323325 -4.704093094136452 1
bicycle_rack 858 1 -1.716677090492244 1147.7455 809.2654 1288.8712 975.1894 1.069466222111047 0.9108775062920552 2.2041691255577924 2.2197197131272657 2.8362501968833227 13.219666653066433 -1.5503185242310007 1
Car 608 1 -1.1070981972299019 0.0 618.2297 659.4531 1215.0 1.7022810823186216 1.8385886368082156 4.108954120233979 -2.189391909564296 1.6922853991457019 4.303193009947272 -1.577747578071163 1
Car 859 1 -1.28917604822809 378.0541 740.10004 778.6797 1036.7832 1.4757282619063217 1.764133856697763 3.909031499198476 -2.5584699839731178 2.4762169384996673 10.98897810565392 -1.5179224878898956 1
Car 860 2 -1.5134897281625341 830.10223 783.1213 898.76227 850.8543 1.4784417006671018 1.8242870728053941 4.532509449606824 -2.8960770510384726 6.535869614861209 45.528450207748975 -1.5770144120399863 1
Pedestrian 439 2 -2.6989577920983594 1381.5544 702.1696 1564.6573 1106.3931 1.7426449092463645 0.5988391396651271 0.6189199535369732 2.4101037088608925 2.128762764400058 7.042078379906475 -2.3692098709540157 1
Pedestrian 438 0 -0.8640844176693534 976.8668 717.47003 1097.6727 1006.3569 1.8066388948326864 0.6356642650680788 0.49896909823118296 0.5071002470259703 2.450911412074297 10.008123054377027 -0.8134588461914697 1
bicycle 610 2 2.6094443847130937 745.62616 792.108 858.33026 880.4426 1.2231233943121786 0.6404191900865254 1.7471269423752693 -2.592079153292799 4.041370512130774 24.42768423605816 -3.7794576796843575 1
bicycle_rack 613 1 -2.9622433898581977 703.2446 797.8827 833.113 889.69965 1.0836119371017494 1.9945610412840058 1.6135677514452549 -2.8767797799590995 3.8180355356321174 22.60063670003052 -3.0888501081761093 1
bicycle_rack 615 2 0.3447574623033534 275.045 757.04083 430.90457 844.3194 1.2430171186139136 4.174217475780773 1.5482845601329558 -12.018966592156934 4.064843547307718 29.81900517942089 -0.03838747389235442 1
moped_scooter 617 1 -1.6702848893351678 1074.7277 806.78455 1143.4171 929.797 1.1238439415779677 0.6081457865645273 1.9309110504540523 1.7060002529016483 3.3680912840539223 17.485834965809246 -1.5730280012311753 1
Pedestrian 437 0 -1.8584507993499444 1362.4637 656.23254 1585.1912 1188.202 1.8133850286382664 0.6059372273729942 0.6684521573162586 1.8538716152530483 1.935542173369279 5.484080912774466 -1.5324648584658984 1
Pedestrian 440 0 -1.7898747627771592 1088.1663 748.18 1195.1259 1006.9001 1.6375131951384927 0.6008215612602883 0.6025089052123898 1.209661962385021 2.4980852943061667 10.109232299688212 -1.6707818794551452 1
