Car 604 1 -1.4563206836456897 783.01373 774.6131 888.36475 875.71643 1.6428231884597293 1.8089026386403724 3.6234545496933492 -2.590096070554687 4.989709384154772 31.590480331059517 -1.5381274659778603 1
Car 856 2 1.9049335538962477 410.38544 759.34436 533.84064 835.99554 1.5124905428427435 1.82897134411805 3.8917409943596155 -12.468155353516023 5.13784604996108 38.36111741630894 -4.69250233032518 1
Car 605 2 2.0401699793811368 89.36719 730.32825 352.98465 859.4864 1.59181722520774 1.955201749218681 4.716043345971643 -12.007828666697241 3.499184949083926 24.680513821357003 -4.695829583886811 1
Car 606 2 2.1662812578089943 0.0 687.9368 119.31041 874.6272 1.8205190944073706 1.8077072877029694 4.025422181621311 -12.147567706351477 2.662326780511738 17.956187242140917 -4.71169139464185 1
Car 857 2 1.8520618350932292 488.57642 763.3204 597.2504 831.56366 1.5198517555041133 1.9398773524602435 4.610230368819979 -12.508657169821157 5.90051385547722 45.01160527667022 -4.702182384789293 1
bicycle_rack 858 1 -1.699928350177822 1131.4869 808.86554 1257.5239 960.7578 1.069466222111047 0.9108775062920552 2.2041691255577924 2.188856259467387 2.9697510207035034 14.33520652061122 -1.548407714095518 1
Car 859 1 -1.3101644869011393 447.75296 750.05023 795.9339 1015.5922 1.4757282619063217 1.764133856697763 3.909031499198476 -2.5465790046863774 2.663767341021082 12.195987413137676 -1.516011554247985 1
Car 608 1 -1.1957912017877614 0.0 661.64154 710.1134 1215.0 1.7022810823186216 1.8385886368082156 4.108954120233979 -2.164951708767425 1.8860425994897272 5.419622340744543 -1.5758366482123252 1
Car 860 2 -1.5150704607690308 836.36816 788.9076 903.1543 855.5317 1.4784417006671018 1.8242870728053941 4.532509449606824 -2.802887569291595 6.841763276512621 46.63294455424167 -1.5751035470596004 1
Pedestrian 437 0 -1.8117203813053973 1304.5691 677.01404 1491.0575 1139.416 1.7566025243297683 0.6028634148028849 0.5759196708481422 1.746924580839432 1.9778479747376 6.048530473384116 -1.5305535928011804 1
bicycle 610 2 2.6067563776939244 755.23114 797.87604 862.7436 882.4442 1.2231233943121786 0.6404191900865254 1.7471269423752693 -2.5956602476685973 4.272003785185818 25.582090180800108 -3.777546839062766 1
bicycle_rack 613 1 -2.968125340817729 718.7758 804.4824 841.7849 892.4289 1.0836119371017494 1.9945610412840058 1.6135677514452549 -2.8307401832917667 4.0560807120779945 23.712738595359692 -3.086939424681831 1
bicycle_rack 615 2 0.3320604416092016 305.26855 758.7442 452.20044 842.8015 1.2430171186139136 4.174217475780773 1.5482845601329558 -11.956487360740939 4.203294209085198 30.96082520089384 -0.03647667552990086 1
moped_scooter 617 2 -1.6650866985379675 1071.9878 811.73016 1135.7546 927.53265 1.1238439415779677 0.6081457865645273 1.9309110504540523 1.7524722861247135 3.567544919584987 18.594452309457054 -1.5711172202088748 1
Pedestrian 439 2 -1.7868705136176573 1300.6819 717.03235 1440.3353 1067.9807 1.7426449092463645 0.5988391396651271 0.584580425989525 2.145753081891921 2.2478652399324988 7.893540135435311 -1.521447666119207 1
Pedestrian 438 0 -1.5149632600532617 983.10803 727.02466 1057.9519 998.1736 1.8304647350220127 0.5009907641310231 0.5315843645888536 0.4261021734951326 2.5741736716082153 10.60153489725235 -1.4747923836000292 1
Pedestrian 440 0 -1.6552471945134455 1083.9397 751.2313 1177.7307 1004.6101 1.6779132922429933 0.6042671452110029 0.6952504099151804 1.1922800699142384 2.6046082691253503 10.613780771481942 -1.5433829400619423 1
