Car 604 1 -1.4538502839710203 774.81415 769.37415 883.6816 872.9003 1.6428231884597293 1.8089026386403724 3.6234545496933492 -2.64562321442793 4.786673512787381 30.702561971790473 -1.5398074155846968 1
Car 856 2 1.912053529210418 393.4392 758.2484 521.22205 836.74384 1.5124905428427435 1.82897134411805 3.8917409943596155 -12.535647045770919 5.026436531996881 37.444613627744566 -4.694182309011981 1
Car 605 2 2.055023450732131 49.202744 727.68066 328.92233 861.75543 1.59181722520774 1.955201749218681 4.716043345971643 -12.052179357606308 3.388237746857182 23.764753001056736 -4.6975092376930645 1
Car 606 2 2.189909868360943 0.0 675.2531 76.964386 869.79767 1.8205190944073706 1.8077072877029694 4.025422181621311 -12.17489361200363 2.4624643311247087 17.050395768692603 1.5698142079566453 1
Car 857 2 1.8573882490085136 475.51318 762.4628 587.4092 832.0951 1.5198517555041133 1.9398773524602435 4.610230368819979 -12.587391352155217 5.788916391460956 44.09504507899841 -4.703862021907758 1
bicycle_rack 858 1 -1.7114510771359837 1141.6738 809.12854 1279.0925 972.0288 1.069466222111047 0.9108775062920552 2.2041691255577924 2.1882172765732193 2.862449860589055 13.442878654840806 -1.550087439811366 1
Car 608 1 -1.1317353999059903 0.0 626.1951 675.60516 1215.0 1.7022810823186216 1.8385886368082156 4.108954120233979 -2.164219161827882 1.7080059958135227 4.528960356272503 -1.5775164791716754 1
Car 859 1 -1.29338147371054 392.3399 742.0999 781.7362 1032.1027 1.4757282619063217 1.764133856697763 3.909031499198476 -2.560740362372662 2.5120155138321376 11.223970098050216 -1.517691388530359 1
Car 860 2 -1.5138123510780146 831.1453 783.22925 899.4182 850.62274 1.4784417006671018 1.8242870728053941 4.532509449606824 -2.884893645451052 6.5630195509672795 45.75250220075302 -1.5767833209875768 1
Pedestrian 439 2 -2.5448966818617826 1355.4567 704.89453 1539.6346 1097.3073 1.7426449092463645 0.5988391396651271 0.6189199535369732 2.351660458707214 2.153039802138951 7.243735884119499 -2.2309836758097497 1
Pedestrian 438 0 -1.0251971310288965 972.83673 719.23706 1089.2179 1003.24146 1.8147797891413704 0.6237974133708003 0.49896909823118296 0.4765969163148804 2.4816749221057472 10.190316969202973 -0.9784616004925223 1
bicycle 610 2 2.6065720360885076 751.0163 792.35144 862.3529 879.67035 1.2231233943121786 0.6404191900865254 1.7471269423752693 -2.5441580849126213 4.0766873541424085 24.706560840703965 -3.7792265915504903 1
bicycle_rack 613 1 -2.9650951089612554 708.80756 798.0141 837.0391 888.9092 1.0836119371017494 1.9945610412840058 1.6135677514452549 -2.833630493983157 3.845890294765176 22.823138910509254 -3.0886190390660397 1
bicycle_rack 615 2 0.3421603381670077 280.9815 757.3838 435.00354 844.0055 1.2430171186139136 4.174217475780773 1.5482845601329558 -12.011454640235662 4.092187393111775 30.0451595577266 -0.038156390973590026 1
moped_scooter 617 2 -1.6706458432868256 1075.9808 806.8262 1143.8599 928.2004 1.1238439415779677 0.6081457865645273 1.9309110504540523 1.738377823010887 3.395771022817912 17.70920153808347 -1.57279692033347 1
Pedestrian 437 0 -1.8436298240252234 1344.2546 679.2517 1555.7041 1184.9572 1.7446278252104161 0.5702037369673592 0.7637414650646126 1.8141008762233601 1.9637547066035608 5.6361719430440695 -1.5322337189469473 1
Pedestrian 440 0 -1.7024153946186038 1090.0443 748.8758 1185.933 1004.6066 1.637513195138492 0.5680309779361903 0.6792817349565302 1.200844758841466 2.5160472694432925 10.253177887456138 -1.5858272606444563 1
