Car 604 1 -1.4505709308223538 767.3277 769.38947 880.9943 877.1491 1.6428231884597293 1.8089026386403724 3.6234545496933492 -2.643306200439139 4.677525941832937 29.5693970682756 -1.5397272545671523 1
Car 856 2 1.9213874736217225 374.92416 756.8739 508.35666 837.79266 1.5124905428427435 1.82897134411805 3.8917409943596155 -12.532603254281188 4.890594633344527 36.3156948546588 -4.694102146606882 1
Car 605 2 2.074950162603252 0.0 724.19586 300.46777 864.9257 1.59181722520774 1.955201749218681 4.716043345971643 -12.050239739077448 3.2523736831275922 22.635797899295692 -4.697429090792308 1
Car 857 2 1.8643130498183424 462.1552 761.4062 578.2082 832.8526 1.5198517555041133 1.9398773524602435 4.610230368819979 -12.583811113506973 5.653083512135257 42.96612942357947 -4.703781875803431 1
bicycle_rack 858 1 -1.7301347534066909 1162.8838 808.6202 1318.3453 987.8474 1.069466222111047 0.9108775062920552 2.2041691255577924 2.2422697572854027 2.718734778138253 12.313315625314143 -1.550007289478812 1
Car 608 1 -1.0056102013014458 0.0 479.24167 610.19604 1215.0 1.7022810823186216 1.8385886368082156 4.108954120233979 -2.187253324186266 1.5719437958856795 3.39874185370428 -1.5774363238169344 1
Car 859 1 -1.2720780584133473 319.24057 735.3347 768.8808 1062.8372 1.4757282619063217 1.764133856697763 3.909031499198476 -2.527237671357716 2.3681061469372198 10.085179908715332 -1.5176112330162157 1
Car 860 2 -1.512228314042766 827.8065 781.92944 898.0546 850.97595 1.4784417006671018 1.8242870728053941 4.532509449606824 -2.88122633127864 6.402945830538133 44.62565800675377 -1.5767031683544874 1
Pedestrian 439 1 -3.116751511065928 1469.6979 688.2875 1639.6575 1151.4092 1.7426449092463645 0.5988391396651271 0.6189199535369732 2.434571099322267 2.0194159840038113 6.132551840507836 -2.738841335493799 1
Pedestrian 438 0 -0.05697725902477836 1027.0732 713.818 1106.9221 1017.5656 1.79839802559844 0.5765465261601652 0.46363919261249464 0.6508347001527435 2.369648328994481 9.315932904644102 0.012771947828059238 1
bicycle 610 2 2.6141990053751636 736.5432 791.6174 853.86884 883.53357 1.2231233943121786 0.6404191900865254 1.7471269423752693 -2.5989679266596926 3.929340766633984 23.49712344704137 -3.7791464399314374 1
bicycle_rack 613 1 -2.957583491545147 693.3973 797.00006 829.24896 892.7021 1.0836119371017494 1.9945610412840058 1.6135677514452549 -2.8590392748848386 3.7012917097031517 21.707214675262495 -3.0885388940439 1
bicycle_rack 615 2 0.35555307429268224 252.45367 755.6568 415.98227 845.65405 1.2430171186139136 4.174217475780773 1.5482845601329558 -12.00900843438661 3.9563309940340012 28.91620031676685 -0.038076241156652424 1
moped_scooter 617 1 -1.68112631120438 1089.0065 807.0945 1163.3895 937.2791 1.1238439415779677 0.6081457865645273 1.9309110504540523 1.8045026422103776 3.261540856562568 16.579978857967163 -1.5727167712224055 1
Pedestrian 437 0 -1.8907491214270304 1407.3192 646.09143 1656.041 1215.0 1.7927059253942688 0.5651433600108099 0.7852546811516027 1.8974804345822425 1.8701748476261435 5.0626439661845755 -1.5321535495041296 1
Pedestrian 440 0 -3.070076561804135 1109.7112 735.3348 1198.9037 1014.4977 1.6640107679107075 0.5512719996665653 0.5230161868957734 1.2316257969566597 2.388721564930618 9.491208037546443 -2.941032743544608 1
