Car 604 1 -1.4357711462607383 748.067 767.2374 886.301 896.6359 1.6428231884597293 1.8089026386403724 3.6234545496933492 -2.317306105310221 4.188859556137935 24.9008757719867 -1.5285651138389384 1
Car 855 2 -1.5025018369530596 843.194 789.2992 908.3943 854.4282 1.5212141414418487 1.795580984943195 4.2933502018620215 -2.6958329139490687 7.032912541338945 47.978881331340745 -1.5586307256137049 1
Car 856 2 1.9650364989316067 304.80685 750.6438 465.8282 843.20984 1.5124905428427435 1.82897134411805 3.8917409943596155 -12.130476494835465 4.349287797350593 31.764939293846037 -4.682939812636014 1
Car 605 2 2.1752077709257334 0.0 706.47205 172.7474 882.8797 1.59181722520774 1.955201749218681 4.716043345971643 -11.80189231221703 2.7080833072101944 18.080841918965884 -4.68626891351958 1
Car 857 2 1.8935297180444115 422.73547 756.10864 556.94507 835.393 1.5198517555041133 1.9398773524602435 4.610230368819979 -12.091925492987148 5.11780743761841 38.683107671977574 -4.692621809282539 1
Car 859 1 -1.0807322961504644 0.0 690.8537 675.50226 1215.0 1.4757282619063217 1.764133856697763 3.909031499198476 -2.3640507133412325 1.794197030974454 5.213499332941198 -1.5064498580726686 1
Car 860 2 -1.505828309673455 829.8354 784.8728 909.3929 862.8369 1.4784417006671018 1.8242870728053941 4.532509449606824 -2.3883910429538013 5.994978873699697 39.94969707532665 -1.56554219344258 1
Pedestrian 438 0 0.23913048142051802 1339.9585 627.2252 1557.5142 1215.0 1.791257730808906 0.567100302106435 0.459595199943214 1.3794851020830305 1.7983719296730354 4.205389565953089 0.5560985690347255 1
Pedestrian 440 0 1.1323597293446945 1487.3494 649.9012 1754.0663 1215.0 1.7324338263285086 0.5512719996665653 0.6202899720355661 2.0375461018056313 1.8160307980190875 4.681888463746115 1.5428359382878472 1
moped_scooter 617 0 -1.744068335332608 1180.4966 816.4669 1304.5052 1011.0888 1.1238439415779677 0.6081457865645273 1.9309110504540523 2.1243342745749927 2.7223023915250737 11.509892566994592 -1.5615562863408454 1
bicycle 610 1 2.6357557540829175 705.7231 794.38873 852.52344 909.9008 1.2231233943121786 0.6404191900865254 1.7471269423752693 -2.2860678369185363 3.4493303611505985 18.87073946029955 -3.767985614991168 1
bicycle_rack 858 1 -1.8459185231888438 1302.6895 812.5379 1614.0114 1123.8456 1.069466222111047 0.9108775062920552 2.2041691255577924 2.409668450541862 2.162982461973023 7.599033680174836 -1.5388466348729426 1
bicycle_rack 613 1 -2.9322924772821537 649.6095 801.7502 826.18304 925.6987 1.0836119371017494 1.9945610412840058 1.6135677514452549 -2.4998229190727868 3.230719251194829 17.10881228591622 -3.0773789807061087 1
bicycle_rack 615 2 0.42056341047270773 127.29985 750.4053 341.23624 857.73376 1.2430171186139136 4.174217475780773 1.5482845601329558 -11.68922131901984 3.4639018796051686 24.35509971621781 -0.026915633369137604 1
