Car 604 1 -1.4349413641932156 746.8516 766.91595 886.586 897.60114 1.6428231884597293 1.8089026386403724 3.6234545496933492 -2.301522816917495 4.1608860773686365 24.66637231296462 -1.5279780872747173 1
Car 855 2 -1.5022581144307094 843.5196 788.8613 909.0696 854.2858 1.5212141414418487 1.795580984943195 4.2933502018620215 -2.6663140256513245 6.992773581499836 47.74615982947903 -1.5580437017224438 1
Car 856 2 1.967492235664193 300.69128 750.28564 463.36664 843.5261 1.5124905428427435 1.82897134411805 3.8917409943596155 -12.110680407871671 4.322066933992181 31.536151046313012 -4.682352775907566 1
Car 605 2 2.181062673652873 0.0 703.43787 164.95465 881.50055 1.59181722520774 1.955201749218681 4.716043345971643 -11.788913926779713 2.6547185282374004 17.854752688362147 -4.685681990088712 1
Car 857 2 1.8952449622243517 420.26926 755.8471 555.594 835.60516 1.5198517555041133 1.9398773524602435 4.610230368819979 -12.068044533679023 5.090648679734706 38.45428855245794 -4.692034891667936 1
Car 859 1 -1.069098050048496 0.0 687.78064 672.29663 1215.0 1.4757282619063217 1.764133856697763 3.909031499198476 -2.3424568479147667 1.7711463805379468 5.017747737134272 -1.5058628717508136 1
Car 860 2 -1.505508815273824 829.94684 784.7731 910.029 863.21893 1.4784417006671018 1.8242870728053941 4.532509449606824 -2.363712111291337 5.967151377282873 39.71521556768434 -1.5649552280954018 1
Pedestrian 438 1 0.21470169939713762 1364.1908 615.37366 1616.4144 1215.0 1.791257730808906 0.567100302106435 0.5184243049291813 1.4064331338766034 1.7685051594907795 3.9509829874828517 0.5566854589694801 1
Pedestrian 440 0 1.1133015253816403 1520.9814 659.54614 1788.6179 1215.0 1.6779132922429936 0.5512719996665653 0.5097674005096642 2.0362459737885423 1.7868323134428632 4.438510083845005 1.5434228751283388 1
moped_scooter 617 0 -1.7491229147603597 1187.3993 816.77454 1315.6792 1016.3715 1.1238439415779677 0.6081457865645273 1.9309110504540523 2.142185005476439 2.6916263500978275 11.250629583541118 -1.5609693467422363 1
bicycle 610 1 2.637198832980246 703.45245 794.2794 852.14935 911.29065 1.2231233943121786 0.6404191900865254 1.7471269423752693 -2.273848763922379 3.4212982454370398 18.636225991230575 -3.76739865800979 1
bicycle_rack 858 1 -1.8596076554359617 1319.5636 812.8908 1648.5074 1136.2147 1.069466222111047 0.9108775062920552 2.2041691255577924 2.450396451889234 2.1351553010319604 7.361066221668862 -1.538259686368559 1
bicycle_rack 613 1 -2.9292500280256553 644.20056 801.67755 823.7876 927.4952 1.0836119371017494 1.9945610412840058 1.6135677514452549 -2.5073507085115003 3.201735423746295 16.870651315369194 -3.076792071280469 1
bicycle_rack 615 2 0.4243293527760773 119.60425 749.9456 336.7622 858.29565 1.2430171186139136 4.174217475780773 1.5482845601329558 -11.673804097488222 3.4365806793391656 24.126064086656033 -0.026328685950020025 1
