Car 604 1 -1.4255731572606138 732.43787 766.53204 890.08813 913.14087 1.6428231884597293 1.8089026386403724 3.6234545496933492 -2.1332621056961525 3.920451853887643 22.194217668378535 -1.5213967102179211 1
Car 856 1 1.9950862247628578 253.6362 746.21277 435.66043 847.1755 1.5124905428427435 1.82897134411805 3.8917409943596155 -11.896814975159755 4.036460716370126 29.134838632583925 -4.675771284888711 1
Car 855 2 -1.4997136595597267 847.4373 791.3454 916.9243 860.8306 1.5212141414418487 1.795580984943195 4.2933502018620215 -2.3447148236278017 6.800606621193336 45.26918919349136 -1.5514623544131327 1
Car 857 2 1.9144859549383346 392.28217 758.8816 540.48676 844.846 1.5198517555041133 1.9398773524602435 4.610230368819979 -11.811907428512702 4.957153512850306 36.03472872063915 -4.685454735138606 1
Car 605 2 2.2509031288761685 0.0 692.10077 68.400276 898.97034 1.59181722520774 1.955201749218681 4.716043345971643 -11.667011782174672 2.393447999262029 15.448942519894727 -4.679101768408927 1
Car 859 1 -0.7903459871286231 0.0 634.31396 547.41614 1215.0 1.4757282619063217 1.764133856697763 3.909031499198476 -2.275874286224095 1.5051137811786457 2.6535231399225636 -1.499281945644728 1
Car 860 2 -1.501064070895195 829.798 788.3439 915.9366 872.7909 1.4784417006671018 1.8242870728053941 4.532509449606824 -2.138587016459482 5.801336800722494 37.27495640620635 -1.5583745367069834 1
bicycle_rack 858 1 -2.0113704404122275 1490.7838 816.4882 1935.0 1215.0 1.069466222111047 0.9108775062920552 2.2041691255577924 2.5306899173865522 1.8360719787587472 4.864667439006192 -1.5316791837902974 1
moped_scooter 617 0 -1.8021554249990457 1258.0891 819.3202 1441.1906 1081.3683 1.1238439415779677 0.6081457865645273 1.9309110504540523 2.2320927743290424 2.3971597850114152 8.823752098089717 -1.5543889438701692 1
bicycle 610 1 2.651250118291823 680.41046 794.89624 851.8998 930.26263 1.2231233943121786 0.6404191900865254 1.7471269423752693 -2.1006729774885513 3.1529617928257516 16.208738341434337 -3.760818063651572 1
bicycle_rack 613 1 -2.9074411137892318 600.8829 804.9681 816.4051 955.3092 1.0836119371017494 1.9945610412840058 1.6135677514452549 -2.356925444861647 2.9384593146109337 14.351911782708287 -3.0702120074271977 1
bicycle_rack 615 2 0.46616679287609375 30.871004 753.67334 287.18558 876.093 1.2430171186139136 4.174217475780773 1.5482845601329558 -11.465602557620675 3.2934141026185957 21.708894311071436 -0.019748186077940932 1
