Car 604 1 -1.4294240802071696 739.01355 763.90094 889.15625 903.36926 1.6428231884597293 1.8089026386403724 3.6234545496933492 -2.190741535457541 3.967724843493361 23.15990277959045 -1.5237354604520237 1
Car 856 1 1.9839526513784778 273.3642 747.87604 447.38065 845.6906 1.5124905428427435 1.82897134411805 3.8917409943596155 -11.970892739354566 4.147736884065395 30.06918559480365 -4.67811007562157 1
Car 855 2 -1.5007541749402111 846.36816 785.7327 914.2403 853.10394 1.5212141414418487 1.795580984943195 4.2933502018620215 -2.4557056628175187 6.727820006315866 46.249656651757164 -1.553801094122503 1
Car 857 1 1.9066676431440124 404.27573 755.8567 547.17 839.0456 1.5198517555041133 1.9398773524602435 4.610230368819979 -11.898028475596165 4.962223196697559 36.98090989966786 -4.68779305184837 1
Car 605 2 2.2222430466477476 0.0 697.67285 109.35014 892.57446 1.59181722520774 1.955201749218681 4.716043345971643 -11.708859892583991 2.5053048394334763 16.383799064119934 -4.681440108258229 1
Car 859 1 -0.9270555564093038 0.0 660.3312 609.3327 1215.0 1.4757282619063217 1.764133856697763 3.909031499198476 -2.2931150119789647 1.6072997982877764 3.5418844569978467 -1.5016205356767256 1
Car 860 2 -1.503492269439897 831.3401 783.2088 914.9363 864.7848 1.4784417006671018 1.8242870728053941 4.532509449606824 -2.188787729685923 5.764276032245092 38.20987030765837 -1.5607130434222112 1
Pedestrian 438 2 -0.023561662082813184 1779.826 438.7182 1935.0 1215.0 1.8126690001766244 0.6503884502621755 0.43526150519157675 1.563123159940186 1.5672286644524418 2.362630248865262 0.5609270988405841 1
moped_scooter 617 0 -1.7761363956202725 1224.155 812.14606 1380.9384 1044.589 1.1238439415779677 0.6081457865645273 1.9309110504540523 2.1769928633237243 2.4676132520935075 9.762343612778363 -1.5567273480927062 1
bicycle 610 1 2.644239212564583 692.57355 792.8168 854.20526 920.0945 1.2231233943121786 0.6404191900865254 1.7471269423752693 -2.1436547006345097 3.237362875245503 17.16940271945862 -3.76315653520725 1
bicycle_rack 858 0 -1.940918835864244 1412.87 814.8431 1890.1124 1215.0 1.069466222111047 0.9108775062920552 2.2041691255577924 2.5135228123891644 1.9522946288083607 5.832489215124314 -1.5340176234147993 1
bicycle_rack 613 1 -2.921703070044999 629.70306 798.80566 826.3145 936.0622 1.0836119371017494 1.9945610412840058 1.6135677514452549 -2.3589474039554177 3.0105283849016833 15.519196588969123 -3.072550291023836 1
bicycle_rack 615 2 0.4503439889684479 65.81955 751.20667 305.96915 867.54736 1.2430171186139136 4.174217475780773 1.5482845601329558 -11.574595857890936 3.33374195032454 22.649654974960143 -0.022086626732970682 1
