Car 604 1 -1.4302570006008972 740.6025 761.8174 889.1846 899.54987 1.6428231884597293 1.8089026386403724 3.6234545496933492 -2.1998346651906706 3.952223389089042 23.371502363258102 -1.5241051625363395 1
Car 856 1 1.981619043361757 277.6838 748.227 450.0378 845.38574 1.5124905428427435 1.82897134411805 3.8917409943596155 -11.982816228728181 4.17195829000894 30.27200189141792 -4.678479784107675 1
Car 855 2 -1.5009905189192563 846.3503 785.41943 913.8871 852.44196 1.5212141414418487 1.795580984943195 4.2933502018620215 -2.4729269887314924 6.739897909029271 46.456985369991315 -1.55417079453843 1
Car 857 1 1.9051009385518327 406.85437 755.84644 548.65485 838.5421 1.5198517555041133 1.9398773524602435 4.610230368819979 -11.914784458119549 4.979849803484958 37.18560881213944 -4.688162685382173 1
Car 605 2 2.2163373467347487 0.0 698.8123 117.898964 891.30396 1.59181722520774 1.955201749218681 4.716043345971643 -11.715688749439737 2.529618858731457 16.586702763974067 -4.681809745451098 1
Car 859 1 -0.9484145777014045 0.0 665.0134 617.633 1215.0 1.4757282619063217 1.764133856697763 3.909031499198476 -2.3057727535101953 1.629745687022359 3.7308080420667666 -1.501990212432001 1
Car 860 2 -1.5037828426308153 831.5035 782.4127 914.59155 863.41254 1.4784417006671018 1.8242870728053941 4.532509449606824 -2.2038237582614477 5.764732084240009 38.41913650353615 -1.561082706997716 1
Pedestrian 438 1 0.0338563159814016 1631.1942 471.36392 1935.0 1215.0 1.8126690001766244 0.6503884502621755 0.5424196475112558 1.4972433914583634 1.591405450682549 2.5748207345131577 0.5605574827228765 1
moped_scooter 617 0 -1.773074737004852 1220.6846 812.0358 1372.8339 1038.5192 1.1238439415779677 0.6081457865645273 1.9309110504540523 2.1923501371978458 2.4956090508738416 9.992489222247007 -1.557096995463024 1
bicycle 610 1 2.6441128344357363 692.94165 790.3633 853.13654 916.2333 1.2231233943121786 0.6404191900865254 1.7471269423752693 -2.167180981474853 3.2250098755031797 17.323551614625273 -3.7635261932932056 1
bicycle_rack 858 0 -1.9282848655927047 1399.0511 814.5485 1850.0481 1215.0 1.069466222111047 0.9108775062920552 2.2041691255577924 2.510588329947862 1.9772992990994862 6.0406092075759386 -1.5343872763843314 1
bicycle_rack 613 1 -2.9209806518453454 628.62445 797.71906 824.1821 933.919 1.0836119371017494 1.9945610412840058 1.6135677514452549 -2.390761285277837 3.009379309751454 15.613709402331455 -3.072919919341183 1
bicycle_rack 615 2 0.44663158781889734 74.11016 748.73 310.7859 863.40814 1.2430171186139136 4.174217475780773 1.5482845601329558 -11.584618641541603 3.309981818761486 22.85750936944477 -0.022456279664176293 1
