Cyclist 340 0 -1.5137682538019006 841.23474 775.63214 901.90125 888.48413 1.756572340587969 0.9763091098301239 1.9218572912088543 -1.588614256736285 4.555772564082313 26.809174962069545 -1.5729554085922246 1
bicycle 755 0 0.7193321994272271 1191.6284 799.2334 1278.6053 877.80035 1.274877061370996 0.44529249619891154 1.8043078959070091 5.268514662563642 4.738001007721773 28.861671151200618 0.8998878581412986 1
bicycle_rack 1569 1 2.3125373220712095 0.0 656.0875 540.728 1215.0 1.3411587384042503 2.6220006827101767 6.254491215838795 -3.515641770302952 1.4960581798969272 4.238550855525423 -4.663086689133459 1
moped_scooter 1571 1 1.2803858311281031 1337.3512 813.2498 1433.0847 935.27875 1.1665272458702942 0.5908763214197599 1.9490702836185154 5.156004901321527 3.5943822843598023 18.297312625779647 1.5550538901743414 1
Pedestrian 1615 2 1.915374427243826 480.95297 775.6379 522.8637 866.56805 1.8646262154482944 0.6607558594888535 0.7189587426922994 -9.911419181762616 5.156424014305317 32.282493150091184 -4.665696895963528 1
Pedestrian 1575 1 1.9334300297544917 450.87424 782.7069 493.51135 866.15985 1.708759627779242 0.6685733168270722 0.7125407067294177 -10.590373871066063 5.166712942315037 32.39722771140985 -4.665696895963528 1
Pedestrian 1570 1 2.37849684809876 1565.7194 791.118 1688.7119 956.2982 1.3536091855491992 0.7097763556295266 0.7389169075293455 6.064203195099337 2.920407642605821 13.637334048545867 -3.4862702930849245 1
moped_scooter 1574 1 0.5238771618585433 9.006855 786.6917 376.18402 1012.80634 1.080105127311176 0.6621545184974176 1.6492857657398652 -4.10382556155201 1.9917841110473957 8.052649828611774 0.05255983665237185 1
Pedestrian 764 1 2.0747757675968943 376.2428 793.46643 416.0785 863.3798 1.5243855606271195 0.6614977652694772 0.5839241239053797 -13.057790617674684 5.458311673498105 34.56366362341608 -4.5696235891799795 1
ride_other 1614 2 1.9306489822911646 449.86194 802.3305 503.261 871.30133 1.283666650295213 0.7220773062819128 1.1009479826268784 -10.14059188942858 5.066483281504685 31.315914731510404 -4.665696895963528 1
rider 1572 1 2.2474768476596036 159.93472 763.08514 245.26845 904.80756 1.5572661103076622 0.6256089987932753 0.6478201912636875 -8.900012404434372 3.214927914209614 17.557630348430504 -4.504863066273771 1
Cyclist 346 0 -1.5596083686308566 909.7352 786.7415 948.02075 891.89795 1.5993656688974678 0.6510285264159015 1.738470629840058 -0.5596720804315941 4.540434794360175 26.30328747211379 -1.5808828059916413 1
bicycle 1573 1 1.7839813325275808 297.75784 759.3029 480.25842 990.96716 1.1990680280705208 0.7305289419798199 1.917142788568049 -3.7289635668627215 2.179270520612573 9.904433778216225 1.4239011727528639 1
Cyclist 1568 1 2.2556449051975074 123.05041 758.5939 279.53104 932.51794 1.7521191451220817 0.5825543509491806 1.870080136917768 -8.869878546230419 3.4075971991966965 17.541437724673784 -4.495700083695258 1
Car 762 0 2.0736427167059217 432.65018 760.74524 653.6498 889.10767 1.9111008522828958 2.100596987581744 5.325808970752578 -8.521806110036838 4.993628413018477 31.098933624050133 -4.476999757750674 1
ride_uncertain 765 2 -1.6219492356053866 1079.216 811.4745 1110.9467 868.04407 1.210753968200961 0.7162503792031881 1.2700364464846032 3.297554766078004 5.899202942272265 36.9308344096594 -1.532895386065872 1
rider 351 0 -1.5158168267648409 848.6591 778.31775 891.91077 877.952 1.6598144935896366 0.7239283638285479 0.9185156583923034 -1.6235884709275754 4.456052961000786 26.794891047402317 -1.576336043359997 1
rider 352 1 -1.5581075453755522 913.0491 789.89246 946.64185 874.6979 1.4014365939287643 0.582761484337436 0.6519728224384858 -0.5494034577015853 4.341483058266753 26.319159955634426 -1.5789791719163615 1
