bicycle 755 0 0.7286507212723008 1180.052 778.229 1261.5096 850.9748 1.274877061370996 0.44529249619891154 1.8043078959070091 5.297273534484942 4.500614796968667 30.61577948896278 0.8999787457455883 1
bicycle 1573 1 1.7407378214655351 392.46924 746.6813 537.05615 941.5875 1.1990680280705208 0.7305289419798199 1.917142788568049 -3.754296517963577 2.2133844094339814 11.453648954982764 1.423992031343397 1
bicycle_rack 1569 1 2.1636662427101463 0.0 672.7567 614.0123 1215.0 1.3411587384042503 2.6220006827101767 6.254491215838795 -3.531297302560237 1.6302520700048693 5.844917169470474 -4.662995804292585 1
Pedestrian 1575 2 1.9200606841767938 474.4178 762.1322 514.3858 840.72314 1.708759627779242 0.6685733168270722 0.7125407067294177 -10.66740524221238 4.879864710104165 34.18413416247387 -4.665606036916936 1
Car 762 0 2.0611133000825808 460.95575 744.15576 667.66144 862.2037 1.9111008522828958 2.100596987581744 5.325808970752578 -8.537125878591421 4.750625166934696 32.77200227184212 -4.4769088999111935 1
Pedestrian 1570 1 2.41779128223716 1503.8595 770.87585 1612.067 916.95905 1.3536091855491992 0.7097763556295266 0.7389169075293455 6.070340091335497 2.8853535576620306 15.23288615521759 -3.486179439313789 1
moped_scooter 1571 1 1.3020762125571705 1307.8031 792.5585 1392.3564 902.06354 1.1665272458702942 0.5908763214197599 1.9490702836185154 5.148433481101075 3.5082347621827132 19.907857119535844 1.5551447902717417 1
Pedestrian 1615 2 1.900403053398759 506.90262 754.10876 546.0398 839.558 1.8646262154482944 0.6607558594888535 0.7189587426922994 -9.921731230317402 4.846831269164039 34.140571525696785 -4.665606036916936 1
rider 1572 1 2.1861582332125744 279.18164 758.2377 350.52744 880.843 1.5572661103076622 0.6256089987932753 0.6478201912636875 -8.727923087944628 3.392895851772014 20.205724624730298 -4.504772192085779 1
Cyclist 340 0 -1.5139668423465809 842.1702 756.50494 901.9004 866.195 1.756572340587969 0.9763091098301239 1.9218572912088543 -1.6049725148493148 4.236610620191084 27.218640889214782 -1.5728645749471801 1
Cyclist 346 0 -1.5954927457048562 919.0778 769.83 957.95087 872.2888 1.5993656688974678 0.6510285264159015 1.738470629840058 -0.4177441769775315 4.274390920600606 26.719975802223097 -1.6111256246083792 1
Cyclist 1568 1 2.1950374514648097 249.81508 753.86743 376.45358 903.46136 1.7521191451220817 0.5825543509491806 1.870080136917768 -8.707451716746352 3.5761157837431763 20.174055895337272 -4.495609209747381 1
moped_scooter 1574 2 0.45575644042393904 168.79381 767.709 469.24905 954.3848 1.080105127311176 0.6621545184974176 1.6492857657398652 -4.09360108420123 2.0325047002898433 9.59905077444857 0.052650701142975764 1
rider 351 0 -1.5158581339319044 847.2478 757.55206 893.67474 855.0943 1.6598144935896366 0.79228297405074 0.9185156583923152 -1.6423438467085978 4.110326471411417 27.163878966314385 -1.5762452031200342 1
rider 352 1 -1.5841466082591587 922.2691 774.0241 955.3223 857.0891 1.4014365939287643 0.582761484337436 0.6519728224384858 -0.4057831743871942 4.103753727343112 26.764889354722072 -1.599306472461713 1
