bicycle 755 0 0.7237684534697894 1187.8247 787.34143 1271.6028 862.4783 1.274877061370996 0.44529249619891154 1.8043078959070091 5.3467544860617116 4.611907458861349 29.875191012943045 0.9008632634666633 1
bicycle 1573 1 1.7594680299941456 353.89304 752.329 513.90656 962.4314 1.1990680280705208 0.7305289419798199 1.917142788568049 -3.7377646009466816 2.2005393989117725 10.751099630046692 1.4248762666159487 1
bicycle_rack 1569 1 2.2102055478993723 0.0 665.67487 596.061 1215.0 1.3411587384042503 2.6220006827101767 6.254491215838795 -3.48762417768373 1.5704264834585233 5.218661487407557 -4.662111313583026 1
Pedestrian 1575 1 1.9271410750659754 463.61984 771.499 504.78564 852.2364 1.708759627779242 0.6685733168270722 0.7125407067294177 -10.64156782061008 5.0167897197529125 33.37274778057719 -4.664721797211319 1
Car 762 0 2.0673756391744327 448.78287 752.02466 661.8301 874.6549 1.9111008522828958 2.100596987581744 5.325808970752578 -8.524898023844036 4.87392944349424 32.01818298364385 -4.47602467195445 1
Pedestrian 1570 1 2.40305949457576 1528.1345 776.085 1642.4226 929.8847 1.3536091855491992 0.7097763556295266 0.7389169075293455 6.051554576128661 2.8681352373834264 14.52211761518924 -3.4852952507370425 1
Pedestrian 764 2 2.066644567861709 392.35507 796.9814 430.9977 865.21136 1.5243855606271195 0.6614977652694772 0.5839241239053797 -13.022981493101062 5.641723584148249 35.44444423213463 -4.568649023565979 1
moped_scooter 1571 1 1.2936926036414056 1320.6382 800.79926 1409.5316 915.20624 1.1665272458702942 0.5908763214197599 1.9490702836185154 5.165582874945604 3.5443773368256473 19.236857306119244 1.5560294294572117 1
moped_scooter 1574 1 0.48115769959412036 111.82181 776.7859 437.18896 978.61487 1.080105127311176 0.6621545184974176 1.6492857657398652 -4.075231989828469 2.0263628243980722 8.94187669781963 0.05353499389292882 1
Pedestrian 1615 2 1.905691884667875 499.2657 764.23083 539.3547 851.6472 1.8646262154482944 0.6607558594888535 0.7189587426922994 -9.886524672652968 5.017866913131726 33.46862094172532 -4.664721797211319 1
rider 1572 1 2.2126535259618914 230.36955 766.2755 307.2828 896.818 1.5572661103076622 0.6256089987932753 0.6478201912636875 -8.813320539137617 3.3941218972203453 19.048035693173503 -4.503887805054928 1
Cyclist 340 0 -1.5137352534824464 842.93286 763.34607 903.0687 874.2639 1.756572340587969 0.9763091098301239 1.9218572912088543 -1.5770355454832956 4.349418806931963 27.04511754837025 -1.5719805824290807 1
Cyclist 346 0 -1.590224553009217 913.0766 775.9755 951.7915 879.81116 1.5993656688974678 0.6510285264159015 1.738470629840058 -0.521722207306575 4.363575169453417 26.480363310637042 -1.6099242342372033 1
Cyclist 1568 1 2.2214709533449932 197.6165 762.02856 336.12036 922.02203 1.7521191451220817 0.5825543509491806 1.870080136917768 -8.795107765160303 3.5862597728727152 19.025921227824306 -4.494724825053776 1
rider 351 0 -1.5173543379643952 850.7497 767.51025 897.3117 865.85077 1.6598144935896366 0.7922829740507477 0.9185156583923062 -1.570218070110307 4.282354855996505 27.0391798010309 -1.575361146425366 1
rider 352 1 -1.5870148039240575 916.0827 779.48755 949.4671 863.29346 1.4014365939287643 0.582761484337436 0.6519728224384858 -0.5101015833553515 4.184246240535859 26.58389355343656 -1.6062008193505695 1
