bicycle 1573 1 1.7314951448293407 409.96567 747.1689 547.3586 935.44 1.1990680280705208 0.7305289419798199 1.917142788568049 -3.7709698948897374 2.2480531860476294 11.827755143765454 1.4228595049509631 1
bicycle_rack 1569 1 2.140481285700475 0.0 675.84564 624.6872 1215.0 1.3411587384042503 2.6220006827101767 6.254491215838795 -3.533582329067138 1.659300313887114 6.151190332111729 -4.664128657930522 1
Pedestrian 1575 2 1.9154662127822446 480.45587 762.4479 519.7105 839.89075 1.708759627779242 0.6685733168270722 0.7125407067294177 -10.692633009138675 4.933361639601337 34.68680937505298 -4.666738569001261 1
Pedestrian 1570 1 2.424145732726228 1492.2828 773.2634 1597.6967 916.0893 1.3536091855491992 0.7097763556295266 0.7389169075293455 6.07621700206019 2.945459805309608 15.585955375932635 -3.487311905351353 1
Cyclist 340 0 -1.5727310779672548 847.4692 757.4005 903.4474 868.09753 1.756572340587969 0.9763091098301239 1.9218572912088543 -1.555547168155103 4.2439135656511215 27.084376461665492 -1.6301014285582827 1
bicycle 755 0 0.7304934627466402 1176.0024 779.9662 1256.3569 851.9016 1.274877061370996 0.44529249619891154 1.8043078959070091 5.267037569220386 4.5758836932751255 30.989656557836078 0.8988458578238587 1
moped_scooter 1571 1 1.3062493918725835 1300.3794 792.6871 1382.6853 900.0641 1.1665272458702942 0.5908763214197599 1.9490702836185154 5.131703373988148 3.5525656212822687 20.28664080126106 1.5540117464649001 1
Pedestrian 1615 2 1.894995042542293 514.12134 754.8113 552.68115 839.3555 1.8646262154482944 0.6607558594888535 0.7189587426922994 -9.868361339367036 4.894828720819104 34.50678113644337 -4.666738569001261 1
rider 1572 1 2.173906467387714 300.3065 749.8463 368.74115 867.898 1.5572661103076622 0.6256089987932753 0.6478201912636875 -8.759801495476145 3.336646103177591 20.915340815239254 -4.505904912945374 1
Cyclist 346 0 -1.631103127076856 914.6837 768.9009 957.50134 872.7895 1.5993656688974678 0.6510285264159015 1.738470629840058 -0.4563380006118863 4.226168517475979 26.38708376311726 -1.6483953947138705 1
Cyclist 1568 1 2.1843705100605666 269.57938 745.70776 390.7665 889.5966 1.7521191451220817 0.5825543509491806 1.870080136917768 -8.753546103196795 3.5132409110545106 20.824326081421216 -4.496741927614616 1
Car 762 0 2.0567881677531066 468.14563 745.6401 671.1123 862.2159 1.9111008522828958 2.100596987581744 5.325808970752578 -8.54088429065189 4.8221696613582266 33.22084362556175 -4.478041416950964 1
moped_scooter 1574 2 0.4422073707350174 197.19978 767.71564 485.17282 947.10126 1.080105127311176 0.6621545184974176 1.6492857657398652 -4.106921318490027 2.068043531661573 9.97162283437274 0.05151810128703471 1
rider 351 0 -1.570561535518192 851.3322 760.64435 892.8756 855.8468 1.6056403834096475 0.738001689930663 0.9185944830579817 -1.6137789557312163 4.106667760244575 27.072127180855702 -1.6301014285582827 1
rider 352 1 -1.6234730351170688 919.54425 771.7569 954.336 855.77594 1.4014365939287643 0.582761484337436 0.6519728224384858 -0.43467295125251276 4.037451001157123 26.49692156872602 -1.6398762223476433 1
