Cyclist 748 0 1.755806854884046 765.1243 771.5228 799.0308 827.7937 1.6821862403031476 0.798301811136349 1.97070618301123 -6.097456689369478 6.779309996671384 50.976780534772814 -4.646425294454069 1
bicycle_rack 1569 1 2.395276416862389 0.0 645.3775 496.8561 1215.0 1.3411587384042503 2.6220006827101767 6.254491215838795 -3.533323031120364 1.4342109229741415 3.6062169600887968 -4.663097516916794 1
Pedestrian 764 1 2.080447826286088 366.09677 793.2761 406.7489 864.3872 1.5243855606271195 0.6614977652694772 0.5839241239053797 -13.060493429593329 5.3887575583434115 33.98536747742335 -4.569634407970897 1
ride_other 1614 2 1.938271555749747 436.30188 797.0308 491.47928 867.56036 1.283666650295213 0.7220773062819128 1.1009479826268784 -10.151244202446975 4.865463358932195 30.551117402448785 -4.665707720673767 1
rider 766 0 1.7421314987031096 767.48676 773.4908 796.083 820.0491 1.4886881707801 0.8430061920480375 0.7980263388050108 -6.10797413612094 6.5901314447029025 50.92089190820063 -4.660433698596819 1
Car 762 0 2.0789202069222092 420.4442 757.3573 647.93945 888.2997 1.9111008522828958 2.100596987581744 5.325808970752578 -8.502072673712487 4.854434218619229 30.395357106532437 -4.477010582317103 1
Pedestrian 1570 1 2.3589872224529254 1597.4861 790.3617 1727.6238 963.85046 1.3536091855491992 0.7097763556295266 0.7389169075293455 6.088128844425526 2.8430044419409937 13.002201397838125 -3.48628111716639 1
moped_scooter 1571 1 1.270542905170177 1350.8181 813.4966 1451.9365 940.4211 1.1665272458702942 0.5908763214197599 1.9490702836185154 5.156511220672165 3.513801023130818 17.63314122884619 1.5550430605733818 1
moped_scooter 756 2 -1.1570632386251787 320.57016 813.74036 389.536 880.59174 1.133403745473908 0.6834762534006043 1.7688472375200075 -12.667638444571285 5.198694463326582 31.29922404237686 -1.541637890352151 1
moped_scooter 1574 1 0.5470370260454049 0.0 774.84674 348.43436 1020.3548 1.080105127311176 0.6621545184974176 1.6492857657398652 -3.995219464395085 1.860600135337025 7.40998670590618 0.05254901129362666 1
Pedestrian 1575 1 1.9431826472246598 433.86636 778.5361 478.0628 864.28406 1.708759627779242 0.6685733168270722 0.7125407067294177 -10.63991800671405 4.98354733170956 31.503928773018632 -4.665707720673767 1
rider 1572 1 2.2750117148844327 103.73158 760.228 196.23148 911.2579 1.5572661103076622 0.6256089987932753 0.6478201912636875 -8.935120506309547 3.0835582974455535 16.484680509944916 -4.504873892787956 1
Cyclist 340 0 -1.515425591630546 843.5526 773.3264 904.4983 886.8896 1.756572340587969 0.9763091098301239 1.9218572912088543 -1.532748510213695 4.4930156198825415 26.60826448192374 -1.572966230276164 1
Cyclist 346 0 -1.55920463516197 908.9065 784.9708 947.5564 891.00543 1.5993656688974678 0.6510285264159015 1.738470629840058 -0.5653810514747021 4.482598421033366 26.06355976156744 -1.58089362928892 1
bicycle 755 0 0.7147582704407088 1197.4984 801.2485 1286.9426 881.9701 1.274877061370996 0.44529249619891154 1.8043078959070091 5.272570597700333 4.69481126960784 28.15600139994885 0.8998770300288874 1
bicycle 1573 1 1.8077868589273687 242.53558 750.3405 449.25455 1000.889 1.1990680280705208 0.7305289419798199 1.917142788568049 -3.7007828825001345 2.0516120416446726 9.161761718580852 1.4238903480969647 1
Cyclist 1568 1 2.2831443088973558 62.252113 755.75775 234.23903 941.17847 1.7521191451220817 0.5825543509491806 1.870080136917768 -8.913041828065486 3.2799892191897078 16.484467687985102 -4.495710910180836 1
Pedestrian 1615 2 1.9243862184433844 465.41006 769.8069 508.76624 863.05927 1.8646262154482944 0.6607558594888535 0.7189587426922994 -9.964367019705621 4.947553184237602 31.441041588814695 -4.665707720673767 1
ride_uncertain 765 2 -1.6246413349255246 1082.9274 806.2927 1115.3423 863.652 1.210753968200961 0.7162503792031881 1.2700364464846032 3.340668855406718 5.694203382439977 36.31425534499638 -1.532906212844719 1
rider 351 0 -1.515416428326468 845.23047 775.0727 894.0023 875.4546 1.6598144935896366 0.8150678441247989 0.9185156583923034 -1.6209268965091372 4.374349139070263 26.56997978898421 -1.576346865829644 1
rider 352 1 -1.5596115959461427 915.14716 788.17377 949.0044 873.7562 1.4014365939287643 0.582761484337436 0.6519728224384858 -0.5052583253334282 4.28365727753897 26.07000821896724 -1.5789899971429613 1
