Cyclist 1568 2 2.2486700557193107 0.0 751.9097 162.7406 953.84766 1.7521191451220817 0.5825543509491806 1.870080136917768 -8.987690650974729 3.1217203125058113 15.15881333239756 -4.569699282603055 1
bicycle_rack 1569 1 2.4813138620280784 0.0 0.0 1935.0 957.9871 1.3411587384042503 2.6220006827101767 6.254491215838795 -3.520211494084644 1.3564886648224648 3.0339240191086603 -4.661329425651081 1
moped_scooter 1571 1 1.2598817474219468 1368.3889 805.4247 1475.4229 936.4667 1.1665272458702942 0.5908763214197599 1.9490702836185154 5.197715644882251 3.335324475658868 16.987367890967377 1.5568114486406972 1
moped_scooter 756 1 -1.1494431943523038 309.34045 806.6901 380.2574 874.36896 1.133403745473908 0.6834762534006043 1.7688472375200075 -12.653111551094657 4.979580588658248 30.74471157986007 -1.539870135059236 1
Pedestrian 1615 1 1.9337094487773765 451.95255 768.37103 497.25647 865.1322 1.8646262154482944 0.6607558594888535 0.7189587426922994 -9.85709587397523 4.808121830195529 30.305566882827538 -4.663940131127195 1
Car 762 0 2.0843899442316403 411.13507 753.5693 644.50684 886.61523 1.9111008522828958 2.100596987581744 5.325808970752578 -8.454693948889025 4.719119753915892 29.80025303535744 -4.475243016258201 1
moped_scooter 1574 1 0.5977684528730208 0.0 768.09955 273.56638 1038.6458 1.080105127311176 0.6621545184974176 1.6492857657398652 -4.0737206482715775 1.7617575151306788 6.743103837808799 0.05431670696373292 1
Pedestrian 1575 1 1.9534379415948102 418.72336 774.44666 464.8053 863.10645 1.708759627779242 0.6685733168270722 0.7125407067294177 -10.572620614636898 4.791009872383556 30.449666097914164 -4.663940131127195 1
Pedestrian 764 0 2.0882102724928417 354.21918 787.4556 397.97452 859.91815 1.5243855606271195 0.7124679326217149 0.5839241239053797 -13.037229559413037 5.184029086703117 33.326691171173955 -4.567867784746915 1
rider 1572 2 2.245965428299354 28.26615 757.00964 130.01837 920.02344 1.5572661103076622 0.6256089987932753 0.6478201912636875 -8.982009512336003 2.9361327730876505 15.243058542155698 -4.569699282603055 1
Cyclist 748 0 1.7634606118206468 755.2736 771.08887 790.952 830.6951 1.7176384385056063 0.798301811136349 1.97070618301123 -6.161197939393897 6.612263941948126 49.059060416605156 -4.644657972884986 1
Cyclist 340 0 -1.5109694042995359 839.5743 768.55 900.4311 880.66187 1.756572340587969 0.9763091098301239 1.9218572912088543 -1.6194420627828017 4.4285985988634975 26.855231369595522 -1.571199134827608 1
Cyclist 346 0 -1.5592516294276701 911.80597 778.53546 950.1026 883.1539 1.5993656688974678 0.6510285264159015 1.738470629840058 -0.5226729032147205 4.3904078136738205 26.2950199930971 -1.5791262704321114 1
bicycle 755 0 0.7134083787335608 1201.3687 796.23694 1292.8146 878.4059 1.274877061370996 0.44529249619891154 1.8043078959070091 5.252893272348983 4.5311811813525855 27.57539560463034 0.9016451754549064 1
bicycle 1573 1 1.8356824328578079 179.85222 741.5864 414.92697 1012.23126 1.1990680280705208 0.7305289419798199 1.917142788568049 -3.690404889210992 1.939695190597419 8.490318916654491 1.4256579287892466 1
Pedestrian 1570 1 2.3334751958875453 1640.9783 780.3476 1785.207 964.2812 1.3536091855491992 0.7097763556295266 0.7864625953818715 6.153939835401606 2.676541384154661 12.260368461539814 -3.4845136295306762 1
ride_other 1614 1 1.9500781218431884 418.1537 796.9417 476.089 870.1857 1.283666650295213 0.7220773062819128 1.1009479826268784 -10.111986938464627 4.736067029707591 29.44188698516533 -4.663940131127195 1
ride_uncertain 765 1 -1.6230536460662868 1082.8188 792.80334 1116.0251 851.2398 1.210753968200961 0.7162503792031881 1.2700364464846032 3.259446160396515 5.253885340738805 35.361466215918234 -1.53113828556918 1
rider 766 0 1.7494524089454746 758.433 772.92896 788.259 822.19666 1.5200623829973166 0.8430061920480375 0.7980263388050108 -6.165259667535867 6.421176867687498 49.09130334215766 -4.658666424914079 1
rider 351 0 -1.5124217327870997 842.4982 770.3585 893.0291 869.506 1.6598144935896366 0.8530426275815663 0.9185156583923034 -1.6710075422520314 4.3161805866548555 26.848633876391332 -1.5745796420997291 1
rider 352 1 -1.5574810694854717 914.7226 782.0359 948.3507 866.6686 1.4014365939287643 0.582761484337436 0.6519728224384858 -0.5194370901435899 4.200351266046589 26.308846227624148 -1.5772223232849623 1
