Cyclist 748 0 1.76985219555708 747.98096 763.21466 787.7157 827.485 1.6821862403031476 0.798301811136349 1.97070618301123 -5.743583052923348 5.892042348124608 44.50486579651054 -4.641678876658414 1
bicycle 755 0 0.689765918503197 1238.42 782.3051 1339.0902 870.5119 1.274877061370996 0.44529249619891154 1.8043078959070091 5.561291915573725 4.0463785609893534 25.483828733490103 0.9046256616898232 1
moped_scooter 1571 1 1.2204194300006774 1427.9598 796.8641 1559.04 946.6174 1.1665272458702942 0.5908763214197599 1.9490702836185154 5.250442103521236 2.9891830150925207 14.872447405697134 1.5597923419389161 1
ride_other 1614 1 1.9803812049943392 367.94208 797.186 433.78656 878.1244 1.283666650295213 0.7220773062819128 1.1009479826268784 -9.995897248236389 4.425841461332863 26.705604811048374 -4.660960583421641 1
rider 766 0 1.7537224234876447 754.8687 765.22217 787.85126 818.38934 1.4886881707801 0.8430061920480375 0.7980263388050108 -5.650128133443675 5.706240389666347 44.52454106165505 -4.655687409376478 1
rider 752 1 1.7056212631981629 743.9359 767.10223 767.38293 816.1045 1.4886881707801 0.6467314786016111 0.7947953048412099 -6.61570602227929 6.104251150219498 48.14017301671127 1.5690508383154116 1
Car 762 0 2.1210770049590106 377.7513 752.1173 636.6442 895.88116 1.9111008522828958 2.100596987581744 5.325808970752578 -8.229043633240131 4.514417215822538 27.757515360427604 -4.450315910997427 1
Pedestrian 1570 1 2.251524426733262 1792.382 759.4754 1935.0 980.9559 1.3536091855491992 0.7097763556295266 0.7389169075293455 6.2271483388576 2.3085648520505 10.153851177660083 -3.4815342501323236 1
Cyclist 749 1 1.7160566971849054 741.1227 764.9493 769.52094 823.25635 1.6686055223411154 0.6484647610921465 1.812982972438376 -6.611986296731726 6.255962499592945 48.073884755508644 -4.703809074031657 1
moped_scooter 756 0 -1.1278328307480792 272.66714 808.8846 350.8947 881.72266 1.133403745473908 0.6834762534006043 1.7688472375200075 -12.437418168948204 4.773327235642816 28.68996513435101 -1.5368903080822889 1
Pedestrian 1615 1 1.962337549480882 406.29785 767.38824 457.23074 873.8621 1.8646262154482944 0.6607558594888535 0.7189587426922994 -9.75664830724354 4.527562527636903 27.571759449361828 -4.660960583421641 1
Pedestrian 1575 1 1.981494582809212 373.47812 777.7653 425.13202 875.23914 1.708759627779242 0.6685733168270722 0.7125407067294177 -10.42548461585643 4.584473007050168 27.759135889301344 -4.660960583421641 1
Pedestrian 764 0 2.1026171828373545 335.22693 793.4252 377.46774 869.55853 1.5243855606271195 0.6997253907836639 0.43101362184865893 -12.690723462843314 5.090413799134556 31.379080766163515 -4.564889864757272 1
Cyclist 340 0 -1.510024049321161 842.23926 762.33997 903.82355 875.21423 1.756572340587969 0.9763091098301239 1.9218572912088543 -1.5485047240322825 4.2877276225434 26.578223905863986 -1.5682204196664689 1
Cyclist 346 0 -1.5596253143908914 916.461 774.61096 955.4965 880.96405 1.5993656688974678 0.6510285264159015 1.738470629840058 -0.42650532261514706 4.270698719067122 25.812356445785678 -1.5761471114270116 1
bicycle 1573 1 1.9417983099552147 0.0 729.83014 277.48495 1098.815 1.1990680280705208 0.7305289419798199 1.917142788568049 -3.623144850254983 1.7204304595348523 6.429534364482578 1.4286374616562845 1
bicycle_rack 1569 2 2.968089032298388 0.0 0.0 1935.0 1044.7284 1.3411587384042503 2.6220006827101767 6.254491215838795 -3.4530268185258524 1.081236636549399 0.7995612962900326 -4.658349032647398 1
ride_uncertain 765 1 -1.6338542208558156 1102.3528 787.41876 1138.2032 849.2371 1.210753968200961 0.7162503792031881 1.2700364464846032 3.538748385893169 4.906348779041648 33.35565142659054 -1.5281581688363557 1
rider 351 0 -1.5115549994653688 848.5486 765.08246 893.40826 865.4861 1.6598144935896366 0.7391182772112793 0.9185156583923034 -1.591026086021932 4.1837515754747825 26.46506219649967 -1.571600710785603 1
rider 352 1 -1.559100277104472 921.29565 777.60504 955.52216 863.79663 1.4014365939287643 0.582761484337436 0.6519728224384858 -0.39072234005672973 4.069514631671319 25.80129978905077 -1.5742426334881203 1
