Cyclist 748 0 1.794389218888842 744.73566 773.60767 794.44824 852.2043 1.6821862403031476 0.798301811136349 1.97070618301123 -4.711839454476074 5.451284858200977 36.88339986859057 -4.615857455473577 1
Cyclist 749 2 1.731277371888468 754.3807 774.07654 788.338 842.65045 1.6686055223411154 0.6484647610921465 1.812982972438376 -5.234194318332497 5.879639553403251 41.296604883478736 -4.677982050825876 1
Cyclist 750 0 1.6609316660724835 802.71674 765.63684 832.73035 831.7598 1.89975515678724 0.7642444881186492 2.580889538015859 -4.7634724680012415 6.704399229500261 49.76017003580004 1.5654938655369128 1
Cyclist 340 0 -1.503720353359753 870.64716 768.8487 933.8563 884.34393 1.756572340587969 0.9763091098301239 1.9218572912088543 -1.0119614937792112 4.367359402250497 26.148033097210003 -1.5424022958780543 1
moped_scooter 1571 1 1.128893705930654 1604.7437 796.72675 1804.5375 994.70386 1.1665272458702942 0.5908763214197599 1.9490702836185154 5.6458409875073015 2.5991530949550814 11.489540982169043 -4.697556005828428 1
rider 766 0 1.776990186758507 755.03876 775.79974 795.31964 840.274 1.4886881707801 0.8430061920480375 0.7980263388050108 -4.597623334693491 5.2645160440942025 36.98634924525582 -4.629866685844076 1
rider 752 2 1.7209871111705475 757.7127 776.19586 785.3751 833.58936 1.4886881707801 0.6467314786016111 0.7947953048412099 -5.239973081782111 5.711183435784046 41.330636908536555 -4.6883072046429115 1
rider 753 1 1.6682604702016954 808.102 767.9225 831.6071 822.1644 1.7216324998233905 0.7051887626848966 0.849189588313281 -4.7378315164982245 6.557439619304977 50.13688437418759 -4.7091429747323135 1
Car 762 0 2.1294933776651206 350.52478 757.6891 643.4124 922.5387 1.9111008522828958 2.100596987581744 5.325808970752578 -7.464735872493871 4.362934447519031 24.766345409515864 -4.44643853114324 1
bicycle 755 0 0.6600576929341366 1317.728 785.5715 1437.0641 888.26685 1.274877061370996 0.44529249619891154 1.8043078959070091 6.126306032812078 3.7415087267617055 22.101433330442212 0.930459195995224 1
moped_scooter 756 0 -1.0827573452151031 231.27713 826.4079 322.6392 909.0573 1.133403745473908 0.6834762534006043 1.7688472375200075 -11.78672073520404 4.733742763760287 25.81572426805584 -1.5110625729101075 1
Pedestrian 1575 1 2.049797747103246 293.85413 791.685 357.1095 907.5167 1.708759627779242 0.6685733168270722 0.6982569575188854 -9.989149613063471 4.372733596511021 23.511911161933597 -4.6351352621736925 1
ride_other 1614 0 2.04831417933413 286.01306 816.4146 369.12198 914.3757 1.283666650295213 0.7220773062819128 1.1009479826268784 -9.489408280415788 4.229792171137859 22.428043123172692 -4.6351352621736925 1
rider 351 0 -1.5037879100858318 872.9011 771.767 923.1081 874.04706 1.6598144935896366 0.815067844124802 0.9185156583923034 -1.0960611041577335 4.267813890398229 26.085818339828098 -1.5457807182432257 1
Cyclist 346 0 -1.566021786296952 964.59503 778.7643 1004.4048 887.6012 1.5993656688974678 0.6510285264159015 1.738470629840058 0.39759432330929156 4.295441508290567 25.327826086603665 -1.5503251502044593 1
Pedestrian 1615 0 2.026375327905983 335.1967 780.5197 397.6473 906.6115 1.8646262154482944 0.6607558594888535 0.7189587426922994 -9.31925070819445 4.344481295579403 23.44629964034193 -4.6351352621736925 1
Pedestrian 764 2 2.5066650059236073 326.14932 804.745 373.4972 898.7455 1.6556018370982126 0.6574049333668583 0.5454212108074 -11.565528233143917 5.106308109759401 28.289094059582165 -4.164618459935811 1
ride_uncertain 765 0 -1.6477336139957575 1160.3048 796.344 1201.1238 865.5743 1.210753968200961 0.7162503792031881 1.2700364464846032 4.403603498389508 4.73370920543076 30.071209739622923 -1.5023279303256776 1
rider 352 1 -1.5632537559491058 965.8663 782.4478 1000.775 870.6087 1.4014365939287643 0.582761484337436 0.6519728224384858 0.3753182519643428 4.101159168447074 25.29309644093115 -1.5484160823763262 1
