Cyclist 748 0 1.8192539751445356 703.8306 757.5014 766.8694 852.9243 1.6821862403031476 0.798301811136349 1.97070618301123 -4.545281001108926 4.4521339020804325 30.218263992732748 -4.613227149506155 1
Cyclist 749 1 1.7473855435422099 729.98145 759.0836 771.3836 839.7045 1.6686055223411154 0.6484647610921465 1.812982972438376 -4.905713111702491 4.884764834281006 34.924949978145364 -4.675351175960541 1
bicycle 755 1 0.614423146396153 1385.1415 759.2859 1528.616 876.959 1.274877061370996 0.44529249619891154 1.8043078959070091 6.2741882628565335 3.060957557539914 19.017801751674536 0.9330907422638641 1
rider 766 0 1.8048428052177972 711.55536 759.94745 761.7374 838.4287 1.4886881707801 0.8430061920480375 0.7980263388050108 -4.543949560721223 4.263428288987774 30.292170858975943 -4.627236450760088 1
rider 752 1 1.737291811864659 734.0494 760.7844 767.2998 828.41656 1.4886881707801 0.6467314786016111 0.7947953048412099 -4.918119873557777 4.701780389960999 34.95455538942024 -4.68567630523902 1
rider 753 1 1.6785153861891322 795.0119 742.8923 821.61865 803.21936 1.7216324998233905 0.7051887626848966 0.849189588313281 -4.575732833216346 5.288072571003702 44.77387552945226 -4.706512837801665 1
Cyclist 340 0 -1.505678788856022 877.05194 746.6595 941.1256 862.48285 1.756572340587969 0.9763091098301239 1.9218572912088543 -0.8767863284791371 3.9291249566293414 25.70711869887449 -1.5397723252004565 1
Pedestrian 1575 1 2.1273717527403395 141.24065 784.1932 234.54347 926.5286 1.708759627779242 0.6685733168270722 0.9839319417296621 -10.136032933259788 3.8545905337841306 19.627794794902844 -4.632504560308533 1
Pedestrian 764 1 2.03008830870582 262.91495 800.377 313.99036 895.7607 1.5333952613805462 0.6342660684101915 0.491068277353658 -11.353368310783017 4.525714163976012 25.243868690206064 -4.675740974223547 1
rider 351 0 -1.5052979229200398 878.48627 750.05273 929.8849 854.1798 1.6598144935896366 0.815067844124802 0.9185156583923034 -0.9634009630322328 3.8282022706119685 25.439201181514296 -1.5431505577119558 1
Cyclist 750 0 1.6709838038005662 789.1719 740.59454 823.63446 816.5459 1.9931759412375574 0.7642444881186492 2.580889538015859 -4.590532618821711 5.533668715943574 44.471377093894986 1.5681236745875995 1
Cyclist 346 0 -1.608076039351664 971.4009 756.67554 1014.94495 867.1815 1.5993656688974678 0.6510285264159015 1.738470629840058 0.5122668143167355 3.844527481882718 24.60419311861763 -1.587258741621953 1
bicycle 760 2 1.7417195532830023 593.45544 813.6117 618.2472 857.2545 1.141966016856792 0.4901846463947963 1.6254417718647085 -11.188143280279652 7.190387477588789 47.10400919276052 1.508520840368654 1
Car 762 0 2.1782308933234553 253.55177 741.524 606.47205 929.54987 1.9111008522828958 2.100596987581744 5.325808970752578 -7.398836105235845 3.816436394050924 21.582581357429536 -4.43521420235848 1
moped_scooter 1571 2 0.9908478949176587 1828.086 760.5237 1935.0 1031.3878 1.1665272458702942 0.5908763214197599 1.9490702836185154 5.715604166225383 2.0172745277598088 8.40102427285811 -4.694924121114758 1
moped_scooter 756 1 -1.0374788247465532 142.24986 823.2338 253.17519 918.14 1.133403745473908 0.6834762534006043 1.7688472375200075 -11.477530626467026 4.242933376794182 22.541863056150014 -1.508431625858709 1
Pedestrian 1615 0 2.1007973585358304 195.54349 766.05615 280.1023 919.4317 1.8646262154482944 0.6607558594888535 0.828065354060614 -9.387629387088506 3.7399267064463593 19.428085346575255 -4.632504560308533 1
ride_other 1614 0 2.125652835979923 136.77617 810.1222 244.70422 932.15454 1.3287555980603454 0.7220773062819128 1.1009479826268784 -9.572113605133163 3.705812757336516 18.61421277825946 -4.632504560308533 1
ride_uncertain 765 0 -1.6669593636583409 1190.9067 779.6012 1237.7705 855.9769 1.210753968200961 0.7162503792031881 1.2700364464846032 4.564598020659516 4.0756679071550455 27.035032833936626 -1.4996967291268672 1
rider 352 1 -1.6000451992651978 974.8402 758.99646 1011.36456 848.82043 1.4014365939287643 0.582761484337436 0.6519728224384858 0.520514860983071 3.64047396056863 24.64106583783987 -1.5789244626842487 1
