Cyclist 748 0 1.8744747881649797 648.432 756.22406 740.73157 887.37286 1.6821862403031476 0.798301811136349 1.97070618301123 -3.942811592205943 3.728150146226769 22.269586980112727 -4.583943757215456 1
Cyclist 749 0 1.7773596210292517 718.69403 756.09186 773.49005 858.06177 1.6686055223411154 0.6484647610921465 1.812982972438376 -3.9807641923333024 4.186744665540871 27.778188831240968 -4.648161995656557 1
Cyclist 750 0 1.68877612100545 799.4149 739.90295 841.3293 825.16455 1.89975515678724 0.7642444881186492 2.580889538015859 -3.5742336588881747 4.931729958825765 38.126196667367154 -4.687883438070185 1
bicycle 755 1 0.5465541282683524 1527.8706 754.5227 1715.3346 900.4634 1.274877061370996 0.44529249619891154 1.8043078959070091 6.792717077186957 2.690988201796924 15.47046718520098 0.9602869480232874 1
bicycle 751 2 1.5318083748842106 1260.7614 802.5557 1285.3088 856.9412 0.8430999942107549 0.40492248881029275 1.365570307631382 5.9373883078790115 4.313839746512497 28.50840723094068 -4.546044181391666 1
Pedestrian 763 0 1.5742694928770167 1103.5365 750.79016 1118.5195 792.70935 1.373638200199585 0.5045910653269037 0.4780639367409647 5.093091107179451 5.676832457558592 50.852863969398506 -4.609095207372732 1
rider 752 0 1.7666109426734433 725.9372 758.4229 768.70184 843.51715 1.4886881707801 0.6467314786016111 0.7947953048412099 -3.9828488601764698 4.014736135471898 27.87686511702068 -4.658486871552226 1
rider 767 0 1.644679750998609 836.9416 748.5326 860.99194 805.5296 1.6883573065337478 0.6937426886944699 0.5986245158414331 -3.4444303744023292 5.507735168541494 45.89829244198557 1.5697753064122142 1
rider 753 1 1.6954639629533048 808.06757 742.3494 839.3743 812.4326 1.7216324998233905 0.7051887626848966 0.849189588313281 -3.5492358120854743 4.79021276450156 38.634478419556324 -4.679331262504064 1
Cyclist 754 0 1.6452851501573529 832.2579 746.58136 862.5791 812.29407 1.8169422180070272 0.7860006575424848 1.9270790555236925 -3.4834832187247975 5.628925986375263 45.88381355929847 1.569510856209415 1
Cyclist 340 0 -1.5147097277347237 930.75055 742.84973 995.7043 862.16003 1.756572340587969 0.9763091098301239 1.9218572912088543 0.052842814250231095 3.803016690046602 24.957999857327888 -1.5125924613034902 1
moped_scooter 756 0 -0.9726656798363831 56.847927 826.56067 192.43835 936.06976 1.133403745473908 0.6834762534006043 1.7688472375200075 -11.008337693198026 3.919100479154853 19.746226996281347 -1.4812417033856735 1
rider 766 0 1.8610714170580893 660.3499 760.5107 730.95667 867.9268 1.4886881707801 0.8430061920480375 0.7980263388050108 -3.951436052323574 3.550656873355333 22.293334020723165 -4.597539364200183 1
rider 351 0 -1.5150224002302155 933.32056 744.6943 985.47687 851.4572 1.6598144935896366 0.815067844124802 0.9185156583923034 -0.023478442436125055 3.6857906936389124 24.809789482305753 -1.5159687377815327 1
Cyclist 346 0 -1.572955380799079 1018.67004 754.1556 1061.1522 868.4218 1.5993656688974678 0.6510285264159015 1.738470629840058 1.250239553289217 3.734458674573852 23.81744089597052 -1.5205109087227844 1
bicycle 760 2 1.7674356841876029 594.109 815.0582 622.1448 862.0918 1.141966016856792 0.4901846463947963 1.6254417718647085 -10.327811413959271 6.81181753518825 43.76785648600993 1.5357066282819232 1
Car 762 0 2.221414509911895 165.97115 734.6786 596.0388 958.3389 1.9111008522828958 2.100596987581744 5.325808970752578 -6.8300063359647005 3.4737292465647363 18.432845292776392 -4.416620830967851 1
Pedestrian 757 0 1.596678867268209 1085.9417 750.11505 1100.476 793.24414 1.4212739186543495 0.48183498389108675 0.4035181233708248 4.485481186717675 5.696667460931574 50.83239990855619 -4.59849380697187 1
Pedestrian 1615 0 2.2274788980690428 0.0 758.59485 106.96862 958.8036 1.864626215448295 0.686953948848113 0.8924623656773393 -9.219111529892434 3.2530748886429603 15.049896113291478 -4.605317163357757 1
Pedestrian 764 1 1.1295138912074763 211.69351 795.845 264.31924 906.09106 1.5122536586787927 0.5654859035487426 0.43266526867757527 -10.625528477198532 4.064705313581965 21.973045297777432 0.6790956170786542 1
ride_other 1614 2 2.2594918150943366 0.0 815.0933 54.70178 972.91675 1.283666650295213 0.7220773062819128 1.1009479826268784 -9.311115295428168 3.159287672917813 14.161574144145284 -4.605317163357757 1
ride_uncertain 765 0 -1.6942567636284256 1270.7017 775.8691 1327.8165 864.78735 1.210753968200961 0.7162503792031881 1.2700364464846032 5.252193519648417 3.6298599989666736 23.295419160342583 -1.4725041901125908 1
rider 352 1 -1.5697577412810666 1019.2574 758.6394 1056.4219 851.83856 1.4014365939287643 0.582761484337436 0.6519728224384858 1.2190102974982082 3.560946495300434 23.806071428637384 -1.518596568258663 1
