bicycle 751 1 1.4405531261147093 1398.5165 802.8827 1443.8641 881.3057 0.8430999942107549 0.40492248881029275 1.365570307631382 6.1380805262946545 3.3068109609895915 19.993433337507653 -4.544761394439821 1
rider 767 0 1.6903301528810752 764.0938 726.86053 801.2794 811.6697 1.6883573065337478 0.6937426886944699 0.5986245158414331 -3.6733202850907976 3.808209148959027 30.791320999883197 -4.7115912604946555 1
rider 752 0 2.1282953153402744 352.0375 710.84216 481.5337 914.5155 1.4886881707801 0.6484647610921465 0.7657159991669714 -4.263126445714396 2.189108792924383 11.745477340311727 -4.503062589963925 1
bicycle 1210 1 -0.22723425787512339 1232.4521 747.90625 1292.2217 787.4339 1.2234488046812242 0.4709311285829024 1.828524739354508 9.694678562873413 5.20776793105456 48.17684927663601 -0.028655264903893363 1
Cyclist 754 0 1.6909883893994717 756.19885 723.70026 805.9735 821.6954 1.8169422180070272 0.7860006575424848 1.9270790555236925 -3.675150335969894 3.9046663433175564 30.635208788030027 -4.7115912604946555 1
Cyclist 749 0 2.1297750358849816 305.3622 706.09955 512.0981 952.88666 1.6686055223411154 0.6484647610921465 1.812982972438376 -4.263773797429074 2.355354272797705 11.693280179844946 -4.503062589963925 1
Cyclist 340 0 -1.5340711346363118 960.76843 717.9789 1027.6765 843.24817 1.756572340587969 0.9763091098301239 1.9218572912088543 0.5369819860134167 3.276269914022214 23.427105322506478 -1.5111537504131696 1
Cyclist 1215 0 0.13758531806371277 798.53094 732.75616 875.40265 787.3635 1.6248141689785838 0.7869067381416157 2.308896920311418 -3.877869345540665 5.029896867894791 46.754910919263814 0.0548343577267707 1
bicycle 1211 1 1.064163974387067 642.9315 775.0558 668.7316 807.75964 0.8452725652346782 0.17429424712841862 1.2161691999387478 -8.976484916578055 5.308612071780097 43.93264129885984 0.8626143771738506 1
bicycle 1212 1 1.0463913736004935 670.4474 774.99646 697.34515 808.44214 0.8452725652346782 0.17429424712841862 1.2161691999387478 -7.973420209991035 5.210125923895318 42.96889644107301 0.8629156784363552 1
Pedestrian 757 0 1.5737477879748045 1119.1482 731.97534 1140.4303 793.0783 1.624907771151503 0.5784554500546178 0.5663503805281032 4.641635884399033 4.596444436291963 41.18587187848628 -4.597211345525904 1
Pedestrian 763 0 1.5491829738381435 1142.9114 737.88855 1159.193 791.7863 1.4263905938830899 0.4322912748877862 0.5551191741240477 5.217618146167395 4.556426473398831 41.12774893445433 -4.607812740113744 1
rider 351 0 -1.5333581052597742 961.8252 718.84424 1016.346 831.6068 1.6598144935896366 0.815067844124802 0.9185156583923034 0.44121377536929296 3.1535899578550812 23.296425397397705 -1.5144212500912142 1
rider 1218 0 0.13279735210405091 814.754 732.90857 851.183 782.2072 1.4683899085135952 0.784239302512085 1.0407245185711234 -4.009357220979277 4.8774951504581665 46.78385780178277 0.04730665145987589 1
Cyclist 346 0 -1.600007998116527 1051.6888 732.8505 1099.3512 854.5173 1.5993656688974678 0.6510285264159015 1.738470629840058 1.6750111304655741 3.2591867104579406 22.109696267062827 -1.5243933195482924 1
bicycle 759 0 -1.6424344316973698 1175.9434 750.66003 1201.5894 795.0972 1.173342663604882 0.649713215423094 1.5752571297715885 6.821453917245072 5.016440125824802 44.88766277183878 -1.4916210970623032 1
bicycle 1213 2 -0.6347475623793082 1159.0549 751.8722 1207.241 795.0381 1.2234488046812242 0.4332546859732989 1.5069292098862495 6.847036070243467 5.186636164731284 46.13233946954186 -0.48740162932957976 1
bicycle 1214 1 -0.864928491413781 1195.4529 748.81134 1237.5851 791.6872 1.2234488046812242 0.4332546859732989 1.5069292098862495 8.039157496837701 5.177875482068893 47.074632195819575 -0.6957854637825575 1
Cyclist 750 0 1.7478898434893395 693.34564 716.63153 769.1497 851.37714 1.89975515678724 0.7642444881186492 2.580889538015859 -3.682811289284284 3.4611636954132092 24.154132258436213 -4.686601423443455 1
bicycle 760 1 1.7972501078652456 545.4472 803.8445 580.76306 859.25555 1.141966016856792 0.4901846463947963 1.6254417718647085 -9.825551785806304 5.6604018406880305 36.93998039353745 1.5372824372541105 1
bicycle 761 1 -2.9381425812448194 576.88354 765.9979 635.46564 804.87555 1.112140183869871 0.4334359601689178 1.6528616667963376 -10.62601739413869 5.359126328142746 44.77057820748594 -3.17117447957787 1
Car 762 1 2.4097880464394796 0.0 675.71954 412.39624 1058.1741 1.9111008522828958 2.100596987581744 5.325808970752578 -6.673907025493582 2.3848058605873304 11.084911000016493 -4.4153384005770775 1
Car 1216 0 1.676414584881904 883.58685 730.714 957.4568 797.57587 1.5084458376744267 1.6753384284005488 3.5194274795376375 -1.084318365444485 4.561177909931219 41.32200373097331 -4.633005403396712 1
ride_uncertain 765 0 -1.7963844569677885 1419.1318 773.7294 1515.759 904.19006 1.210753968200961 0.7162503792031881 1.2700364464846032 5.417420953440815 2.8764442510148043 16.069271307640086 -1.4712215008758829 1
rider 352 1 -1.6072427189144851 1055.763 735.4464 1096.9519 835.2831 1.4014365939287643 0.582761484337436 0.6519728224384858 1.6943050769604728 3.0583914647222024 22.07699928766309 -1.5306475997895423 1
rider 753 1 1.7550210574758136 707.24445 718.9269 762.6844 829.5241 1.7216324998233905 0.7535668040322723 0.849189588313281 -3.6939392862374403 3.287127696412042 24.460350823403438 -4.678049088776294 1
