Pedestrian 763 0 1.552217622132524 1137.0479 745.38446 1158.4573 796.354 1.4263905938830899 0.6061527464600103 0.40800562125526396 5.384673256132693 4.925537398309715 43.19562759715718 -4.60694960928277 1
rider 767 0 1.6770274250967505 786.6163 738.2757 820.10175 815.5991 1.6883573065337478 0.6937426886944699 0.5986245158414331 -3.5691472091040004 4.27608129412205 33.83214687885726 -4.711264843773403 1
rider 752 0 2.0443781908763246 509.07965 738.18976 604.9718 898.34247 1.4886881707801 0.6484647610921465 0.7657159991669714 -4.036385312625819 2.656169590463735 14.968573372148999 -4.502199523020026 1
bicycle 1210 1 -0.2214665717117078 1225.7418 749.61426 1283.6696 787.9747 1.2234488046812242 0.4709311285829024 1.828524739354508 9.738440000326817 5.386068575450208 49.652230051157645 -0.027792047300969625 1
Cyclist 754 0 1.6769228553795337 780.6423 735.3469 824.6319 824.78766 1.8169422180070272 0.7860006575424848 1.9270790555236925 -3.563204129933898 4.378900683122193 33.72416072420572 -4.711529207901327 1
Cyclist 749 0 2.0439907367957604 481.79745 733.39905 627.4893 926.2987 1.6686055223411154 0.6484647610921465 1.812982972438376 -4.028829917135198 2.823515835658264 14.963616156048772 -4.502199523020026 1
Car 762 1 2.35529754926417 0.0 692.7186 470.13385 1026.8892 1.9111008522828958 2.100596987581744 5.325808970752578 -6.646956496267893 2.6103729107853972 12.56483173476759 -4.414475294555598 1
Cyclist 340 0 -1.5258361171009878 949.73914 728.5159 1016.6854 852.8965 1.756572340587969 0.9763091098301239 1.9218572912088543 0.3693276976903012 3.471107192079204 23.755878978130397 -1.5102905779732787 1
bicycle 1213 1 -0.630238245374153 1154.2118 753.52216 1200.9546 795.36774 1.2234488046812242 0.4332546859732989 1.5069292098862495 6.889044452435454 5.365202412394616 47.610161422639 -0.48653866029620274 1
Cyclist 750 0 1.7331067579418784 722.56036 729.42596 788.57825 851.31165 1.89975515678724 0.7642444881186492 2.580889538015859 -3.6635051694408656 3.866635015652623 26.8391737200741 -4.685738597178984 1
bicycle 1211 1 1.054466833752777 659.58527 775.96014 684.9013 807.72577 0.8452725652346782 0.17429424712841862 1.2161691999387478 -8.748408477820888 5.468338317843802 45.24746323187773 0.8634776215660849 1
bicycle 1212 1 1.0341100946832522 690.94525 775.87305 717.40796 808.3625 0.8452725652346782 0.17429424712841862 1.2161691999387478 -7.610763518741612 5.3649031721166995 44.24921232192938 0.8637789755601712 1
bicycle 755 2 0.3254999804202805 1895.6107 738.6333 1935.0 985.1459 1.274877061370996 0.44529249619891154 1.8043078959070091 6.955577796217438 2.055933063040938 9.402124902015398 0.9624332145932839 1
Pedestrian 757 0 1.5789444464729803 1112.8541 738.9048 1133.491 797.86176 1.624907771151503 0.5860730866874958 0.7339383864525124 4.6743570514418735 4.945326528226647 43.1559101974265 -4.596348218606696 1
rider 351 0 -1.5258501313849704 952.0726 730.20526 1006.2416 841.82806 1.6598144935896366 0.815067844124802 0.9185156583923034 0.29045820398055167 3.3576278404327358 23.6283535980545 -1.5135579683495537 1
rider 753 1 1.7385012790884558 738.39294 732.52856 784.80817 832.1914 1.7216324998233905 0.7051887626848966 0.849189588313281 -3.6271179324664464 3.7116997505062224 27.213647354569797 -4.677186155453057 1
Cyclist 346 0 -1.5974470192215005 1049.6761 740.62823 1096.3658 861.15674 1.5993656688974678 0.6510285264159015 1.738470629840058 1.6619029629981041 3.4031869962385617 22.424937332937517 -1.523472657258347 1
bicycle 759 0 -1.6376872686628856 1170.5233 753.2212 1195.0978 796.30444 1.173342663604882 0.649713215423094 1.5752571297715885 6.862690256636038 5.221993996321265 46.37082351361418 -1.490757926668762 1
bicycle 1214 1 -0.8595637689057203 1189.1141 751.0189 1230.0935 792.64606 1.2234488046812242 0.4332546859732989 1.5069292098862495 8.06360168230168 5.371328059206526 48.533481630995304 -0.6949225740975413 1
bicycle 751 1 1.4676174154136161 1359.1334 804.4679 1397.8097 876.16364 0.8430999942107549 0.40492248881029275 1.365570307631382 6.082231006876098 3.549868509626421 21.83480313690945 -4.543898048529501 1
bicycle 760 2 1.7876640059782511 563.1839 806.5778 596.4731 859.91956 1.141966016856792 0.4901846463947963 1.6254417718647085 -9.791505028193052 5.909667444015691 38.423838256988375 1.5381456705734298 1
Cyclist 1215 1 0.15039840510665398 781.60065 740.09955 856.3411 793.1398 1.6248141689785838 0.7869067381416157 2.308896920311418 -4.583437698031774 5.377303902463697 48.25432681647794 0.05569751541715484 1
Cyclist 748 1 2.4458131046199045 0.0 708.2455 251.39166 1050.4847 1.6821862403031476 0.798301811136349 1.97070618301123 -5.3204621176449844 2.2390718906215836 8.929777145965657 -4.3747060830219375 1
bicycle 761 1 -2.945495700442312 590.8443 773.4992 647.4352 811.21014 1.112140183869871 0.4334359601689178 1.6528616667963376 -10.573723169262383 5.730633505272036 46.23782093098881 -3.1703112449592963 1
Car 1216 0 1.6729458929623595 893.0423 735.76904 961.38544 798.2396 1.5084458376744267 1.6753384284005488 3.5194274795376375 -0.9725550163913955 4.934968458905844 44.39610344052595 -4.6321422258102345 1
ride_uncertain 765 0 -1.770879302990969 1383.6635 776.67084 1469.048 896.1029 1.210753968200961 0.7162503792031881 1.2700364464846032 5.4312145308129915 3.057160662050947 17.52528830250063 -1.470358220690529 1
rider 352 1 -1.604722658015837 1053.6401 743.17505 1094.0698 841.6581 1.4014365939287643 0.582761484337436 0.6519728224384858 1.6839904535200887 3.2021379477295926 22.42960326545229 -1.5297843293574045 1
rider 1218 1 0.141697267899625 803.1079 739.7942 838.6141 787.6811 1.4683899085135952 0.784239302512085 1.0407245185711234 -4.528067427869212 5.209271066391264 48.273061721406606 0.0481698088204654 1
rider 766 1 2.4531213367353546 0.0 712.13855 182.06606 999.4525 1.5618946659536044 0.8430061920480375 0.7980263388050108 -5.32300833434803 2.115016367793964 8.962915012705402 -4.365980586446575 1
