bicycle 751 1 1.4104995341376592 1439.5354 846.58185 1494.3376 938.5825 0.8430999942107549 0.40492248881029275 1.365570307631382 6.011687320501271 3.589105732373824 17.817472684706384 -4.547276064870157 1
Cyclist 749 2 2.351217065692062 0.0 711.8475 187.27013 1137.2576 1.6686055223411154 0.6484647610921465 1.812982972438376 -4.659393543487641 2.1432344770861014 7.209351385694561 -4.505737004922035 1
Pedestrian 757 0 1.5681533351956851 1124.1884 778.57874 1144.349 844.3537 1.624907771151503 0.5126540934827488 0.5054092874646705 4.456508926556942 5.613426392193926 38.53190567142063 -4.599885946434004 1
Pedestrian 763 0 1.5434516993028957 1145.8335 784.25885 1165.6073 842.77106 1.4263905938830899 0.4888287721138064 0.581867092827439 5.001571872218414 5.560703282401548 38.482283881144134 -4.610487353146086 1
rider 767 0 1.714521119870158 719.6921 766.7576 763.7637 866.4098 1.6883573065337478 0.6937426886944699 0.5986245158414331 -3.884628918662341 4.229772723436344 26.490977780092287 1.568919142476922 1
bicycle 1210 1 -0.23982614536252622 1246.3275 790.72876 1309.2958 832.79987 1.2234488046812242 0.4709311285829024 1.828524739354508 9.697133356635167 6.335266389102164 45.83402574878015 -0.031330143791920895 1
Cyclist 754 0 1.7142679457122543 711.1878 763.2511 771.35126 880.1085 1.8169422180070272 0.7860006575424848 1.9270790555236925 -3.8790568781807533 4.357808201524357 26.49971357154203 1.568919142476922 1
bicycle 1587 2 2.0198141141875627 209.33365 852.9139 297.41965 946.5457 1.100521355071025 0.4595058135693098 1.8751475598938867 -10.903193517595794 4.764615159559524 23.09181022857811 -4.704505616773747 1
bicycle 1588 2 2.051592348766997 174.75827 853.8029 261.88727 946.6976 1.093210049083833 0.40293366752526194 1.8222802915334486 -11.411977738324442 4.7575156738173074 23.0241138373428 -4.691757155725772 1
Cyclist 340 0 -1.5294552730954147 948.37354 760.6335 1018.0521 894.07166 1.756572340587969 0.9763091098301239 1.9218572912088543 0.3544719239237877 3.9049045751443097 22.681771578959754 -1.5138284924162353 1
Cyclist 750 0 1.7893418575159723 618.3722 749.36786 717.9944 918.19324 1.89975515678724 0.7642444881186492 2.580889538015859 -3.8860671483468208 3.6764579171634777 20.04588567316552 -4.6853268947357485 1
bicycle 1211 1 1.0695859226328002 629.5892 822.7721 656.83124 858.7212 0.8452725652346782 0.17429424712841862 1.2161691999387478 -8.804456860412913 6.389000139735163 41.37959255296375 0.8599394128759874 1
rider 351 0 -1.5293056194570058 950.7198 762.80804 1007.24994 881.2227 1.6598144935896366 0.815067844124802 0.9185156583923034 0.2754742727859123 3.7847498260578902 22.561559077781588 -1.5170963309196228 1
rider 753 1 1.7917631128683116 645.8529 755.51874 710.9115 889.8152 1.7216324998233905 0.7051887626848966 0.849189588313281 -3.8607678118326985 3.546582069484286 20.456927300673037 -4.6779548920984375 1
Cyclist 346 0 -1.6146449522309096 1049.2499 772.50995 1100.44 902.1932 1.5993656688974678 0.6510285264159015 1.738470629840058 1.6043513235638067 3.7909108369808795 21.32342811157747 -1.5395475428044942 1
bicycle 759 2 -1.650139008336337 1182.7366 796.31323 1210.2607 845.0606 1.173342663604882 0.649713215423094 1.5752571297715885 6.678048320987903 6.1381607266657685 42.503607171415034 -1.4942958327327052 1
bicycle 1213 1 -0.6392780593969838 1160.63 796.41364 1211.3217 843.05206 1.2234488046812242 0.4332546859732989 1.5069292098862495 6.582515766685516 6.308412715211437 43.79018956748558 -0.4900757381578782 1
bicycle 1214 1 -0.8727774612921542 1202.4205 793.128 1246.531 839.55896 1.2234488046812242 0.4332546859732989 1.5069292098862495 7.884062611060865 6.332880986174885 44.76896931774646 -0.6984593273025756 1
bicycle 760 1 1.8190474439066708 503.7634 852.1732 543.3832 914.12494 1.141966016856792 0.4901846463947963 1.6254417718647085 -10.060822637802863 6.4965229985283495 34.41155507520539 1.5346075066150817 1
Cyclist 1215 1 0.12353774919603547 813.8442 773.4904 894.2493 831.66583 1.6248141689785838 0.7869067381416157 2.308896920311418 -3.1842757663761208 6.095035500864207 44.53560280423821 0.05215966187099297 1
bicycle 761 1 -2.925273556231718 550.45544 818.74835 612.5574 860.4176 1.112140183869871 0.4334359601689178 1.6528616667963376 -10.767324320261437 6.64245564262114 42.42018826452567 -3.1738494104518393 1
Car 762 1 2.511091629785362 0.0 683.44904 301.2647 1214.952 1.9111008522828958 2.100596987581744 5.325808970752578 -6.677709670525147 2.369668627077531 8.858902220994356 -4.418012936712701 1
Car 1216 0 1.684425564951276 862.00867 772.23694 946.1888 852.1305 1.5084458376744267 1.6753384284005488 3.5194274795376375 -1.3579041162619274 5.309662087896163 36.76250426393019 -4.6356801613657375 1
ride_uncertain 765 0 -1.843560946787139 1483.9603 822.1737 1603.2206 978.76874 1.210753968200961 0.7162503792031881 1.2700364464846032 5.389439616922843 3.133542163311607 13.9090535984256 -1.473896576931354 1
rider 352 1 -1.5949411838502734 1052.9409 776.4074 1094.9524 881.00104 1.4014365939287643 0.582761484337436 0.6519728224384858 1.6048668811731321 3.6003918963153527 21.36405413546534 -1.5199620487162349 1
rider 1218 0 0.116366404924218 834.7321 773.5338 872.5778 826.06964 1.4683899085135952 0.784239302512085 1.0407245185711234 -3.202102462876797 5.938716306120469 44.56168773299785 0.04463195662206987 1
