bicycle 751 1 1.3552928645824647 1511.7708 811.67053 1583.8666 915.80524 0.8430999942107549 0.40492248881029275 1.365570307631382 6.002141225908478 2.847972734746209 15.346559509768504 -4.5550761927432335 1
Pedestrian 757 0 1.558183427963364 1126.1786 753.6613 1149.5143 818.4618 1.466754952571899 0.5370931112269893 0.4022268747587098 4.128939543509189 4.498695475103773 34.984548900004 -4.6075235223777185 1
Pedestrian 763 0 1.5303112772296066 1150.7152 754.304 1177.5284 818.11664 1.4263905938830899 0.5990504104077014 0.5062432743439299 4.723889501236881 4.465850542652356 34.844499636661816 -4.61812496373343 1
rider 753 1 1.827630884567159 505.79803 722.84033 598.10345 904.1717 1.7216324998233905 0.7051887626848966 0.849189588313281 -4.116715583168794 2.7378858910342556 15.088790414071982 1.5612807000348372 1
bicycle 1210 1 -0.2547568346196314 1255.8652 760.1414 1322.6046 804.34955 1.2234488046812242 0.4709311285829024 1.828524739354508 9.494740868764382 5.165237999838519 43.31516753655153 -0.03896848838198008 1
Cyclist 754 0 1.7559600854354867 622.6997 737.21735 706.1874 886.47327 1.8169422180070272 0.7860006575424848 1.9270790555236925 -4.067330785812404 3.4389020373888597 20.62784637140356 1.5612807000348372 1
bicycle 1587 1 2.0709429895361815 87.17855 844.58246 196.72017 950.8378 1.100521355071025 0.4595058135693098 1.8751475598938867 -11.089543071669288 4.220926331741165 20.303848972486115 -4.712147477855332 1
bicycle 1588 1 2.098325596364761 59.822433 845.3267 167.0527 950.35565 1.093210049083833 0.40293366752526194 1.8222802915334486 -11.48456599120512 4.222256500368534 20.31470469528347 -4.699398377446249 1
Cyclist 340 0 -1.5386877387962632 950.3502 737.0233 1020.7264 871.94104 1.756572340587969 0.9763091098301239 1.9218572912088543 0.3804465585597098 3.4865652072077555 22.089486396612266 -1.5214664715812622 1
bicycle 1213 1 -0.6504786627438914 1164.6233 763.8919 1218.2054 812.575 1.2234488046812242 0.4332546859732989 1.5069292098862495 6.354739883108268 5.11073520095993 41.2735539015324 -0.49771188539935096 1
bicycle 1214 1 -0.8858414312979745 1209.701 761.09283 1255.9664 809.24817 1.2234488046812242 0.4332546859732989 1.5069292098862495 7.694585019165599 5.139559396799777 42.34592476323506 -0.7060947788038099 1
bicycle 1211 2 1.0830331354328255 595.6837 796.8262 624.54205 834.7279 0.8452725652346782 0.17429424712841862 1.2161691999387478 -9.053672075852903 5.335347020859219 38.540044335587126 0.8523008044757749 1
bicycle 1212 1 1.0633962889639175 626.0775 790.6359 656.8191 829.9845 0.8452725652346782 0.17429424712841862 1.2161691999387478 -7.912903438048264 5.000883467302442 36.98076291565138 0.8526014778961142 1
rider 351 0 -1.5385992114625229 952.6135 738.3112 1010.2433 859.1354 1.6598144935896366 0.815067844124802 0.9185156583923034 0.30388830552836604 3.3582708037913163 21.91793916504921 -1.5247352786810024 1
Cyclist 346 0 -1.6061132746314315 1043.5323 747.11615 1095.1421 878.5102 1.5993656688974678 0.6510285264159015 1.738470629840058 1.4821802476277421 3.3648335047540163 20.721582397939105 -1.5347065553067247 1
bicycle 759 0 -1.6603010940440517 1185.5212 765.6546 1215.2903 816.1032 1.173342663604882 0.649713215423094 1.5752571297715885 6.404070350181078 5.023703759126921 40.09945331899939 -1.5019337938851247 1
Cyclist 1215 2 -0.29450273416837086 845.21936 745.83527 933.13806 809.9538 1.6248141689785838 0.7869067381416157 2.308896920311418 -2.00090267328113 5.043579020886595 41.51607925856191 -0.34266131768136066 1
Cyclist 750 0 1.8348267451911502 459.41556 714.4048 610.5545 946.51215 1.9131009831372845 0.7642444881186492 2.580889538015859 -4.101563582891925 2.865500251266668 14.618183974642065 1.5612807000348372 1
bicycle 760 2 1.8356781619073763 461.59598 836.5438 505.9767 902.90674 1.141966016856792 0.4901846463947963 1.6254417718647085 -10.142452131106845 5.759495568289226 31.80401072794574 1.526968988903855 1
bicycle 761 2 -2.906526038590855 505.79214 795.6555 572.56805 839.91315 1.112140183869871 0.4334359601689178 1.6528616667963376 -11.214929322861229 5.679938555654658 39.754107131792516 -3.181487897321735 1
Car 1216 0 1.6978463056131021 820.2869 753.5573 922.99634 847.3655 1.5084458376744267 1.6753384284005488 3.5194274795376375 -1.7897804880480637 4.317297826132627 30.834765049766602 -4.643318186272925 1
Car 762 2 2.6911529009698287 0.0 648.89453 76.73377 1215.0 1.9111008522828958 2.100596987581744 5.325808970752578 -6.686263978493262 2.054274895310561 6.070651402977683 -4.425650327568482 1
ride_uncertain 765 0 -1.929463871654094 1600.7402 792.9986 1769.0859 988.9691 1.210753968200961 0.7162503792031881 1.2700364464846032 5.306501446391477 2.5268341516941835 11.043648290890077 -1.4815355114775226 1
rider 352 1 -1.5988808837457171 1046.8137 751.1092 1090.1698 857.7969 1.4014365939287643 0.582761484337436 0.6519728224384858 1.485153512067009 3.184008960770285 20.782958840913963 -1.5275419932959295 1
rider 767 0 1.7528045784221522 641.7916 740.9812 699.95905 868.1472 1.6883573065337478 0.6937426886944699 0.5986245158414331 -4.015700595700083 3.319461725201985 20.71010484530811 1.5612807000348372 1
rider 1218 2 -0.2951114527468551 865.0372 746.37256 909.1816 803.2073 1.4683899085135952 0.784239302512085 1.0407245185711234 -2.0614755548441552 4.884608472220533 41.51131967984221 -0.3447312533953446 1
