bicycle 751 1 1.4162077129786272 1432.8492 821.04175 1484.9858 907.6107 0.8430999942107549 0.40492248881029275 1.365570307631382 6.135406373685107 3.3589268181865357 18.47448182585584 -4.546335940876505 1
Pedestrian 757 0 1.5683616402168372 1124.5092 757.0514 1146.7365 821.24164 1.624907771151503 0.5784554500546243 0.566350380528093 4.599976349432308 5.140111907291566 39.46383852192019 -4.598785492402746 1
rider 767 0 1.7064785111964411 734.77216 749.429 776.6283 844.25586 1.6883573065337478 0.6937426886944699 0.5986245158414331 -3.8052902091147454 4.021040428078462 27.71269920343698 1.570019721308785 1
rider 753 1 1.778684596608346 670.1625 740.5063 730.5739 866.0492 1.7216324998233905 0.7051887626848966 0.849189588313281 -3.7861750594236168 3.4367972260460022 21.749527297744795 -4.676854349712356 1
rider 752 0 2.2642845914410854 70.903275 713.22516 265.6783 996.0008 1.4886881707801 0.6484647610921465 0.7657159991669714 -4.535018480913789 2.0221474736672 8.59029787867876 -4.504636627417865 1
bicycle 1210 1 -0.23563694062878687 1242.0114 774.39655 1303.9594 815.6181 1.2234488046812242 0.4709311285829024 1.828524739354508 9.699717734596605 5.9038867753343345 46.555852825299056 -0.03022957594056197 1
Cyclist 754 0 1.7061879976325895 727.02466 746.33203 783.73895 856.782 1.8169422180070272 0.7860006575424848 1.9270790555236925 -3.793193725857567 4.143247262246213 27.684278482627043 1.570019721308785 1
Cyclist 749 0 2.2683307011029274 0.0 707.1523 314.79767 1057.7965 1.6686055223411154 0.6484647610921465 1.812982972438376 -4.540948174686652 2.189587203061154 8.517873675158395 -4.504636627417865 1
Cyclist 340 0 -1.529444763925602 950.67236 743.0155 1019.11646 872.4216 1.756572340587969 0.9763091098301239 1.9218572912088543 0.3860313614233337 3.658367188298312 23.09029123332671 -1.5127279803250087 1
Cyclist 750 0 1.7741440288433825 648.99524 735.60364 738.8217 890.18066 1.89975515678724 0.7642444881186492 2.580889538015859 -3.813124059611155 3.5908556286153477 21.543137629490868 -4.684226344972528 1
bicycle 1211 1 1.0714968353191903 628.67755 805.83374 655.1961 840.4856 0.8452725652346782 0.17429424712841862 1.2161691999387478 -9.05904589305412 6.038836048042703 42.40728030079512 0.8610400163075251 1
bicycle 1212 1 1.0529096469689339 657.4644 800.36163 685.27045 835.8303 0.8452725652346782 0.17429424712841862 1.2161691999387478 -8.006865376335377 5.749963103410442 41.28383023118711 0.8613412214714216 1
rider 351 0 -1.5287081562041849 951.9294 744.3246 1007.5811 860.0026 1.6598144935896366 0.815067844124802 0.9185156583923034 0.29153438396243603 3.5295523589011673 22.931698010919607 -1.5159956793966576 1
rider 1218 0 0.12354074231486896 825.82874 768.0056 863.2221 819.5685 1.4683899085135952 0.784239302512085 1.0407245185711234 -3.532577673817082 5.844058309469151 45.30938489451536 0.04573244922726394 1
Cyclist 346 0 -1.603000304600385 1053.3239 754.2134 1102.0525 879.5516 1.5993656688974678 0.6510285264159015 1.738470629840058 1.6816922454169148 3.5597613977045426 21.78769576602862 -1.5259676279534151 1
bicycle 759 1 -1.6475802042739467 1180.8052 777.68756 1207.703 824.8532 1.173342663604882 0.649713215423094 1.5752571297715885 6.73291393935625 5.67643778859821 43.26418749309792 -1.4931953232454807 1
bicycle 1213 1 -0.6375168244636347 1160.0624 778.7788 1209.8754 824.13074 1.2234488046812242 0.4332546859732989 1.5069292098862495 6.6722474325316545 5.867583920158474 44.58760019962395 -0.4889754871093759 1
bicycle 1214 1 -0.8688457989366769 1198.3728 776.2724 1241.8617 821.44775 1.2234488046812242 0.4332546859732989 1.5069292098862495 7.881113041785107 5.895532015341915 45.506209392617215 -0.6973591770805975 1
bicycle 760 1 1.8101471979212802 520.8364 834.05176 558.74963 893.4994 1.141966016856792 0.4901846463947963 1.6254417718647085 -9.945228274452504 6.197169438005403 35.323991688588194 1.5357080963173604 1
Cyclist 1215 0 0.1313081193235014 804.4492 754.8256 883.6053 811.59973 1.6248141689785838 0.7869067381416157 2.308896920311418 -3.545320707905133 5.6028891935297205 45.332624021642516 0.053260154894298806 1
bicycle 761 1 -2.9284714864270023 557.903 800.5604 618.7945 841.2488 1.112140183869871 0.4334359601689178 1.6528616667963376 -10.770517452474136 6.21634936017508 43.210843432113336 -3.1727488213467483 1
Car 762 1 2.470694702552041 0.0 680.74756 347.06558 1148.2643 1.9111008522828958 2.100596987581744 5.325808970752578 -6.663526685720678 2.377999435964692 9.648222774479578 -4.416912509334704 1
Car 1216 0 1.6836003964895978 866.63214 755.4724 947.6173 830.6357 1.5084458376744267 1.6753384284005488 3.5194274795376375 -1.3357270063304634 4.998704197073889 38.15379136671342 -4.634579642702075 1
Pedestrian 763 0 1.5433837752561397 1148.9672 764.4006 1165.9652 820.55096 1.4263905938830899 0.4322912748877862 0.4159473571896001 5.162013066380933 5.119165310240788 39.35689108247641 -4.609386894125864 1
ride_uncertain 765 0 -1.826523873253635 1460.6703 802.6698 1571.348 949.23663 1.210753968200961 0.7162503792031881 1.2700364464846032 5.405503201571924 3.030231195036902 14.63878721782261 -1.4727959273631013 1
rider 352 1 -1.5940450324921418 1053.6991 758.0886 1094.7812 859.8559 1.4014365939287643 0.582761484337436 0.6519728224384858 1.6440941988800568 3.3757379353759696 21.826499613852175 -1.5188614130189708 1
