bicycle 751 1 1.423710111879748 1421.1012 810.20886 1470.9253 893.5632 0.8430999942107549 0.40492248881029275 1.365570307631382 6.139053650844324 3.2821058533631677 18.975854583171607 -4.546583194592742 1
rider 753 1 1.7690546951902082 681.7642 720.44574 739.4211 840.4327 1.7216324998233905 0.7051887626848966 0.849189588313281 -3.778331985010026 3.1926719660144607 22.58770073178377 -4.679870017967806 1
rider 752 0 2.209400076004533 187.15045 705.5584 354.3627 955.6369 1.4886881707801 0.6484647610921465 0.7657159991669714 -4.4286722524598146 2.0318436107939117 9.628567117796017 -4.50488380118292 1
bicycle 1210 1 -0.23176007526081527 1235.998 757.3858 1297.1056 797.8934 1.2234488046812242 0.4709311285829024 1.828524739354508 9.621321652557452 5.42421695582283 47.15261688574809 -0.030476792527737384 1
Cyclist 754 0 1.699083788884768 738.7694 729.3244 793.0126 835.08417 1.8169422180070272 0.7860006575424848 1.9270790555236925 -3.713796651759766 3.8785656120134324 28.559560939642214 1.569772502323592 1
Cyclist 749 0 2.210458664360064 121.17947 700.03217 398.1698 1005.29596 1.6686055223411154 0.6484647610921465 1.812982972438376 -4.426831677536658 2.1987471456924848 9.597789712700369 -4.50488380118292 1
Cyclist 340 0 -1.535508728043768 959.8284 723.89307 1027.4048 851.3242 1.756572340587969 0.9763091098301239 1.9218572912088543 0.521428130605733 3.3535156976564973 23.136168923439957 -1.5129751843187427 1
Cyclist 750 0 1.765019930131026 658.9071 717.2261 744.4942 864.6328 1.89975515678724 0.7642444881186492 2.580889538015859 -3.816681128125685 3.350608654027026 22.200183942942264 -4.688422126670847 1
bicycle 1211 1 1.0686273371668715 632.891 783.1089 659.1737 816.77954 0.8452725652346782 0.17429424712841862 1.2161691999387478 -9.052627668136925 5.441625372203334 42.92793291273089 0.8607927917814959 1
bicycle 1212 1 1.051376027990786 659.5994 782.4376 687.1204 817.0264 0.8452725652346782 0.17429424712841862 1.2161691999387478 -8.047953236501666 5.301537503129638 41.78316710428621 0.8610939818633003 1
Pedestrian 757 0 1.570167077887298 1120.3927 737.527 1144.5969 800.6447 1.624907771151503 0.639396543118048 0.6196738369585811 4.587420142210636 4.668771400684379 40.07117928257559 -4.59903268335553 1
rider 351 0 -1.5352114098745662 961.6048 725.12134 1016.63794 839.44934 1.6598144935896366 0.815067844124802 0.9185156583923034 0.4369915731475542 3.2358285604089168 23.034993426378744 -1.516242914707593 1
rider 1218 0 0.12237519495027561 827.4476 737.9162 864.3737 788.31604 1.4683899085135952 0.784239302512085 1.0407245185711234 -3.532251213118193 4.964788115485585 45.84848496451243 0.0454852496008753 1
Cyclist 346 0 -1.603396191842455 1053.5654 734.3385 1102.2528 857.7631 1.5993656688974678 0.6510285264159015 1.738470629840058 1.6880078333857145 3.261354019989313 21.827225826075153 -1.5262148442750327 1
bicycle 759 1 -1.6459504144360648 1178.1418 758.79535 1204.6035 804.6365 1.173342663604882 0.649713215423094 1.5752571297715885 6.73555029668168 5.169610907306427 43.822318270290964 -1.4934425266540987 1
bicycle 1213 1 -0.6373406138251287 1159.758 758.2088 1208.8899 802.43164 1.2234488046812242 0.4332546859732989 1.5069292098862495 6.745209089115412 5.301919681333285 45.20591735158457 -0.48922263252998643 1
bicycle 1214 1 -0.8705628444165496 1200.9717 756.3985 1243.8011 800.3528 1.2234488046812242 0.4332546859732989 1.5069292098862495 8.065186591884059 5.340117801306223 46.16538333332085 -0.6976062998401766 1
bicycle 760 1 1.80334777290467 532.06195 816.22107 568.6838 873.56464 1.141966016856792 0.4901846463947963 1.6254417718647085 -9.903394565170576 5.862935144854928 36.07997651358002 1.535460874889834 1
Cyclist 1215 0 0.1308706798083334 805.1213 737.3591 883.5162 793.2357 1.6248141689785838 0.7869067381416157 2.308896920311418 -3.5706118195008725 5.100837205233448 45.76802251222188 0.0530129551739027 1
bicycle 761 1 -2.933065862821318 565.24524 781.54315 625.2563 821.4817 1.112140183869871 0.4334359601689178 1.6528616667963376 -10.712557255588909 5.724310080006882 43.788582863845825 -3.172996042724593 1
Car 762 1 2.4478996241754696 0.0 667.20667 371.23108 1093.7966 1.9111008522828958 2.100596987581744 5.325808970752578 -6.656725810475968 2.278118322437315 10.118908747957308 -4.417159694300812 1
Car 1216 0 1.6797655739929436 873.51044 737.3561 951.70233 808.5284 1.5084458376744267 1.6753384284005488 3.5194274795376375 -1.2335815445324667 4.597953311602371 39.26422130795911 -4.63482684817175 1
Pedestrian 763 0 1.5455049320898544 1145.4976 743.8693 1162.2388 799.07825 1.4263905938830899 0.4322912748877862 0.4647144462156365 5.147742815826662 4.6273659810529075 39.982245354762156 -4.609634086199241 1
ride_uncertain 765 0 -1.8159032693348798 1444.6503 776.4301 1550.1892 915.6876 1.210753968200961 0.7162503792031881 1.2700364464846032 5.397397546227449 2.810480785081236 15.120533695309868 -1.4730431622338485 1
rider 352 1 -1.6087595099627086 1055.0616 737.69794 1096.7493 838.66565 1.4014365939287643 0.582761484337436 0.6519728224384858 1.6699461839585938 3.074743561054844 21.846889893253483 -1.5324692405244835 1
rider 767 0 1.700250610595805 744.11755 732.08875 785.5141 823.123 1.6883573065337478 0.7174641912779232 0.5986245158414331 -3.7714950564353176 3.7699454228166434 28.7409751968579 1.5697725023235924 1
