Cyclist 750 0 1.8655399502620764 390.0204 710.70575 570.6675 972.7189 1.89975515678724 0.7642444881186492 2.580889538015859 -4.097837418022088 2.7191441796983664 12.985537508085857 1.559861269257547 1
bicycle 751 1 1.3406074812623379 1532.0823 816.483 1609.9761 926.21216 0.8430999942107549 0.40492248881029275 1.365570307631382 5.959624797636451 2.811844544328482 14.661463844464127 -4.556495823954556 1
rider 767 0 1.7745908994900317 602.17017 740.58453 667.0349 880.15985 1.6883573065337478 0.6937426886944699 0.5986245158414331 -4.120910468710622 3.1735327721991813 18.895287754589297 1.559861269257547 1
bicycle 1210 1 -0.3090026766506151 1257.9061 762.90106 1325.4731 808.11084 1.2234488046812242 0.4709311285829024 1.828524739354508 9.437608116102396 5.196028030496672 42.73005018499477 -0.09162666084362403 1
Cyclist 754 0 1.773552152404343 587.5714 735.8147 681.1571 898.55206 1.8169422180070272 0.7860006575424848 1.9270790555236925 -4.119548152877192 3.2967448781010864 18.983737808529632 1.559861269257547 1
bicycle 1587 1 2.0856564645789053 51.72758 840.2957 168.41757 950.4712 1.100521355071025 0.4595058135693098 1.8751475598938867 -11.086944019553027 4.050461572275626 19.542877813733384 1.5696177627931776 1
bicycle 1588 1 2.1145571406672294 20.713835 839.53644 135.2554 948.2917 1.093210049083833 0.40293366752526194 1.8222802915334486 -11.513050854118921 4.0304585232356 19.551328718047962 -4.7008183251255105 1
Cyclist 340 0 -1.5398689961330057 950.1361 730.85657 1020.24225 864.95264 1.756572340587969 0.9763091098301239 1.9218572912088543 0.37581816526229717 3.394014142566577 22.126718029004305 -1.5228858162567862 1
Cyclist 1215 1 -0.31052219272596504 866.5498 745.9187 955.5449 810.86255 1.6248141689785838 0.7869067381416157 2.308896920311418 -1.3766304078095757 5.0048104235330095 41.00650371746029 -0.3440806157076255 1
bicycle 1211 1 1.0863537473833225 587.81805 802.4347 617.4481 841.6515 0.8452725652346782 0.17429424712841862 1.2161691999387478 -8.974929309581707 5.347307979520178 37.40750236685649 0.8508813437770364 1
Pedestrian 757 0 1.5553906038022625 1127.8641 753.5278 1152.0574 823.31946 1.5190546104474676 0.5370931112269893 0.5499871744892346 4.055496658341655 4.4661413879767915 33.96144771154979 -4.608942792074457 1
Pedestrian 763 0 1.527876680234157 1153.1716 753.4729 1178.1151 821.83215 1.4979788897524389 0.5425231373314293 0.40118439795410393 4.622909716787171 4.426928550852732 33.84150839202133 -4.619544239871288 1
rider 351 0 -1.5396160992276704 952.0041 731.682 1009.64496 852.35913 1.6598144935896366 0.815067844124802 0.9185156583923034 0.2946868738515238 3.2569683227723987 21.890097374363293 -1.5261548035160455 1
rider 753 1 1.8589677927706671 444.4839 719.52655 552.3169 925.3963 1.7216324998233905 0.7051887626848966 0.849189588313281 -4.1099373493615055 2.592144818639034 13.328479817734278 1.559861269257547 1
Cyclist 346 0 -1.6055991754106562 1040.7058 744.6729 1092.1443 875.57684 1.5993656688974678 0.6510285264159015 1.738470629840058 1.444716393898062 3.3327318707134546 20.761836665203607 -1.5361259708750217 1
bicycle 759 0 -1.6635560490367498 1187.9423 764.6295 1218.5302 816.10425 1.173342663604882 0.649713215423094 1.5752571297715885 6.347417521861758 4.919205800113771 39.281571930383315 -1.5033531352251128 1
bicycle 1213 1 -0.6541770708054188 1167.6509 766.7018 1222.1503 816.3683 1.2234488046812242 0.4332546859732989 1.5069292098862495 6.335597173302876 5.119330141722827 40.53468203007322 -0.4991308857764636 1
bicycle 1214 1 -0.8894468460664403 1212.7106 763.508 1259.7023 812.61816 1.2234488046812242 0.4332546859732989 1.5069292098862495 7.653724946091147 5.140263699314096 41.603692486644384 -0.7075136506714608 1
bicycle 760 1 1.85512492203268 425.4342 846.9446 472.79913 915.7908 1.141966016856792 0.4901846463947963 1.6254417718647085 -10.58211027917443 5.8577597674674715 30.93727503376785 1.5255495441736322 1
bicycle 761 2 -2.9025374218952495 496.31082 798.9256 564.5402 844.1332 1.112140183869871 0.4334359601689178 1.6528616667963376 -11.221679714599242 5.676333790511526 38.97027311229156 -3.182907331185466 1
Car 1216 0 1.7025067588919294 807.04126 749.73914 917.18774 849.41626 1.5084458376744267 1.6753384284005488 3.5194274795376375 -1.8591960080856218 4.07930849621331 28.983475602491026 -4.644737539472959 1
ride_uncertain 765 0 -1.950502401655082 1630.661 783.1479 1813.5891 989.74194 1.210753968200961 0.7162503792031881 1.2700364464846032 5.273759221783896 2.386368523417351 10.445481819917426 -1.4829550339246376 1
rider 352 1 -1.5975985123394794 1042.7452 747.51715 1086.1178 854.288 1.4014365939287643 0.582761484337436 0.6519728224384858 1.4259726599694549 3.1299647781425506 20.742966398373373 -1.5289616228086116 1
rider 1218 1 -0.31195132254356167 887.841 746.6007 932.5852 803.91626 1.4683899085135952 0.784239302512085 1.0407245185711234 -1.4086917281165767 4.863669912710628 41.174685460657656 -0.3461505513554739 1
