bicycle 1210 1 -0.2729622437363641 1259.4589 784.5072 1333.3534 833.9049 1.2234488046812242 0.4709311285829024 1.828524739354508 8.769376206846534 5.432394137453165 39.15224754281131 -0.052617506711798434 1
bicycle 1536 1 1.843461856693788 500.8437 752.46484 529.4993 796.1278 1.2243561576502606 0.36014858735233113 2.049605069632333 -14.59728338198568 5.489140146154458 48.96762518350583 1.5537484481558717 1
bicycle 1211 1 1.1111374361032667 527.414 818.60614 559.7345 863.01324 0.8452725652346782 0.17429424712841862 1.2161691999387478 -9.341586488593013 5.241646246853076 33.43007388119324 0.8386512415812595 1
Cyclist 754 0 1.9201386081722382 266.78137 733.09546 469.40448 1020.3676 1.8169422180070272 0.7860006575424848 1.9270790555236925 -4.362112524295613 2.6949872090596165 11.163425833637561 1.5476314129813158 1
Cyclist 340 0 -1.547981714748674 942.6558 749.4959 1015.18 892.23816 1.756572340587969 0.9763091098301239 1.9218572912088543 0.2713465780958393 3.5950325349765984 21.087755862687505 -1.5351149305581406 1
bicycle 759 0 -1.6786597140264397 1190.3584 788.6158 1225.0962 846.6162 1.173342663604882 0.649713215423094 1.5752571297715885 5.857328227223942 5.158628378803739 35.598487800411625 -1.5155822209421441 1
bicycle 1212 1 1.0921158420829333 557.555 817.71826 591.601 863.47565 0.8452725652346782 0.17429424712841862 1.2161691999387478 -8.392679177891845 5.093820247389903 32.43976893642418 0.8389510903082589 1
Cyclist 750 2 2.1832195188583086 0.0 655.48444 140.18758 1215.0 1.89975515678724 0.7642444881186492 2.580889538015859 -4.165653521484377 2.0418232430060637 5.646746416451181 1.5476314129813158 1
bicycle 751 1 1.1954695244998703 1714.2186 843.01654 1855.2241 1000.51953 0.8430999942107549 0.40492248881029275 1.365570307631382 5.833477194013914 2.4995885175462513 10.654368916012755 -4.586778803775193 1
Pedestrian 757 0 1.4287950652406682 1129.1251 766.23926 1163.4878 852.0571 1.575940549585772 0.5568584979239523 0.8145225832785811 3.6124648091012777 4.377934096650645 29.23371174903303 1.5517436675864222 1
Pedestrian 763 0 1.407982437377756 1164.1542 777.20544 1191.6521 851.03687 1.356918159584588 0.43345386127545726 0.6301761158525414 4.215489002082631 4.3552754867331425 29.120563248350646 1.5517436675864222 1
rider 351 0 -1.547434134998829 944.29663 752.1208 1004.0412 879.24097 1.6598144935896366 0.815067844124802 0.9185156583923034 0.18951910535917516 3.4817574918019787 20.943860619033188 -1.5383854721817134 1
Cyclist 346 0 -1.5668628566739005 1031.3077 759.8165 1082.8425 899.0025 1.5993656688974678 0.6510285264159015 1.738470629840058 1.2714692637649379 3.465751952197067 19.797784190197056 -1.5027281294029942 1
bicycle 1213 2 -0.66825530525382 1167.8907 786.78754 1227.5251 842.18097 1.2234488046812242 0.4332546859732989 1.5069292098862495 5.829115636441577 5.272660830779799 36.84682505589139 -0.5113569835534333 1
bicycle 1214 1 -0.9059529866453355 1217.2942 784.2944 1268.2856 839.0354 1.2234488046812242 0.4332546859732989 1.5069292098862495 7.14478528847977 5.335988845666938 37.92409466927564 -0.7197386513327151 1
bicycle 760 2 1.889427220419305 340.6622 875.45917 398.95438 956.7872 1.141966016856792 0.4901846463947963 1.6254417718647085 -10.62708510702636 5.789061317884297 26.910389091914293 1.5133195681290186 1
bicycle 761 1 -2.8754050299683938 427.45987 815.1419 504.23846 865.7855 1.112140183869871 0.4334359601689178 1.6528616667963376 -11.60793887161679 5.605395626182723 35.05954329586733 -3.1951371471132397 1
Cyclist 1215 1 -1.3168423238003926 922.9988 760.39594 974.4857 833.4229 1.6248141689785838 0.7869067381416157 2.308896920311418 -0.309144120335716 5.26859182653336 38.99965607343668 -1.3247689999995846 1
Car 1217 0 1.6534198470553019 836.8686 761.9853 907.3303 826.97546 1.6624213225230402 1.9835846202711964 4.383708852171981 -2.9192687511121953 6.43188513576695 49.81361304198118 -4.6883023430119035 1
Car 1216 0 1.7240125988435322 715.1008 764.23615 871.98444 906.55475 1.5084458376744267 1.6753384284005488 3.5194274795376375 -2.2835214036817075 3.6477523209661524 21.163926436316643 -4.666653775912767 1
Pedestrian 339 0 -1.733596673385842 1188.6427 768.2247 1210.0446 815.3215 1.5145928168935734 0.6241215831577756 0.5711788789304585 7.978066380669689 6.346464116829616 50.12781772120141 -1.5757659421869097 1
Pedestrian 348 1 -1.7125655370372441 1155.1107 761.9906 1179.3777 815.0587 1.7125950221879307 0.7180432788470354 0.7098254798688582 6.947130022053678 6.371206755392229 50.460811738035815 -1.5757518361766545 1
ride_other 350 2 -1.731357264993782 1185.5884 788.2888 1206.5021 815.303 0.8443672274639853 0.6127056770263851 0.5937349560836581 7.949552450202182 6.410988603636809 50.65066357190146 -1.5756786120057438 1
rider 352 1 -1.5573607953959165 1035.7732 765.0187 1080.5282 877.5581 1.4014365939287643 0.582761484337436 0.6519728224384858 1.289161117430655 3.292687783392298 19.836704078502663 -1.4924633829132494 1
rider 767 0 1.9181961709144122 317.23392 741.2766 439.92783 979.57245 1.6883573065337478 0.6937426886944699 0.5986245158414331 -4.352506190434272 2.5841105071365105 11.202986600495018 1.5476314129813158 1
rider 1218 1 -1.3109680210494425 929.6802 762.38153 968.9701 823.8296 1.4683899085135952 0.784239302512085 1.0407245185711234 -0.30647971647755945 5.111970298547882 39.030536128425105 -1.3188201657561944 1
