rider 767 0 1.8125282893918992 526.9848 752.19995 606.0177 918.11676 1.6883573065337478 0.6937426886944699 0.5986245158414331 -4.21303233490393 3.075499546222582 15.990279563924899 1.5549084146062997 1
bicycle 1210 1 -0.26480624664624086 1259.9725 776.0112 1330.0548 822.6725 1.2234488046812242 0.4709311285829024 1.828524739354508 9.207738685182779 5.422648681483663 41.27950721076185 -0.045340663301215445 1
Cyclist 754 0 1.8119189116830898 505.42084 746.85675 623.8716 942.98926 1.8169422180070272 0.7860006575424848 1.9270790555236925 -4.212891508809355 3.203275487226841 16.029385911057357 1.5549084146062997 1
bicycle 1587 1 2.1184526656376157 0.0 869.1906 99.761665 991.7978 1.100521355071025 0.4595058135693098 1.8751475598938867 -11.194317483762113 4.2113242040133985 18.104056376055613 1.5646626886517265 1
bicycle 1588 1 2.147684461551866 0.0 870.58295 64.31097 991.64923 1.093210049083833 0.40293366752526194 1.8222802915334486 -11.621119305966582 4.219958262640416 18.11970509207066 -4.7057729844598075 1
Cyclist 340 0 -1.5440339692751035 948.6019 746.53723 1019.3353 884.41266 1.756572340587969 0.9763091098301239 1.9218572912088543 0.35252333581845674 3.6067074670542847 21.764710092453118 -1.5278383704458605 1
bicycle 1212 1 1.0743254902671855 598.14 816.68744 630.46783 859.3042 0.8452725652346782 0.17429424712841862 1.2161691999387478 -8.076687540266953 5.373198082477663 34.79280289228634 0.8462286744837018 1
Cyclist 750 0 1.9378945950487858 210.52698 709.22894 473.63138 1052.4086 1.89975515678724 0.7642444881186492 2.580889538015859 -4.114212708734306 2.548739439451026 10.21201968173897 1.5549084146062997 1
bicycle 751 1 1.2929934139035044 1599.1663 832.64044 1695.761 958.6064 0.8430999942107549 0.40492248881029275 1.365570307631382 5.961352247050686 2.7527986053757454 13.041682897471404 -4.561449379192048 1
Pedestrian 757 0 1.4424444574257993 1120.2294 765.2064 1152.8049 837.77057 1.5068040867694783 0.6425752510782848 0.4634518062226571 3.77081514495555 4.550007599068392 32.199821870765966 1.5590201948308597 1
Pedestrian 763 0 1.4206479987720662 1155.6937 766.6877 1183.5804 839.1062 1.4979788897524389 0.5276638308461645 0.47843287306989457 4.473789652940677 4.566856202329125 32.12495176975573 1.5590201948308597 1
rider 351 0 -1.5446010378532822 951.86597 749.0195 1009.8522 871.8419 1.6598144935896366 0.815067844124802 0.9185156583923034 0.292073745216512 3.495767827570754 21.644920588769754 -1.531107986742969 1
rider 1218 0 -0.32773655061263746 903.318 759.43475 949.5452 818.7445 1.4683899085135952 0.784239302512085 1.0407245185711234 -0.9360957786432456 5.12107620355164 40.054341003373274 -0.3511029419508298 1
rider 753 1 1.9252908427942852 305.45108 719.7327 449.86444 979.93225 1.7216324998233905 0.7051887626848966 0.849189588313281 -4.130999923430562 2.423568633876958 10.638593923104436 1.5549084146062997 1
Cyclist 346 0 -1.6119780641597672 1042.1132 756.4575 1095.1191 890.4059 1.5993656688974678 0.6510285264159015 1.738470629840058 1.4530634368474553 3.476625423457106 20.46040064035399 -1.5410787725591018 1
bicycle 759 0 -1.668814326583016 1187.7366 781.4266 1219.7251 835.47864 1.173342663604882 0.649713215423094 1.5752571297715885 6.142521349979566 5.228911232653047 37.939890427999046 -1.508305677804494 1
bicycle 1213 1 -0.659390523060965 1167.1615 781.4482 1223.4218 833.294 1.2234488046812242 0.4332546859732989 1.5069292098862495 6.135438696035064 5.383647101139219 39.18676037170403 -0.5040822291163845 1
bicycle 1214 1 -0.8949921683331238 1212.9062 779.3783 1261.3165 830.73425 1.2234488046812242 0.4332546859732989 1.5069292098862495 7.426161508428427 5.44727147553025 40.23230509222192 -0.7124645475130577 1
Cyclist 1215 0 -0.32756380536258517 883.61145 759.34406 974.6536 826.38135 1.6248141689785838 0.7869067381416157 2.308896920311418 -0.8605659335454823 5.29667057227141 40.07758386383992 -0.34903300652907143 1
bicycle 760 1 1.8570328362463484 413.1253 864.1256 462.0536 935.90375 1.141966016856792 0.4901846463947963 1.6254417718647085 -10.530096033402923 6.090313479172043 30.109029226815167 1.5205966409207714 1
bicycle 761 1 -2.8943999539473166 473.51584 814.4836 544.72864 861.7485 1.112140183869871 0.4334359601689178 1.6528616667963376 -11.327825005566146 5.896757441085801 37.48638324816414 -3.187860183938289 1
Car 1216 0 1.701706272372694 779.1713 763.0472 901.84393 876.6499 1.5084458376744267 1.6753384284005488 3.5194274795376375 -2.0326366371399334 4.0805209914824605 26.04073359146254 -4.659377130215718 1
ride_uncertain 765 0 -2.008865834008871 1714.6843 794.30347 1935.0 1035.1998 1.210753968200961 0.7162503792031881 1.2700364464846032 5.227939438909461 2.31784828626052 9.110541779444393 -1.4879082089863356 1
rider 352 1 -1.5798284379557126 1046.9482 760.9993 1090.3461 869.8431 1.4014365939287643 0.582761484337436 0.6519728224384858 1.4656095133087177 3.294584837589537 20.45787853248357 -1.5083102759531444 1
