bicycle 751 1 1.1849650675039731 1729.3502 840.4466 1874.6357 999.5513 0.8430999942107549 0.40492248881029275 1.365570307631382 5.88602328507868 2.4622206354113154 10.53072815133332 -4.588540810299121 1
rider 767 0 1.946895258420379 256.89227 736.1009 393.40796 995.5641 1.6883573065337478 0.6937426886944699 0.5986245158414331 -4.368479827812913 2.4773912191636516 10.302953599394234 1.5458696622461008 1
Car 1217 0 1.654398240724123 832.0755 760.3916 903.79205 826.29364 1.6624213225230402 1.9835846202711964 4.383708852171981 -3.008746955225356 6.306138391249556 49.03935064965257 -4.69006398313612 1
bicycle 1210 1 -0.27565015432801054 1260.5557 783.45325 1335.1703 833.3282 1.2234488046812242 0.4709311285829024 1.828524739354508 8.723740051784308 5.365308881090524 38.78005533806356 -0.05437921402391077 1
Cyclist 754 0 1.9451229108118573 206.00507 730.2466 433.25778 1041.9033 1.8169422180070272 0.7860006575424848 1.9270790555236925 -4.36654065247721 2.614567837832614 10.349379992649256 1.5458696622461008 1
Cyclist 340 0 -1.549162436681862 941.81287 749.23883 1014.4462 892.152 1.756572340587969 0.9763091098301239 1.9218572912088543 0.25872865857032856 3.5886990066157405 21.05799615124205 -1.5368765743960147 1
bicycle 759 0 -1.68025304439723 1189.879 788.40985 1225.0768 847.00684 1.173342663604882 0.649713215423094 1.5752571297715885 5.791489721200616 5.113857486131661 35.23536541901535 -1.5173438606855074 1
bicycle 1213 2 -0.6697236009786198 1167.161 786.3288 1227.3491 842.2772 1.2234488046812242 0.4332546859732989 1.5069292098862495 5.760796312538954 5.222146101957471 36.48420529829716 -0.5131181854941176 1
bicycle 1536 1 1.8446683689719565 495.86502 752.14703 524.79236 796.0676 1.2243561576502606 0.36014858735233113 2.049605069632333 -14.667058526752827 5.45351004025476 48.67346245267386 1.5519864873903084 1
bicycle 1211 1 1.120829703589488 509.22095 822.2407 540.86127 866.29016 0.8452725652346782 0.17429424712841862 1.2161691999387478 -9.856568291828593 5.369650275950704 33.77558503560123 0.8368894571714867 1
bicycle 1212 1 1.0959842630804029 548.41016 818.6324 582.76056 865.0127 0.8452725652346782 0.17429424712841862 1.2161691999387478 -8.478153540086792 5.06021041830404 32.02545076751322 0.837189199977252 1
Pedestrian 757 0 1.4261761356830627 1131.2374 766.35504 1163.7654 851.6885 1.575940549585772 0.5568584979239523 0.4672830009934185 3.565449122735384 4.308773505390006 28.651410340748864 1.5499820317653659 1
Pedestrian 763 0 1.407516501052119 1164.0411 777.4002 1187.6832 851.02875 1.356918159584588 0.3860975916200253 0.41389225742626534 4.108767509353224 4.299581040849918 28.645048636222615 1.5499820317653659 1
rider 351 0 -1.5490224837141509 944.0606 752.2069 1003.756 879.4333 1.6598144935896366 0.815067844124802 0.9185156583923034 0.1857202031242495 3.481354594523327 20.925332331206683 -1.5401473402335673 1
Cyclist 346 0 -1.5666464498566492 1028.3032 759.72614 1079.8752 899.0112 1.5993656688974678 0.6510285264159015 1.738470629840058 1.2311548348439698 3.4630180556486994 19.781796130731472 -1.5044898630601486 1
bicycle 1214 1 -0.9078692871256563 1217.3269 783.6204 1268.7241 838.8645 1.2234488046812242 0.4332546859732989 1.5069292098862495 7.084811632253884 5.281489705584178 37.57369421348012 -0.7214996967279709 1
bicycle 760 2 1.8929445304332266 330.9989 876.0663 390.27884 958.2577 1.141966016856792 0.4901846463947963 1.6254417718647085 -10.687632801145941 5.756816304803612 26.651017329314747 1.5115578002080823 1
bicycle 761 1 -2.8720343604394483 418.42365 812.13367 496.19495 863.32245 1.112140183869871 0.4334359601689178 1.6528616667963376 -11.676795673886444 5.4857703294047075 34.670139649914866 -3.1968988821703466 1
Cyclist 1215 1 -1.4086373689477285 931.22205 760.7782 975.5663 834.10913 1.6248141689785838 0.7869067381416157 2.308896920311418 -0.18836617641011494 5.258699756316196 38.79133124651011 -1.41349321405139 1
Car 1216 0 1.7298501892080855 698.5038 763.91595 864.2213 913.2922 1.5084458376744267 1.6753384284005488 3.5194274795376375 -2.339254107256955 3.556574044534094 20.23732906770196 -4.668415440499951 1
Pedestrian 339 0 -1.7341187186291718 1187.3807 768.71906 1207.4924 816.10095 1.5145928168935734 0.5797436116400296 0.5461495880744179 7.854414588471265 6.325465907721038 49.7482717289618 -1.5775281321376082 1
Pedestrian 348 1 -1.7130722070084956 1153.1049 762.1787 1177.5599 815.6569 1.7125950221879307 0.7180432788470354 0.7098254798688582 6.8310433852884 6.342968352392436 50.08294010603841 -1.5775140790370106 1
ride_other 350 2 -1.7326229184786859 1184.7528 789.39703 1205.8164 816.6009 0.8443672274639853 0.6127056770263851 0.5937349560836581 7.873733594042857 6.413622060980401 50.330831134028195 -1.57744112951598 1
rider 352 1 -1.557806094434108 1033.7603 763.41504 1078.6068 876.12683 1.4014365939287643 0.582761484337436 0.6519728224384858 1.2603045710638159 3.267174544983683 19.79539997242043 -1.4942253710828626 1
rider 1218 1 -1.424616458209607 937.04083 763.028 972.83875 824.6717 1.4683899085135952 0.784239302512085 1.0407245185711234 -0.15859233877057405 5.1004209488417604 38.75104952257695 -1.4287090300313983 1
