ride_other 350 2 -1.7454955894542263 1177.3447 795.744 1200.5114 825.5604 0.8443672274639853 0.6127056770263851 0.5937349560836581 7.0213945825521735 6.150110541796569 46.13824011476821 -1.594472661947455 1
Car 1217 0 1.6658728036359411 780.47266 761.4166 868.1677 840.84106 1.6624213225230402 1.9835846202711964 4.383708852171981 -3.695315899650758 5.610569623097552 41.05154820703151 -4.707087026055351 1
bicycle 1210 1 -0.3133747784854234 1287.6606 792.85565 1373.5016 850.4477 1.2234488046812242 0.4709311285829024 1.828524739354508 8.34685967271271 5.055477224551032 33.8192725162074 -0.07140280417933087 1
Cyclist 340 0 -1.5631954591518966 935.5721 748.4018 1013.643 901.7322 1.756572340587969 0.9763091098301239 1.9218572912088543 0.18278323912955347 3.4604565762747512 19.66241344655569 -1.5538996534916487 1
bicycle 759 2 -1.7048337826294222 1197.7808 794.1314 1240.7539 863.0302 1.173342663604882 0.649713215423094 1.5752571297715885 5.197091856075551 4.68039307213434 30.191514665263174 -1.5343669005232812 1
bicycle 1536 1 1.8778891729238023 409.18628 750.55774 444.64066 800.1789 1.2243561576502606 0.36014858735233113 2.049605069632333 -15.405985546545326 4.936755290680329 43.14971596812355 1.5349603429429015 1
Pedestrian 757 0 1.3931786814838507 1149.8969 768.91284 1193.9253 878.5103 1.5550065231176 0.5687941412378055 0.48306645084595323 3.1140575655255134 3.710736149902296 22.132937253106093 1.5329590313350994 1
Pedestrian 763 0 1.365950221447287 1192.8512 770.6152 1234.3237 880.2684 1.5550314346177392 0.5198856505646765 0.46832150976094766 3.7255413435656957 3.7321941697945022 22.099667908946156 1.5329590313350994 1
rider 351 0 -1.5628249550762137 937.4244 751.61896 1001.47003 888.274 1.6598144935896366 0.815067844124802 0.9185156583923034 0.11016991099092746 3.3508039596413113 19.490731702757817 -1.5571725896654585 1
Cyclist 1215 1 -1.4940395425575552 978.2912 762.5233 1017.8091 840.7404 1.6248141689785838 0.7869067381416157 2.308896920311418 0.9107137969555097 5.087401031405278 36.436273478075435 -1.4690500436471454 1
Cyclist 346 0 -1.5869509983254093 1033.0739 762.5809 1087.8833 910.7663 1.5993656688974678 0.6510285264159015 1.738470629840058 1.223322933709331 3.3994930666968086 18.667922843766075 -1.5215138125515475 1
bicycle 1213 2 -0.6961654536143305 1176.979 796.2917 1246.3312 862.0391 1.2234488046812242 0.4332546859732989 1.5069292098862495 5.254497939951409 4.882341927579045 31.356823523187007 -0.5301368998519518 1
bicycle 1214 1 -0.938554936575538 1235.048 792.6622 1293.2864 857.18634 1.2234488046812242 0.4332546859732989 1.5069292098862495 6.588096838639725 4.9435690853748815 32.49375729211958 -0.7385169178527007 1
bicycle 760 1 1.9729161002868882 141.0765 887.0737 227.1493 991.6765 1.141966016856792 0.4901846463947963 1.6254417718647085 -11.051019761714787 5.023459824304426 21.311108824318847 1.4945335229045247 1
bicycle 761 1 -2.8196792448235612 291.68536 821.45435 385.6753 882.3131 1.112140183869871 0.4334359601689178 1.6528616667963376 -12.225386533703631 5.010810795422713 29.386246960786096 -3.2139227153102956 1
Car 1216 0 1.8647119315324492 299.0476 738.1868 735.28217 1077.2737 1.5084458376744267 1.6753384284005488 3.5194274795376375 -2.6063564249311217 2.3729709995795774 9.628256357709022 -4.682836315920889 1
Pedestrian 348 1 -1.7237551457399087 1142.2694 772.1397 1169.1085 830.6634 1.7125950221879307 0.7180432788470354 0.7098254798688582 5.971081690718488 6.272996517680461 45.95397626009411 -1.5945429537924976 1
Pedestrian 339 1 -1.7479107995063383 1182.537 773.47687 1202.4165 825.02185 1.5145928168935734 0.5203656443651461 0.497776024806105 7.058781927155775 6.077215116569426 45.667840403115044 -1.5945564949083968 1
ride_other 349 2 -1.7228717073639008 1141.1578 800.30316 1167.4048 830.7563 0.8414237107084431 0.6943112055415346 0.8152090561059816 6.001135806570122 6.347227119478628 46.52506472792545 -1.594592842855147 1
rider 1218 1 -1.4985740601316424 981.49097 764.89246 1016.6305 830.31256 1.4683899085135952 0.784239302512085 1.0407245185711234 0.9280072207920173 4.937616273633592 36.50280901912715 -1.4731566363176094 1
rider 352 1 -1.5776428302592707 1037.0911 768.33746 1084.7274 888.1199 1.4014365939287643 0.582761484337436 0.6519728224384858 1.2407072333801772 3.22417008067415 18.660404989464983 -1.5112517856660816 1
