Cyclist 340 0 -1.5714312053806654 921.50574 748.9495 1005.1983 913.2034 1.756572340587969 0.9763091098301239 1.9218572912088543 0.024941278017947967 3.363164397120338 18.406221425678915 -1.5700761601393938 1
Pedestrian 339 1 -1.7629753967186466 1180.2253 770.5718 1201.3218 826.30066 1.5145928168935734 0.503368110379637 0.497776024806105 6.482966857954456 5.655930663778209 42.25510463158983 -1.6107380323833733 1
ride_other 350 1 -1.7621104767642535 1176.9528 794.4908 1202.2433 826.722 0.8443672274639853 0.6127056770263851 0.5937349560836581 6.522468345349264 5.725912693155524 42.73609555328297 -1.6106572182490018 1
rider 351 0 -1.570782698612794 923.4281 752.488 991.4296 897.52783 1.6598144935896366 0.815067844124802 0.9185156583923034 -0.0472189527412693 3.267598561714321 18.384066564393166 -1.5733511645580778 1
Car 1217 0 1.684188465991551 716.5404 764.0976 825.4126 860.6874 1.6624213225230402 1.9835846202711964 4.383708852171981 -4.283123417736748 5.0591911029233305 34.28959827133281 1.5599218093391238 1
bicycle 1534 1 1.3539604231737372 306.3465 827.0264 362.38086 905.73627 0.9134768633586355 0.42629522301541306 1.6257108065757422 -9.310560428928069 4.018547046974512 22.18581301062776 0.956619102563788 1
bicycle 1210 1 -0.35114197194097585 1315.5288 791.96796 1414.6111 858.5456 1.2234488046812242 0.4709311285829024 1.828524739354508 7.926341838517171 4.54024737362495 29.3742698557841 -0.08757962549617093 1
bicycle 1535 2 -2.753619302938827 167.06856 846.454 275.4802 899.6052 1.0079347187444267 0.5818113955608494 1.989395145907241 -15.687410387011925 5.762190131652478 31.729261762268294 -3.2127886197359246 1
bicycle 759 2 -1.7401241300664352 1222.3469 795.1214 1275.7546 875.9327 1.173342663604882 0.649713215423094 1.5752571297715885 4.960772194183856 4.206489198506421 25.85282299734324 -1.5505433703971478 1
bicycle 1536 0 1.9157685294492532 311.95258 752.8608 355.48276 808.82434 1.2243561576502606 0.36014858735233113 2.049605069632333 -16.12981290150445 4.604828507752852 38.473306591100396 1.5187809192243344 1
Pedestrian 763 0 1.3107626890986852 1241.9003 757.4835 1306.9967 908.0696 1.5639599934925545 0.5455724487900329 0.6855967016271578 3.4518876500155082 3.0600379660633408 16.5173905630472 1.5167826014529173 1
Pedestrian 757 0 1.347563465868414 1183.6918 756.1283 1251.4702 911.2561 1.5918729931701 0.5699842531464461 0.8130895987393861 2.815700368425907 3.0750438664006228 16.48024582616617 1.5167826014529173 1
Pedestrian 348 0 -1.7339435048033767 1137.1276 765.38995 1155.9692 829.8935 1.7479383102777966 0.4317930883182126 0.6295748621513263 5.233181807321983 5.748059932800261 42.25557909446853 -1.6107249788875189 1
bicycle 1214 2 -0.9667618670721674 1249.9358 791.76685 1315.7561 866.45135 1.2234488046812242 0.4332546859732989 1.5069292098862495 6.068330149931696 4.4435402088064535 28.183922422018167 -0.7546877334303705 1
bicycle 1213 2 -0.7203013505102509 1183.9802 794.4461 1263.672 871.0101 1.2234488046812242 0.4332546859732989 1.5069292098862495 4.750485329163364 4.353002005963633 27.026782526928276 -0.5463091015539931 1
Cyclist 346 0 -1.5965270682121628 1020.9877 761.77563 1080.7415 920.3429 1.5993656688974678 0.6510285264159015 1.738470629840058 1.0297489432286464 3.2799768714959954 17.481845950675996 -1.5376911502860453 1
bicycle 1537 1 1.4405729559853293 252.14856 817.68896 306.36536 905.7366 1.1175745182817838 0.5683403053321686 1.6257108065757422 -10.727063021072022 4.25543718937156 23.50002377995884 1.012351367382975 1
Cyclist 1215 0 -1.5431105560928466 983.6482 763.6283 1019.966 844.9239 1.6248141689785838 0.7869067381416157 2.308896920311418 0.9643534709924478 4.9873185292258375 35.0718069386061 -1.5156209389614383 1
bicycle 761 1 -2.757837388614633 139.01598 834.2064 254.3622 907.3555 1.112140183869871 0.4334359601689178 1.6528616667963376 -12.60645602473041 4.606741774304428 24.67909037207683 -3.2300997252981345 1
ride_other 349 1 -1.7351136500628606 1133.9116 797.314 1162.7213 830.42426 0.8414237107084431 0.6943112055415346 0.8152090561059816 5.35080071304402 5.825866725961127 42.811420163740934 -1.6107730714205981 1
rider 352 1 -1.5854771026278989 1023.21985 767.1598 1074.0026 894.78296 1.4014365939287643 0.582761484337436 0.6519728224384858 1.0177764685736517 3.0997623365706892 17.51437947136198 -1.5274314750118898 1
rider 1218 1 -1.5508048276515252 985.00946 766.37756 1019.30365 834.28436 1.4683899085135952 0.784239302512085 1.0407245185711234 0.9658583398774161 4.841845246613655 35.11921901484005 -1.5233094857736793 1
