Cyclist 340 0 -1.5669254306705178 908.913 750.05035 994.2081 917.5911 1.756572340587969 0.9763091098301239 1.9218572912088543 -0.11344272915395986 3.3500755481338884 18.078653864831864 -1.5732003027433763 1
Pedestrian 757 0 1.3343536733212535 1195.4137 750.1733 1270.2816 922.0489 1.672286985828872 0.6574043891640531 0.45897338862263903 2.7476979929121073 2.9629910721899355 15.15959594651567 1.5136584739004837 1
Pedestrian 339 0 -1.7677711966114726 1179.7511 776.31805 1206.964 833.5839 1.5145928168935734 0.648837076458055 0.5494448466017681 6.4174068081492 5.732332308573543 41.3666177477041 -1.6138631475810306 1
Pedestrian 1539 0 1.713292152114293 658.3819 783.34564 680.43933 836.7572 1.702641381424741 0.6304245188828973 0.7360744833574921 -9.819847902784591 7.075923532822484 50.330331874156265 1.5206048806592483 1
Car 1217 0 1.6889871304811888 701.1737 767.38947 815.9693 869.1022 1.6624213225230402 1.9835846202711964 4.383708852171981 -4.364905701572637 5.0004939518901255 32.82751845168875 1.5567976735222309 1
bicycle 1534 1 1.3684290774603536 274.6315 833.9928 331.8216 916.6843 0.9134768633586355 0.42629522301541306 1.6257108065757422 -9.375155109819637 3.9991226176880756 21.282442596498186 0.953493968612015 1
bicycle 1210 1 -0.36594432974442626 1332.8121 794.32513 1434.9409 862.95135 1.2234488046812242 0.4709311285829024 1.828524739354508 8.06131691653316 4.493394196528957 28.54490079863686 -0.09070380977616366 1
bicycle 1535 2 -2.7420741654096608 137.51064 844.3385 249.93932 899.1408 1.0079347187444267 0.5818113955608494 1.989395145907241 -15.786027102509255 5.578492885593043 30.783721341052832 -3.2159127273834174 1
bicycle 759 2 -1.7462656893929054 1225.8934 794.7237 1281.701 878.34326 1.173342663604882 0.649713215423094 1.5752571297715885 4.875143193785743 4.102302472792195 24.99875073171706 -1.5536675059603473 1
bicycle 1536 0 1.9256368855937627 287.77493 751.21844 333.6167 808.78925 1.2243561576502606 0.36014858735233113 2.049605069632333 -16.241842195450133 4.468382427019097 37.37122586242714 1.5156562128514532 1
Pedestrian 763 0 1.2899078641449133 1262.5596 758.46216 1342.6564 924.6311 1.5639599934925545 0.5900528097875753 0.8120896980584903 3.4534999609858597 2.9571136333270673 15.176156589467723 1.5136584739004837 1
Pedestrian 348 0 -1.7384149403224654 1136.8658 770.1608 1160.3431 835.8265 1.7479383102777966 0.5554945966327394 0.5886682787139871 5.1922633801102975 5.8056732191684395 41.46743311481082 -1.6138501883705705 1
rider 351 0 -1.5659040068416132 910.66425 755.7234 979.8696 903.52374 1.6598144935896366 0.815067844124802 0.9185156583923034 -0.19106907088461067 3.2812627819665607 18.072963307492234 -1.576475707207902 1
bicycle 1214 2 -0.9730365527654921 1253.9713 791.28033 1321.5365 868.34235 1.2234488046812242 0.4332546859732989 1.5069292098862495 5.975378310944454 4.339649044016546 27.333285800045275 -0.7578107631604617 1
bicycle 1213 1 -0.7257833134170535 1186.3766 796.45374 1268.5046 875.7049 1.2234488046812242 0.4332546859732989 1.5069292098862495 4.663193065346686 4.291730794831789 26.168002819203156 -0.5494323952837221 1
Cyclist 346 0 -1.8044894738824713 1002.8461 766.2083 1092.8612 928.1639 1.5993656688974678 0.6510285264159015 1.738470629840058 0.9760979379045681 3.3179740663611046 17.27453861965458 -1.7480444879261001 1
bicycle 1537 1 1.4507164352609485 227.42284 819.82214 282.91006 911.50183 1.1175745182817838 0.5683403053321686 1.6257108065757422 -10.698905684444048 4.177747516243579 22.63822617923942 1.0092252156348334 1
Cyclist 1215 0 -1.544548710523285 981.1767 765.6377 1017.38916 847.1465 1.6248141689785838 0.7869067381416157 2.308896920311418 0.9042348720414073 5.032596323476783 35.036443625920064 -1.518746029193858 1
bicycle 761 1 -2.7439527062382814 103.977455 835.0934 224.55768 911.1368 1.112140183869871 0.4334359601689178 1.6528616667963376 -12.658474633685698 4.494673790254652 23.773908068207948 -3.233223941270288 1
ride_other 350 2 -1.7652241623622686 1176.6562 800.79834 1202.5098 833.78723 0.8443672274639853 0.6127056770263851 0.5937349560836581 6.392875193562982 5.808095158528411 41.89035778948207 -1.6137829171625093 1
ride_other 349 1 -1.7367068320451724 1131.2734 802.50244 1160.7185 836.4257 0.8414237107084431 0.6943112055415346 0.8152090561059816 5.176166456434541 5.8720158591771465 41.93603198256471 -1.6138979335298926 1
rider 352 1 -1.8111348768635884 1011.2605 769.597 1073.5319 899.44495 1.4014365939287643 0.582761484337436 0.6519728224384858 0.9355831357404616 3.1163566332041412 17.349148813091617 -1.7572603148447519 1
rider 1218 1 -1.5523238997343558 982.59576 767.9881 1016.9077 836.10565 1.4683899085135952 0.784239302512085 1.0407245185711234 0.9071498188463522 4.871761725067607 35.031707536583944 -1.5264345783432 1
