Pedestrian 339 0 -1.7763553851658946 1174.6268 785.2323 1204.1382 846.4481 1.5145928168935734 0.650792495064786 0.6057733183858377 5.945641905061564 5.730021437416704 38.997510795770395 -1.625058402013861 1
Pedestrian 1539 0 1.7260765547039716 617.615 797.5464 646.27014 849.86395 1.5322409803352681 0.783618115647314 0.5831428361514038 -10.16950265675372 6.90153776215128 46.192849969601674 1.5093801493178884 1
ride_other 350 1 -1.7740320255021618 1172.0658 811.315 1199.7164 846.6286 0.8443672274639853 0.6127056770263851 0.5937349560836581 5.911594861686599 5.7917804984991825 39.37551182526463 -1.6250112335476796 1
Car 1217 0 1.713645865002918 629.7002 771.11053 773.7305 895.4207 1.6624213225230402 1.9835846202711964 4.383708852171981 -4.653867849572868 4.560852362516286 27.42869153512885 1.5455749764337106 1
bicycle 1534 1 1.4335326498895307 131.91257 847.4796 192.20656 946.1942 0.9134768633586355 0.42629522301541306 1.6257108065757422 -9.711468321179462 3.7316844633083557 18.151799843077367 0.9422677045417829 1
bicycle 1210 1 -0.3956828457990273 1356.8578 786.77045 1471.101 863.48584 1.2234488046812242 0.4709311285829024 1.828524739354508 7.7314966317589695 4.02535567791576 25.557981898047796 -0.10192663034414462 1
bicycle 1535 2 -2.695935981038649 17.175636 865.3515 146.34435 927.61896 1.0079347187444267 0.5818113955608494 1.989395145907241 -16.14364843712093 5.486244780129988 27.47718501020161 -3.227135305063306 1
rider 351 0 -1.5688163024706627 899.1312 761.26434 971.9735 917.2214 1.6598144935896366 0.815067844124802 0.9185156583923034 -0.2946453838941736 3.270239511092848 17.1951581706887 -1.585949994876219 1
bicycle 1213 1 -0.7455446991308573 1194.3832 796.77136 1286.685 886.9654 1.2234488046812242 0.4332546859732989 1.5069292098862495 4.3195759503076765 3.944998965796847 23.09578428451179 -0.5606520213134427 1
bicycle 759 1 -1.771273486748915 1242.402 798.983 1308.7272 895.0239 1.173342663604882 0.649713215423094 1.5752571297715885 4.5897028365022665 3.817194720263851 21.922087165820123 -1.5648902024483087 1
Cyclist 340 0 -1.5650323435146771 895.97626 757.1701 985.168 933.2606 1.756572340587969 0.9763091098301239 1.9218572912088543 -0.23392400639605343 3.374898100690094 17.33183455328708 -1.5785283068599427 1
bicycle 1536 0 1.9564704228238492 207.68999 754.5169 260.94278 817.2092 1.2243561576502606 0.36014858735233113 2.049605069632333 -16.76107334810574 4.305914005801432 34.518184018056736 1.5044314651198332 1
Pedestrian 763 0 1.2116234529860355 1360.039 757.13806 1460.2666 980.0664 1.5656044141092775 0.5375005805927543 0.6154502784184803 3.356297926652434 2.58600584163986 11.213911689829926 1.5024358069593413 1
Pedestrian 348 0 -1.748414151260991 1131.7236 773.79 1161.836 844.46075 1.7479383102777966 0.6703602829248096 0.651009911872509 4.80713600286437 5.642947245522137 38.77765739133173 -1.6250767451688592 1
rider 1865 1 0.7749195559058936 0.0 810.5809 33.21892 920.04614 1.516458326064526 0.8225403598893472 0.6248494157401073 -14.724602442996195 4.400363453589165 22.76108607265192 0.2007125657360893 1
Cyclist 1540 1 0.7762301933676142 0.0 808.84186 75.16206 936.47235 1.736761306003086 0.821002319347346 2.1639645664533 -14.733729605175494 4.611477672988182 22.752445025464155 0.20156733551408834 1
bicycle 1214 2 -0.9985874809960551 1272.8527 789.277 1347.4747 876.2144 1.2234488046812242 0.4332546859732989 1.5069292098862495 5.677228620868044 3.968666995425092 24.295174548315877 -0.7690294507420179 1
Cyclist 346 0 -1.6167553219085458 985.47345 771.33136 1052.6604 942.79504 1.5993656688974678 0.6510285264159015 1.738470629840058 0.6108867969386408 3.2818829228316555 16.310691387701635 -1.579319667929595 1
bicycle 1537 1 1.5120610234308196 88.34538 833.8348 146.7769 942.1575 1.1175745182817838 0.5683403053321686 1.6257108065757422 -11.00922628228359 3.9583266122582854 19.495406841522232 0.9979953044924046 1
Cyclist 1215 1 -1.5221108398484005 978.1337 773.14197 1017.6145 857.6471 1.6248141689785838 0.7869067381416157 2.308896920311418 0.8488077875911691 5.119693343433017 34.07521104260473 -1.4972061579612403 1
bicycle 761 1 -2.679864618104147 0.0 844.4728 84.953575 932.8975 1.112140183869871 0.4334359601689178 1.6528616667963376 -13.047890791332934 4.18110772081711 20.601347116354077 -3.2444468630048924 1
Pedestrian 757 0 1.2718669841939994 1257.9701 747.03955 1370.4149 988.98413 1.642034412771088 0.6011155180904775 0.7716523853488447 2.5738000680001836 2.5706689884979106 10.96431048810405 1.5024358069593413 1
ride_other 349 1 -1.7460775205623813 1127.332 808.48285 1159.0684 844.96356 0.8414237107084431 0.6943112055415346 0.8152090561059816 4.765254220576632 5.706571428300372 39.20483923092859 -1.6251232414612091 1
rider 352 1 -1.6229849378864003 986.71436 777.71674 1043.2716 915.2531 1.4014365939287643 0.582761484337436 0.6519728224384858 0.5796068315691714 3.1013424882121603 16.304087550810273 -1.5874501158270082 1
rider 1218 1 -1.5221048171705016 979.92267 775.4845 1016.58014 845.9764 1.4683899085135952 0.784239302512085 1.0407245185711234 0.8477194352934488 4.951236796647928 34.03975457559127 -1.4972061579612403 1
