Pedestrian 339 0 -1.7860966148429496 1180.8385 778.416 1208.0267 842.7444 1.5145928168935734 0.5512610972216646 0.5909591655155195 5.767669762400963 5.345870161555952 37.00955236432964 -1.6314974591822005 1
ride_other 350 1 -1.7831889055804202 1175.5101 802.6767 1204.6035 839.49194 0.8443672274639853 0.6127056770263851 0.5937349560836581 5.757961189829953 5.358223540064515 37.65507827801967 -1.6314510180042818 1
rider 1865 1 0.7486588560815752 0.0 788.7308 78.56378 910.31616 1.516458326064526 0.8225403598893472 0.6248494157401073 -12.609646084781827 3.7984496622308423 20.36594735582248 0.19427487007731203 1
Car 1217 0 1.738331950150809 561.693 759.11176 739.9936 906.03876 1.6624213225230402 1.9835846202711964 4.383708852171981 -4.683920149806697 3.944249593236794 23.20259083236987 1.5391384176188838 1
bicycle 1534 1 1.4850436848806807 15.878613 841.51666 78.21003 954.385 0.9134768633586355 0.42629522301541306 1.6257108065757422 -9.719803648129703 3.327024090978938 15.881381694798318 0.9358291131700351 1
bicycle 1210 2 -0.4221204841933786 1384.1084 784.8316 1509.65 869.10815 1.2234488046812242 0.4709311285829024 1.828524739354508 7.562404451741043 3.751621841603706 23.306563760774488 -0.10836322436316559 1
bicycle 1535 2 -2.6660042206672365 0.0 844.20325 78.520035 911.79645 1.0079347187444267 0.5818113955608494 1.989395145907241 -16.036540274678856 4.752549276207885 25.153695978829884 -3.2335717826558703 1
Cyclist 1540 1 0.748995619958801 0.0 787.0694 128.20848 928.7898 1.736761306003086 0.821002319347346 2.1639645664533 -12.579651594148173 4.009027836895708 20.341014264656245 0.19512913166458468 1
bicycle 1214 1 -1.022914198114011 1297.875 787.4482 1378.8911 883.7146 1.2234488046812242 0.4332546859732989 1.5069292098862495 5.55573305834473 3.688023935794661 21.991757491673418 -0.775463684676072 1
bicycle 1213 1 -0.7691116634455142 1216.3304 791.0134 1317.7347 890.9999 1.2234488046812242 0.4332546859732989 1.5069292098862495 4.268070019812901 3.6034292371232217 20.838253836067423 -0.5670867864712883 1
bicycle 759 0 -1.795649973745582 1265.5992 795.1413 1342.4415 902.18854 1.173342663604882 0.649713215423094 1.5752571297715885 4.491483946524534 3.5040281209065522 19.68539692041746 -1.5713267611392434 1
bicycle 1536 0 1.9858110900371875 135.91122 743.3621 197.66383 811.0153 1.2243561576502606 0.36014858735233113 2.049605069632333 -16.83281647511197 3.819499394673365 31.72484670018207 1.4979937295237726 1
Pedestrian 348 0 -1.755291044406035 1131.5526 768.1435 1163.362 842.3978 1.7479383102777966 0.6703602829248096 0.651009911872509 4.5883549460305 5.313706343995368 36.88046729005715 -1.6315155195031508 1
Pedestrian 1539 1 1.7420974034019276 585.2095 785.5387 607.97253 838.6112 1.478022670897709 0.5822358234506717 0.3733955058620436 -10.508850080320455 6.130008572914405 43.100630161518254 1.5029424230426018 1
rider 351 0 -1.5098938248653089 890.20544 749.6292 969.7602 913.36743 1.6598144935896366 0.815067844124802 0.9185156583923034 -0.33052339071678966 3.0639705292925212 16.35942961431388 -1.5300949221414712 1
Cyclist 340 0 -1.5018332538887909 881.7346 747.15106 982.39465 934.4408 1.7812522677301859 0.9763091098301239 1.9218572912088543 -0.2906718103092812 3.2100779913874278 16.493193237582535 -1.5194551732989756 1
Cyclist 346 0 -1.5489134440064942 977.6821 763.1046 1044.1759 942.9248 1.5993656688974678 0.6510285264159015 1.738470629840058 0.5352020080487597 3.1183186356352808 15.549453794733592 -1.514507681881525 1
Cyclist 1215 2 -1.5302936919587709 980.60944 766.2733 1020.3134 852.5962 1.6248141689785838 0.7869067381416157 2.308896920311418 0.8845878656346883 4.873527183381907 33.18614874211605 -1.5036446686004838 1
Pedestrian 763 0 1.1109021987281782 1483.8339 729.45856 1657.9055 1036.7784 1.5656044141092775 0.6442363867954105 0.7002706439383106 3.3422659822929632 2.1682357261081893 8.245687391454808 1.4959992657593513 1
Pedestrian 757 0 1.19670223928579 1339.7731 711.7115 1512.25 1045.5605 1.6893968611216519 0.6954812138390567 0.6728110056904252 2.504646684159594 2.1815943846574473 8.117048703929251 1.4959992657593513 1
ride_other 349 2 -1.7552760227207547 1130.6483 804.432 1164.1646 842.6058 0.8414237107084431 0.6943112055415346 0.8152090561059816 4.652695967836465 5.384740334051617 37.416198716545246 -1.6315612988621655 1
rider 352 1 -1.5368647783664071 980.2476 769.44086 1038.2539 913.3516 1.4014365939287643 0.582761484337436 0.6519728224384858 0.5064215935720553 2.9425722015443307 15.600058599168879 -1.5044133738999665 1
rider 1218 2 -1.529776657952174 981.52466 768.62695 1018.64777 840.44855 1.4683899085135952 0.784239302512085 1.0407245185711234 0.8704888571782418 4.721667518426497 33.30365284157057 -1.5036446686004838 1
