Pedestrian 1328 1 1.7592068194831998 520.3122 773.5441 557.96454 852.9048 1.7739235318831663 0.7299857946490198 0.7419679089106254 -9.968217794657 5.325734105549607 35.331682968572466 1.4842217007851146 1
rider 1865 1 1.56034227257879 0.0 759.45844 69.40567 965.568 1.516458326064526 0.8225403598893472 0.6248494157401073 -7.723655025009764 2.6511605859590985 12.124271843487538 0.993131269199814 1
bicycle 1210 1 -0.5177247189656335 1517.1694 778.01904 1687.2164 891.0959 1.2234488046812242 0.4709311285829024 1.828524739354508 7.4630388080384 3.0427573951449958 17.430949033258088 -0.11319008908092498 1
Car 1217 0 1.881824823192316 85.760315 726.78815 584.5849 1069.2688 1.6624213225230402 1.9835846202711964 4.383708852171981 -4.16322210743737 2.553719071633555 10.837844965720183 1.5150674028380293 1
rider 351 0 -1.4876634791126204 884.2804 734.36865 977.8981 922.9489 1.6598144935896366 0.815067844124802 0.9185156583923034 -0.27325593437087503 2.735429023130796 14.20924777148143 -1.5068919604898943 1
Cyclist 340 0 -1.5125260476293243 883.365 732.49866 996.6473 943.9449 1.756572340587969 0.9763091098301239 1.9218572912088543 -0.1693659441046872 2.863829287168489 14.406130967724293 -1.5242820244505042 1
bicycle 759 0 -1.8946644325841726 1393.5586 783.20325 1522.6274 938.7646 1.173342663604882 0.649713215423094 1.5752571297715885 4.509397240853754 2.7045869009616244 13.67571875318155 -1.5761536164447407 1
bicycle 1213 1 -0.8591619527485581 1332.9937 780.0257 1471.0331 921.3935 1.2234488046812242 0.4332546859732989 1.5069292098862495 4.380218900861693 2.822709063628672 14.827090438732197 -0.5719122813319519 1
bicycle 1214 1 -1.1228284628024934 1441.2164 779.95544 1545.4231 914.11066 1.2234488046812242 0.4332546859732989 1.5069292098862495 5.671084015551808 2.9433291118581533 15.90334542336435 -0.7802887845216189 1
Pedestrian 348 0 -1.7895757119638056 1173.2092 753.57263 1211.6809 841.72284 1.7894567020594385 0.66633657662662 0.7378279493714629 4.924628309941508 4.5666654101246476 31.88651764595326 -1.6363440370592364 1
Cyclist 346 0 -1.5719821214767287 1000.3576 746.80145 1080.1599 960.52826 1.5993656688974678 0.6510285264159015 1.738470629840058 0.6895341589697299 2.7381486551694 13.08512927982088 -1.5193348027803704 1
Cyclist 1540 1 1.5596281261006246 0.0 751.72266 74.21478 1017.6609 1.736761306003086 0.821002319347346 2.1639645664533 -7.6344171600941415 2.848177150969972 11.974870312563295 0.9920645340473659 1
Pedestrian 593 0 1.7299822162777008 603.16785 796.2416 621.7581 847.84845 1.6004115433459476 0.5205994873316506 0.43690364484024313 -11.236441836139472 7.147860724718154 48.18085794277667 1.5008636303448775 1
Pedestrian 339 1 -1.8222717437205804 1224.6104 765.2673 1260.8811 841.82367 1.5676272422810156 0.6432481975064989 0.5647326928882269 6.026503051785446 4.603058349930078 32.03564331292358 -1.6363261889566312 1
ride_other 349 1 -1.7863665084827451 1167.5653 797.7619 1207.4188 841.8183 0.8414237107084431 0.6943112055415346 0.8152090561059816 4.890204704948622 4.631834448311019 32.36147383424491 -1.636389278483283 1
ride_other 350 1 -1.8215879909034718 1224.355 799.6697 1259.041 842.33795 0.8443672274639853 0.6127056770263851 0.5937349560836581 6.091361339666989 4.679737210042866 32.501428271539346 -1.6363189998930259 1
rider 352 1 -1.5615437375397418 1005.64966 754.1161 1072.8688 922.6204 1.4014365939287643 0.582761484337436 0.6519728224384858 0.6966521994018938 2.5809726270962585 13.307508268530558 -1.5092411708083728 1
