Pedestrian 339 0 -1.8095896663767894 1214.0159 771.4219 1245.4421 843.1758 1.5145928168935734 0.5589173585941904 0.6064524015108574 5.9554616270828 4.79810384456405 33.1923106397207 -1.6320557440769046 1
ride_other 350 2 -1.812265807381343 1217.1747 801.1688 1250.5776 842.52075 0.8443672274639853 0.6127056770263851 0.5937349560836581 6.110276836302878 4.834577238208723 33.537189745917814 -1.6320484794146553 1
bicycle 1210 1 -0.49159268247266436 1484.9524 780.0249 1642.6176 884.9558 1.2234488046812242 0.4709311285829024 1.828524739354508 7.549509691452493 3.2036400945108325 18.755912383977332 -0.1089212944078537 1
Car 1217 0 1.8171030658448113 301.76004 745.79254 647.2573 1005.23175 1.6624213225230402 1.9835846202711964 4.383708852171981 -4.268906240548755 2.968029338259889 13.910168421285737 1.519336255587607 1
rider 351 0 -1.4849960065789811 888.46295 741.74634 978.72614 923.4308 1.6598144935896366 0.815067844124802 0.9185156583923034 -0.2604298871676156 2.852106505766211 14.773182440389316 -1.502622737695389 1
bicycle 759 0 -1.860664366962908 1352.7122 787.33594 1464.226 928.31494 1.173342663604882 0.649713215423094 1.5752571297715885 4.471223468760096 2.893726763145093 15.050361470887507 -1.5718848293480845 1
bicycle 1213 1 -0.8275578059235125 1294.3846 783.1323 1421.793 911.7255 1.2234488046812242 0.4332546859732989 1.5069292098862495 4.324602721246225 3.006360524398901 16.262276059077244 -0.5676446980647145 1
bicycle 1214 1 -1.0894773311125103 1395.965 778.682 1493.9622 900.97186 1.2234488046812242 0.4332546859732989 1.5069292098862495 5.627114668064573 3.0788333864225916 17.360023014289002 -0.7760215504517588 1
Cyclist 1540 0 1.029473053338256 0.0 768.75714 186.2443 982.80273 1.736761306003086 0.821002319347346 2.1639645664533 -8.419571371541267 3.1853055721615546 14.183666170656572 0.4937650546679353 1
bicycle 1536 1 2.0438331103116765 9.520045 741.43 89.51974 819.7636 1.2243561576502606 0.36014858735233113 2.049605069632333 -16.732205593895213 3.4471676057647294 27.489806682931423 1.4970633860840823 1
rider 1865 0 1.0437152317947886 0.0 772.88934 115.02165 947.9158 1.516458326064526 0.8225403598893472 0.6248494157401073 -8.700491981043312 2.985193655245393 14.330960235160461 0.49808302703844287 1
Cyclist 346 0 -1.5632041109453865 994.6633 755.9119 1070.5404 960.47406 1.5993656688974678 0.6510285264159015 1.738470629840058 0.6606437551855159 2.878389268024585 13.71325866512916 -1.5150657807751033 1
Cyclist 340 0 -1.5561578068506303 887.1153 739.7629 991.38135 943.1395 1.756572340587969 0.9763091098301239 1.9218572912088543 -0.2053589504777439 2.979781700251877 14.963760858330001 -1.5698806978637272 1
Pedestrian 593 1 1.7264058998281853 614.82684 805.79156 634.76385 855.0719 1.559961169678417 0.5636408470448525 0.603496966233205 -11.248795123664166 7.647301617124423 50.00460971041043 1.5051341344777591 1
Pedestrian 348 0 -1.774365398421095 1159.6631 765.81055 1191.6432 846.0167 1.6971574400088574 0.5882447457683441 0.6177202007502074 4.744310299878341 4.848426997318725 33.11683320081842 -1.6320737798667624 1
ride_other 349 1 -1.7744164360177244 1156.7366 803.78937 1194.7418 846.3576 0.8414237107084431 0.6943112055415346 0.8152090561059816 4.811781681873129 4.910379091471288 33.58653250605151 -1.6321194970439001 1
rider 352 1 -1.5533893550653048 1000.9994 763.09845 1065.3118 924.8516 1.4014365939287643 0.582761484337436 0.6519728224384858 0.6730419613535883 2.7168871967568755 13.88984810693342 -1.5049715509120722 1
