Pedestrian 339 0 -1.8507445480304743 1271.4315 763.1158 1310.5076 843.99365 1.4871690746727548 0.5977883786080423 0.5872855962438926 6.36262655162556 4.1849201765996265 28.876398839801155 -1.633869935047186 1
ride_other 350 1 -1.848109818919574 1267.2498 796.82404 1306.4529 844.04553 0.8443672274639853 0.6127056770263851 0.5937349560836581 6.387046510631832 4.255366185978259 29.35404942030488 -1.633862702497361 1
Cyclist 588 0 1.6349020799707856 712.53906 809.72797 743.82666 865.34235 1.5897546676006613 0.9165909483854304 1.6905041332807542 -7.706303158210558 7.817063672801056 49.501776047897856 1.4804644318444833 1
bicycle 1210 1 -0.6099823932236715 1668.432 771.1341 1887.2623 914.6381 1.2234488046812242 0.4709311285829024 1.828524739354508 7.50783781661303 2.602514057833706 13.767615170008154 -0.11073478579143159 1
rider 351 0 -1.5031661961964844 906.6995 724.373 1008.6275 932.8224 1.6598144935896366 0.815067844124802 0.9185156583923034 -0.01633033668939568 2.5472870600555604 12.856366734223748 -1.5044364094880236 1
rider 591 0 1.6425860701740898 714.8651 811.95917 743.2593 858.6654 1.4416295453709793 0.88307879508201 0.6943465671286473 -7.698564096578929 7.694155045881882 49.60326440894989 1.488611762223829 1
bicycle 759 0 -2.0314584742540034 1596.8221 771.689 1816.9635 992.74475 1.173342663604882 0.649713215423094 1.5752571297715885 4.815120312233622 2.2101173786581243 9.77367513011296 -1.5736983161161666 1
bicycle 1213 1 -0.9605594470488679 1486.2506 772.686 1665.924 965.58 1.2234488046812242 0.4332546859732989 1.5069292098862495 4.52585110334727 2.366325338241697 10.975926211131213 -0.5694576746779898 1
Pedestrian 348 0 -1.8170741842979965 1217.5049 761.76276 1259.6927 847.35443 1.5411506095624419 0.623674346917461 0.7767018725086082 5.305357074314819 4.1992972159043855 28.636856251449018 -1.6338878911121615 1
Cyclist 346 0 -1.5987232582817579 1042.7008 735.75653 1131.8517 972.0964 1.5993656688974678 0.6510285264159015 1.738470629840058 0.970908738566635 2.542457061760575 11.836435265899286 -1.5168793672963008 1
Cyclist 340 0 -1.5269425392528353 903.604 722.3376 1025.5104 957.14777 1.7689123041590773 0.9763091098301239 1.9218572912088543 0.06684379425459705 2.6843598611485806 13.065999607194788 -1.5218267262168625 1
bicycle 1214 2 -1.230294847369035 1623.5017 763.4614 1749.0295 940.4927 1.2234488046812242 0.4332546859732989 1.5069292098862495 5.875617614178046 2.4067234236330384 12.087428113712171 -0.7778343784422546 1
Pedestrian 593 0 1.7443268681817328 580.2058 802.25354 606.989 861.03906 1.6004115433459476 0.6439049732399585 0.6848868060920004 -10.634972780526901 6.775131759602344 43.26955102272971 1.5033199183329735 1
Pedestrian 1328 0 1.7852818839772344 477.2404 775.0311 524.16 861.01465 1.6621483630844036 0.8024049158526237 0.5989100254812634 -9.35759020545204 4.74753204911044 30.40081674242519 1.486678002320978 1
ride_other 349 1 -1.8133962730160198 1210.1614 798.448 1255.584 847.5089 0.8414237107084431 0.6943112055415346 0.8152090561059816 5.280964853011179 4.269437274506712 29.10991171708381 -1.6339334062011817 1
rider 352 1 -1.5889086656649578 1048.0182 745.1511 1122.3296 930.6022 1.4014365939287643 0.582761484337436 0.6519728224384858 0.9952030372677286 2.401381105903046 12.091148893257085 -1.5067853913578868 1
