Pedestrian 339 0 -1.8487391164790308 1267.39 767.03937 1306.0355 847.2405 1.4871690746727548 0.5977883786080423 0.5872855962438926 6.339765226124461 4.287415887819616 29.148858992685458 -1.634578300489752 1
ride_other 350 1 -1.8462490872144854 1263.4443 800.4793 1302.2069 847.31915 0.8443672274639853 0.6127056770263851 0.5937349560836581 6.369905144598164 4.361674996997094 29.64162321462735 -1.6345710804799964 1
Cyclist 588 0 1.6291438207626197 720.63574 809.7657 751.2076 864.6451 1.5897546676006613 0.9165909483854304 1.6905041332807542 -7.548979961353972 7.899287084541007 50.15631619388752 1.4797560530000018 1
bicycle 1210 1 -0.5985170700998629 1648.1292 772.0054 1860.5088 911.57196 1.2234488046812242 0.4709311285829024 1.828524739354508 7.495774223146089 2.6486728678724676 14.152695972636794 -0.1114428774881131 1
rider 351 0 -1.506731499375545 911.84656 729.86017 1012.1218 935.9715 1.6598144935896366 0.815067844124802 0.9185156583923034 0.020664976733182815 2.607846318418323 13.021996161602804 -1.5051445722155614 1
rider 591 0 1.6372229650469305 722.2523 812.26416 750.12604 858.3168 1.4416295453709793 0.88307879508201 0.6943465671286473 -7.568529723064982 7.792870170354542 50.30951166461833 1.487903372928637 1
Cyclist 340 0 -1.5259259976043393 901.22125 727.62585 1022.7941 960.62506 1.756572340587969 0.9763091098301239 1.9218572912088543 0.04450867692721504 2.7257189463944416 13.124778421612033 -1.522534816063664 1
bicycle 759 0 -2.016358691109805 1573.2451 772.8286 1780.5677 985.047 1.173342663604882 0.649713215423094 1.5752571297715885 4.805897931157405 2.2560937074136955 10.15685962841426 -1.5744064065709786 1
bicycle 1213 1 -0.9494112284370806 1468.4115 779.0664 1642.6952 965.7665 1.2234488046812242 0.4332546859732989 1.5069292098862495 4.528088081894612 2.4554774143867015 11.361738611650749 -0.5701655654324989 1
Pedestrian 1328 0 1.7796627109112095 488.00827 778.8614 529.5269 859.8875 1.5949221604271202 0.717121545143521 0.5877161934521138 -9.372073114903879 4.818584162163574 30.988288254474817 1.4859696231374215 1
Cyclist 346 0 -1.595990099628456 1037.6012 744.1008 1126.0096 980.15125 1.5993656688974678 0.6510285264159015 1.738470629840058 0.9358558778829426 2.6194553956031594 11.912073045762751 -1.5175874967173424 1
bicycle 1214 2 -1.2181140933169448 1601.1993 764.6484 1724.1605 936.0619 1.2234488046812242 0.4332546859732989 1.5069292098862495 5.8647520723255795 2.452763211632309 12.471359761182667 -0.7785422112760926 1
Pedestrian 593 0 1.7400058295742173 585.4599 811.55273 613.16473 869.8787 1.6004115433459476 0.6776337637156173 0.7253371797595387 -10.617745557671833 7.125687541860013 43.8828340442976 1.5026115430617324 1
Pedestrian 348 0 -1.815262585228649 1214.2509 761.1065 1255.0851 857.6467 1.7753454374044135 0.623674346917461 0.7101833359570611 5.284577514095272 4.444580721270258 28.93153558993236 -1.6345962254217459 1
ride_other 349 1 -1.81106598891668 1205.8066 798.7241 1250.5396 847.1498 0.8414237107084431 0.6943112055415346 0.8152090561059816 5.257925394214838 4.319431973997116 29.492871029931795 -1.6346416615943142 1
rider 352 1 -1.5868359170483446 1044.1564 750.3292 1117.628 934.00964 1.4014365939287643 0.582761484337436 0.6519728224384858 0.971867730371569 2.4555093233084886 12.223335373865162 -1.5074936199557152 1
