Pedestrian 339 0 -1.8334531960874967 1244.6737 769.8981 1278.6559 842.0527 1.4139848895455827 0.5589173585941904 0.5647326928882269 6.185928870545426 4.430505635237916 30.81085610129759 -1.6353163227425107 1
ride_other 350 1 -1.8293277673104855 1237.1621 797.9946 1273.3932 842.2727 0.8443672274639853 0.6127056770263851 0.5937349560836581 6.151079810696118 4.504429621490911 31.30473894413397 -1.6353091157987292 1
bicycle 1210 1 -0.545672493098043 1562.0859 775.9965 1746.3268 897.9935 1.2234488046812242 0.4709311285829024 1.828524739354508 7.482871271974314 2.8909081747332204 16.166801484454226 -0.11218061418414771 1
Car 1217 1 1.985453517483551 0.0 711.62915 499.97662 1215.0 1.6624213225230402 1.9835846202711964 4.383708852171981 -3.9872669662626823 2.2484512033995356 7.861610990732329 1.5160768924927468 1
rider 351 0 -1.4925062741470978 891.7351 731.7235 987.79083 926.1541 1.6598144935896366 0.815067844124802 0.9185156583923034 -0.18438592676654328 2.6790819195807014 13.783898454920964 -1.5058823832677168 1
Cyclist 340 0 -1.5142161344278906 885.34375 728.58154 1002.2486 947.342 1.756572340587969 0.9763091098301239 1.9218572912088543 -0.1260958535320691 2.790054312229083 13.922990703210289 -1.5232725511702228 1
bicycle 759 0 -1.9383971436559868 1457.8207 783.21423 1611.502 958.0289 1.173342663604882 0.649713215423094 1.5752571297715885 4.658636452382181 2.5543236404324268 12.255657430015852 -1.5751441423076868 1
bicycle 1213 1 -0.8898610613941313 1378.7882 778.9757 1528.959 934.9666 1.2234488046812242 0.4332546859732989 1.5069292098862495 4.452519125541591 2.673341789334988 13.482948617199753 -0.5709030928060194 1
bicycle 1214 1 -1.1542447452044202 1492.9998 777.73956 1603.8838 924.34155 1.2234488046812242 0.4332546859732989 1.5069292098862495 5.742162670263943 2.78441468625022 14.589338300746405 -0.7792796783699041 1
Cyclist 346 0 -1.58291486549098 1018.18945 746.0266 1100.5934 966.47864 1.5993656688974678 0.6510285264159015 1.738470629840058 0.8219036720491859 2.7003317395602564 12.707316762611175 -1.5183252730616843 1
Pedestrian 593 0 1.732123556863295 596.5415 804.2362 624.6878 858.6935 1.6004115433459476 0.7571660195090877 0.6746368811595417 -10.946860868682858 7.244298496697005 46.700203855244055 1.5018735105693586 1
Pedestrian 348 0 -1.799153808800272 1190.558 762.89655 1226.826 847.9061 1.644118433761207 0.5730318836196131 0.7722361473327187 5.06444475732583 4.508603581733361 30.637720359542826 -1.6353342152358723 1
Pedestrian 1328 0 1.7662471806451148 507.72403 778.70984 550.9937 860.60675 1.7561686788695527 0.8238913081492002 0.6840934817603904 -9.772858557786673 5.277106845753049 33.85662823293254 1.485231586573453 1
ride_other 349 1 -1.7969217955018484 1184.4752 797.71405 1225.9882 843.173 0.8414237107084431 0.6943112055415346 0.8152090561059816 5.112547342726982 4.5164707432217845 31.37258744559577 -1.6353795691824053 1
rider 352 1 -1.5700473931585148 1019.1515 755.30414 1088.5591 929.27277 1.4014365939287643 0.582761484337436 0.6519728224384858 0.7987933727037516 2.5567997050361146 12.905672264875342 -1.5082314996468014 1
