Pedestrian 339 0 -1.8760615789192328 1292.2753 765.0435 1335.6489 856.3551 1.5199011293328752 0.6072836146272561 0.5180145339011247 6.136570144456949 3.986042532899175 26.034691084572216 -1.644579316777182 1
ride_other 350 1 -1.8718670621805675 1285.3662 803.8531 1329.4117 856.3779 0.8443672274639853 0.6127056770263851 0.5937349560836581 6.136273379910178 4.057299561940448 26.5304588223031 -1.6445722739005282 1
Cyclist 588 0 1.7033495410652602 637.33954 819.94415 678.7362 886.46277 1.5897546676006613 0.9165909483854304 1.6905041332807542 -8.451723993471129 7.147911242674356 41.741219654863066 1.503571385331722 1
Cyclist 1326 2 -1.6014068869022855 1057.5742 782.2532 1109.2255 881.2693 1.6948705123223031 0.9719593933413094 2.1375392478366257 2.444181428698499 4.983302059619078 30.16026943239736 -1.5205438248463763 1
rider 591 0 1.7157757471997113 639.4212 823.141 674.90894 878.6076 1.4416295453709793 0.88307879508201 0.6943465671286473 -8.514604912206035 7.04429904701652 41.89280101605001 1.5152595997977696 1
rider 1327 2 -1.613750283068837 1057.631 785.80005 1106.9374 867.5016 1.5287308778083282 0.9554186817800323 0.845077749959211 2.432927423234005 4.820700783532039 30.155912056136035 -1.5332463570763206 1
Cyclist 340 0 -1.5449764380948476 912.1302 726.72266 1041.2844 977.22955 1.756572340587969 0.9763091098301239 1.9218572912088543 0.15259039349927922 2.6580821122224014 12.261042417377835 -1.532531940210685 1
bicycle 1213 1 -1.1196918849097113 1730.9813 769.3044 1935.0 1059.6692 1.2234488046812242 0.4332546859732989 1.5069292098862495 4.482791674581769 2.0037406874292465 7.486370910602549 -0.580159848147449 1
Pedestrian 348 0 -1.8450038250545173 1238.1104 758.0521 1292.8009 864.3374 1.7194543888018758 0.7281246978619776 0.813456651798383 5.222436540559989 4.047115447588142 25.70934063541019 -1.6445968019444273 1
rider 351 0 -1.519548577801826 912.73016 729.133 1019.1629 951.1319 1.6598144935896366 0.815067844124802 0.9185156583923034 0.05337394029173913 2.5377426897566986 12.114252926290247 -1.5151427266726203 1
Cyclist 346 0 -1.6256777875734567 1061.3304 742.2792 1163.7611 999.0015 1.5993656688974678 0.6510285264159015 1.738470629840058 1.083101109012704 2.5325382216730734 11.00618062992595 -1.5275851802547453 1
Pedestrian 593 0 1.7662488329972112 525.27026 815.8631 557.52014 882.9455 1.6167569447059524 0.6949548429703518 0.5629643908489628 -10.694554536613987 6.521628157633471 38.102407523007926 1.4926103880665562 1
Pedestrian 1328 1 1.8520864164878001 368.7098 792.2388 429.04626 902.2055 1.754574959660315 0.8194009934952295 0.5891331735826172 -9.461928212700808 4.608407782372506 25.177776244216286 1.4926103880665562 1
ride_other 349 1 -1.8434572030243834 1237.1119 808.9174 1288.7909 863.87024 0.8414237107084431 0.6943112055415346 0.8152090561059816 5.283622273636722 4.12157265353947 26.224344745661146 -1.6446411233937945 1
rider 352 1 -1.616227262400072 1069.8433 750.35925 1151.4417 949.8243 1.4014365939287643 0.582761484337436 0.6519728224384858 1.1170831612482288 2.376158441225333 11.277215071785017 -1.5174927054747347 1
