bicycle 759 0 -2.1002459004884844 1698.0879 781.7532 1935.0 1050.505 1.173342663604882 0.649713215423094 1.5752571297715885 4.7749130334558165 2.1202768253591966 8.23903327475528 -1.5750005973370564 1
bicycle 1213 1 -1.0232361869923101 1583.6692 774.55927 1787.9271 1002.1607 1.2234488046812242 0.4332546859732989 1.5069292098862495 4.571022159744682 2.223483898027727 9.40320471475999 -0.5707595884018171 1
Pedestrian 339 0 -1.8615833058113633 1285.3408 767.00336 1326.6073 851.8762 1.4871690746727548 0.5977883786080423 0.5872855962438926 6.349185167506444 4.135926556255226 27.561973316956937 -1.635172722021771 1
ride_other 350 1 -1.8566185139672666 1277.5532 802.43365 1318.7942 851.9641 0.8443672274639853 0.6127056770263851 0.5937349560836581 6.320935229087642 4.214845183081849 28.074880618442066 -1.6351655125356055 1
Cyclist 588 0 1.7420960115905268 684.8947 809.95276 724.1181 869.4056 1.5897546676006613 0.9165909483854304 1.6905041332807542 -7.904220679807326 7.3991589450183515 46.10063607628152 -4.710894004669443 1
bicycle 1210 2 -0.6639139796577747 1758.4673 766.75946 1935.0 929.4889 1.2234488046812242 0.4709311285829024 1.828524739354508 7.490353555619974 2.409414557426891 12.165774826664645 -0.11203706905360211 1
rider 351 0 -1.5193719148704712 928.06696 728.0771 1031.6627 943.923 1.6598144935896366 0.815067844124802 0.9185156583923034 0.16971715372466423 2.552133118532445 12.448140787058271 -1.5057388236412281 1
rider 591 0 1.732188105012045 686.5919 816.1082 718.8382 865.9806 1.4416295453709793 0.88307879508201 0.6943465671286473 -7.996865861347387 7.403330464590386 46.274937380983594 1.561066179008746 1
bicycle 1214 1 -1.2868805915384587 1722.5184 766.742 1859.2977 972.9082 1.2234488046812242 0.4332546859732989 1.5069292098862495 5.841497907523918 2.2840946938383326 10.498717153246648 -0.7791361856893588 1
Pedestrian 348 0 -1.8283222616020385 1230.6244 761.42725 1277.3892 856.8697 1.6609883081080223 0.6929335772585957 0.6707141062709341 5.359360708661083 4.195462240759337 27.403899144307985 -1.635190620827058 1
Cyclist 346 0 -1.6152418246960185 1062.5265 741.6727 1158.6738 987.8782 1.5993656688974678 0.6510285264159015 1.738470629840058 1.1138160658650962 2.561759584422492 11.439470871547435 -1.5181817201890204 1
Cyclist 340 0 -1.5430007381761937 924.9866 724.80597 1050.388 967.85724 1.756572340587969 0.9763091098301239 1.9218572912088543 0.2504035779517556 2.663994044402723 12.599335511067167 -1.5231290063219385 1
Pedestrian 593 0 1.7525848781092894 562.2386 816.3411 594.39966 880.15576 1.6004115433459476 0.6949548429704027 0.9370274686196285 -10.47948663182734 6.904828618850454 40.944004645512436 1.5020171132824274 1
Pedestrian 1328 0 1.7287204107349028 442.0692 781.3137 496.32123 876.6426 1.6888294571802265 0.8730144163357639 0.7214664439141183 -9.3093952455589 4.694995944429292 28.31557962540716 1.411079845688556 1
ride_other 349 1 -1.8263295574150937 1226.8729 805.50806 1274.9452 857.1075 0.8414237107084431 0.6943112055415346 0.8152090561059816 5.381791541428701 4.253087669331926 27.819476535585252 -1.6352359907731737 1
rider 352 1 -1.603033402629958 1065.8495 750.53467 1143.8308 943.784 1.4014365939287643 0.582761484337436 0.6519728224384858 1.1080665713578324 2.4078338272616864 11.635467083045658 -1.5080879266640208 1
