Pedestrian 339 0 -1.9118022534679149 1306.9409 768.652 1360.0708 885.8294 1.6515153877904658 0.5920446990163895 0.625162921199181 5.533444787941407 3.8231309938907003 22.251076526769015 -1.668064336114054 1
ride_other 350 1 -1.9052046469330102 1296.7769 822.78735 1349.2776 885.04663 0.8443672274639853 0.6127056770263851 0.5937349560836581 5.480274594926575 3.8878395685652594 22.674351001035813 -1.6680577097508202 1
Car 347 1 1.7288888178413981 663.4895 856.5956 750.3704 925.99817 1.222493157080329 1.7728336963714184 3.898633725992435 -6.97876462548419 7.9350089095606275 41.36763111718562 1.5617613530196928 1
Cyclist 588 0 1.76123725215156 496.66782 824.29376 560.21497 918.3328 1.5897546676006613 0.9165909483854304 1.6905041332807542 -8.638155759024368 5.6956241846562925 29.910415118884572 1.4800862339776968 1
Cyclist 589 0 1.6498799211317006 558.965 845.9981 596.44226 919.6119 1.6460590154911952 0.8329880277023196 1.4286647684994398 -9.96004541740508 7.507551999209161 38.8703597262227 1.3990393011998035 1
Cyclist 1326 0 -1.5800220715948603 1016.7882 801.83575 1066.0071 900.6469 1.6948705123223031 0.9719593933413094 2.1375392478366257 1.6310971227082656 5.449063658291965 30.640774491131257 -1.5268393742987296 1
rider 590 0 1.6345686624920572 560.2386 847.6438 595.4226 911.5654 1.5159082130290606 0.8421708362723642 0.7085071330097515 -9.959639051343673 7.368055466059307 38.86333111572741 1.3836943683953256 1
rider 351 0 -1.5408011200298928 895.0707 737.3096 1005.6403 972.3532 1.6598144935896366 0.815067844124802 0.9185156583923034 -0.06981698240610848 2.5578513737718453 11.477954744872639 -1.5468837473723058 1
rider 591 0 1.7726792379629086 503.38406 828.2071 555.51025 906.2377 1.4416295453709793 0.88307879508201 0.6943465671286473 -8.65462340024365 5.571297011523535 29.99510511210039 1.4917741349671934 1
rider 1327 1 -1.5620023154354894 1015.8848 804.8162 1063.2644 885.97833 1.5287308778083282 0.9554186817800323 0.845077749959211 1.6064671177413439 5.266685415680448 30.618311045096533 -1.509582852163613 1
Pedestrian 348 0 -1.8789630565769762 1250.8792 769.4321 1313.0133 891.0496 1.6638934965204113 0.6689853891058971 0.8422316385773514 4.706239930148429 3.8323890917711867 21.985100872521055 -1.6680807872124963 1
Cyclist 346 0 -1.714810169014091 1028.4305 743.1556 1156.8617 1013.4356 1.5993656688974678 0.6510285264159015 1.738470629840058 0.8871055124825123 2.500858600680222 10.51281531061746 -1.6306263531829943 1
Cyclist 340 0 -1.477589494701346 865.6731 727.6075 1014.70416 994.1647 1.756572340587969 0.9763091098301239 1.9218572912088543 -0.11815734269463443 2.6233597162817617 11.622218573150432 -1.4877556494139628 1
Pedestrian 593 0 1.8214064446868774 388.7238 815.9949 433.83124 907.9865 1.7650612735899571 0.7419270556695604 0.5643087067809128 -11.151571751159041 5.682088451546359 30.334834343944813 1.4691250434952172 1
Pedestrian 1328 0 1.9844843376097923 62.98016 801.6835 163.71202 952.9206 1.6507989597215758 0.884224544932788 0.5105388300794342 -9.810856032476307 3.7337267647279067 17.32093544758058 1.4691250434952168 1
ride_other 349 1 -1.8706929956807534 1238.3198 824.56213 1299.5359 889.39374 0.8414237107084431 0.6943112055415346 0.8152090561059816 4.632528487178663 3.9115104831021794 22.55505762638503 -1.6681224874903855 1
rider 352 1 -1.7223073197963357 1036.4009 750.4607 1130.3502 959.6443 1.4014365939287643 0.582761484337436 0.6519728224384858 0.8706033311127546 2.3355943925215943 10.779945811685046 -1.6417208389974522 1
