Pedestrian 339 0 -1.9100468915033952 1305.2961 763.60803 1357.842 879.46136 1.6515153877904658 0.5920446990163895 0.625162921199181 5.5592377377442785 3.767359193401855 22.47141565886242 -1.6675247685933008 1
ride_other 350 1 -1.901922046665855 1292.91 817.4873 1344.4459 878.5674 0.8443672274639853 0.6127056770263851 0.5937349560836581 5.503778894583655 3.8544630167663767 23.04827403232324 -1.667518132653104 1
Car 347 1 1.7255748960981103 670.461 855.7527 755.40515 923.854 1.222493157080329 1.7728336963714184 3.898633725992435 -6.930400653246598 8.018737369480679 42.06865530156453 1.5623011567534828 1
Cyclist 588 0 1.7560901965634634 507.04062 819.9709 568.35504 911.0974 1.5897546676006613 0.9165909483854304 1.6905041332807542 -8.69240897191303 5.716527540677188 30.75325550207163 1.4806258045552614 1
Cyclist 589 1 1.6529455231262906 572.2747 844.17303 609.16974 916.33264 1.6460590154911952 0.8329880277023196 1.4286647684994398 -9.796591873140308 7.562087434433317 39.575557022691456 1.4102820983504092 1
Cyclist 1326 0 -1.5806922278456255 1018.59814 795.9501 1067.9005 894.4919 1.6948705123223031 0.9719593933413094 2.1375392478366257 1.6656380053300346 5.318685935141678 30.592469919703806 -1.526299919018234 1
rider 590 0 1.6510095757070808 573.4901 846.1349 608.41046 908.79913 1.5159082130290606 0.8421708362723642 0.7085071330097515 -9.787352498915165 7.427803204529797 39.54386920353836 1.4083793993513187 1
rider 351 0 -1.5348324822594959 886.9207 732.08875 996.9115 965.3389 1.6598144935896366 0.815067844124802 0.9185156583923034 -0.13287466514358207 2.5207516710476856 11.542026653286497 -1.5463442210173763 1
rider 591 0 1.7671886583593543 513.93854 823.7001 564.49615 899.58234 1.4416295453709793 0.88307879508201 0.6943465671286473 -8.68232615613125 5.584981326576585 30.786904726652846 1.4923137127921122 1
rider 1327 1 -1.5631556535685174 1018.4713 799.1305 1065.8044 880.0383 1.5287308778083282 0.9554186817800323 0.845077749959211 1.6602160785420907 5.152397357686639 30.651004600752586 -1.509043387532312 1
Cyclist 346 0 -1.704837813435461 1028.8022 742.4735 1153.4979 1009.2788 1.5993656688974678 0.6510285264159015 1.738470629840058 0.8875883753207461 2.5045880109519985 10.628899241139937 -1.621524032245071 1
Cyclist 340 0 -1.481327038108181 865.9554 728.0396 1012.4467 991.36694 1.756572340587969 0.9763091098301239 1.9218572912088543 -0.12841031562231678 2.6358666725669626 11.752523874765 -1.4922527939213048 1
Pedestrian 593 0 1.8177262748267058 396.2947 816.07184 440.58078 906.65375 1.7650612735899571 0.7419270556695604 0.5643087067809128 -11.175841654601602 5.74331006650402 30.801576900982425 1.4696646184795847 1
Pedestrian 348 0 -1.8747540862585041 1246.653 758.4888 1305.5533 886.0648 1.791623799120733 0.6689853891058971 0.7285926772349172 4.672096105495776 3.812183404949411 22.223695198375676 -1.6675412434682526 1
Pedestrian 1328 1 1.9752172289771284 82.921364 802.5146 182.42935 948.9117 1.6507989597215758 0.9219930626004257 0.48631926306973694 -9.881460193622033 3.8053133494007003 17.85157805118245 1.4696646184795847 1
ride_other 349 1 -1.876705974351753 1248.6086 821.3696 1309.6908 885.588 0.8414237107084431 0.6943112055415346 0.8152090561059816 4.82205632833668 3.8842474631138844 22.72135447913616 -1.6675830040151014 1
rider 352 1 -1.7280752170228535 1044.1461 749.7162 1137.5671 956.54596 1.4014365939287643 0.582761484337436 0.6519728224384858 0.9347049357384855 2.33981498784161 10.896665893125865 -1.6425056966935863 1
