Pedestrian 339 0 -1.9264858750454263 1326.1505 785.9366 1392.2008 904.7067 1.5755474158861702 0.7167908890807246 0.6686819621489107 5.634382050203053 3.89811527373379 21.200885258509594 -1.6667286147923817 1
ride_other 350 1 -1.917135440989116 1316.4594 837.1662 1371.7933 902.68335 0.8443672274639853 0.6127056770263851 0.5937349560836581 5.551247206253192 3.971051614944918 21.703006746329415 -1.6667219647215676 1
Cyclist 588 0 1.6370498918770753 470.52975 830.78326 529.78925 936.0834 1.5897546676006613 0.9165909483854304 1.6905041332807542 -8.348343843124727 5.453273850744318 27.13474755197224 1.338578204576634 1
Cyclist 589 0 1.6646608796232343 540.33136 852.2032 581.58167 931.69995 1.6460590154911952 0.8329880277023196 1.4286647684994398 -9.669827383470514 7.260442684626641 36.163643962403135 1.4033825080440718 1
Cyclist 340 0 -1.5455251747972654 887.97723 744.1639 1027.7128 1018.2139 1.756572340587969 0.9763091098301239 1.9218572912088543 -0.0002538267461262497 2.7437715835108785 11.405280289723333 -1.5455474299930727 1
Cyclist 1326 0 -1.5823893920944447 1022.49615 825.00946 1071.6636 925.41486 1.6948705123223031 0.9719593933413094 2.1375392478366257 1.7469699435986348 5.945696858206922 30.677173504406042 -1.525503930848912 1
Car 347 0 1.74234038149569 640.7051 866.165 735.1709 941.18146 1.222493157080329 1.7728336963714184 3.898633725992435 -7.049839969517301 7.8154169659733705 38.909132219743796 1.5630976590367518 1
rider 590 0 1.6632029465053757 542.09314 854.61316 580.761 923.3801 1.5159082130290606 0.8421708362723642 0.7085071330097515 -9.67122896650449 7.139800404085093 36.191831422264805 1.4020827964087519 1
rider 351 0 -1.5463950015249666 904.6508 749.04736 1017.4325 989.8087 1.6598144935896366 0.815067844124802 0.9185156583923034 0.009538592992462694 2.6338446073024833 11.263299956629849 -1.5455481279844545 1
rider 591 0 1.6566215954575099 475.7045 836.39514 529.7253 923.7517 1.4416295453709793 0.88307879508201 0.6943465671286473 -8.333758354844488 5.350094887590542 27.203880076822976 1.3593543934445744 1
rider 1327 1 -1.5845932672172263 1023.2297 829.3656 1070.4886 910.902 1.5287308778083282 0.9554186817800323 0.845077749959211 1.750848053725274 5.787040678577689 30.702043315210606 -1.527627880266561 1
Pedestrian 348 0 -1.889936380685497 1268.6394 786.3343 1333.9089 911.68414 1.6148651592809846 0.6689853891058971 0.7958007705796615 4.720298403198451 3.9061277905876413 20.79677062788401 -1.6667451247490972 1
Cyclist 346 0 -1.6843097284654533 1042.5309 763.6873 1166.195 1042.7336 1.5993656688974678 0.6510285264159015 1.738470629840058 0.9516929675497532 2.63833994765503 10.318839668650355 -1.592341224367947 1
Pedestrian 593 0 1.8374897571774258 360.0714 824.11786 411.87326 925.46295 1.799679708069214 0.75463482751682 0.7410063169712371 -10.980165816078404 5.658605666828647 28.560778720620686 1.470460783294167 1
Pedestrian 1328 1 2.030947851766775 0.0 807.10205 79.40905 978.958 1.6568096314517504 0.8404733628101391 0.5911658946672189 -9.70715692023037 3.5821804509315087 15.466411452675782 1.470460783294167 1
ride_other 349 1 -1.8804025058831242 1253.716 840.1683 1318.7704 909.20233 0.8414237107084431 0.6943112055415346 0.8152090561059816 4.643176038420144 3.9857920411892316 21.404506679994864 -1.6667869742215924 1
rider 352 1 -1.691185948970956 1048.672 772.59485 1142.558 988.228 1.4014365939287643 0.582761484337436 0.6519728224384858 0.9345120849072206 2.472876153557099 10.51338324362862 -1.60253109292641 1
