Pedestrian 339 0 -1.9281081668975384 1328.6931 786.95703 1392.1233 906.8122 1.5755474158861704 0.7167908890807246 0.5080141433114482 5.526345789478143 3.8524358610701372 20.72326830471728 -1.6674994270639312 1
ride_other 350 1 -1.9220412084892795 1322.3506 838.79956 1379.1252 905.8819 0.8443672274639853 0.6127056770263851 0.5937349560836581 5.5217011562720835 3.9262834920651652 21.221595052378124 -1.6674927906739467 1
Car 347 0 1.7416528285762327 638.1267 862.8372 737.0289 941.2748 1.222493157080329 1.7728336963714184 3.898633725992435 -6.731811198229024 7.4425007535191305 37.13618660346385 1.562326509376121 1
Cyclist 588 0 1.6929809269612701 438.41266 827.1709 507.89957 939.95355 1.5897546676006613 0.9165909483854304 1.6905041332807542 -8.232457286688922 5.134186143802525 25.287522345237697 1.3782479197070847 1
Cyclist 589 0 1.6056225008231932 523.61273 850.41113 563.70013 934.8248 1.6460590154911952 0.8329880277023196 1.4286647684994398 -9.53611680579203 6.920816393270853 34.186526589794084 1.3335935568378576 1
Cyclist 340 0 -1.5485895383602324 891.5188 744.708 1031.8451 1019.97876 1.756572340587969 0.9763091098301239 1.9218572912088543 0.02580738817748121 2.744795225955703 11.36219615084005 -1.5463182042400405 1
Cyclist 1326 0 -1.578362627783842 1015.2034 825.61 1064.1243 925.57275 1.6948705123223031 0.9719593933413094 2.1375392478366257 1.6067844852889182 5.977518373911464 30.819568383139796 -1.5262745827606055 1
rider 590 0 1.6140314709268264 524.2096 852.7498 563.7469 925.7451 1.5159082130290606 0.8421708362723642 0.7085071330097515 -9.550507951387045 6.801038892045228 34.247282187481495 1.342071780642729 1
rider 351 0 -1.5475880421667714 905.27423 750.7104 1018.21655 991.93805 1.6598144935896366 0.815067844124802 0.9185156583923034 0.014275885491624583 2.645602826224954 11.248281892406576 -1.546318881421768 1
rider 591 0 1.66544844369134 443.43713 831.46246 502.1484 925.3263 1.4416295453709793 0.88307879508201 0.6943465671286473 -8.262111668579704 4.999240198890751 25.320420029252997 1.350039096654076 1
rider 1327 1 -1.5802979337273912 1015.6569 829.30865 1062.6819 910.4523 1.5287308778083282 0.9554186817800323 0.845077749959211 1.6023146735228377 5.805450285173156 30.84576089199146 -1.5283985565332594 1
Cyclist 346 0 -1.591280150824229 1044.1299 759.59607 1148.2047 1040.4718 1.5993656688974678 0.6510285264159015 1.738470629840058 0.9049020093798329 2.60338381498518 10.257605575969631 -1.5032902705429758 1
Pedestrian 593 0 1.8530651186727456 328.98273 824.9579 386.57132 929.7653 1.799679708069214 0.8558903010285359 0.5305823481795081 -10.954006042567265 5.474039148050857 27.15880814365282 1.4696899603595042 1
Pedestrian 348 0 -1.8930097464220141 1272.2947 782.6614 1337.4753 912.30475 1.6338593798216101 0.6526591136832618 0.7617876967825015 4.646855212718201 3.8142029786735305 20.256990517593373 -1.6675159030555602 1
ride_other 349 1 -1.8849645263688157 1258.6233 838.72156 1325.8164 909.7507 0.8414237107084431 0.6943112055415346 0.8152090561059816 4.594541061066816 3.878167732253196 20.799361161862464 -1.6675576664329748 1
rider 352 1 -1.6044469231675058 1055.7115 768.48987 1142.2766 984.5865 1.4014365939287643 0.582761484337436 0.6519728224384858 0.9566342036752835 2.4420348505027976 10.49525904038369 -1.5135489248678409 1
