Pedestrian 339 0 -1.9708441026805015 1396.2948 785.6187 1474.1669 927.49176 1.5377610703631008 0.6849333424547925 0.5792369821180979 5.462092569853826 3.4266868312439325 17.255460703621083 -1.6642803268167785 1
Car 347 0 1.8122119964410253 497.76468 843.7653 659.29865 957.81915 1.222493157080329 1.7728336963714184 3.898633725992435 -6.416288341625648 5.237947577719079 25.48244756328311 1.5655470181987012 1
Cyclist 588 0 2.0418573300133445 35.059326 794.3373 253.07048 1025.1401 1.5897546676006613 0.9165909483854304 1.6905041332807542 -6.721714209721919 3.093438089126688 12.414811333177747 1.5456198849410137 1
Cyclist 589 0 1.6507994583440764 338.10117 821.9287 408.7888 956.2288 1.6460590154911952 0.8329880277023196 1.4286647684994398 -8.429578165991742 4.583898116773258 21.49371712771119 1.2770456422601324 1
Cyclist 340 0 -1.578755930832243 948.0218 751.71564 1083.5079 1018.57635 1.756572340587969 0.9763091098301239 1.9218572912088543 0.4189154315972481 2.8350657251185147 11.743606623952953 -1.5430992630059983 1
rider 590 0 1.6451181279322766 341.26636 825.3349 407.91644 941.81714 1.5159082130290606 0.8421708362723642 0.7085071330097515 -8.430865602220893 4.461829922017662 21.5168209315941 1.2716774691131487 1
rider 591 0 2.0396780500345377 78.6232 801.1534 228.66066 989.40857 1.4416295453709793 0.88307879508201 0.6943465671286473 -6.722391216511388 2.954861932240492 12.480948473734882 1.5456198849410137 1
Pedestrian 348 0 -1.9208741308401105 1315.0867 778.2551 1393.8646 933.84125 1.6455998869761626 0.6337560446201776 0.802301234707778 4.484229431611013 3.4423538663023954 17.091905934531844 -1.6642969446439861 1
Cyclist 346 0 -1.6485349562549128 1086.4904 770.1369 1195.9797 1035.6317 1.5993656688974678 0.6510285264159015 1.738470629840058 1.2739383828353943 2.739141999987811 10.854373741107418 -1.5317030832076146 1
Cyclist 592 2 0.4807911130668461 498.67395 876.11304 565.17584 938.3393 1.377947095196193 0.7406907339783121 1.4314286062670154 -10.820869585248115 7.797244251188243 37.70739235809764 0.20133140578141973 1
Pedestrian 593 2 1.9725876446602535 104.29706 800.2226 184.54091 950.79395 1.8491179857828288 0.7564506390854588 0.55692246584218 -10.59414400907113 4.161638754066106 19.410839647585576 1.4729863208116867 1
ride_other 350 1 -1.95567232886794 1375.5072 843.24255 1445.1788 923.94385 0.8443672274639853 0.6127056770263851 0.5937349560836581 5.316437134087472 3.4796732210630252 17.725198708363248 -1.6642736332967074 1
ride_other 349 1 -1.9077062100004838 1292.9896 845.856 1373.8844 930.35077 0.8414237107084431 0.6943112055415346 0.8152090561059816 4.3755095020129415 3.509982822294406 17.622686631886832 -1.6643390675478464 1
rider 352 1 -1.6436275091155894 1097.6024 776.02057 1182.653 979.5037 1.4014365939287643 0.582761484337436 0.6519728224384858 1.3229075622916244 2.561619381281182 11.141840278465944 -1.5254474793764077 1
rider 351 0 -1.5805162891536497 959.93866 756.46936 1075.8796 983.08124 1.6207555119990156 0.8719970792994935 0.9185156583923034 0.4385002270944306 2.692825569630579 11.714039660964765 -1.5431000270741382 1
rider 594 2 0.48069646978403313 511.15872 876.7951 553.06616 934.6289 1.2939687267370816 0.7406907339783121 0.7596016585941243 -10.82087382220296 7.721647520544355 37.720871688855055 0.20133140578141973 1
