Pedestrian 339 0 -1.9766813034753485 1413.0603 783.48956 1496.8253 929.99335 1.5377610703631008 0.6849333424547925 0.6769146262971538 5.5566908150271725 3.3645640313644103 16.858870997818563 -1.6582941328100864 1
Car 347 0 1.8221559868796948 485.78925 839.646 657.3312 958.73413 1.222493157080329 1.7728336963714184 3.898633725992435 -6.229657990496536 4.996936407112857 24.334352631493918 -4.711649478743098 1
Cyclist 588 0 2.0835737210561946 0.0 786.5937 198.64621 1044.0105 1.5897546676006613 0.9165909483854304 1.6905041332807542 -6.569775908473667 2.889014107569281 11.162362972295327 1.5516047574266127 1
Cyclist 589 0 1.696588395243146 317.4525 814.5729 397.80557 956.9608 1.6460590154911952 0.8329880277023196 1.4286647684994398 -8.135343813991588 4.310125651494674 20.20756083192771 1.3138520263502493 1
Cyclist 340 0 -1.5840165200089567 965.8112 751.84186 1100.8401 1017.84564 1.756572340587969 0.9763091098301239 1.9218572912088543 0.5531399134638263 2.8398508190978813 11.784585690090172 -1.5371133661837957 1
rider 590 0 1.71193657987848 322.5362 818.43286 396.61395 941.1572 1.5159082130290606 0.8421708362723642 0.7085071330097515 -8.164138497298634 4.202980847567622 20.318646629030685 1.3298749387575137 1
rider 351 0 -1.586034441144999 981.1032 758.1099 1089.8767 985.6716 1.6207555119990156 0.815067844124802 0.9185156583923034 0.5717119664617138 2.7030611824388884 11.677311494389173 -1.5371142916842757 1
rider 591 0 2.0820463854154734 0.0 797.5978 167.28975 1007.367 1.4416295453709793 0.88307879508201 0.6943465671286473 -6.579836913848491 2.7782581018883583 11.218619249220597 1.5516047574266127 1
Pedestrian 348 0 -1.9258908624799211 1327.5923 771.8663 1417.0677 940.17145 1.7184455325041705 0.6901490640318123 0.8862194183560723 4.540723237473859 3.3926893102148545 16.564365182388947 -1.6583373800544428 1
Cyclist 346 0 -1.6288240554618598 1104.3645 769.3326 1208.4215 1032.6356 1.5993656688974678 0.6510285264159015 1.738470629840058 1.3976694592001275 2.7428107762531884 10.949411972897224 -1.501862751810937 1
Cyclist 592 2 0.47490192209799253 517.22064 873.5911 584.9315 937.1661 1.377947095196193 0.7406907339783121 1.4314286062670154 -10.119576822840635 7.600997371185651 36.911080388842464 0.20731593757095834 1
Pedestrian 593 1 1.9856726304732426 85.22476 794.92957 175.31277 952.3833 1.8491179857828288 0.7564506390854588 0.7435173129999688 -10.457902385557611 4.037462386564725 18.841916270090056 1.478972833288776 1
ride_other 350 1 -1.9593668254182444 1390.5646 844.8237 1461.8256 927.0363 0.8443672274639853 0.6127056770263851 0.5937349560836581 5.405281987808561 3.451750646864972 17.407226132216554 -1.6582873330838317 1
ride_other 349 1 -1.911840366931583 1308.0696 848.49115 1391.1133 934.9242 0.8414237107084431 0.6943112055415346 0.8152090561059816 4.469450272224944 3.4862015407138944 17.25262603135946 -1.6583538055854135 1
rider 352 1 -1.6466901128669391 1111.1897 777.2428 1196.5599 980.8119 1.4014365939287643 0.582761484337436 0.6519728224384858 1.4257117667380241 2.571538493486144 11.145459779154418 -1.519462445936468 1
rider 594 2 0.4734126514456472 532.2184 874.4794 574.7877 933.5625 1.2939687267370816 0.7406907339783121 0.7596016585941243 -10.061540277713297 7.528343177817412 36.91490261478351 0.20731593757095834 1
