Cyclist 588 1 2.125502877416615 0.0 788.90814 139.89897 1077.969 1.5897546676006613 0.9165909483854304 1.6905041332807542 -6.429906846759137 2.784669794386274 10.043348439997635 1.5560368560830788 1
Cyclist 589 0 1.76989596219551 289.90497 815.95557 383.09842 966.3306 1.6460590154911952 0.8329880277023196 1.4286647684994398 -7.9709666491861615 4.190951402342684 19.13782418841279 1.3752440630415599 1
Cyclist 340 0 -1.5866308076508722 977.3173 751.0801 1111.1458 1014.59015 1.756572340587969 0.9763091098301239 1.9218572912088543 0.641830261100571 2.842005326803836 11.885150926058516 -1.53268051008204 1
Car 347 0 1.832010103144122 471.39334 837.4427 653.2062 962.0888 1.222493157080329 1.7728336963714184 3.898633725992435 -6.093883526612285 4.809601245663265 23.284778883499353 -4.707145284410147 1
rider 590 0 1.7654162590899083 297.5477 819.3149 379.008 949.27545 1.5159082130290606 0.8421708362723642 0.7085071330097515 -7.971377989661248 4.063204240801105 19.163068341153988 1.3712137151577468 1
rider 351 0 -1.589626849232225 994.06335 760.51697 1101.4104 985.28467 1.6207555119990156 0.815067844124802 0.9185156583923034 0.6744224212895612 2.7366701914623075 11.830534457685756 -1.5326815550107415 1
rider 591 1 2.122876418253591 0.0 798.4693 103.97452 1032.1812 1.4416295453709793 0.88307879508201 0.6943465671286473 -6.431138175878955 2.6553643958723865 10.103612681081849 1.5560368560830788 1
Cyclist 346 0 -1.6239173251751096 1116.3734 769.7988 1218.4194 1030.725 1.5993656688974678 0.6510285264159015 1.738470629840058 1.4927140811942772 2.7566440549476257 11.050915134471223 -1.4896538988753627 1
Cyclist 592 2 0.6361722454301462 535.8431 872.312 603.7401 938.6228 1.377947095196193 0.7406907339783121 1.4314286062670154 -9.483427317993664 7.473438093533275 36.23376852146934 0.3801853671751103 1
Pedestrian 593 0 1.999886430103412 69.625626 795.5256 153.09944 956.5544 1.8491179857828288 0.7391131518050118 0.487572516720452 -10.239665360946614 3.937785018612078 18.030829350754075 1.483406146524331 1
Pedestrian 348 0 -1.9274898488372258 1337.9758 768.8034 1425.8837 937.54065 1.7184455325041705 0.6901490640318123 0.8031960853393985 4.599512778886969 3.3369499659692705 16.390442887135126 -1.6539048026838852 1
Pedestrian 339 0 -1.976249292197489 1421.5977 780.27545 1501.177 929.6282 1.5701694975326834 0.6849333424547925 0.5312257843023047 5.5534798859635774 3.3279742382412314 16.625093707093708 -1.6538610553889779 1
ride_other 350 1 -1.964685678459799 1405.7328 845.9595 1478.7922 929.84534 0.8443672274639853 0.6127056770263851 0.5937349560836581 5.482803163805908 3.4147950377386396 17.06737998770117 -1.6538541770405044 1
ride_other 349 1 -1.915203273453632 1319.7416 845.724 1404.446 933.3791 0.8414237107084431 0.6943112055415346 0.8152090561059816 4.5409735080515645 3.413347830553782 16.982294532809803 -1.6539214181375215 1
rider 352 1 -1.6490411385945962 1121.928 776.97 1206.407 977.7388 1.4014365939287643 0.582761484337436 0.6519728224384858 1.5232239562607273 2.585108504468366 11.298293055381276 -1.5150302287007302 1
rider 594 2 0.6443216738664734 550.2408 873.3487 595.0994 934.2352 1.2939687267370816 0.7406907339783121 0.7596016585941243 -9.414914564096833 7.396193316861337 36.24309502378666 0.390167880847482 1
