Pedestrian 339 0 -1.9970676683777195 1466.3955 779.9235 1555.5865 943.3014 1.5880244603510518 0.6849333424547925 0.5835228483876551 5.672377526704295 3.2227418216766606 15.452818930633313 -1.6452610406636112 1
Car 347 0 1.873438842153277 393.5216 834.2325 619.6161 982.09235 1.222493157080329 1.7728336963714184 3.898633725992435 -5.898475500050826 4.28003138357622 19.880867991502537 -4.698164763097022 1
Cyclist 340 0 -1.6052863600773353 1019.99316 753.32184 1155.452 1020.25806 1.756572340587969 0.9763091098301239 1.9218572912088543 0.9578255047736237 2.851657144568808 11.769153210843502 -1.5240809276945344 1
Cyclist 589 0 1.9374479558354125 172.8263 801.1549 311.46182 986.29236 1.6460590154911952 0.8329880277023196 1.4286647684994398 -7.399968262018606 3.5561006592438513 15.460491440297464 1.491036075198548 1
rider 590 0 1.9089105213605668 192.47957 805.58765 302.4304 964.97345 1.5159082130290606 0.8421708362723642 0.7085071330097515 -7.393617194213647 3.4391477456355966 15.52042014286415 1.4643368602068323 1
Cyclist 343 1 1.8251062353638083 563.64197 849.4205 620.1435 944.7694 1.751335287556054 0.7550035296019852 1.8857630037565178 -8.103244197955872 6.829864884290035 32.87848634758187 -4.69972356217959 1
rider 345 1 1.8367256117618256 572.1032 852.95624 615.7995 932.2761 1.6096873878651186 0.7616461377803431 0.7664253996985406 -8.099926269092027 6.702000211807609 32.99931997708831 -4.687158392827918 1
Cyclist 346 0 -1.6385468485683072 1150.5105 771.54474 1255.4427 1030.5413 1.5993656688974678 0.6510285264159015 1.738470629840058 1.769619804838339 2.779850131381447 11.143219421857353 -1.4810551501326228 1
Pedestrian 348 0 -1.9474658499259827 1376.377 768.20337 1481.8231 952.89777 1.7184455325041705 0.6980123038373685 1.0312300397002772 4.766789839444498 3.2356692096787647 15.292650335126787 -1.6453057575549328 1
Pedestrian 593 1 2.064812153553137 0.0 781.7422 49.78965 969.3719 1.8832382778371595 0.7562212591573141 0.562039118923164 -10.196559314127517 3.5767452535153725 15.837303240812908 1.492785336533506 1
ride_other 349 1 -1.9354309488805088 1362.7102 851.62427 1454.9277 945.6076 0.8414237107084431 0.6943112055415346 0.8152090561059816 4.748727107624993 3.3186316434973113 15.907001052621181 -1.6453227412682128 1
ride_other 350 1 -1.9866019366630763 1453.4 852.6792 1533.0524 942.74976 0.8443672274639853 0.6127056770263851 0.5937349560836581 5.6665698041949355 3.322479286029978 15.950747053198903 -1.6452540098669783 1
rider 351 0 -1.6053075885118113 1025.5996 767.68933 1144.8885 986.1062 1.541054582754436 0.8908494665551108 0.9185156583923034 0.9490109343375039 2.6999944637271307 11.657968360595437 -1.5240822040077209 1
rider 352 1 -1.6614669299870892 1153.3756 780.40314 1239.2391 981.79407 1.4014365939287643 0.582761484337436 0.6519728224384858 1.7632605819560694 2.610382478171429 11.282034468144088 -1.5064318843966544 1
