Pedestrian 339 0 -2.060570796489584 1551.6923 752.5715 1677.6742 955.406 1.5943399389849118 0.6849333424547925 0.8013257094170869 5.541166381670436 2.7165455629800648 12.71803566115583 -1.649677575433109 1
Car 347 1 2.0662422535786966 0.0 799.51276 391.1905 1072.8916 1.222493157080329 1.7728336963714184 3.898633725992435 -5.89266032977678 2.752378979358951 11.145094066099341 -4.703303643416023 1
Cyclist 340 0 -1.6455638232706087 1066.8064 734.28284 1221.2877 1018.5419 1.756572340587969 0.9763091098301239 1.9218572912088543 1.2909083854842667 2.6312045269126196 10.976709432457454 -1.5284972399464278 1
Cyclist 341 2 -1.1041283837021012 1148.3418 823.5176 1232.9243 931.7088 1.9993659788766704 0.8102086102261212 2.5657804729261877 5.178352910709948 6.633859738114896 33.6144881007086 -0.9512787364782562 1
rider 342 2 -1.088441446073067 1165.2065 828.02826 1215.8796 913.1248 1.717085289505321 0.8102086102261212 0.8791053356031888 5.154122971435945 6.362599045009526 33.606337583221155 -0.9362596509989399 1
Cyclist 343 0 1.8766749581105762 460.65466 817.665 541.4037 941.7995 1.751335287556054 0.7550035296019852 1.8857630037565178 -7.663228780178235 5.093577657591991 24.98256846600366 -4.704141872588076 1
Pedestrian 348 0 -2.008963660102644 1461.7485 739.7421 1588.4944 964.45764 1.7184455325041705 0.6498683358806436 0.9345562921374329 4.66790478614517 2.710757257763704 12.429928134730705 -1.6497217944713052 1
rider 345 0 1.888368223283936 473.45016 821.67255 533.5984 925.5764 1.6096873878651186 0.7616461377803431 0.7664253996985406 -7.657002261920932 4.955976303649286 25.040168921969805 -4.691576171873949 1
Cyclist 346 0 -1.68604711686579 1207.6141 754.82776 1333.9819 1033.7498 1.5993656688974678 0.6510285264159015 1.738470629840058 2.0944403275536567 2.5720744917908798 10.301715447871372 -1.485471034299629 1
Pedestrian 344 1 1.4479149003717298 1050.9998 858.0603 1072.6143 912.1601 1.701608812484699 0.6456718869686054 0.749741466643863 3.413249406760043 9.6849084409437 50.810966026092125 1.5149895771010895 1
ride_other 349 1 -1.9912722651908978 1435.6573 841.6201 1553.4829 956.42883 0.8414237107084431 0.6943112055415346 0.8152090561059816 4.632157213333406 2.79278387727493 13.031319691754009 -1.649738589096378 1
ride_other 350 1 -2.0523351430988823 1545.7957 838.2446 1653.053 949.22217 0.8443672274639853 0.6423641789474162 0.6226404464991555 5.539078921335322 2.747511139367809 13.004438087524708 -1.649670622913149 1
rider 351 0 -1.6549273631266128 1092.0361 739.5798 1216.1357 984.3485 1.6207555119990156 0.815067844124802 0.9185156583923034 1.3758775851358687 2.48737475902992 10.824568157167233 -1.5284983974826976 1
rider 352 1 -1.6950799589176655 1218.7296 764.071 1315.3278 981.64746 1.4014365939287643 0.582761484337436 0.6519728224384858 2.1200299014824533 2.4038614756007677 10.424025063919125 -1.494437287702195 1
