Pedestrian 339 0 -2.0629578729579023 1565.5481 765.1653 1675.5541 964.1791 1.5943399389849118 0.6849333424547925 0.5284279918933606 5.58090450025015 2.810792566801022 12.679158963376143 -1.6483139260461936 1
Car 347 0 2.050395327266208 0.0 804.71216 411.67078 1066.8325 1.222493157080329 1.7728336963714184 3.898633725992435 -5.8902389553534125 2.855200903847445 11.620185534275468 -4.70194007439437 1
Cyclist 340 0 -1.63711646001002 1056.8203 741.5741 1209.7444 1028.7631 1.756572340587969 0.9763091098301239 1.9218572912088543 1.2064999908834455 2.6855661199542444 10.925629816816627 -1.5271336591537386 1
Cyclist 341 2 -1.140252690385588 1145.3278 823.3493 1226.06 930.90137 1.9993659788766704 0.8102086102261212 2.5657804729261877 5.106451677502289 6.666488420693156 33.87460842560971 -0.9906335283122739 1
rider 342 2 -1.1560288743449656 1161.359 827.9525 1210.2769 912.2681 1.717085289505321 0.8102086102261212 0.8791053356031888 5.088952743033186 6.396577480230128 33.87544951618355 -1.0069185000130894 1
Cyclist 343 0 1.8724265761776628 470.7707 822.96857 549.73676 945.5574 1.751335287556054 0.7550035296019852 1.8857630037565178 -7.626432506793631 5.236861279274902 25.36961612270925 -4.702777674717959 1
rider 345 0 1.8840397556604538 483.33466 826.94525 542.3318 929.4138 1.6096873878651186 0.7616461377803431 0.7664253996985406 -7.61764590571281 5.098137171774949 25.428199768703017 -4.690212138088586 1
Cyclist 346 0 -1.6860823943560572 1209.7302 759.6265 1336.2501 1039.7349 1.5993656688974678 0.6510285264159015 1.738470629840058 2.1076981416990503 2.607259750443757 10.293162557209882 -1.4841075856902957 1
Pedestrian 348 0 -2.0064186072357746 1456.0059 747.1086 1590.9735 971.5271 1.7184455325041705 0.689184534908376 1.0367784096095625 4.709856481632122 2.791482695130334 12.586806156581927 -1.6483582988206238 1
ride_other 349 1 -1.98919884724675 1434.989 847.8021 1551.7043 962.04285 0.8414237107084431 0.6943112055415346 0.8152090561059816 4.659854401106965 2.8644011788666477 13.13878924698604 -1.6483751518358192 1
ride_other 350 1 -2.046312350319302 1538.1414 850.03815 1644.5043 962.13153 0.8443672274639853 0.6127056770263851 0.6845807831036964 5.506169208780425 2.8709253480103647 13.096080548423066 -1.6483069493545217 1
rider 351 0 -1.6519503941661862 1089.3667 749.9273 1213.9696 997.4959 1.6207555119990156 0.815067844124802 0.9185156583923034 1.3485762578390776 2.5592414475309884 10.748387940545825 -1.5271348533750564 1
rider 352 1 -1.710862810566578 1218.9302 767.2635 1317.4664 986.2549 1.4014365939287643 0.582761484337436 0.6519728224384858 2.1148998232598464 2.4203529538049526 10.359755799500142 -1.5094841765531593 1
