Pedestrian 339 0 -2.036598848165789 1522.971 791.7537 1631.8206 964.6591 1.4494471921586434 0.6849333424547925 0.6744416011972333 5.590781435558744 3.0070027755823316 13.597488612360456 -1.6465065643205776 1
Car 347 0 1.9733487233919131 141.54028 823.3243 503.69357 1033.4934 1.222493157080329 1.7728336963714184 3.898633725992435 -5.898500122519901 3.388175675640003 14.361275503956374 -4.6995522519407285 1
rider 345 0 1.8598129112872073 528.6803 838.37 581.3679 931.9664 1.6096873878651186 0.7616461377803431 0.7664253996985406 -7.5727443926901294 5.648441805092551 27.900797363936203 -4.688404267183146 1
Cyclist 343 0 1.8480842468767706 518.23236 833.9164 587.49896 946.06305 1.751335287556054 0.7550035296019852 1.8857630037565178 -7.5789757648046265 5.773718945742914 27.83162277484186 -4.700969586366028 1
Cyclist 340 0 -1.5849108750041192 1053.439 747.06934 1194.5946 1024.3164 1.756572340587969 0.9763091098301239 1.9218572912088543 1.2190341357468526 2.766502790773071 11.360074887130192 -1.478011308309208 1
Cyclist 346 0 -1.6138767204724949 1191.5316 768.69006 1294.6271 1037.4144 1.5993656688974678 0.6510285264159015 1.738470629840058 1.9995202161209007 2.722712454772897 10.776649707414657 -1.4304210240548352 1
Pedestrian 348 0 -1.9786151281601445 1424.1799 762.8245 1532.5355 965.17883 1.7184455325041705 0.6901490640318123 0.759635958168557 4.7092590998355615 3.0153514615637986 13.656651101659207 -1.6465511408287035 1
ride_other 349 1 -1.9643738812551 1401.5706 854.287 1507.7112 960.4298 0.8414237107084431 0.6943112055415346 0.8152090561059816 4.657367297020262 3.0795075080029206 14.15802433903401 -1.6465680712234263 1
ride_other 350 1 -2.0232959730419617 1504.9913 850.58997 1603.3947 954.9877 0.8443672274639853 0.6127056770263851 0.7134862735191927 5.584334190586608 3.0313799231780454 14.112445334120764 -1.6464995555961734 1
rider 351 0 -1.5921078822344452 1076.8131 764.9586 1190.9165 1004.1471 1.6207555119990156 0.815067844124802 0.9185156583923034 1.2817516365228259 2.7168335901777674 11.208014120325085 -1.4782422710523384 1
rider 352 1 -1.6175205966721977 1203.7313 777.27344 1290.1241 988.59595 1.4014365939287643 0.582761484337436 0.6519728224384858 2.0535540760670017 2.5395308206347424 10.805808874180745 -1.4297184223441988 1
