Cyclist 340 0 -1.674845745294594 1071.8381 727.1413 1244.0459 1028.8 1.756572340587969 0.9763091098301239 1.9218572912088543 1.3035936040210236 2.529757404566516 10.337661627797077 -1.5494064427708643 1
Cyclist 341 2 -0.7579767591316418 1252.7543 825.4265 1366.4036 932.3324 1.9993659788766704 0.8102086102261212 2.5657804729261877 7.628728859655449 6.518640212901685 32.70574427343208 -0.528820551870725 1
Car 347 2 2.2573900001722054 0.0 770.6439 144.6343 1215.0 1.222493157080329 1.7728336963714184 3.898633725992435 -5.847763490896919 2.1079453860401776 7.13591956125593 -4.712303634602762 1
rider 342 2 -0.7563757113945411 1279.1506 828.2728 1335.2565 915.42 1.717085289505321 0.8102086102261212 0.8791053356031888 7.562924347644715 6.242558340052377 32.70507076013105 -0.5291240284628929 1
Cyclist 343 0 1.9345200025079845 337.16522 797.32153 440.8088 941.97723 1.751335287556054 0.7550035296019852 1.8857630037565178 -8.117144088346137 4.315551173768812 21.296721425974482 1.570372635641411 1
Pedestrian 344 0 1.4932555371957645 1040.3062 854.76794 1061.4038 910.05145 1.701608812484699 0.6456718869686054 0.4400829099885548 2.881782493419842 9.13494398958288 48.133002941227375 1.5530553915969612 1
rider 345 0 1.9466659862953382 354.14902 801.42096 428.53345 923.0822 1.6096873878651186 0.7616461377803431 0.7664253996985406 -8.10797438204317 4.16966671072956 21.29958804112585 -4.7002459274860735 1
Cyclist 346 0 -1.7766137927268724 1209.07 748.56635 1365.6504 1041.4973 1.5993656688974678 0.6510285264159015 1.738470629840058 2.0849667353110273 2.479387665518987 9.770888484277203 -1.5663812313922276 1
Pedestrian 339 0 -2.1057952945952954 1619.3202 756.8404 1740.7301 974.55457 1.5478660044946608 0.6849333424547925 0.4510198144737139 5.372831365333052 2.5580923202576242 11.195394924125303 -1.658344883371721 1
Pedestrian 348 0 -2.044291878268896 1499.4813 723.8899 1643.2343 981.315 1.782540082303174 0.6824944269962017 0.843104679638667 4.530406728799669 2.5504712473991353 11.151096159289185 -1.6583881248904935 1
ride_other 349 1 -2.018715381929993 1460.5676 844.2407 1593.0468 971.59656 0.8414237107084431 0.6943112055415346 0.8152090561059816 4.45329766772801 2.6391161336957687 11.82005541895713 -1.6584045482468481 1
ride_other 350 1 -2.0918611031723984 1592.3517 847.2158 1718.1904 975.3172 0.8443672274639853 0.6127056770263851 0.7010982061982947 5.340981359056274 2.615572723671408 11.538289111793592 -1.6583380845456912 1
rider 351 0 -1.683404613281342 1093.0477 736.4671 1228.3608 996.18555 1.6207555119990156 0.815067844124802 0.9185156583923034 1.3390956258751623 2.4165158655252132 10.199657854691747 -1.5528629399918892 1
rider 352 1 -1.7733727188673813 1232.2921 756.2112 1341.2273 984.8982 1.4014365939287643 0.582761484337436 0.6519728224384858 2.1365264513821653 2.2971298711072032 9.871448973988493 -1.560225424943436 1
