Pedestrian 339 0 -2.1637618409365333 1683.8046 750.14325 1830.5801 1009.98676 1.604214224942613 0.6849333424547925 0.5018414493224619 5.201601253538353 2.448295389517748 9.79309401771134 -1.6755059329403645 1
Cyclist 341 2 -0.7382363073308573 1382.7861 858.78253 1505.1111 970.64386 1.9993659788766704 0.8102086102261212 2.5657804729261877 10.137068436656781 7.0487947222571705 31.387132546742464 -0.42584254208620753 1
rider 342 2 -0.7116571053582508 1414.8097 860.47595 1474.6279 952.0214 1.717085289505321 0.8102086102261212 0.8791053356031888 10.14490365653474 6.748306737771211 31.394258595872902 -0.3991037321485966 1
Cyclist 343 0 2.1118470644957954 137.24721 781.27423 296.0918 963.0292 1.751335287556054 0.7550035296019852 1.8857630037565178 -8.441122281865166 3.6357197599246716 17.050208044315905 -4.63103764919209 1
Cyclist 340 0 -1.7920649327723888 1029.7222 729.5648 1244.2883 1055.3517 1.756572340587969 0.9763091098301239 1.9218572912088543 1.0776354051720427 2.5075498032501757 9.720641128004694 -1.6816552459031038 1
Pedestrian 348 0 -2.085026467746584 1532.1146 725.1922 1694.9141 1018.6815 1.780548821447708 0.6498683358806436 0.8435747977826552 4.268996412757783 2.4706370174653474 9.83612077651408 -1.6755472372988718 1
rider 345 0 2.106851598678153 174.02353 787.5924 275.57156 939.1731 1.6096873878651186 0.7616461377803431 0.7664253996985406 -8.447495619173274 3.5233147286423954 17.17755066308132 -4.633379958228858 1
Cyclist 346 0 -1.9178659676355128 1194.0101 753.2506 1394.778 1067.8619 1.5993656688974678 0.6510285264159015 1.738470629840058 2.004564936095915 2.470564468460492 9.245552631392808 -1.7043566350360484 1
Pedestrian 344 1 1.4912284102167113 1017.74 857.7822 1038.5867 916.9553 1.701608812484699 0.5940621275260287 0.448684536562276 2.0151342933974123 8.759189265136419 45.085355750105606 1.5358946653094008 1
ride_other 349 1 -2.061143618013073 1493.3632 858.33685 1648.7307 1005.9381 0.8414237107084431 0.6943112055415346 0.8152090561059816 4.206684864804776 2.528159403318095 10.363890661772952 -1.6755629249089659 1
ride_other 350 1 -2.137767114382958 1640.4741 862.9734 1775.8357 1004.89703 0.8443672274639853 0.6127056770263851 0.5937349560836581 5.143419380038239 2.5397883714705305 10.322424874223646 -1.67549943869144 1
rider 351 0 -1.7923604611826431 1065.4694 738.9396 1228.3278 1019.3704 1.6207555119990156 0.8492253852296305 0.9185156583923034 1.162696176641005 2.3870389671969914 9.54886467376177 -1.6711941565126658 1
rider 352 1 -1.9207440168025733 1232.9917 760.9491 1360.9536 1008.0422 1.4014365939287643 0.582761484337436 0.6519728224384858 2.0621072750270613 2.2749707823971255 9.240603999602802 -1.7011842728215965 1
