Pedestrian 339 0 -2.2289735536547406 1766.0503 759.7297 1935.0 1051.9847 1.5052939046905411 0.6849333424547925 0.5968673091672604 5.00648982843952 2.288495826009747 8.349955918779894 -1.6888608852319962 1
Cyclist 341 2 -0.7267384774736572 1575.8916 854.06616 1708.6631 966.82275 1.9993659788766704 0.8102086102261212 2.5657804729261877 13.840569183991734 6.774400023172232 30.39436544097281 -0.29943091994682614 1
rider 342 2 -0.7201435952864779 1608.7545 855.739 1673.2664 949.5153 1.717085289505321 0.8102086102261212 0.8791053356031888 13.827231365855763 6.494299623394528 30.43318485824042 -0.293680447469272 1
Cyclist 340 0 -1.7962379420754346 1010.5093 735.27924 1237.8679 1082.7516 1.756572340587969 0.9763091098301239 1.9218572912088543 0.9363520786951386 2.5118361767621185 9.218277224358335 -1.6950095300196841 1
rider 351 0 -1.7911431243219567 1041.7644 738.37994 1208.3958 1036.7041 1.6207555119990156 0.815067844124802 0.9185156583923034 0.9640290539956732 2.3425855286358686 9.009575730083558 -1.6845482011982735 1
Cyclist 346 0 -1.9439511220903307 1206.2692 759.60986 1424.9795 1094.6763 1.5993656688974678 0.6510285264159015 1.738470629840058 2.0199782168077314 2.4716310936868107 8.775555591961599 -1.7177095301398244 1
Pedestrian 348 0 -2.141887102334106 1592.4647 705.5411 1794.0034 1054.2439 1.822017566898503 0.7165656424286965 0.7729797276721868 4.106541167152526 2.2999722868146137 8.43708730394521 -1.6889157953730378 1
Pedestrian 344 1 1.4882177178946823 999.496 864.28613 1025.9067 929.73193 1.7304656016039799 0.6977055409425585 0.5483538898368931 1.4407018150523043 8.493715454912605 41.95926771810545 1.5225399576668832 1
ride_other 350 1 -2.203094457008898 1727.1268 875.695 1889.7513 1042.795 0.8443672274639853 0.6127056770263851 0.5813468887627341 5.003214251950221 2.3840669477366205 8.856212380600104 -1.6888546282071593 1
ride_other 349 1 -2.103659175836805 1531.5682 870.66895 1715.2435 1042.9905 0.8414237107084431 0.6943112055415346 0.8152090561059816 3.9709649604890545 2.396918853325177 9.019133303423445 -1.6889157953730378 1
rider 352 1 -1.9402195214601938 1238.7269 768.76666 1374.8711 1030.0472 1.4014365939287643 0.582761484337436 0.6519728224384858 2.017420308413144 2.2818293879479845 8.786906597857987 -1.7145368476994416 1
