Pedestrian 339 1 -2.2719089314602154 1825.525 771.1097 1935.0 1117.9409 1.5784873822999286 0.6127056770263939 0.7064187719099999 4.876191104576596 2.3520396338534333 7.5229500104415505 -1.6968174544046086 1
Cyclist 341 2 -0.731720385761982 1693.9963 899.447 1832.5237 1014.50775 1.9993659788766704 0.8102086102261212 2.5657804729261877 16.092269905860764 7.637916858780374 30.014998441942595 -0.23957974425810202 1
Pedestrian 348 0 -2.1785807629907756 1631.8419 729.64734 1867.3601 1118.1718 1.7753673324239063 0.6498683358806436 0.9168029077039316 3.971816223705753 2.3421799179724143 7.596413542472286 -1.6968174544046086 1
rider 342 2 -0.7307300492400692 1726.3291 900.12006 1793.8269 996.366 1.717085289505321 0.8102086102261212 0.8791053356031888 16.032280201285772 7.334832701289574 30.026731967087763 -0.24030552700457974 1
Cyclist 340 0 -1.8051777505967075 1008.23627 749.6734 1244.6805 1112.1725 1.756572340587969 0.9763091098301239 1.9218572912088543 0.9198710456825586 2.5893065414803065 8.9635315537175 -1.7029120257208628 1
rider 351 0 -1.7876339632173412 1024.0182 753.8469 1191.7185 1057.4071 1.6207555119990156 0.815067844124802 0.9185156583923034 0.8515306260216583 2.433409009828207 8.919175133502508 -1.692450555557551 1
Cyclist 346 0 -1.8804497911131643 1200.8711 772.4313 1408.2874 1118.2535 1.5993656688974678 0.6510285264159015 1.738470629840058 1.9105386022621578 2.533642863641523 8.57507271069569 -1.6612289464953356 1
Pedestrian 344 0 1.4851279512313305 991.5611 876.7636 1019.4817 946.8102 1.7304656016039799 0.688958043401122 0.642998459147866 1.1728202495741866 8.479573209112786 39.732610285154045 1.5146372080418287 1
ride_other 350 1 -2.240623954472367 1783.5734 911.0497 1935.0 1093.6058 0.8443672274639853 0.6127056770263851 0.46887821137080826 4.859806042096221 2.4342573751173004 8.037842718868593 -1.6968174544046086 1
ride_other 349 1 -2.145273929673874 1580.6113 899.1171 1790.3329 1094.8093 0.8414237107084431 0.6943112055415346 0.8152090561059816 3.9135475053512256 2.415032295504313 8.133689756575256 -1.6968174544046086 1
rider 352 1 -1.9498232014544818 1239.9803 783.92566 1379.1055 1051.1874 1.4014365939287643 0.582761484337436 0.6519728224384858 2.0000835850791554 2.3595873822413536 8.643906174278449 -1.7224383310042835 1
