Cyclist 731 0 1.6965382778708293 509.1658 856.2333 538.3789 926.3059 1.7868723601927008 0.6223134443840372 1.8938954688479268 -13.33585364436628 8.995816741532296 45.617651648136466 1.4121239518829132 1
Pedestrian 348 0 -2.2203314901870295 1681.8706 698.94104 1935.0 1133.6792 1.7753673324239063 0.6498683358806436 0.9318329922012288 3.854455061404187 2.1362584463510665 6.783964270430066 -1.7036441620202476 1
Cyclist 340 0 -1.795595822107186 983.7764 736.76917 1219.7117 1100.4945 1.756572340587969 0.9763091098301239 1.9218572912088543 0.7632928382167516 2.496257910004382 8.868491196751107 -1.7097394562126527 1
rider 351 0 -1.7579755444040885 1010.3862 740.9339 1175.7341 1048.1746 1.6207555119990156 0.815067844124802 0.8283936107323532 0.7448489391754222 2.3298148544253325 8.684777707061759 -1.6724200232235604 1
Cyclist 346 0 -1.9465966646601944 1185.5283 763.8413 1408.8624 1107.8651 1.5993656688974678 0.6510285264159015 1.738470629840058 1.8711876861022343 2.482785693096448 8.597980498064665 -1.7323070476504654 1
Pedestrian 344 0 1.418925033563617 985.7084 862.42413 1011.8456 940.06146 1.8323535499959878 0.5752405753621913 0.5866457929730865 0.9413801354015202 7.8605035404474375 37.625653761626005 1.4439394502181142 1
ride_other 349 1 -2.1776321168139283 1615.9218 888.05743 1852.4365 1103.9917 0.8414237107084431 0.6943112055415346 0.8152090561059816 3.782897798689198 2.218262385141317 7.374169373738459 -1.7036441620202476 1
ride_other 350 1 -2.2887236613289095 1855.0333 897.9238 1935.0 1105.3811 0.8443672274639853 0.6127056770263851 0.5070184848372229 4.734369487393077 2.2024303099630456 7.146729367637004 -1.7036441620202476 1
rider 352 1 -1.9489554882283746 1227.3324 773.9012 1367.2206 1042.5344 1.4014365939287643 0.582761484337436 0.6519728224384858 1.9143655239022546 2.2927660651577053 8.577784479585237 -1.7293767332067467 1
rider 732 0 1.6781937512643452 511.8424 858.9126 536.0507 918.7752 1.6601000229918448 0.6223134443840372 0.8320285715804107 -13.321483133670394 8.863202959554062 45.5666626769433 1.3937685966926807 1
