rider 351 0 -1.5605175818571795 1016.6886 756.912 1124.9454 965.7102 1.6207555119990156 0.8875144396763546 0.9524252167290004 0.9388918365303554 2.7929517895208074 12.766912015494366 -1.4871087019996612 1
rider 1093 1 -1.5826467156698598 1104.5056 793.18915 1129.879 844.7598 1.3830180457490981 0.7210015964049563 0.7786997607785038 4.508096794754356 6.300071422752588 43.27258715511523 -1.4788421299896441 1
Cyclist 340 0 -1.560610474258239 1008.5905 753.3704 1131.4991 996.30536 1.756572340587969 0.9763091098301239 1.9218572912088543 0.9446963060344625 2.9477555606431576 12.867328374055006 -1.487323746127738 1
Pedestrian 854 0 1.2753087457950745 1580.4521 772.99927 1715.7261 1040.6703 1.6527548042974205 0.6558590966320796 0.6744505419410747 4.589334841527509 2.683498810713707 10.02999345140567 -4.578752641254167 1
Cyclist 346 0 -1.6536498105583701 1159.4025 762.2414 1271.4985 1028.5652 1.5993656688974678 0.6510285264159015 1.738470629840058 1.8013154722112863 2.672819407099819 10.795062156501356 -1.4883083984105 1
Cyclist 1091 0 -1.317494787954265 8.344112 654.5262 439.3809 1215.0 1.819055557471119 0.9465455580381281 1.9694278097134637 -2.606997096185274 1.95080370380332 5.595133830327541 -1.7535251308053537 1
moped_scooter 1090 1 -1.5915944211510682 1102.3105 790.9792 1132.0754 855.6687 1.599398365882197 0.8153716454191213 2.00456846891087 4.505209058126739 6.523874761834131 43.30903326911336 -1.4879425285962382 1
Pedestrian 1318 2 1.2805901288464165 1198.4607 781.84467 1225.2446 837.81647 1.6005433259737134 0.6398274961184873 0.6436298063560779 7.560458439409161 6.375215700886983 45.135940181687296 1.446553568753091 1
rider 352 1 -1.6536149822038029 1167.1737 769.456 1256.4658 979.88635 1.4014365939287643 0.582761484337436 0.6519728224384858 1.7969310706114112 2.4779522434191215 10.787694649715897 -1.4885581259178506 1
rider 1092 0 -1.3132251769676935 65.569405 647.91705 396.23013 1177.8705 1.7416575055297454 0.8978451035152848 0.8201084963655005 -2.6049911963621017 1.8329597675465816 5.444066776045384 -1.7595261069758572 1
