Pedestrian 854 0 1.2963526416700892 1547.2079 793.3335 1671.5615 1056.0732 1.7195921621683765 0.6492102996890147 0.6968651257518731 4.6098584873350825 2.9655970173878465 10.674156957930215 -4.579156671523595 1
rider 351 0 -1.5655994044519148 1021.4657 772.7116 1133.8369 988.4469 1.6207555119990156 0.8969969783611245 0.9524252167290004 0.969844830352065 2.9017271341352404 12.448002413725717 -1.4878447960610917 1
Cyclist 340 0 -1.5650739023783298 1012.62787 768.85693 1139.1444 1021.5269 1.756572340587969 0.9763091098301239 1.9218572912088543 0.9645575458200545 3.058986850619756 12.531594597902462 -1.48825530792421 1
Cyclist 346 0 -1.6573294327809924 1161.9065 779.47656 1279.9952 1061.9076 1.5993656688974678 0.6510285264159015 1.738470629840058 1.760066242901833 2.7603866227586353 10.339136251628105 -1.4887124471640278 1
Cyclist 1091 0 -1.1879681607625072 0.0 652.98883 447.8656 1215.0 1.819055557471119 0.8826510095634006 1.9694278097134637 -2.4690219125339983 1.9337560226192911 5.093220668890844 -1.6393547355671678 1
moped_scooter 1090 1 -1.589418457027387 1097.8701 805.7065 1128.7773 874.0566 1.599398365882197 0.8153716454191213 2.00456846891087 4.207710006952825 6.740478633336906 41.48898742978469 -1.4883465221606378 1
Pedestrian 1318 2 1.2791263012795597 1200.2124 801.24084 1226.7488 856.9456 1.6005433259737134 0.6398274961184873 0.6436298063560779 7.688105853261173 7.020174268920126 45.60134706948379 1.4461494706158327 1
rider 352 1 -1.653951792825044 1165.7772 787.88104 1257.8351 1006.2352 1.4014365939287643 0.582761484337436 0.6519728224384858 1.742869822304066 2.5802507797433654 10.467484310675474 -1.4889621507397586 1
rider 1092 0 -1.1376558408351882 0.0 648.94867 380.9146 1215.0 1.7648258149949339 0.8525133732475428 0.8201084963655005 -2.474953375167044 1.850342680459117 4.89216667643048 -1.6060133198502105 1
rider 1093 1 -1.5806977585668207 1100.4254 809.2049 1126.8688 863.4247 1.3830180457490981 0.7210015964049563 0.7786997607785038 4.217265816863304 6.5404744873510525 41.42652344069398 -1.479246154729051 1
