Cyclist 340 0 -1.5519891453741026 1005.11945 729.40454 1118.6561 950.20624 1.756572340587969 0.9763091098301239 1.9218572912088543 0.9491084279784514 2.7938665921690293 13.843369281921595 -1.4835357594692593 1
moped_scooter 1090 0 -1.6107112569162512 1120.8807 769.6995 1147.6996 824.3624 1.599398365882197 0.8153716454191213 2.00456846891087 5.803685921908093 6.564143636599531 50.243672214601844 -1.4957101432792719 1
rider 351 0 -1.5532373781132098 1013.7491 733.7383 1114.2853 926.87274 1.6207555119990156 0.8875144396763546 1.067126004659848 0.9539437279566944 2.6638761441850947 13.762224138130081 -1.4840319723368125 1
rider 1093 0 -1.6001126318652161 1123.8323 771.55347 1146.1619 815.62836 1.3830180457490981 0.7210015964049563 0.7786997607785038 5.820709402362574 6.3405637589088295 50.133191328807904 -1.4845252591875984 1
Pedestrian 854 1 1.1492655256903008 1785.4458 711.20734 1935.0 1100.8851 1.69301431828128 0.6192589688884687 0.9852543766313179 4.534252126674823 2.1427644342746124 7.262363843816905 -4.575788487969598 1
Cyclist 346 0 -1.6451952093155715 1155.7296 736.7433 1256.7208 975.60895 1.5993656688974678 0.6510285264159015 1.738470629840058 1.8934598087064711 2.544566884437794 11.744084380118602 -1.4853441095232183 1
Cyclist 1091 1 -2.0524277457864084 0.0 657.1121 212.9532 1103.7043 1.7168242799115405 1.0835226785808012 1.9694278097134637 -4.544350711457202 1.8845090086013598 6.834898883839117 -2.6391886664988484 1
Pedestrian 1318 0 1.2702370672163692 1215.8489 755.7604 1247.5599 814.91547 1.6005433259737134 0.7611886095319098 0.5104913915572565 7.608649594055307 5.309712881784632 42.0874118312426 1.4490874319105198 1
rider 352 1 -1.642658765451585 1158.9547 742.5106 1239.6547 932.8206 1.4014365939287643 0.582761484337436 0.6519728224384858 1.8678537593477866 2.3565227030406177 11.794300335807296 -1.4855940125310414 1
rider 1092 2 -2.0532456704436384 0.0 658.5551 126.19948 1063.511 1.62378583265752 0.9417631796104731 0.8201084963655005 -4.452127467288867 1.788500679110049 6.708084911205139 -2.6391886664988484 1
