bicycle 618 1 -1.2965923660752787 546.4647 780.282 621.7557 882.0369 1.0726400364971211 0.5150014297453562 1.5935716523007637 -4.777722296218471 3.1326953949546237 19.022700298319894 -1.5426615505544499 1
bicycle 619 0 1.6354307997436253 591.61707 783.9461 630.81976 875.30884 1.0515031305682199 0.4298133193956458 1.6654967216876682 -4.916337222334205 3.3815032765014257 21.05109418222626 1.4059999657197304 1
bicycle 620 0 -1.3321309365842597 634.9888 777.09705 695.74115 868.92676 1.2261049730262044 0.5512295035960972 1.7348895201094197 -4.683828116969378 3.7336095212130997 23.759025088067027 -1.5267739330616972 1
bicycle 621 2 1.37551867549607 641.4596 779.5621 692.55286 859.34424 1.1614049711922483 0.5512295035960972 1.7348895201094197 -5.166144564297703 3.964278480819398 26.193925962925764 1.180791057128467 1
bicycle 622 2 -1.304812054507796 590.05 798.95245 655.1141 883.45605 1.062862555152542 0.5512295035960972 1.7348895201094197 -5.260219228739732 3.877971785842762 23.308277028392187 -1.5267739330616972 1
Pedestrian 1357 1 1.0474144197072324 1738.8043 684.03796 1935.0 1123.7968 1.7116758775031569 0.7212306211118151 0.8351467165468336 3.8795562743244667 1.9801175308027594 6.361645214072144 -4.688150865199054 1
bicycle 624 1 1.8928687652842946 499.34113 777.32855 585.65796 889.2719 1.0745055629680924 0.48415375171830344 1.592267429973709 -4.838782448269742 2.9263259365937775 17.36033644369107 -4.662143758759186 1
Pedestrian 623 0 1.3513755067728994 1225.0521 748.379 1319.0862 963.1071 1.616738245221478 0.6299468770780529 0.5197882260498911 2.45029606669687 2.615306844582515 11.828744796698032 1.55563421501085 1
truck 625 1 -0.05875085920180556 0.0 664.8856 442.07678 951.06854 2.6011184368640876 2.5599833421905354 6.448825122377191 -9.60326609574004 3.1361032360103023 17.192593861884234 -0.568149859162772 1
Car 627 0 -1.457277131312686 721.2436 764.09766 803.68585 841.2084 1.6544154535993052 1.8174099797437926 4.2543181268767425 -5.5195554383159235 5.75989499365523 41.963360964283936 -1.58805909654235 1
bicycle 628 0 1.7670940841230935 414.7249 762.61084 510.72098 902.23956 1.15029445920586 0.5675411321425974 1.8701877850258004 -5.03053484607893 2.637099270813849 15.182497375852108 1.4471406093123491 1
bicycle 629 2 1.9309014953667374 429.48187 836.88434 530.7893 924.28253 0.7160948490894826 0.5692041920444435 1.592267429973709 -5.439453479174775 3.239104426703081 16.98910270893277 -4.662143758759186 1
bicycle_rack 630 1 1.8689842479601988 239.54085 826.6082 447.9175 945.84406 0.7138547383722033 1.1920538939596623 2.5471178548590214 -5.996387073548372 2.8807446072534044 14.74398164452102 1.4827148192631086 1
Pedestrian 631 0 1.3558735645982285 1123.6692 743.5492 1221.3491 967.02606 1.6366335500125342 0.6513459402217529 0.5109645615747638 1.6207980224851328 2.573427541367966 11.527824127755046 1.4955567284469753 1
Pedestrian 632 0 1.7216510159308887 512.73083 719.3742 584.64325 897.4652 1.7011577010112233 0.6060249476000629 0.6432426296266305 -4.134418757175132 2.672284836851346 15.016668203743738 1.4529854914963858 1
Pedestrian 633 2 -1.8303377403047791 1138.83 763.6936 1191.8715 895.36835 1.900186351692122 0.6650646929285129 0.5929285515639652 3.0827873322746573 4.031026374420838 22.623290774121177 -1.6949057950968576 1
Pedestrian 634 1 1.7390553531898023 689.1913 763.0189 713.7753 820.2335 1.711012247218645 0.6695917704227304 0.5346680773780325 -8.038751231592837 6.010981748076628 46.2875453545809 1.5671005985788038 1
Pedestrian 635 1 1.6699485249534454 717.40765 766.26855 742.4165 820.4904 1.6077659173365755 0.7076693244027117 0.6408777379946226 -7.183467292279979 6.03101425989772 46.45086520561646 1.5165173747263752 1
