bicycle 618 0 -1.2397549069568483 461.7177 778.33307 564.9781 906.7447 1.0726400364971211 0.5150014297453562 1.5935716523007637 -4.533630769452935 2.7177099132119142 15.226787787628059 -1.5291374401103466 1
bicycle 620 0 -1.3014823277026029 600.01355 775.7834 676.26404 885.8672 1.2261049730262044 0.5512295035960972 1.7348895201094197 -4.290269488722634 3.328546104973955 19.955752320369058 -1.5132480816258047 1
bicycle 621 2 1.4066236359536852 611.51764 781.052 668.0899 875.07983 1.1614049711922483 0.5512295035960972 1.7348895201094197 -4.827543822572933 3.5947588570362017 22.395614601271454 1.1943146207197262 1
bicycle 622 2 -1.2639950198030068 537.1923 809.3084 620.39307 912.142 1.062862555152542 0.5512295035960972 1.7348895201094197 -4.9640466611125635 3.576423551902839 19.501536796196525 -1.5132480816258047 1
Pedestrian 623 0 1.177150158355987 1450.1428 706.6361 1659.0657 1095.9512 1.616738245221478 0.5958740001647554 0.8752599900643859 2.683630988065313 2.014838950632952 6.839979507380445 1.5510399307613567 1
bicycle 624 1 1.9625996111338333 387.11862 774.5444 510.44153 919.53125 1.0745055629680924 0.48415375171830344 1.592267429973709 -4.616527101982472 2.5129667083911844 13.564906266621332 -4.648618825291196 1
Pedestrian 632 0 1.758693962501435 354.9585 690.18756 473.5794 953.3443 1.7011577010112233 0.6449795334759988 0.6946462290789652 -3.736389923297694 2.1662399582045104 10.257813639050273 1.409382703965878 1
truck 625 1 -0.26870980658965793 0.0 655.0461 460.38467 1018.95355 2.6011184368640876 2.5599833421905354 6.448825122377191 -8.472182931551227 2.9565425912581196 14.424748171827488 -0.7997659640856509 1
Car 626 1 -1.4433045943711873 761.9587 766.20044 832.6193 829.0695 1.5102981080311513 1.709358931821019 4.291588247337026 -5.191752743158406 6.231643827226069 47.80554063026469 -1.5514821175028013 1
Car 627 0 -1.4486654218558688 723.54407 764.3997 815.4077 849.4187 1.6544154535993052 1.8174099797437926 4.2543181268767425 -4.836761038582126 5.418789729372919 38.22322721044111 -1.5745362776754945 1
bicycle 628 0 1.8554131385118309 255.22757 755.667 408.33377 944.49426 1.15029445920586 0.5675411321425974 1.8701877850258004 -4.749973941404089 2.2312733074168807 11.401221124495862 1.4606619923099435 1
bicycle 629 2 2.0137695637089195 287.86627 845.80084 434.2211 961.1489 0.7160948490894826 0.5692041920444435 1.592267429973709 -5.263780539436536 2.7873716008045575 13.209350849163187 -4.648618825291196 1
bicycle_rack 630 1 1.9834475378702043 0.0 838.3001 314.61075 1007.0568 0.7138547383722033 1.1920538939596623 2.5471178548590214 -5.809174653465886 2.4660929206543525 10.96470958570933 1.4962400187163944 1
Pedestrian 631 0 1.2648194411906093 1311.3806 695.14026 1503.425 1094.3273 1.6366335500125342 0.6513459402217529 0.6117214804517602 1.9356537430748713 1.9590882136754764 6.552989162395839 1.5520367965497321 1
Pedestrian 633 0 -1.8120017012606293 1180.2423 756.37787 1244.8655 908.86035 1.900186351692122 0.6650646929285129 0.8343155407932404 3.324803717504632 3.683063590343992 19.83741338060629 -1.6459424431708543 1
Pedestrian 634 1 1.7906294471621003 679.77277 757.5064 708.9824 822.01953 1.711012247218645 0.6695917704227304 0.6542786351898591 -7.386855230905992 5.413056032569869 41.407208903428184 -4.669094113490601 1
Pedestrian 635 0 1.7740953605952887 705.2383 763.7219 735.6956 824.5119 1.6077659173365755 0.7076693244027117 0.7115775421771748 -6.697853418457571 5.505551111572229 41.61701363733151 -4.668661874137769 1
bicycle 619 0 1.6743551045283314 540.13824 785.32324 593.72626 897.33673 1.0515031305682199 0.4298133193956458 1.6654967216876682 -4.558534666718559 3.0040731946853056 17.34562104142843 1.417360447079885 1
