bicycle 618 0 -1.2179021384428297 435.0224 776.4805 550.5839 916.0697 1.0726400364971211 0.5150014297453562 1.5935716523007637 -4.373378043116315 2.579531203682068 14.057411335216136 -1.5195186670878607 1
bicycle 619 0 1.6914139124135694 524.53143 781.57214 584.94147 902.0698 1.0515031305682199 0.4298133193956458 1.6654967216876682 -4.367105458687109 2.8307819501602536 16.128198599545776 1.4269803118573683 1
bicycle 620 0 -1.2895739902902847 593.05194 773.4619 675.5885 890.5631 1.2261049730262044 0.5512295035960972 1.7348895201094197 -4.08362845884598 3.1801316396192045 18.78528816513394 -1.5036280740624481 1
bicycle 621 2 1.4172256164449013 609.1227 780.0404 667.5815 879.3892 1.1614049711922483 0.5512295035960972 1.7348895201094197 -4.597834894174911 3.457980843192579 21.2285768255744 1.203933019370849 1
bicycle 622 2 -1.2497044375697808 525.88544 806.8821 616.2613 916.3618 1.062862555152542 0.5512295035960972 1.7348895201094197 -4.760039615239666 3.402421637870993 18.34131123255506 -1.5036280740624481 1
Pedestrian 623 0 1.1140705686223678 1658.8533 667.5844 1935.0 1196.3802 1.616738245221478 0.5958740001647554 0.7188524138980077 2.789189141153376 1.7703472505557394 5.006964293435999 -4.660865880737575 1
bicycle 624 1 1.9904620313145829 347.05136 772.9588 487.52402 932.4309 1.0745055629680924 0.48415375171830344 1.592267429973709 -4.472427954164752 2.382111284787575 12.395376237855555 -4.638999469249063 1
Pedestrian 632 0 1.6789243156545106 299.0502 676.4953 425.84595 980.6021 1.7011577010112233 0.6330288591006071 0.6497622636776965 -3.5462615037956624 2.021908788114123 8.89833638400423 1.2996850941401932 1
truck 625 1 -0.31303649311100057 0.0 648.5192 476.89163 1033.4592 2.6011184368640876 2.5599833421905354 6.448825122377191 -8.062846624264834 2.870022973946316 13.764072181237058 -0.842941436459442 1
Car 626 1 -1.4443079305710083 777.01483 764.7166 849.50555 829.3988 1.5102981080311513 1.709358931821019 4.291588247337026 -4.547729675263413 6.0577319921367385 46.46800786597638 -1.5418652213235928 1
Car 627 0 -1.4423646433435622 729.3105 762.9509 825.46075 851.07294 1.6544154535993052 1.8174099797437926 4.2543181268767425 -4.468890906517005 5.257674009967252 36.89770638949793 -1.5628932689009964 1
bicycle 628 1 1.8948721762120178 184.89659 750.8184 368.28397 962.31647 1.15029445920586 0.5675411321425974 1.8701877850258004 -4.626795654070381 2.0927760559908632 10.234161289032613 1.4702788321765423 1
bicycle 629 2 2.0462441897567585 236.3649 849.72266 403.63422 977.6856 0.7160948490894826 0.5692041920444435 1.592267429973709 -5.122657086911367 2.6497337833390455 12.047028588394099 -4.638999469249063 1
bicycle_rack 630 1 2.0315448678328516 0.0 842.1272 264.78302 1034.6973 0.7138547383722033 1.1920538939596623 2.5471178548590214 -5.689824077232165 2.3287494890554346 9.807747539662259 1.5058595698636745 1
Pedestrian 633 0 -1.791056943204362 1201.8907 752.34174 1265.5887 909.1192 1.900186351692122 0.6650646929285129 0.6839099110013213 3.4652750439772735 3.5545906951315582 19.057934118829305 -1.6111934823473193 1
Pedestrian 634 2 1.8000459333156993 681.3633 754.0306 711.1599 820.71954 1.711012247218645 0.6695917704227304 0.5702954812261811 -7.058067917365405 5.177710359515502 39.8439945704039 -4.658463192644954 1
Pedestrian 635 0 1.795049505341634 708.23285 759.8941 739.8592 822.90796 1.6077659173365755 0.7076693244027117 0.6550176988311196 -6.34330580608859 5.251004683636287 40.00822099576994 -4.6453769962437 1
Pedestrian 631 0 1.1968880389088747 1435.1792 658.4937 1767.907 1215.0 1.6366335500125342 0.6513459402217529 1.0435368470674424 2.0239605924878123 1.757792159166874 4.864596285900081 -4.692023767930271 1
