bicycle 618 0 -1.0994746238081639 203.97849 773.2101 403.31018 979.9379 1.0726400364971211 0.5150014297453562 1.5935716523007637 -4.22873554776652 2.1184996322180774 9.734416338583527 -1.509289220647155 1
bicycle 620 0 -1.2304874489211186 496.29648 770.1642 614.3792 924.2293 1.2261049730262044 0.5512295035960972 1.7348895201094197 -3.8914253416092013 2.716693751056094 14.458753234104806 -1.4933973182269829 1
bicycle 621 2 1.4676633811792992 541.97565 778.6129 608.51294 904.64594 1.1614049711922483 0.5512295035960972 1.7348895201094197 -4.380307558239249 2.9927444390518456 16.90749773552009 1.214162081004825 1
bicycle 622 2 -1.1790831909928552 405.28656 802.0852 537.0168 946.8081 1.062862555152542 0.5512295035960972 1.7348895201094197 -4.563940516465919 2.8312522226392054 14.03896661780975 -1.4933973182269829 1
bicycle 624 0 2.1471739371741565 11.517623 767.91547 279.6143 1019.0859 1.0745055629680924 0.48415375171830344 1.592267429973709 -4.369419317061742 1.930561548725996 8.13768991922251 -4.628769404974538 1
Pedestrian 634 1 1.6915398395135313 662.63324 755.97003 695.792 834.2553 1.711012247218645 0.6695917704227304 0.6758840269310267 -6.455323867291479 4.744150753633226 34.2469431204944 1.5052323690220937 1
truck 625 1 -0.4586853276997299 0.0 616.9567 405.19617 1154.1051 2.6011184368640876 2.5599833421905354 6.448825122377191 -7.468495467046724 2.562672786479376 10.684223183858235 -1.0687538858307124 1
Car 626 1 -1.434956708752045 773.6344 763.56604 854.7827 835.04675 1.5102981080311513 1.709358931821019 4.291588247337026 -4.095021774594003 5.62751233318808 42.22393594325067 -1.5316377663790925 1
Car 740 1 -1.4631441010597537 799.9602 767.83154 865.7483 826.96185 1.501818747762389 1.7484443674464842 3.482116346805313 -4.105833690994497 6.282200257113527 48.254408126117795 -1.5480268744611925 1
Car 627 0 -1.4319959410387835 717.84094 765.9312 828.6989 866.98566 1.6544154535993052 1.8174099797437926 4.2543181268767425 -4.020284113058524 4.931036900985345 32.60216642577113 -1.5546899437513577 1
bicycle 629 2 2.227709205533685 0.0 872.5801 144.6195 1085.7633 0.7160948490894826 0.5692041920444435 1.592267429973709 -4.996627319290239 2.1332213971843625 7.739213101147107 -4.628769404974538 1
Pedestrian 633 0 -1.8248469860917604 1263.677 745.1134 1339.7933 930.80884 1.900186351692122 0.6650646929285129 0.6003512277835883 3.6385878505949765 3.212515624639158 16.014748920965157 -1.6014373504719377 1
Pedestrian 635 0 1.7262964488535426 693.01025 762.9142 727.995 835.58417 1.6077659173365755 0.7076693244027117 0.6488559858902454 -5.80828167914322 4.836913453624049 34.660639076617095 1.5602634140569895 1
bicycle 619 0 1.826467131454962 381.73743 782.3819 494.6716 950.40814 1.0515031305682199 0.4298133193956458 1.6654967216876682 -4.092974933082188 2.382649401901309 11.793389936108461 1.4924168127125386 1
