bicycle 620 0 -1.1332461721517364 297.07037 752.9343 489.88885 972.02515 1.2261049730262044 0.5512295035960972 1.7348895201094197 -3.8532479665949073 2.1831780498905182 10.291910037573086 -1.4914870339928514 1
bicycle 622 1 -1.0616720352242168 154.89958 795.8402 377.59808 1006.41797 1.062862555152542 0.5512295035960972 1.7348895201094197 -4.526267367678035 2.2928956514662784 9.874118047389025 -1.4914870339928514 1
bicycle 621 2 1.5408095777812907 422.50024 770.9986 497.34073 940.06036 1.1614049711922483 0.5512295035960972 1.7348895201094197 -4.293707994391776 2.496256049480258 12.754010777033946 1.2160720508367846 1
Pedestrian 633 0 -1.8498416386402226 1341.2798 727.27795 1441.3783 954.41693 1.8734886406825666 0.6650646929285129 0.7173333842884108 3.7313376139760224 2.7892102184115424 13.017009529783008 -1.570676259317447 1
Pedestrian 635 0 1.6945241728038851 650.16724 751.52625 690.3769 838.0374 1.6190605121519321 0.7076693244027117 0.5418980121390332 -5.667181079678151 4.111820898163012 29.144329452788163 1.5024686131309992 1
truck 625 1 -0.5186288452863229 0.0 483.48007 310.40796 1215.0 2.6011184368640876 2.5599833421905354 6.448825122377191 -6.918391141819997 2.1691402744145467 8.035015084791159 -1.2294917918287218 1
Car 626 1 -1.4260467922615165 757.2231 756.11053 849.00366 835.1982 1.5102981080311513 1.709358931821019 4.291588247337026 -3.9507326728376597 5.032856687967259 37.96794379178322 -1.5297280975431249 1
Car 740 1 -1.4561350507415156 788.26324 762.5722 861.54846 827.5113 1.501818747762389 1.7484443674464842 3.482116346805313 -3.9535640643647016 5.698098648251559 43.8187822098003 -1.5461167394545894 1
Car 627 0 -1.413562672661124 684.5884 753.9146 816.03894 869.14136 1.6544154535993052 1.8174099797437926 4.2543181268767425 -3.9165341658592236 4.291436977586847 28.42081843423438 -1.5505052767254393 1
Cyclist 741 0 1.5998575543235714 903.86316 752.9198 924.02686 807.78156 1.6951446195788984 0.6389497415593031 1.764200926315454 -1.6147363992843056 6.154795326464894 51.21107080982636 1.568336995059954 1
Pedestrian 634 0 1.6681448877104446 613.19855 743.8436 652.03644 836.7842 1.711012247218645 0.6695917704227304 0.6758840269310227 -6.339133303342505 4.036898815060189 28.86693662872302 1.451977668067356 1
rider 739 0 1.6016874265492742 904.9688 754.3683 923.3934 802.1521 1.5676061454858683 0.6102022392186334 0.6697004360487829 -1.6105426271607033 6.030286734475917 51.21113091688167 1.5702487149403632 1
bicycle 619 0 2.0672938223108366 18.68079 767.3633 287.13156 1039.8295 1.0515031305682199 0.4298133193956458 1.6654967216876682 -3.9679826600657444 1.8434747991896447 7.478681938759802 -4.703696877209023 1
