bicycle 618 2 -0.8918892832473397 0.0 751.3391 98.01892 1103.9546 1.0726400364971211 0.5150014297453562 1.5935716523007637 -4.188694123203909 1.643781991557356 5.943188446102319 -1.505822147197736 1
bicycle 620 0 -1.1449461271108952 325.3265 754.66504 507.99026 965.65155 1.2261049730262044 0.5512295035960972 1.7348895201094197 -3.8337492229325005 2.2288166491392722 10.668444125355844 -1.489929801831007 1
bicycle 622 1 -1.0756968877596218 190.09457 796.1836 400.15588 998.35504 1.062862555152542 0.5512295035960972 1.7348895201094197 -4.507391789761786 2.338649162027654 10.25169018407723 -1.489929801831007 1
bicycle 621 2 1.5338018364059731 437.07663 771.7792 511.0415 935.85596 1.1614049711922483 0.5512295035960972 1.7348895201094197 -4.293059286408047 2.5396067623071668 13.122711394774766 1.2176290271565207 1
Pedestrian 633 0 -1.8430655861314675 1332.7654 728.9653 1433.263 954.59106 1.873488640682567 0.6650646929285129 0.784180330862597 3.701628834105965 2.817484916227416 13.17251556677528 -1.5691191324572809 1
truck 625 1 -0.5316081033461165 0.0 509.72232 325.1456 1215.0 2.6011184368640876 2.5599833421905354 6.448825122377191 -6.909851235096963 2.2321891282707123 8.257345544957326 -1.2283962382592049 1
Car 626 1 -1.42892382140979 764.67 756.11536 855.0824 834.42126 1.5102981080311513 1.709358931821019 4.291588247337026 -3.816764841511287 5.064916986141897 38.33066885210546 -1.5281713668201475 1
Car 740 1 -1.4569204345910551 792.2752 762.6651 864.6663 826.8936 1.501818747762389 1.7484443674464842 3.482116346805313 -3.892030780113421 5.745008029469885 44.295948790571664 -1.5445596288327155 1
Car 627 0 -1.4166849289386412 693.04474 755.63257 822.1891 869.6778 1.6544154535993052 1.8174099797437926 4.2543181268767425 -3.8259090352815326 4.356506238646234 28.762125156634813 -1.5489276026255583 1
Pedestrian 634 0 1.6869821835104963 619.80225 744.18854 657.9453 834.711 1.711012247218645 0.6695917704227304 0.6006440746917722 -6.349066134921331 4.088235246404429 29.470165307636353 1.474785056968547 1
Pedestrian 635 0 1.667597307185978 655.8002 753.0933 694.4099 837.32324 1.6077659173365755 0.7076693244027117 0.49947812962951194 -5.6763185022117675 4.176380114957288 29.68256993560038 1.4786445634537975 1
bicycle 619 0 2.0634954113122106 71.11162 768.34454 321.8403 1026.0398 1.0515031305682199 0.4298133193956458 1.6654967216876682 -3.9573340752605906 1.8871618856410437 7.873599865370812 -4.685421706711738 1
