bicycle 620 0 -1.1178177464499073 260.132 750.65765 466.8358 980.59576 1.2261049730262044 0.5512295035960972 1.7348895201094197 -3.8710975767040394 2.127290963980967 9.830015529871147 -1.4929711950811961 1
bicycle 622 1 -1.043197219870894 108.49371 795.3973 348.5819 1017.2968 1.062862555152542 0.5512295035960972 1.7348895201094197 -4.543521541105808 2.2368991784006322 9.411235094815257 -1.4929711950811961 1
bicycle 621 2 1.5512905091658693 401.8223 769.863 477.83487 945.5445 1.1614049711922483 0.5512295035960972 1.7348895201094197 -4.303895700744304 2.441451418603541 12.295758205820771 1.2145881339645235 1
Pedestrian 633 0 -1.854282647757732 1346.2343 724.30286 1445.7614 954.887 1.8868374961873438 0.6650646929285129 0.6504864377142264 3.7227980700122565 2.76223561791542 12.843720796257333 -1.5721603199375358 1
Pedestrian 635 0 1.6978545954389828 642.0788 750.56757 683.4665 838.52045 1.6077659173365755 0.7076693244027117 0.5701779338120803 -5.690246351347111 4.0311943088757385 28.529265281005426 1.5009850927550565 1
truck 625 1 -0.5161132799044564 0.0 459.38196 286.7767 1215.0 2.6011184368640876 2.5599833421905354 6.448825122377191 -6.8971265613265205 2.134452701478086 7.680413172988195 -1.2478306370147596 1
Car 626 1 -1.426602205954615 755.186 754.62915 848.0998 834.6261 1.5102981080311513 1.709358931821019 4.291588247337026 -3.934673463797809 4.950281908557288 37.475636495074596 -1.5312117805349807 1
Car 740 1 -1.455063128737124 783.8767 761.20605 858.15137 826.8025 1.501818747762389 1.7484443674464842 3.482116346805313 -4.019981844832121 5.610654785538989 43.31750778406427 -1.5476007846158901 1
Car 627 0 -1.4108708564793422 677.5254 752.75195 811.8624 869.88385 1.6544154535993052 1.8174099797437926 4.2543181268767425 -3.9528536953101976 4.227222758500275 27.94845148037397 -1.5513726877634801 1
Cyclist 741 0 1.5981213625204436 904.09247 751.7886 924.5426 807.6558 1.6951446195788984 0.6389497415593031 1.764200926315454 -1.5724135925274725 6.035763971563 50.27219050270817 1.5668535560743297 1
Pedestrian 634 0 1.726953076674771 602.99976 741.243 643.93317 835.45593 1.711012247218645 0.6695917704227304 0.6006440746917792 -6.382678717102589 3.9358771033288265 28.275639348318567 1.5049432910394764 1
rider 739 0 1.6038676972637296 905.1992 753.2536 924.0017 801.9023 1.5676061454858683 0.6102022392186334 0.6697004360487829 -1.5675209693126078 5.913184021608901 50.293987149192205 -4.71047468841709 1
bicycle 619 0 2.107768059853969 0.0 765.3713 247.47052 1057.5428 1.0515031305682199 0.4298133193956458 1.6654967216876682 -3.980609215724083 1.7899555655845414 7.024239187324077 -4.690988562048462 1
