bicycle 736 2 2.979083079982007 462.22733 765.0185 557.9746 827.09753 1.1451828183974717 0.6511401250883386 1.8460453969974757 -9.481013299198196 4.156312521419462 31.43814600358177 -3.5970049353598204 1
bicycle 734 2 -0.18068890911899524 799.4719 772.6848 856.0904 810.23236 1.1304575944287474 0.6236344422276112 1.7956304993367618 -4.4477199382453545 6.106611442802262 49.813669441014866 -0.269739903422493 1
bicycle 735 2 -0.1079749830463656 800.90155 773.18555 847.8716 809.5164 1.1355966618352646 0.5077429632858259 1.5309790503407363 -4.616010339336999 6.174205421346048 50.412883750857915 -0.1992844721576812 1
bicycle 737 2 -0.3624203381880317 795.2718 773.0112 858.3075 811.2731 1.1531988886345468 0.5482182368256604 2.0919077407427276 -4.601838238397151 6.296073680418883 51.22239520235109 -0.45202014920188893 1
rider 739 0 1.6326958250822268 826.52466 751.904 862.32855 842.20764 1.5676061454858683 0.6102022392186334 0.6697004360487829 -2.1254843071908116 3.9112129970196996 27.255362440016953 1.5548692599992928 1
bicycle 733 1 2.9719491372759315 803.8742 772.5065 862.30475 810.16644 1.1182295710949244 0.6417331743483623 1.8330238848018638 -4.2181584266755126 6.027397093223574 49.193834513768465 -3.396772621438774 1
Pedestrian 635 0 1.500693400368918 372.26416 729.2086 458.9661 908.45776 1.6077659173365755 0.7415531088487829 0.5277580513025206 -5.206475738364417 2.629939290384991 14.262124655712505 1.150669032921078 1
Car 626 1 -1.383656172135708 641.25433 747.50415 787.85834 865.698 1.5102981080311513 1.709358931821019 4.291588247337026 -4.148583205541509 3.8014473251984424 25.77691336937741 -1.5432296048639982 1
Car 740 1 -1.4243290313989803 701.6689 751.6974 807.96356 841.00635 1.501818747762389 1.7484443674464842 3.482116346805313 -4.338256997709376 4.352523313493357 31.86987404525447 -1.5596215458988498 1
Car 627 0 -1.3173648537220555 431.49005 732.44586 703.2664 939.32776 1.6544154535993052 1.8174099797437926 4.2543181268767425 -4.103409230246425 2.9808690310606814 16.310743677388025 -1.563827273639747 1
Cyclist 741 0 1.6286365668413687 822.2654 748.6268 863.03766 853.1307 1.6951446195788984 0.6389497415593031 1.764200926315454 -2.149401630247125 4.023289758603021 27.250483139292196 1.5499238053234081 1
bicycle_rack 742 2 -0.35211650656093163 787.3002 772.4322 865.77783 811.85297 1.1309633895966908 1.2207693320441833 2.4485124890519705 -4.688266099144573 6.370008999093766 52.02905230713979 -0.4419824268736161 1
Pedestrian 634 0 1.4800015581338049 276.18527 709.13007 361.19376 905.54156 1.711012247218645 0.6695917704227304 0.6025772625529813 -5.939570049285823 2.5131257638509386 13.816060379725261 1.0739851068920392 1
