bicycle 734 2 -0.1765380049030939 792.2279 785.13574 850.7546 824.25604 1.1304575944287474 0.6236344422276112 1.7956304993367618 -4.504251272979993 6.3504244651034 48.17653329812782 -0.26976171969539076 1
bicycle 736 2 2.9970980122730144 429.39468 777.3762 531.5784 844.17694 1.1451828183974717 0.6511401250883386 1.8460453969974757 -9.487894365289382 4.226688878936707 29.52385460507902 -3.5970267534196525 1
bicycle 735 2 -0.10227480412521436 791.5344 784.9824 839.9776 822.6838 1.1355966618352646 0.5077429632858259 1.5309790503407363 -4.754484868621106 6.4072598226757185 48.845529093429384 -0.19930628789879234 1
bicycle 737 2 -0.356169542232299 784.7486 784.7461 849.89014 824.59283 1.1531988886345468 0.5482182368256604 2.0919077407427276 -4.772548864099623 6.533069307210406 49.62759172460561 -0.45204196726251156 1
rider 739 0 1.6594726968281024 802.6095 764.3253 845.0913 869.17426 1.5676061454858683 0.6102022392186334 0.6697004360487829 -2.1627332287184653 3.7980664109960482 23.587406782526777 1.568038192115781 1
bicycle 733 2 2.9757467559841873 796.914 786.57886 857.7615 826.15393 1.1182295710949244 0.6417331743483623 1.8330238848018638 -4.231101540632612 6.28255677828242 47.22503103996266 -3.3967944374332424 1
Car 626 1 -1.3721698707070173 615.27686 757.90393 776.2719 887.9805 1.5102981080311513 1.709358931821019 4.291588247337026 -4.140779000999421 3.834803931626776 23.966940138526923 -1.543251420992018 1
Car 740 1 -1.420685823265802 692.0497 762.8378 805.6329 859.41846 1.501818747762389 1.7484443674464842 3.482116346805313 -4.196605252051183 4.43105444235167 30.00599510855292 -1.559643367363695 1
Car 627 0 -1.292585015568957 358.58932 737.74316 677.5363 976.4429 1.6544154535993052 1.8174099797437926 4.2543181268767425 -4.074302840829869 2.910252535560761 14.511334108267196 -1.5663047581313558 1
Cyclist 741 0 1.6671600617021882 797.5034 760.4127 848.74866 882.31067 1.6951446195788984 0.6389497415593031 1.764200926315454 -2.1691386409066675 3.9178672971106105 23.644766377368807 -4.707507817545478 1
bicycle_rack 742 2 -0.3499720688045736 782.9067 785.86127 863.6408 827.02563 1.1309633895966908 1.2207693320441833 2.4485124890519705 -4.667501258094871 6.690126608327516 50.57270351211662 -0.4420042462015259 1
Pedestrian 634 0 1.5219766732665216 182.3197 711.1131 280.5052 941.86707 1.711012247218645 0.6695917704227304 0.5553737970632766 -5.759609582502792 2.414399370621358 11.795816877424297 1.067752498966438 1
Pedestrian 635 0 1.4843079496854215 279.93787 733.20447 379.86865 944.2299 1.6077659173365755 0.7076693244027117 0.5418980121390427 -5.159168590762635 2.5216954826060727 12.21419346293883 1.084649000214776 1
