bicycle 735 2 -0.10092853755371052 788.1527 772.1401 839.6208 811.99725 1.1355966618352646 0.5077429632858259 1.5309790503407363 -4.531910721019494 5.700898479124092 45.96663168962169 -0.1992022599893235 1
bicycle 736 2 3.022654464494306 382.40842 774.67975 493.79303 847.27466 1.1451828183974717 0.6511401250883386 1.8460453969974757 -9.501186719286792 3.936520196334076 27.17090165654552 -3.596922714453398 1
bicycle 737 2 -0.35590829958440795 782.5073 771.18945 851.6222 813.0873 1.1531988886345468 0.5482182368256604 2.0919077407427276 -4.505793104334246 5.797898597001365 46.776544912107155 -0.45193792829251045 1
Car 626 0 -1.3543539851726862 573.9459 744.1282 758.9065 887.4332 1.5102981080311513 1.709358931821019 4.291588247337026 -4.115246436941615 3.4004034777576386 21.538022813279934 -1.5431473912358253 1
Car 738 1 -1.4574830107232928 811.09814 766.65216 874.76215 822.30194 1.4397217717845048 1.7230548670814536 4.04316676583061 -4.0082801045727185 6.486156404899042 51.18713449141208 -1.5356299391490142 1
Car 740 1 -1.408751433835716 667.08673 756.0354 793.09814 860.8244 1.501818747762389 1.7484443674464842 3.482116346805313 -4.188363524020785 4.072616640917843 27.56568872613833 -1.5595393121591292 1
Car 627 0 -1.244272563580065 222.94748 722.2021 637.19214 1011.9142 1.6544154535993052 1.8174099797437926 4.2543181268767425 -4.006575358312829 2.5809645241246426 12.106446281938835 -1.5638726379434396 1
Cyclist 741 0 1.6515902692146303 754.62946 745.7257 816.2368 896.9287 1.6951446195788984 0.6389497415593031 1.764200926315454 -2.225716072233816 3.3093430935842534 19.085553108622243 1.5354968087777636 1
bicycle 733 1 2.9771203087451794 793.31274 771.1859 857.5465 812.6175 1.1182295710949244 0.6417331743483623 1.8330238848018638 -4.064798225815728 5.546797849342165 44.72988445928816 -3.3966904083151146 1
bicycle 734 2 -0.17738062210030373 791.90063 772.0833 853.947 813.2682 1.1304575944287474 0.6236344422276112 1.7956304993367618 -4.205534608106904 5.6564411225188 45.445647188886205 -0.26965768924990186 1
bicycle_rack 742 2 -0.3514090199250885 782.8691 771.7459 868.33167 814.725 1.1309633895966908 1.2207693320441833 2.4485124890519705 -4.335116814751675 5.927966208820745 47.775676766219725 -0.441900201189404 1
Pedestrian 634 0 1.3138728948986742 0.0 681.9053 133.67274 984.52344 1.711012247218645 0.6695917704227304 0.5403258066154344 -5.461503321069658 2.0721602322917825 9.045231383376388 0.7706645592126629 1
Pedestrian 635 0 1.489549490858525 126.07223 709.03564 258.3074 980.12244 1.6077659173365755 0.7076693244027117 0.584317894648587 -4.926548422919436 2.1709204872111005 9.574332806868835 1.014323518253656 1
rider 739 0 1.658733632078979 760.4146 749.4637 812.98346 879.0126 1.5676061454858683 0.6102022392186334 0.6697004360487829 -2.22351867264414 3.1871055931728796 19.09926898206448 1.542836307769874 1
