bicycle 733 0 2.9785125986593277 792.64844 779.7365 857.9264 822.0647 1.1182295710949244 0.6417331743483623 1.8330238848018638 -4.003105371635894 5.73038421335041 44.00403875731406 -3.3953943116988254 1
bicycle 734 2 -0.17509249584233955 789.8557 778.7673 853.0041 820.85974 1.1304575944287474 0.6236344422276112 1.7956304993367618 -4.175687688236511 5.779017860313369 44.64043576546812 -0.2683615761645346 1
bicycle 735 2 -0.10438104450410744 794.95074 779.1867 847.1612 819.7298 1.1355966618352646 0.5077429632858259 1.5309790503407363 -4.251609659206838 5.8532816572510855 45.326919457389714 -0.1979061785444507 1
bicycle 736 2 3.0336167410101504 364.0921 762.921 479.52423 837.5 1.1451828183974717 0.6511401250883386 1.8460453969974757 -9.462092264592327 3.6315895593001475 26.242217634130572 -3.59562649524977 1
bicycle 737 2 -0.35862487123397513 788.07983 778.68494 858.15173 821.4242 1.1531988886345468 0.5482182368256604 2.0919077407427276 -4.25468858124886 5.966971170143361 46.10757780053792 -0.45064170904654977 1
Car 626 0 -1.3436879879675165 551.9069 747.361 749.63385 899.3923 1.5102981080311513 1.709358931821019 4.291588247337026 -4.120626215029044 3.36846797009785 20.52119293640817 -1.5418512864095288 1
Car 740 2 -1.3988394028080031 650.2661 754.5926 782.81506 863.2389 1.501818747762389 1.7484443674464842 3.482116346805313 -4.277446519369035 3.961234076997348 26.606417758023113 -1.5582428903080718 1
Car 738 1 -1.4543573395212375 807.7991 767.5209 872.68445 824.0304 1.4397217717845048 1.7230548670814536 4.04316676583061 -4.044636687172749 6.452517103582229 50.509086549393594 -1.5342642396307744 1
Pedestrian 635 0 1.5569848539517275 34.6394 702.51086 189.2781 1009.7901 1.6077659173365755 0.7415531088487824 0.6408777379946168 -4.835630521315449 2.074182985929296 8.522934408530467 1.040906003377569 1
rider 739 0 1.6740248660703159 735.548 751.27673 795.1036 894.1702 1.5455812026102838 0.6102022392186334 0.6697004360487829 -2.2369846905561723 3.021760317295797 17.124812880216165 1.544132082453629 1
Car 627 0 -1.216509624076307 139.90376 717.85443 612.79315 1038.1407 1.6544154535993052 1.8174099797437926 4.2543181268767425 -4.005558018680861 2.4769288719348594 11.097898599268085 -1.562887740805914 1
Cyclist 741 0 1.6763991210587563 727.84094 746.5845 800.29596 915.8772 1.6951446195788984 0.6389497415593031 1.764200926315454 -2.2390263912772213 3.162464898587112 17.142763202221683 1.5465237228489044 1
bicycle_rack 742 2 -0.349657363748406 781.491 779.01935 868.3414 823.0519 1.1309633895966908 1.2207693320441833 2.4485124890519705 -4.286761676835728 6.0860151970112515 47.00493295568716 -0.44060390685858164 1
Pedestrian 634 2 1.5723034061886496 0.0 673.0154 38.831036 1018.6752 1.711012247218645 0.6695917704227304 0.48026015110896253 -5.272888747554403 1.9774583310960376 7.895272195456108 0.9834792853796404 1
