bicycle 733 0 2.9942037807244786 771.4822 760.8208 848.4006 810.30853 1.1182295710949244 0.6417331743483623 1.8330238848018638 -3.7740632466238 4.554834499355955 37.27385109079506 -3.38988992807642 1
bicycle 734 2 -0.16049757976062282 770.6344 760.91614 844.8184 809.99744 1.1304575944287474 0.6236344422276112 1.7956304993367618 -3.8971936748846145 4.629939231342487 37.940509294200446 -0.26285712401311745 1
bicycle 735 2 -0.09034659326365732 777.5912 760.7596 838.8118 808.0673 1.1355966618352646 0.5077429632858259 1.5309790503407363 -3.9495286071037428 4.67521253881425 38.56544914729612 -0.1924018616786467 1
bicycle 736 2 3.1315155403501853 180.85951 725.68066 336.6322 822.2621 1.1451828183974717 0.6511401250883386 1.8460453969974757 -9.318399074608198 2.5312573668918814 19.873290375298446 -3.5901215932916286 1
bicycle 737 2 -0.34582279056918785 770.9687 760.0883 853.13043 809.5241 1.1531988886345468 0.5482182368256604 2.0919077407427276 -3.925814365294535 4.778024648986784 39.39925987794053 -0.44513680699823843 1
rider 739 0 1.9775331137685832 188.70218 634.86414 471.89288 1168.7369 1.5676061454858683 0.6102022392186334 0.6697004360487829 -1.9696953932036254 1.601476843608912 4.742599509126429 -4.699295123009333 1
Car 627 1 -0.8633093571411005 0.0 611.34076 316.09763 1215.0 1.6544154535993052 1.8174099797437926 4.2543181268767425 -3.8444722670064713 1.6319058137219054 4.622818251311762 -1.5570412795823394 1
Car 738 1 -1.438488335754101 785.5116 755.07294 862.80426 819.73096 1.4397217717845048 1.7230548670814536 4.04316676583061 -3.949390050559191 5.416923330903231 43.633946962526736 -1.528754241944041 1
Car 861 2 -1.4991760725754453 824.60266 754.5626 887.4203 812.7596 1.4526298462863008 1.7537606814659656 4.413996274680718 -3.4294013512947013 5.925752086158981 49.38030693199271 -1.5685135064758564 1
Car 626 0 -1.2688008218845697 362.50848 711.49005 690.77386 933.2457 1.5102981080311513 1.709358931821019 4.291588247337026 -3.853245785036587 2.450134263314077 14.05688696476035 -1.5363468625624568 1
Car 740 1 -1.3593743886076808 566.5581 731.1606 754.134 874.9415 1.501818747762389 1.7484443674464842 3.482116346805313 -3.9109901093266783 3.0459069226975832 19.973473032414162 -1.5527371208435956 1
Cyclist 741 0 1.9778992114953127 70.199875 635.48364 523.544 1215.0 1.6951446195788984 0.6389497415593031 1.764200926315454 -1.9792724961980743 1.735079947470037 4.754596506424672 -4.699752912413702 1
bicycle_rack 742 2 -0.33974633229275814 767.74396 758.9439 868.8345 809.2976 1.1309633895966908 1.2207693320441833 2.4485124890519705 -3.8594409474160547 4.843902303337357 40.352825822542606 -0.4350986899327549 1
