bicycle 735 2 -0.09510562946574393 785.0629 781.47626 844.1402 827.4973 1.1355966618352646 0.5077429632858259 1.5309790503407363 -3.9242809494030775 5.3643059660820045 39.99167620465907 -0.19291992399786695 1
bicycle 736 2 3.105300404505479 234.33507 758.05005 377.553 850.0164 1.1451828183974717 0.6511401250883386 1.8460453969974757 -9.338626910380613 3.1057564344181126 21.32543128555966 -3.5906397106821273 1
bicycle 737 2 -0.3496755597919144 777.5559 780.61487 856.64246 828.9175 1.1531988886345468 0.5482182368256604 2.0919077407427276 -3.9379781523409827 5.485050229406745 40.90335945887922 -0.44565492439104104 1
Car 627 1 -0.9926392863045309 0.0 676.27496 426.56638 1215.0 1.677660071491968 1.8174099797437926 4.2543181268767425 -3.891093715117059 1.9622962737641247 6.1453786447099255 -1.5570949219780663 1
Car 738 1 -1.4433728009497164 793.3077 772.28217 867.14514 836.11395 1.4397217717845048 1.7230548670814536 4.04316676583061 -3.918537962549724 6.1045240433493335 45.276595408178565 -1.529704336199844 1
Car 861 2 -1.500656460373388 827.103 775.6359 887.97375 834.0519 1.4526298462863008 1.7537606814659656 4.413996274680718 -3.478505090315287 6.795220385996466 50.79448426108113 -1.569031650846026 1
Car 626 1 -1.2927209911386475 426.99072 739.4592 711.75354 945.3954 1.5102981080311513 1.709358931821019 4.291588247337026 -3.8760457174470138 2.8687639218922043 15.55936908142902 -1.5368649354800288 1
Car 740 1 -1.3740598473344312 598.21204 753.59015 768.84796 890.42035 1.501818747762389 1.7484443674464842 3.482116346805313 -3.889671934352224 3.500866770955051 21.473470811269404 -1.5532553203571224 1
Cyclist 741 0 1.845091731180836 433.673 705.5501 659.03467 1103.7273 1.6951446195788984 0.6389497415593031 1.764200926315454 -2.0455658249311295 2.1534097469574185 7.6112410705298625 -4.700645465705789 1
bicycle 733 0 2.9903483552477406 777.9671 780.8868 851.98224 829.0284 1.1182295710949244 0.6417331743483623 1.8330238848018638 -3.7930527239187017 5.216324525726052 38.75133573644047 -3.3904079968391527 1
bicycle 734 2 -0.16359058200746918 775.8332 780.54297 847.3901 828.39325 1.1304575944287474 0.6236344422276112 1.7956304993367618 -3.9390405994176456 5.28104186301941 39.344323705354164 -0.2633751991281761 1
bicycle_rack 742 2 -0.34194081354842165 772.02844 780.62933 869.6007 830.32153 1.1309633895966908 1.2207693320441833 2.4485124890519705 -3.9283225794149446 5.596606469362346 41.81246298210953 -0.4356168366854265 1
rider 739 0 1.8448239939729945 479.96472 709.63434 636.3564 1039.3652 1.5676061454858683 0.6102022392186334 0.6697004360487829 -2.037412728493141 2.0187231037928792 7.622603335373784 -4.699541534398437 1
