bicycle 735 2 -0.07627951333586878 751.84204 795.0536 825.3101 852.9044 1.1355966618352646 0.5077429632858259 1.5309790503407363 -3.7063273424185406 4.829852734472491 32.07298159659998 -0.19132838297604948 1
bicycle 737 2 -0.3322274196155995 743.6375 793.75854 842.4053 854.70337 1.1531988886345468 0.5482182368256604 2.0919077407427276 -3.6898597870881638 4.94184823055617 32.85588154052257 -0.4440632141799574 1
Car 738 1 -1.4353562844881615 774.0616 783.7791 865.3841 863.723 1.4397217717845048 1.7230548670814536 4.04316676583061 -3.4570149001211106 5.6065187344114245 37.16296273105113 -1.5281124742541856 1
Car 740 1 -1.2796543672349932 368.48148 743.673 680.14655 969.6842 1.501818747762389 1.7484443674464842 3.482116346805313 -3.7771369256705087 2.716964823511563 13.541900844237027 -1.5516633575459313 1
Car 861 1 -1.4876424783736641 802.69794 787.13556 876.8587 858.1724 1.4526298462863008 1.7537606814659656 4.413996274680718 -3.4294011337546597 6.344875871966739 42.8851052464399 -1.5674398574210622 1
Car 626 1 -1.0818470441907615 0.0 694.9892 531.0573 1158.3033 1.5102981080311513 1.709358931821019 4.291588247337026 -3.7558767807149636 1.9734959201584086 7.707715922477526 -1.5352733615494654 1
bicycle 733 0 3.011292358743405 739.2706 794.2295 832.2232 855.4908 1.1182295710949244 0.6417331743483623 1.8330238848018638 -3.6168754888310746 4.665532259300158 30.792600360697325 -3.3888164359161213 1
bicycle 734 2 -0.1443289935438502 740.1953 793.9673 829.62164 854.5185 1.1304575944287474 0.6236344422276112 1.7956304993367618 -3.7089832368696607 4.744421710254267 31.432663071310422 -0.2617836187546998 1
bicycle 736 2 -2.977967691564244 0.0 733.1725 38.16892 879.3006 1.1451828183974717 0.6511401250883386 1.8460453969974757 -9.414714006684227 2.168408353276143 13.439452247855373 -3.5890480004740337 1
bicycle_rack 742 2 -0.32881724897052306 743.0647 793.3723 863.7834 856.0889 1.1309633895966908 1.2207693320441833 2.4485124890519705 -3.5668364149281113 5.056667103544072 33.77760072007959 -0.43402503646054935 1
