bicycle 1784 2 -2.6709972345312853 97.1885 805.158 170.28105 846.5723 1.1278648088208523 0.5400900465685778 1.8197917784988644 -24.14856969910178 6.426077447225407 43.652927822047246 -3.1762899053175166 1
bicycle_rack 528 1 0.7891250808793646 328.15222 806.94775 415.4925 857.93414 1.2116094864682478 1.53420248291483 1.8728267039780055 -17.459959703033842 6.738404569296149 44.32105197669429 0.41385130195132924 1
bicycle_rack 651 1 0.5757173550621427 372.24295 807.4417 446.27335 855.0361 1.2755970124654716 0.8795927691080728 1.957700021123578 -16.852977899154393 6.929155848469731 45.670909489028844 0.22220936123619106 1
Cyclist 527 1 -0.7523796930271186 453.0127 775.52814 553.2486 877.5788 1.787312350170864 0.7321467513576407 1.973073545072624 -9.257742588075367 4.943099211038176 30.29276543805416 -1.048974407320056 1
bicycle_rack 529 1 0.8949465579308507 14.065758 793.04596 172.60367 862.9385 1.252529025283387 2.677523263542485 1.9524927029485852 -20.90752196056635 5.492281579808619 36.10569401761117 0.3700631401541423 1
rider 533 0 -0.7492902516613148 470.42526 777.9605 525.3549 866.8191 1.6560793151601396 0.7321467513576407 0.7638548653309466 -9.340685858990456 4.794958104859086 30.153919356842184 -1.0496832366487343 1
Car 530 0 -1.3647055139418134 507.22906 782.89215 739.3876 966.4918 1.4767914350722746 1.8405272340543009 3.8659468066439326 -3.76092481022701 3.5103823087784294 17.30822120089453 -1.5786706446872187 1
Car 531 0 -0.7945914845856389 80.21101 778.1991 333.57632 885.5134 1.4026612472707651 1.8262369963979481 4.279365870180512 -14.219558318857036 4.560039470212863 28.483227080246472 -1.257619443245733 1
Car 532 2 2.5711326570174626 0.0 772.762 15.269522 868.9029 1.475944815179167 1.8478540601399525 3.8257635393750844 -22.463317024645225 4.809727514125646 31.597304297346522 -4.330073332019682 1
bicycle 1785 1 0.8139921461737756 400.91434 808.498 465.79526 854.12897 1.208740387133045 0.8396858093846588 1.9074975107801455 -16.57035526837859 7.070556950159041 46.93614700436249 0.47461131785065547 1
