bicycle_rack 528 2 0.8073075841657953 292.60355 799.2693 384.6185 852.33716 1.2116094864682478 1.53420248291483 1.8728267039780055 -17.60599726646131 6.2706460703755145 42.30911165011404 0.4129757106863161 1
bicycle_rack 651 2 0.5882118196524356 347.86124 802.5254 424.963 851.81854 1.2755970124654716 0.8795927691080728 1.957700021123578 -16.902167760351123 6.5764911417699405 43.98445300430119 0.2213337066178136 1
Cyclist 527 2 -0.7644256469948036 470.89206 770.9396 571.72797 874.199 1.787312350170864 0.7321467513576407 1.973073545072624 -8.76162167100727 4.804587232519779 29.858650523765323 -1.0498501737194057 1
bicycle 1784 2 -2.654194456427244 60.458115 799.1501 137.21613 842.2818 1.1278648088208523 0.5400900465685778 1.8197917784988644 -24.126995020573716 6.039482161455794 41.84981778498334 -3.177165608788072 1
bicycle_rack 529 0 0.9056210552001906 0.0 789.5362 153.4687 862.4912 1.252529025283387 2.677523263542485 1.9524927029485852 -20.514124108688396 5.227099411990209 34.50117377924606 0.3691874676155207 1
rider 533 2 -0.7613685587302723 488.4123 773.25995 543.95575 863.26373 1.6560793151601396 0.7321467513576407 0.7638548653309466 -8.843421602123355 4.655766342978487 29.722654517584207 -1.0505590031187024 1
Car 530 0 -1.3450389825047249 454.34152 774.6623 720.5407 978.90045 1.4767914350722746 1.8405272340543009 3.8659468066439326 -3.7270919996165737 3.2335469456104944 15.600857191055109 -1.5795464762684843 1
Car 531 1 -0.8482627913129435 190.3293 781.9339 418.17178 883.39624 1.4026612472707651 1.8262369963979481 4.279365870180512 -13.117790382472739 4.8132524709344064 30.162234712085528 -1.2584953939426 1
bicycle 1785 2 0.8247727093778353 379.92548 805.40466 447.41782 852.808 1.208740387133045 0.8396858093846588 1.9074975107801455 -16.516106561042502 6.75019519785481 45.10081606538781 0.47373566879764395 1
Car 2072 1 2.143734187573826 449.17892 801.89606 555.7807 859.5402 1.3384719268023886 1.6099992363919589 3.630256332013845 -14.905432790508485 7.342588967536077 48.76272681651373 -4.4361040369154505 1
