bicycle_rack 651 1 0.9146421442814833 24.375252 816.36945 179.39899 925.2886 1.2755970124654716 0.8795927691080728 1.957700021123578 -12.090340749409082 4.069744586926859 21.041957559250093 0.3931216773254489 1
Cyclist 527 2 -1.4998807836016503 1320.8035 790.0401 1377.1227 922.2288 1.787312350170864 0.7321467513576407 1.973073545072624 6.211296396335328 4.542720205313531 23.899901427258868 -1.2456176825907634 1
rider 533 2 -1.4984705141795176 1324.4548 793.8906 1375.0701 906.1668 1.6560793151601396 0.7321467513576407 0.7638548653309466 6.233606501007175 4.420075999186478 23.979974161489185 -1.244148812969205 1
Car 652 1 2.2341238503646057 735.97626 810.61334 896.1647 900.78595 1.490786148130303 1.7706838335685335 3.8817789260344115 -3.388378931172811 6.166360202671174 35.53721913457245 -4.144121414110823 1
Car 653 1 2.128007823410673 844.7129 811.50165 981.9735 894.43665 1.527623271442894 1.7624956395913298 4.025548412105748 -1.2081131203470288 6.735380203830596 39.55228409352764 -4.18571270172948 1
Car 1600 2 -2.601031222317586 872.09033 826.40234 996.3631 885.5414 1.4664465473919397 1.843390150498061 3.8119263924267406 -0.9242512940288408 8.541310224018797 50.755995326593464 -2.619238906946036 1
bicycle 1154 1 1.2418435426745158 0.0 819.69434 8.121483 935.6242 1.208740387133045 0.7135391966873992 1.9593054942406611 -13.171266182240771 3.8503411024028544 19.405226938402976 0.6455232556830657 1
bicycle 655 1 1.0767101712734988 119.107956 828.6713 246.28741 924.2668 1.101271022835508 0.8354205364628983 1.9321869853058837 -11.411550217912644 4.206839586578546 21.902951930322605 0.596400016661486 1
bicycle_rack 1152 1 1.1449784492369006 0.0 810.3626 98.94396 932.848 1.3080935174529575 0.9339413300966329 2.24977659237378 -12.61721548992773 3.918099860118044 20.036083076858493 0.582988841747476 1
Car 656 0 2.4308653027836513 283.77075 806.0117 535.5035 929.71313 1.4266275102495627 1.8042183577362936 3.7282286875662676 -9.257595087309733 4.749275096089455 25.36775670966582 -4.202237945115526 1
Car 654 1 2.1170967218398893 950.74554 818.2847 1070.5831 888.3702 1.4333304105509268 1.781643478804182 3.9161648522119124 1.5138674448344456 7.455382548690846 44.44237474643762 -4.132038147382173 1
