bicycle_rack 1152 1 1.1356981427282062 0.0 815.9662 67.966774 937.4702 1.3080935174529575 0.9339413300966329 2.24977659237378 -13.155777852788578 4.017411015089099 20.213020822704642 0.5587209839661345 1
bicycle_rack 651 0 0.9129086144921963 0.0 820.4971 134.77197 928.9705 1.2755970124654716 0.8795927691080728 1.957700021123578 -12.76533201178949 4.135383525408255 21.101361032681048 0.3688551470373056 1
Cyclist 527 1 -1.488689758649783 1264.2727 795.71423 1321.3553 928.08215 1.787312350170864 0.7321467513576407 1.973073545072624 5.326736011793976 4.643595143883822 23.955283276502833 -1.2698879623128358 1
rider 533 1 -1.4867167043654557 1267.201 799.38055 1318.2827 912.61743 1.6560793151601396 0.7321467513576407 0.7638548653309466 5.2805599284732265 4.488712605850432 23.804257224836118 -1.2684190898946415 1
Car 652 1 2.235366441948181 697.9666 817.3163 856.8723 907.3231 1.490786148130303 1.7706838335685335 3.8817789260344115 -4.355600522951357 6.388858220451036 35.948312046100206 -4.168393991719354 1
Car 653 1 2.129773695102709 806.2905 817.7096 942.3177 900.4326 1.527623271442894 1.7624956395913298 4.025548412105748 -2.265627235431758 6.967880543470832 40.006401941494545 -4.209982803546211 1
Car 654 1 2.1201115146505156 910.3574 824.8755 1029.2603 895.0123 1.4333304105509268 1.781643478804182 3.9161648522119124 0.30348933475930046 7.717477540208655 44.86023271645007 -4.1563086759334595 1
Car 1600 2 -2.605023577062176 841.9801 826.30853 965.63025 884.8023 1.4664465473919397 1.843390150498061 3.8119263924267406 -1.9662318731124462 8.574812935913542 51.05865106588197 -2.6435138376786416 1
bicycle 655 1 1.0748782371904961 75.33301 832.26166 203.57101 927.3105 1.101271022835508 0.8354205364628983 1.9321869853058837 -12.106055439494831 4.275296519076157 22.0160085273302 0.5721309046899123 1
Car 656 0 2.4294106590537345 244.43326 812.3787 496.50604 936.31226 1.4266275102495627 1.8042183577362936 3.7282286875662676 -9.98888528352627 4.888741360010833 25.5461259810667 -4.226510292922395 1
