Cyclist 527 2 -1.5077494607002968 1376.6162 786.53253 1432.6891 918.89874 1.787312350170864 0.7321467513576407 1.973073545072624 7.075769169525742 4.475087277738147 23.815144381643734 -1.2189441549602786 1
bicycle_rack 1152 1 1.1525935575435322 0.0 802.40546 137.33012 925.174 1.3080935174529575 0.9339413300966329 2.24977659237378 -12.026718769826024 3.795738727645212 19.930774845812905 0.6096598123836303 1
bicycle_rack 651 1 0.9188638784509529 69.55836 805.79254 222.60997 914.5756 1.2755970124654716 0.8795927691080728 1.957700021123578 -11.446560286505633 3.9125457333156253 20.99904385948608 0.41979112587003575 1
rider 533 2 -1.506095013473807 1379.4927 790.29535 1430.5948 903.33594 1.6560793151601396 0.7321467513576407 0.7638548653309466 7.0704298068139355 4.343487160846128 23.81335984339024 -1.217475288560044 1
Car 652 1 2.235503675383618 773.46045 807.6286 934.98596 898.2401 1.490786148130303 1.7706838335685335 3.8817789260344115 -2.459141660198651 6.048008813956688 35.19232361109745 -4.117445448838348 1
Car 653 1 2.1286591516377005 882.9705 807.85284 1021.6497 891.1801 1.527623271442894 1.7624956395913298 4.025548412105748 -0.17667214033621434 6.582821510575844 39.14507209490208 -4.1590393913418815 1
Car 654 1 2.1158274619389177 991.9721 813.2394 1113.1952 883.52924 1.4333304105509268 1.781643478804182 3.9161648522119124 2.728333521049912 7.235521236600405 43.95362773355063 -4.10536438534822 1
Car 1600 2 -2.610806842958607 925.7615 826.7064 1051.8901 887.02954 1.4664465473919397 1.843390150498061 3.8119263924267406 0.9133854953547313 8.461107255902037 50.05138975994321 -2.5925599146155975 1
bicycle 1154 1 1.251949938720147 0.0 810.8072 42.57977 926.37305 1.208740387133045 0.7135391966873992 1.9593054942406611 -12.69807638095904 3.7299827277831445 19.391662160341884 0.6721927601777402 1
bicycle 655 1 1.0844746331427102 155.27522 819.92676 281.49084 915.9387 1.101271022835508 0.8354205364628983 1.9321869853058837 -10.801406540111564 4.052237465917218 21.72462659423165 0.6230724034589672 1
Car 656 0 2.4387671631119447 314.6541 803.6084 568.07153 928.3359 1.4266275102495627 1.8042183577362936 3.7282286875662676 -8.622901931004838 4.670424073128375 25.080890102765764 -4.17556221355378 1
