bicycle_rack 1152 1 1.1752205723132656 144.93196 800.55634 292.1929 926.79645 1.3080935174529575 0.9339413300966329 2.24977659237378 -9.76130154935411 3.7402531262059737 19.616686424587513 0.713493237533926 1
bicycle_rack 651 1 0.9417671618264525 222.53268 799.16815 371.76917 912.2034 1.2755970124654716 0.8795927691080728 1.957700021123578 -9.07824905850315 3.7578208778581654 20.430200056855313 0.5236180358993665 1
Cyclist 527 0 -1.5397437855086602 1609.9364 789.5322 1663.3772 918.8759 1.787312350170864 0.7321467513576407 1.973073545072624 11.022155466767323 4.58625179527746 24.37711410560856 -1.1151018812920825 1
bicycle 1154 0 1.2755365791360687 90.33032 803.3233 202.68683 921.97253 1.208740387133045 0.7135391966873992 1.9593054942406611 -10.370866968310013 3.5885853150095937 19.005582067015073 0.7760201319770323 1
rider 533 0 -1.5379060253543673 1610.9727 792.6052 1662.2183 904.0854 1.6560793151601396 0.7321467513576407 0.7638548653309466 10.94818439708245 4.430727605298252 24.237330174992454 -1.1136330287273428 1
Car 652 1 2.228098847902623 937.11865 804.12305 1105.026 897.9713 1.490786148130303 1.7706838335685335 3.8817789260344115 1.397510753006572 5.771440914892723 33.6622075342225 -4.013594567060788 1
Car 653 1 2.1168965632062147 1053.5773 805.8365 1198.514 892.55444 1.527623271442894 1.7624956395913298 4.025548412105748 4.168907295132163 6.307370077610408 37.37259485118469 -4.055198156724224 1
Car 654 1 2.1059931351193955 1160.8042 812.65765 1289.8315 886.54584 1.4333304105509268 1.781643478804182 3.9161648522119124 7.378787846685966 6.9119521023774695 41.57057254216552 -4.001521565414602 1
Car 1600 2 -2.6336016432119926 1112.7748 816.6712 1247.4512 880.72986 1.4664465473919397 1.843390150498061 3.8119263924267406 6.923129035861733 7.792520010141665 47.4409038358849 -2.488692884035966 1
bicycle 655 1 1.1012738405466436 313.4884 813.88153 435.84488 912.7053 1.101271022835508 0.8354205364628983 1.9321869853058837 -8.35626202061216 3.9096218037728443 21.26870240294784 0.7269116983084345 1
Car 656 0 2.4428020245759448 477.45398 799.1367 731.9531 926.9289 1.4266275102495627 1.8042183577362936 3.7282286875662676 -5.706421199399547 4.491738758138505 24.27363565176572 -4.071277884060287 1
