Cyclist 527 0 -1.5527953276191568 1739.5391 802.3409 1792.4802 931.1964 1.787312350170864 0.7321467513576407 1.973073545072624 13.273991279229723 4.834902897084405 24.64509253120426 -1.0587420824644247 1
bicycle 1154 0 1.285054362368462 180.90529 814.9378 289.7329 936.0797 1.208740387133045 0.7135391966873992 1.9593054942406611 -9.198561676888298 3.7347330411368547 18.91279418078558 0.8323723988372698 1
rider 533 0 -1.551142453780607 1740.3643 806.04095 1792.0848 916.8802 1.6560793151601396 0.7321467513576407 0.7638548653309466 13.207178472717874 4.689682862992928 24.531857346627735 -1.0572732381182943 1
Car 654 1 2.104521915009 1248.9095 823.66345 1382.4003 900.09393 1.4333304105509268 1.781643478804182 3.9161648522119124 9.661147731909727 7.101838530950497 40.62035175525264 -3.945161694051808 1
Car 1600 2 -2.645963991132337 1215.7811 825.8758 1357.3483 893.77264 1.4664465473919397 1.843390150498061 3.8119263924267406 9.921376139822152 7.8729746356541535 45.72954030095596 -2.4323173768734008 1
bicycle 655 1 1.1029336571687616 406.54288 823.67474 528.1965 925.61816 1.101271022835508 0.8354205364628983 1.9321869853058837 -6.933302918674104 4.015325214788426 20.94557293139991 0.7832708757175952 1
bicycle_rack 1152 1 1.1831856586404161 234.9135 806.0442 379.11673 934.98566 1.3080935174529575 0.9339413300966329 2.24977659237378 -8.52277463433675 3.797325925375983 19.431596250288447 0.769849008863607 1
bicycle_rack 651 1 0.9478370137313599 312.0496 809.9797 458.97656 925.87103 1.2755970124654716 0.8795927691080728 1.957700021123578 -7.805754759374793 3.8940922077987685 20.253044872123336 0.5799699124593714 1
Car 656 0 2.44387793990712 563.6321 810.3016 819.1449 941.7543 1.4266275102495627 1.8042183577362936 3.7282286875662676 -4.241168516798466 4.6390571490128085 23.90303942901501 -4.01491196793038 1
Car 652 0 2.2215060523829653 1029.9603 816.6879 1201.91 913.97064 1.490786148130303 1.7706838335685335 3.8817789260344115 3.449148246793338 5.969537421802443 32.90228227990266 -3.9572306863327578 1
Car 653 1 2.1116056198920115 1145.709 817.3391 1294.8331 907.2163 1.527623271442894 1.7624956395913298 4.025548412105748 6.369101398173119 6.49508669740627 36.50342215550341 -3.9988390309341044 1
