bicycle_rack 1152 1 1.1871370121634979 338.5363 808.3598 479.21658 938.71423 1.3080935174529575 0.9339413300966329 2.24977659237378 -7.182634149808571 3.8261436063279843 19.379234642679098 0.8321981495660236 1
bicycle 1154 0 1.2866939904039147 291.45074 817.3516 397.79947 940.21094 1.208740387133045 0.7135391966873992 1.9593054942406611 -7.768795251354584 3.7544509575454326 18.793930064709755 0.8947174946857146 1
Car 652 0 2.2124710860587635 1136.284 815.46735 1313.8945 914.71844 1.490786148130303 1.7706838335685335 3.8817789260344115 5.6881664874818085 5.821940217057545 32.0143501952151 -3.894873717235059 1
Car 654 1 2.09598612198132 1360.1602 822.2991 1499.6436 900.45953 1.4333304105509268 1.781643478804182 3.9161648522119124 12.377885940496538 6.89551958063317 39.400785890921874 -3.8828088397338534 1
Car 1600 2 -2.6490804403127197 1316.7751 827.51166 1465.2657 898.34735 1.4664465473919397 1.843390150498061 3.8119263924267406 12.706225309387717 7.742346383548375 44.33153323748046 -2.369945264774098 1
bicycle 655 1 1.105195960752004 505.09668 827.0611 625.7639 931.1589 1.101271022835508 0.8354205364628983 1.9321869853058837 -5.498571623885424 4.035516517948469 20.70531291252519 0.8456239477804144 1
bicycle 1151 1 -2.0817192589833753 0.0 819.0715 35.72182 909.71857 1.0837019506639975 0.5207570176501057 1.6388587102537702 -13.814009179205279 3.9024015032527046 21.09912314978545 -2.661405138844038 1
bicycle_rack 651 1 0.950825943795075 412.7444 812.3111 558.33417 930.948 1.2755970124654716 0.8795927691080728 1.957700021123578 -6.3684011984113615 3.897557163048604 19.983247108495664 0.6423144847643765 1
Car 656 0 2.4386780509156614 666.7808 811.42065 923.3837 944.499 1.4266275102495627 1.8042183577362936 3.7282286875662676 -2.5527509374706807 4.60807534309907 23.53460510758149 -3.9525528221074566 1
Car 653 1 2.1027019395967192 1254.2056 815.87036 1409.36 907.9429 1.527623271442894 1.7624956395913298 4.025548412105748 8.80963849041751 6.3088031612191 35.386232812805396 -3.9364869080824 1
