bicycle 1151 1 -2.0703912427043143 197.61555 851.642 293.10123 944.22327 1.0837019506639975 0.5207570176501057 1.6388587102537702 -10.337774668275957 4.459863742368181 21.576656820863505 -2.517194508341534 1
bicycle_rack 1152 2 1.1931149333129658 565.1256 830.5097 703.97656 969.9104 1.3080935174529575 0.9339413300966329 2.24977659237378 -4.126909267382647 4.049762766423331 18.747211574232544 0.9764362791053731 1
bicycle_rack 651 2 0.9465061395836184 648.52856 834.87854 794.3348 962.10114 1.2755970124654716 0.8795927691080728 1.957700021123578 -3.1156542294616614 4.127974745951858 19.310687644638925 0.7865411727376683 1
bicycle 1154 2 1.2902678644811105 527.634 845.985 630.6968 975.9504 1.208740387133045 0.7135391966873992 1.9593054942406611 -4.729873675701813 4.083815206918831 18.422039622705476 1.0389456551861804 1
Car 652 0 2.189811870552238 1393.9742 829.8745 1593.2434 937.9017 1.490786148130303 1.7706838335685335 3.8817789260344115 10.506486632296177 5.778223752427518 29.443499592363345 -3.750622088876565 1
Car 653 1 2.0821425941300076 1519.2983 826.45135 1696.0972 927.01215 1.527623271442894 1.7624956395913298 4.025548412105748 14.008063036222122 6.144610132729046 32.336035850947795 -3.79224474048181 1
Car 654 1 2.071967961985174 1643.863 830.3989 1806.3079 916.2191 1.4333304105509268 1.781643478804182 3.9161648522119124 18.209685940712436 6.579805287877916 35.61401834490216 -3.7385653502703637 1
Car 1600 2 -2.6635883992848832 1578.1737 831.5838 1748.8813 910.004 1.4664465473919397 1.843390150498061 3.8119263924267406 19.182781957631992 7.41480519661696 40.965690217378956 -2.2256498834291967 1
bicycle 655 1 1.0988933703211088 738.17395 850.9564 860.5412 962.7411 1.101271022835508 0.8354205364628983 1.9321869853058837 -2.185105966429424 4.275745041550261 19.963395452185527 0.9898717401475103 1
Car 656 0 2.422117671497963 901.76697 828.5467 1169.72 969.89264 1.4266275102495627 1.8042183577362936 3.7282286875662676 1.1517044729571795 4.720449134452403 22.324704430558935 -3.8095245396324935 1
Car 1155 0 -0.29503446448568127 0.0 777.62335 680.4413 1200.0182 1.490313257743068 1.8652759766473608 4.005211897055146 -3.881285466544521 2.5895585230001092 8.74853074645262 -0.7125951774245249 1
