bicycle 1151 1 -2.0639492837184026 268.60977 857.98486 362.20853 951.9607 1.0837019506639975 0.5207570176501057 1.6388587102537702 -9.292227979674626 4.54487403486187 21.49369254887665 -2.4720065963371125 1
bicycle_rack 651 1 0.9434778729772246 721.3886 839.509 868.8569 969.9258 1.2755970124654716 0.8795927691080728 1.957700021123578 -2.1323213155496594 4.149013640680182 19.00285348495098 0.831734717118414 1
bicycle 1154 0 1.3027415998866352 580.51886 848.343 681.4279 979.37634 1.208740387133045 0.7135391966873992 1.9593054942406611 -4.0765511073025404 4.104881722013931 18.3502903440585 1.0841397073257122 1
Car 652 0 2.183601133580347 1477.8878 829.1737 1686.5642 939.62665 1.490786148130303 1.7706838335685335 3.8817789260344115 11.885003469889519 5.637919719839271 28.574602185800774 -3.7054218297590795 1
Car 654 1 2.066434424867797 1737.504 832.8863 1909.6613 921.3752 1.4333304105509268 1.781643478804182 3.9161648522119124 19.8508746173258 6.465934019945135 34.39981079478082 -3.6933672233811383 1
Car 1600 2 -2.6701074892474312 1670.091 833.4743 1851.2638 915.1363 1.4664465473919397 1.843390150498061 3.8119263924267406 21.118103887672014 7.284425208820034 39.6234849075858 -2.180433566321815 1
bicycle 655 2 1.0965873044668901 808.73804 852.1845 933.5314 966.9075 1.101271022835508 0.8354205364628983 1.9321869853058837 -1.2032875830816092 4.2291417912830775 19.536180190189327 1.0350722385654842 1
bicycle_rack 1152 1 1.1929512269301552 635.3401 838.12976 775.1529 981.2223 1.3080935174529575 0.9339413300966329 2.24977659237378 -3.1938767403343085 4.111845723513002 18.460267253473113 1.0216336117053908 1
Car 656 2 2.421388045107236 971.10126 831.188 1246.4703 975.52014 1.4266275102495627 1.8042183577362936 3.7282286875662676 2.18212411574102 4.6839629875553275 21.795591755872522 -3.7620120945017113 1
Car 1155 0 -0.6207348981770904 605.19 790.74554 1202.9999 1112.7657 1.490313257743068 1.8652759766473608 4.005211897055146 -0.32235818818010376 2.914736015366228 10.889296705972798 -0.6503294698129395 1
Car 653 1 2.076514653226548 1607.2015 826.4046 1793.2968 929.58057 1.527623271442894 1.7624956395913298 4.025548412105748 15.501309287866077 5.999466616764645 31.31702747270183 -3.7470469232962538 1
