Cyclist 1029 0 -0.003003441241366367 86.67596 788.4795 290.8479 975.76654 1.8010528304143478 0.7445668164606913 1.965171819966259 -8.509419154985514 3.6950005865853397 16.53151362680544 -0.47837281322781555 1
bicycle_rack 1152 1 1.1914667604717901 763.9808 842.0096 908.0952 992.23596 1.3080935174529575 0.9339413300966329 2.24977659237378 -1.5246303120508207 4.061157615749728 17.748126374605285 1.1057734040960012 1
bicycle_rack 651 0 0.9398004537303754 850.80255 848.3829 1004.4444 986.99243 1.2755970124654716 0.8795927691080728 1.957700021123578 -0.435043121197564 4.147606538651627 18.173928533593582 0.9158672654078694 1
bicycle 1153 1 1.5826814127377906 0.0 840.6189 22.630297 1014.14136 1.1920449744769304 0.6383715570340865 1.9680852418838302 -9.024974419912903 3.321876878954022 13.763648950062763 1.0023019815771614 1
bicycle 1154 0 1.294423539244771 721.4581 853.0676 826.3044 991.0111 1.208740387133045 0.7135391966873992 1.9593054942406611 -2.2307646564824286 4.0513110023612935 17.589481758266295 1.1682732226389163 1
rider 1033 0 0.005390522700137235 133.72922 790.8354 216.02391 954.2889 1.6310274958349866 0.7445668164606913 0.7862237690581861 -8.654725078981237 3.5155958628051294 16.47252745558287 -0.47837281322781555 1
Car 652 1 2.1658547517764637 1653.5099 859.7777 1886.725 981.1459 1.490786148130303 1.7706838335685335 3.8817789260344115 14.372441592445377 5.925968980894572 26.557220878014487 -3.6212781825009825 1
bicycle 655 1 1.090533622281163 941.1237 864.41785 1072.0498 986.3308 1.101271022835508 0.8354205364628983 1.9321869853058837 0.5363273513043118 4.263556224473583 18.692371866832648 1.119218063765823 1
bicycle 1151 1 -2.0550352891058115 399.58325 851.3577 490.5422 946.786 1.0837019506639975 0.5207570176501057 1.6388587102537702 -7.362334551366477 4.4222874724398835 21.29613303300338 -2.387885211929306 1
Car 656 0 2.4073219155227923 1112.0347 849.82227 1405.8096 1003.72577 1.4266275102495627 1.8042183577362936 3.7282286875662676 4.126423293342955 4.791626215066656 20.644152216038552 -3.6785799516481887 1
Car 1155 1 -1.0934488063323005 1657.3815 838.0292 1935.0 1061.0376 1.490313257743068 1.8652759766473608 4.005211897055146 9.226629892352198 3.943195725667832 15.36577187158776 -0.5526864271551721 1
Car 653 2 2.0590857482924294 1795.7966 862.4537 1935.0 976.8842 1.527623271442894 1.7624956395913298 4.025548412105748 18.27101096147074 6.425376167769197 29.06564585604846 -3.662907135126021 1
