bicycle_rack 1152 1 1.186512023603607 870.2352 830.1742 1021.1589 985.99475 1.3080935174529575 0.9339413300966329 2.24977659237378 -0.22008750372127478 3.806246778454974 16.981294478487403 1.1735521646218805 1
bicycle_rack 651 0 0.9339114194807054 957.54517 836.86957 1119.1782 981.46716 1.2755970124654716 0.8795927691080728 1.957700021123578 0.8637393463035015 3.885569639479038 17.354734590018353 0.9836400530949216 1
bicycle 1153 0 1.6076372146026952 20.049383 834.6573 112.630974 1012.5229 1.1920449744769304 0.6383715570340865 1.9680852418838302 -8.009339123049116 3.219286574427649 13.436511927545588 1.0700993915286472 1
Cyclist 1029 0 -0.22447221026576963 591.8128 794.37103 767.03784 963.9967 1.8010528304143478 0.7445668164606913 1.965171819966259 -3.404121800633864 3.9328772571304755 18.07793236046105 -0.4105953964798734 1
bicycle 1616 0 1.6004755952807332 0.0 838.4997 51.91919 1013.9732 1.1525699922799941 0.5192561773380369 1.9680852418838302 -8.335879779897342 3.1758086536495647 13.185798570871363 1.0367253634522884 1
bicycle 1154 0 1.289021705502603 829.7268 844.17725 939.49805 987.7063 1.208740387133045 0.7135391966873992 1.9593054942406611 -0.8919821413013731 3.8282288671451665 16.822066196383368 1.2360467871756091 1
bicycle 1151 2 -2.0463308710669637 497.0159 838.79706 587.3723 936.02454 1.0837019506639975 0.5207570176501057 1.6388587102537702 -5.860089739126109 4.179405352187953 20.865999455798267 -2.320121998517641 1
bicycle 1755 2 1.5334334683172255 0.0 837.2275 9.080802 1010.2853 1.0969520137173538 0.7591654495833611 1.8807251713712778 -8.719145502815255 3.064347490704641 12.873729514535652 0.9381177363949269 1
rider 1033 0 -0.21847336422923608 631.5688 796.17236 709.9763 944.85596 1.6310274958349866 0.7445668164606913 0.7862237690581861 -3.5113323765474727 3.755495855982966 18.05114975707165 -0.4105953964798734 1
bicycle 655 1 1.0804914263518826 1054.0054 853.77075 1194.1702 981.615 1.101271022835508 0.8354205364628983 1.9321869853058837 1.8925993967704853 3.971506916400723 17.701912417388016 1.1870017906463581 1
Car 656 0 2.3889308721688365 1237.4858 838.65125 1553.8007 997.90405 1.4266275102495627 1.8042183577362936 3.7282286875662676 5.659316787325321 4.4451339329401165 19.46973703081612 -3.611376811020601 1
Car 652 1 2.1488350000568675 1813.0901 847.0316 1935.0 973.47015 1.490786148130303 1.7706838335685335 3.8817789260344115 16.27961219430373 5.410760320449835 24.80182663052744 -3.5534977597542206 1
