Cyclist 1029 0 -0.07640661613365857 277.34586 790.1004 466.8497 970.4151 1.8010528304143478 0.7445668164606913 1.965171819966259 -6.731096978658236 3.7744726786911 17.10022056732414 -0.451406398873762 1
bicycle_rack 651 0 0.9372356319940899 893.5822 841.51917 1050.3948 982.33325 1.2755970124654716 0.8795927691080728 1.957700021123578 0.09977816107567163 4.010435567880668 17.82959888620245 0.9428317825373185 1
rider 1033 0 -0.06392543259741917 311.82318 791.5523 390.83987 949.5527 1.6310274958349866 0.7445668164606913 0.7862237690581861 -6.943054273899496 3.58336638357562 17.012565992281015 -0.451406398873762 1
bicycle 1153 0 1.592717650790571 0.0 836.0344 57.685276 1011.0401 1.1920449744769304 0.6383715570340865 1.9680852418838302 -8.608153661508805 3.258093554838603 13.625798602116198 1.0292762157951714 1
bicycle 1616 2 1.5867821355256009 0.0 837.8657 0.0 1009.64844 1.1525699922799941 0.5192561773380369 1.9680852418838302 -8.988176885844673 3.198379770372406 13.398596576710625 0.9959029482305306 1
bicycle 1154 0 1.2922152028369585 764.922 846.6935 871.46185 986.24097 1.208740387133045 0.7135391966873992 1.9593054942406611 -1.6838439757652603 3.9304446844713414 17.308840402104444 1.19523805036342 1
bicycle 1151 2 -2.055880533588587 445.75137 847.2732 536.72 943.5294 1.0837019506639975 0.5207570176501057 1.6388587102537702 -6.649355901352094 4.33717553733967 21.117681591784184 -2.3609244456889558 1
bicycle 655 1 1.0895231163983468 981.8313 858.6104 1115.5353 982.3058 1.101271022835508 0.8354205364628983 1.9321869853058837 1.04052605388132 4.132493682036255 18.343497496031667 1.1461869113088654 1
bicycle_rack 1152 1 1.1841048621454038 814.2538 837.3413 961.44104 989.5029 1.3080935174529575 0.9339413300966329 2.24977659237378 -0.8981562669771259 3.9627972850351942 17.470527613409804 1.1327402855622601 1
Car 656 0 2.4006272609486 1160.9598 847.44476 1463.0428 1003.7242 1.4266275102495627 1.8042183577362936 3.7282286875662676 4.745924911684293 4.682794807204548 20.183228403054933 -3.6516115113674092 1
Car 652 0 2.1608296564582368 1711.9772 857.5785 1935.0 981.04376 1.490786148130303 1.7706838335685335 3.8817789260344115 15.109061296558703 5.777043721339859 25.902990962816617 -3.5943104898631737 1
Car 653 2 2.059104634282602 1848.8309 859.4175 1935.0 975.5217 1.527623271442894 1.7624956395913298 4.025548412105748 18.938265322037214 6.252598745883761 28.39893164359537 -3.63594048731257 1
