bicycle_rack 651 1 0.9243772031031877 1036.2595 779.62573 1211.657 927.9067 1.2755970124654716 0.8795927691080728 1.957700021123578 1.7214204693865327 3.057295267314501 16.154517927065687 1.0305362944740426 1
Cyclist 1029 1 -0.4979799664489907 1080.3746 749.88513 1246.2222 907.0401 1.8010528304143478 0.7445668164606913 1.965171819966259 2.559476645596014 3.4427847671378027 18.945507060958178 -0.3636962103020056 1
bicycle 1153 0 1.6383634421621847 44.84872 745.96716 151.16812 921.8513 1.1920449744769304 0.6383715570340865 1.9680852418838302 -7.219715989342962 2.2926358023803726 12.570098981812864 1.1170130277720673 1
bicycle 1616 0 1.6366191599905258 0.0 744.5655 80.84645 916.9374 1.1525699922799941 0.5192561773380369 1.9680852418838302 -7.63293370407818 2.221484241628225 12.366747715266328 1.08363814094491 1
bicycle 1154 0 1.2848320256387618 902.2826 781.4171 1020.97687 927.61176 1.208740387133045 0.7135391966873992 1.9593054942406611 -0.02952338998645721 2.953911918740867 15.633466690226719 1.2829435542283711 1
bicycle 1151 2 -2.0410307470061753 562.142 767.65485 655.28204 864.22974 1.0837019506639975 0.5207570176501057 1.6388587102537702 -4.710737698556726 3.0611758392379915 19.921316736137815 -2.2732326529114064 1
bicycle 1755 2 1.585248215586279 0.0 753.91656 0.0 927.7872 1.0969520137173538 0.7591654495833611 1.8807251713712778 -8.147433708573157 2.209560895466278 11.902728768405698 0.984999951252973 1
rider 1033 1 -0.494917608306623 1117.4652 751.0352 1200.7378 889.8812 1.6310274958349866 0.7445668164606913 0.7862237690581861 2.4998751649020456 3.269828335372696 18.941348044132795 -0.3636962103020056 1
bicycle 655 1 1.0680193463259924 1138.7052 801.2513 1291.7697 931.721 1.101271022835508 0.8354205364628983 1.9321869853058837 2.764357412345279 3.1721651391832277 16.511027231318458 1.233905692845498 1
bicycle_rack 1152 1 1.178506849228159 946.9087 775.15686 1110.4294 934.1225 1.3080935174529575 0.9339413300966329 2.24977659237378 0.6641016956506296 3.0202241776604177 15.823113047714775 1.2204525880020003 1
Car 656 0 2.3492955110776705 1335.7806 795.9607 1680.295 959.4571 1.4266275102495627 1.8042183577362936 3.7282286875662676 6.592223047031413 3.6742417473147504 18.036277107332175 -3.5834755654858252 1
Car 1756 1 -1.034113598132501 1654.3959 774.54004 1935.0 1102.668 1.5029056482185092 1.9465816346340123 4.115142436336867 7.0077475392355755 2.6966861861103775 10.185457791865186 -0.4314766414032256 1
