bicycle_rack 1152 1 1.1869842856357404 896.6283 820.0572 1050.0961 977.17566 1.3080935174529575 0.9339413300966329 2.24977659237378 0.09017280363280823 3.6455886116932277 16.69377430913181 1.1923858158699971 1
bicycle_rack 651 0 0.9306003674337057 989.2513 824.5851 1154.3239 970.42395 1.2755970124654716 0.8795927691080728 1.957700021123578 1.2274828773874862 3.693960639934841 17.049398739413817 1.0024720288555535 1
bicycle 1153 2 1.5997324131064077 75.09385 826.35095 164.51912 1003.51495 1.1920449744769304 0.6383715570340865 1.9680852418838302 -7.510314760436159 3.134779716283654 13.40166235490793 1.0889383203369887 1
Cyclist 1029 1 -0.3099689715795604 753.1811 785.10565 923.8906 950.0435 1.8010528304143478 0.7445668164606913 1.965171819966259 -1.5121640428580476 3.8542698189782887 18.44639358846662 -0.3917622140913408 1
bicycle 1616 2 1.6055139140580228 1.4837369 821.8562 81.43561 998.1726 1.1525699922799941 0.5192561773380369 1.9680852418838302 -7.9442934875208335 2.988948403147758 12.958926712027806 1.0555639453272514 1
bicycle 1154 0 1.2866004535020723 860.8476 833.0117 972.292 976.96893 1.208740387133045 0.7135391966873992 1.9593054942406611 -0.527120798070702 3.6654899182196123 16.611583566229633 1.2548789756172258 1
bicycle 1151 2 -2.044805519206491 524.8605 830.404 615.1707 927.7269 1.0837019506639975 0.5207570176501057 1.6388587102537702 -5.4413523674790865 4.04260190889368 20.74763848236296 -2.301292766689704 1
bicycle 1755 2 1.5383452578122085 0.0 832.47296 37.089752 1002.203 1.0969520137173538 0.7591654495833611 1.8807251713712778 -8.587547445747074 3.0478063284563444 13.067410304952054 0.956944117900925 1
rider 1033 0 -0.2954161989645254 777.4879 786.24896 856.836 931.7937 1.6310274958349866 0.7445668164606913 0.7862237690581861 -1.773307837200752 3.6640646382721926 18.348631171247263 -0.3917622140913408 1
Car 652 2 2.1438316069562706 1860.1769 832.62396 1935.0 959.7711 1.490786148130303 1.7706838335685335 3.8817789260344115 16.721057544107595 5.068706548253138 24.19680936921279 -3.5346638647624338 1
Car 1756 0 -0.04387082187943736 0.0 739.0283 796.3126 1215.0 1.5029056482185092 1.9465816346340123 4.115142436336867 -2.9706540015930507 2.1163194836887413 6.210355913535507 -0.4900397669066079 1
bicycle 655 1 1.0776644085500373 1085.8092 841.0606 1228.343 968.87695 1.101271022835508 0.8354205364628983 1.9321869853058837 2.2545265276483986 3.781872572703415 17.493365197660562 1.2058368352946522 1
Car 656 0 2.3841900280282653 1272.5732 827.14813 1596.3567 986.5681 1.4266275102495627 1.8042183577362936 3.7282286875662676 6.052688816985615 4.233330081260932 19.128633366166518 -3.592542845596978 1
