Cyclist 1604 0 1.9046775789160222 1814.3568 819.726 1901.0885 935.5436 1.6624494195294963 0.660596458030235 1.930466379959897 15.161348353976436 5.068925403786057 25.274634197167316 -3.838188083105016 1
bicycle 1154 0 1.4009459748013482 246.89906 801.41406 401.32263 1019.77625 1.208740387133045 0.7135391966873992 1.9593054942406611 -4.692276693035397 2.619634670887362 10.937043923188716 0.995670179654955 1
rider 1605 0 1.9047862122567327 1828.5146 822.5459 1887.7976 922.0596 1.522946561841165 0.660596458030235 0.7193329776156936 15.169027212151692 4.929889710228686 25.293663648769854 -3.838188083105016 1
rider 1033 1 -0.8076558441870381 1157.9476 791.5705 1237.2754 921.73834 1.6310274958349866 0.7445668164606913 0.7862237690581861 3.2605527509284484 3.99112255046716 20.641323548385547 -0.6509879626940258 1
Car 1037 0 2.047512939164724 1481.5112 817.1786 1705.0665 956.19904 1.4951916540372743 1.691572970296234 3.5670338822088037 9.683068730423797 4.66018078964914 22.82555897523681 -3.8344621979816003 1
Car 1038 1 1.8689179461759329 1728.7676 825.9108 1898.3989 933.0846 1.4406194424570307 1.830470796420577 4.04689350142547 17.053909849308862 5.728962795861978 29.851502502947504 -3.8952245783959136 1
Cyclist 1029 1 -0.810549480023945 1131.5372 789.2719 1270.3287 940.25543 1.8010528304143478 0.7445668164606913 1.965171819966259 3.3267397537916104 4.171236563399141 20.672020273928418 -0.6509879626940258 1
bicycle 655 1 1.125538610591672 598.2561 823.5574 791.6366 1002.9034 1.101271022835508 0.8354205364628983 1.9321869853058837 -2.2589584842178962 2.896838069419081 12.488484903448724 0.9465902155509709 1
bicycle_rack 1152 0 1.2647683099056053 341.30518 787.4731 563.8396 1021.5216 1.3080935174529575 0.9339413300966329 2.24977659237378 -3.8502036744466133 2.652192099484525 11.181875199952318 0.9331577288441966 1
bicycle_rack 651 0 0.9994031423705203 455.43875 799.2018 690.5363 1006.6988 1.2755970124654716 0.8795927691080728 1.957700021123578 -3.0998604106927083 2.7701621518569253 11.836526472526502 0.743266167710301 1
Car 1034 1 1.9163573729677754 1602.7314 813.2411 1810.2811 947.95776 1.626980091373821 1.9415742666338665 4.218736404353084 13.134796279697495 5.205166151055775 26.252954564285158 -3.9029268545231135 1
Car 656 0 2.349829826225975 853.7387 802.68616 1241.2715 1015.915 1.4266275102495627 1.8042183577362936 3.7282286875662676 0.9452724694178146 3.4510518358465623 15.113489194659168 -3.8708918931244787 1
