Pedestrian 1027 0 1.5216571991761345 1935.0 818.52576 1935.0 893.4232 1.6280689929508247 0.5953679913985194 0.5152281356786922 23.644315613776747 6.185130377103491 34.820819103366254 -4.165016323529029 1
Cyclist 1029 0 -0.9217188539265126 822.3965 776.25226 942.8466 918.3167 1.8010528304143478 0.7445668164606913 1.965171819966259 -1.141079022392709 4.147080073203688 22.15805511247117 -0.9731706585716422 1
Cyclist 1604 0 1.9720165485756 1135.9403 791.18396 1237.7805 937.4772 1.6624494195294963 0.660596458030235 1.930466379959897 3.0769760539860607 4.02495320156513 20.251486196736206 -4.1603837201966485 1
bicycle_rack 1032 0 -2.8120538434716575 1382.7518 821.3141 1502.4321 881.69916 1.2431533070357004 3.774821177573682 2.563357056384297 15.444439319954164 7.832940445700768 47.8935080354111 -2.500107785169851 1
rider 1605 0 1.9715951757437127 1155.7913 795.5004 1222.0468 918.6866 1.522946561841165 0.660596458030235 0.7193329776156936 3.0924747361787013 3.89301847861331 20.295902594548032 -4.1603837201966485 1
rider 1033 0 -0.917476923225695 841.38446 779.0135 914.0308 900.07434 1.6310274958349866 0.7445668164606913 0.7862237690581861 -1.2289487916577189 3.9578161845861417 22.04337477625022 -0.9731706585716422 1
Car 1038 1 1.8574065264118715 1201.4241 808.1253 1347.06 913.01434 1.4406194424570307 1.830470796420577 4.04689350142547 6.447497734038731 5.448398530967088 30.49506364593034 -4.21741968997012 1
Car 1650 0 -1.5237114250413846 1626.1522 810.8125 1709.5588 895.9539 1.4449502746544332 1.6635709819608882 3.8566617233014933 17.335831096941476 6.2569469108108295 36.61354859366621 -1.0815029292343112 1
Car 1037 0 2.0507277016843997 959.92004 799.4835 1178.893 948.13763 1.4951916540372743 1.691572970296234 3.5670338822088037 1.640834607116102 4.24701975241609 21.610048846101293 -4.156673778813539 1
Car 1034 1 1.9095310864580366 1085.9243 792.6271 1273.9503 927.77136 1.626980091373821 1.9415742666338665 4.218736404353084 3.901529127572085 4.811794474131121 26.0769748385613 -4.225139977148476 1
Car 656 0 2.432453190443014 118.93614 783.945 678.26605 1080.135 1.4266275102495627 1.8042183577362936 3.7282286875662676 -4.1032984082074995 2.8681868491290716 11.488199213495266 -4.19378462959083 1
