Cyclist 1029 0 -0.9041737280728044 900.58905 780.91455 1023.06384 924.1036 1.8010528304143478 0.7445668164606913 1.965171819966259 0.03029318885286951 4.200349241676868 21.995741228845965 -0.9027964992090561 1
Cyclist 1604 0 1.952442432989944 1279.7196 798.64 1374.5033 935.27026 1.6624494195294963 0.660596458030235 1.930466379959897 5.316787105977677 4.292076108384947 21.657198913090674 -4.090006374065066 1
bicycle_rack 1032 0 -2.8115520806226724 1499.0127 823.33276 1622.9106 884.3695 1.2431533070357004 3.774821177573682 2.563357056384297 19.056498490245108 7.841544376814508 47.46080779045604 -2.4297354117828345 1
rider 1605 0 1.9520113020869099 1297.6864 802.864 1360.2062 918.3663 1.522946561841165 0.660596458030235 0.7193329776156936 5.336498078430932 4.16269691790733 21.697084724329823 -4.090006374065066 1
rider 1033 0 -0.8990898175857609 918.9401 783.473 992.2567 905.8475 1.6310274958349866 0.7445668164606913 0.7862237690581861 -0.08106014305914809 4.007111877263651 21.868555234886404 -0.9027964992090561 1
Car 1037 0 2.046948018413084 1074.9514 802.9624 1290.2081 948.22546 1.4951916540372743 1.691572970296234 3.5670338822088037 3.3376229798540367 4.356790172215833 22.091932113990513 -4.086292430270447 1
Car 1038 1 1.8583681805344021 1310.9924 812.1633 1458.5416 916.85004 1.4406194424570307 1.830470796420577 4.04689350142547 8.738410081525744 5.553481014727305 30.645347083732343 -4.147042582317349 1
Car 1650 0 -1.5295447120184722 1739.0365 812.12256 1830.7225 904.3025 1.4449502746544332 1.6635709819608882 3.8566617233014933 18.746621229061297 5.958462067318212 33.97153765959076 -1.025295168426655 1
bicycle 655 1 1.2344377964941047 0.0 820.9712 207.57936 1069.4683 1.101271022835508 0.8354205364628983 1.9321869853058837 -5.420304443123471 2.410922017953262 9.049336636745505 0.6947741001957564 1
Car 1034 1 1.9116341261434933 1191.6339 796.6993 1380.5226 930.91406 1.626980091373821 1.9415742666338665 4.218736404353084 5.799138698585179 4.916396995332775 26.329301879997633 -4.154758446876628 1
Car 656 0 2.405670919375572 316.43146 790.183 813.4868 1061.4026 1.4266275102495627 1.8042183577362936 3.7282286875662676 -3.1164256072759207 3.025772755355824 12.417434384341979 -4.1234074578214965 1
