Cyclist 1026 0 1.4977751384226599 1182.4377 795.05414 1216.4857 876.6989 1.780356440557435 0.7090745236926281 1.9231436878806598 5.996116597963532 6.1843391322649985 37.71715788882794 -4.627753668477764 1
rider 1028 0 1.4917319024374045 1183.9585 797.78326 1214.7438 864.7371 1.5698605487885546 0.7050180840747915 0.8121931479893356 6.002251178993991 5.981799013027821 37.73053774155316 -4.633693310470098 1
Cyclist 1029 2 -1.065706128933941 405.4518 759.0195 519.8735 900.0188 1.8010528304143478 0.7445668164606913 1.965171819966259 -7.3355050530333665 3.8762594264238257 22.104188446789955 -1.3861304675871977 1
bicycle_rack 1032 0 -2.8139953636897834 743.2569 805.20734 877.0341 872.83844 1.2431533070357004 3.774821177573682 2.563357056384297 -4.070879630710676 6.439438495860463 40.96828863667219 -2.913036850178197 1
bicycle_rack 1031 1 0.25082624515542307 788.72925 798.3405 912.56494 865.9361 1.2500728084347918 5.592641253195311 2.466720314066519 -3.2888407682000667 6.9154654124450765 45.876562509703255 0.17925976795311427 1
bicycle_rack 1030 2 -3.0303740751436656 846.44006 809.5961 916.3435 856.5456 1.1790090122302097 2.771024704078939 2.053900415660306 -2.6586711039117725 7.576131629304439 50.35265730520698 -3.0831260971130936 1
Pedestrian 1027 0 1.3280911339668622 1372.0552 804.79224 1419.2787 898.8928 1.6784734787806908 0.6952200068936311 0.8127582247535252 8.329961845623357 5.181423895689019 28.699973124972015 -4.672612759877572 1
rider 1033 2 -1.065677410475541 427.6169 762.4698 501.20013 880.9144 1.6310274958349866 0.7445668164606913 0.7862237690581861 -7.336290076372125 3.706335404997656 22.104430414544574 -1.3861304675871977 1
Car 1035 2 -2.8424803953823767 345.23547 781.19464 546.3874 862.51215 1.5321957731057447 1.900427441315883 3.812712378825864 -11.328951630086578 5.093382681241861 33.06467657895439 -3.172574525934604 1
Cyclist 1036 0 1.812494495006744 907.29156 798.4703 954.26965 862.0982 1.7488267459677174 1.0816241437318037 1.8827742347386693 -0.9620495540626794 7.417148805834594 47.79946903929713 -4.490814878407077 1
Car 1037 1 2.24820357806606 0.0 750.4964 366.14127 1037.7959 1.4951916540372743 1.7407580298464989 3.5670338822088037 -6.318093734231873 2.608696653981457 11.353179549673799 -4.542804958826528 1
Car 1034 1 1.9997287120201692 208.0027 758.3439 562.16736 974.6665 1.626980091373821 1.9415742666338665 4.218736404353084 -5.965396392547327 3.258446802219622 16.107284454028974 -4.63814780589605 1
Car 1038 1 1.8848156500974138 467.18954 783.4016 684.3025 928.91077 1.4406194424570307 1.830470796420577 4.04689350142547 -5.380073650467801 3.9315412991261214 21.420419037192634 -4.644445109199479 1
rider 1039 0 1.8127049906990091 911.813 800.4808 949.7348 853.30005 1.565032915795655 1.0791466488754335 0.6803587869921202 -0.9712282889883376 7.224994832201815 47.755856407710944 -4.490814878407077 1
