Cyclist 1026 0 1.485125041333414 1173.22 788.9773 1211.2781 877.6216 1.780356440557435 0.7090745236926281 1.9231436878806598 5.340529197171297 5.690932063855691 34.658508737676456 -4.6451727497665125 1
rider 1028 0 1.478978962901305 1175.3068 791.46716 1209.1603 864.0874 1.5698605487885546 0.7050180840747915 0.8121931479893356 5.356343766905992 5.483940940506939 34.71351840429853 -4.651112346415713 1
bicycle_rack 1032 0 -2.808515899797293 704.9956 803.2697 845.38684 873.535 1.2431533070357004 3.774821177573682 2.563357056384297 -4.816829303067151 6.183583081204779 39.30598674892824 -2.9304548716291308 1
bicycle_rack 1031 1 0.25476844716454944 753.4671 797.7325 882.84454 867.8203 1.2500728084347918 5.592641253195311 2.466720314066519 -4.121350178639102 6.702984280694817 44.22281072150349 0.16184173933192025 1
bicycle_rack 1030 2 -3.027417250095872 814.43 807.28204 887.0071 855.5684 1.1790090122302097 2.771024704078939 2.053900415660306 -3.5689241062365693 7.294540348155802 48.717590548554334 -3.1005440234051127 1
Pedestrian 1027 0 1.3098751220099683 1371.681 796.7966 1422.1775 900.9842 1.7584136834127972 0.7183201786692617 0.6652325320188643 7.773589259952746 4.867119105935333 26.703952623887815 -4.690036025483254 1
Car 1035 2 -2.8254201016352734 278.9802 779.27094 494.9378 865.69794 1.5321957731057447 1.900427441315883 3.812712378825864 -11.934896048254437 4.867991784016091 31.273347675666866 -3.1899920174789598 1
Cyclist 1029 1 -1.074272605353978 390.1305 758.46234 505.55887 901.28064 1.8010528304143478 0.7445668164606913 1.965171819966259 -7.455617979755275 3.841779444250569 21.818032579811284 -1.4035504280801991 1
Cyclist 1036 0 1.8167571084642384 873.3609 796.1619 923.17255 863.20154 1.7488267459677174 1.0816241437318037 1.8827742347386693 -1.8955695251214855 7.056374824202718 45.31321553172203 -4.508236420331725 1
Car 1037 1 2.3199276659486854 0.0 745.67584 243.03256 1095.3768 1.4951916540372743 1.7407580298464989 3.5670338822088037 -6.523584415340059 2.4233810335342336 9.59778582280897 -4.560226947122996 1
Car 1034 1 2.0368764731548525 71.41455 750.2263 493.36633 994.91705 1.626980091373821 1.9415742666338665 4.218736404353084 -6.2106793617659 3.008078395380542 14.318472021670486 -4.6555698807671355 1
Car 1038 1 1.9029458634259546 394.89026 782.1479 637.9966 940.93384 1.4406194424570307 1.830470796420577 4.04689350142547 -5.707997395289692 3.732556427098589 19.729276322635688 -4.661865909847194 1
rider 1033 1 -1.0764173298271233 416.22903 761.9985 490.31653 881.3056 1.6310274958349866 0.7445668164606913 0.7862237690581861 -7.44044425071349 3.6825028493644107 21.92720795310665 -1.4035504280801991 1
rider 1039 0 1.8167233514592036 878.6413 798.55536 918.6883 854.1422 1.565032915795655 1.0791466488754335 0.6803587869921202 -1.8939854516640464 6.878216163993153 45.31197720950558 -4.508236420331725 1
