Cyclist 1026 0 1.4435482394772805 1165.5557 778.7208 1222.9741 901.9099 1.780356440557435 0.7090745236926281 1.9231436878806598 3.87752567030337 4.452499508569994 25.007613677681515 -4.6858082247387145 1
rider 1028 0 1.4375953166099071 1169.2302 781.9474 1217.9142 882.3813 1.5698605487885546 0.7050180840747915 0.8121931479893356 3.8892774577839213 4.2472442574534135 25.081180074846824 -4.691747713772578 1
Cyclist 1029 1 -1.0929315984571533 351.43655 751.94 469.86072 899.1058 1.8010528304143478 0.7445668164606913 1.965171819966259 -7.727659028689565 3.6793106474351607 21.087724812260646 -1.4441879932252004 1
bicycle_rack 1031 1 0.26966451220722265 656.41077 792.16187 808.4825 871.9145 1.2500728084347918 5.592641253195311 2.466720314066519 -5.778008592311781 5.898422861675355 38.6344174414711 0.12120883135729876 1
bicycle_rack 1030 2 -3.018458030434501 733.9816 801.5007 817.00476 855.35443 1.1790090122302097 2.771024704078939 2.053900415660306 -5.3301709198101745 6.446171662090947 43.2158043433298 -3.1411767177222876 1
Pedestrian 1027 0 1.2362473454091867 1421.052 793.6323 1481.1621 922.8883 1.6656723943233789 0.6062021055170853 0.6329995220375665 6.686891047069721 4.007630452681219 20.434204086850468 1.5525040048752596 1
Cyclist 1036 0 1.838353997466207 772.8953 786.1351 835.8863 868.3855 1.7488267459677174 1.0816241437318037 1.8827742347386693 -3.8428539725508735 5.826255007346581 36.80066093484667 -4.548877724046086 1
bicycle_rack 1032 0 -2.787805506308899 596.28375 795.1527 763.7175 876.0512 1.2431533070357004 3.774821177573682 2.563357056384297 -6.265752652851201 5.328059771078388 33.802696290846164 -2.97108776414679 1
Car 1034 1 2.2415218108971438 0.0 712.81165 173.885 1136.6692 1.626980091373821 1.9415742666338665 4.218736404353084 -6.712205841698129 2.2660884272124266 8.746603910606265 -4.69621237988925 1
Car 1038 0 2.0073172487687545 52.957973 763.6591 452.98895 988.4561 1.4406194424570307 1.830470796420577 4.04689350142547 -6.420749168947229 2.939875243465285 14.12527828175408 -4.702505416226336 1
Car 1792 1 -2.6647533296276498 0.0 773.173 243.36606 906.5411 1.5183997379599588 1.8292096619860638 3.629707693678724 -11.993619892643066 3.6320534693852684 20.30144131804973 -3.1983634387556075 1
Car 1035 2 -2.744093114560491 20.802097 769.80963 307.02887 878.48566 1.5321957731057447 1.900427441315883 3.812712378825864 -13.316767882288108 4.07996628371476 25.176320568964524 -3.2306239394782432 1
rider 1033 1 -1.0914388549017753 371.27463 755.1765 448.8985 879.2545 1.6310274958349866 0.7445668164606913 0.7862237690581861 -7.735806734185398 3.499666489182604 21.01281558050961 -1.4441879932252004 1
rider 1039 0 1.837642397448267 781.1663 788.6817 830.8722 856.62067 1.565032915795655 1.0791466488754335 0.6803587869921202 -3.8282107788237623 5.6543620238870265 36.91471368147479 -4.548877724046086 1
