Cyclist 1026 0 1.3924581040955557 1190.1377 762.70355 1277.7173 933.72314 1.780356440557435 0.7090745236926281 1.9231436878806598 3.268179212594266 3.535046276046045 18.07989764373887 -4.71189516539738 1
rider 1028 0 1.388611599039239 1194.2638 767.16595 1264.0095 904.7461 1.5698605487885546 0.7050180840747915 0.8121931479893356 3.2712734499371057 3.3511454937652374 18.315927736710524 1.5653507231435477 1
Cyclist 1029 0 -1.0912366231752688 300.2059 744.3439 425.2363 897.199 1.8010528304143478 0.7445668164606913 1.965171819966259 -8.054430525033325 3.497323698394653 20.222038767260965 -1.4702763037147908 1
bicycle_rack 1232 0 -2.5318869582946686 753.51575 802.4072 824.6533 846.0113 1.2103824931641767 0.9693805900865773 2.218153069802582 -5.785603402629806 7.285558732473392 50.227783347560724 -2.6465688492662096 1
bicycle_rack 1032 0 -2.765394243340938 505.3461 790.51776 700.2733 881.94995 1.2431533070357004 3.774821177573682 2.563357056384297 -7.038159332403341 4.7729880278488634 29.82013238755067 -2.9971729736278214 1
bicycle_rack 1031 1 0.28717711136165003 576.7749 786.992 750.83514 875.1459 1.2500728084347918 5.592641253195311 2.466720314066519 -6.762087886081161 5.333858353424536 34.775434590306105 0.09512361267750924 1
bicycle_rack 1030 2 -3.0047212451246104 667.8679 797.74243 760.8671 857.0503 1.1790090122302097 2.771024704078939 2.053900415660306 -6.455757767631416 5.892235350400895 39.367431528335665 -3.167261818267037 1
Pedestrian 1027 0 1.1441582426305805 1524.3112 782.73566 1601.976 953.3646 1.6826166134199523 0.5740722053348362 0.548999120955722 6.257581815081248 3.3557256257244745 15.565081358582784 1.5264107477248805 1
rider 1033 0 -1.0873100723694193 316.8368 747.2522 399.33353 877.0213 1.6310274958349866 0.7445668164606913 0.7862237690581861 -8.070256625712016 3.305112654021234 20.032596452884466 -1.4702763037147908 1
Cyclist 1036 0 1.8577933837661842 696.19696 778.2195 773.4518 876.47565 1.7488267459677174 1.0816241437318037 1.8827742347386693 -4.636409833906995 5.0062629471519795 30.76539248822559 -4.574968468955174 1
Car 1038 1 2.1400313765161187 0.0 744.96735 245.15724 1073.198 1.4406194424570307 1.830470796420577 4.04689350142547 -6.6912274430870715 2.4146012140453603 10.092761451775994 1.5545903496072686 1
Car 1035 2 -2.6723868110666547 0.0 757.9635 144.28561 888.8586 1.5321957731057447 1.900427441315883 3.812712378825864 -13.910132614336728 3.5071548321057735 21.03251990138844 -3.256708723299549 1
rider 1039 0 1.8573318399842682 706.2266 781.3149 766.47504 862.53094 1.565032915795655 1.0791466488754335 0.6803587869921202 -4.628780214221369 4.830723037085782 30.81126501401799 -4.574968468955174 1
