Cyclist 1026 0 1.4301243007820652 1166.7118 774.385 1231.973 910.9202 1.780356440557435 0.7090745236926281 1.9231436878806598 3.5743638453766167 4.134711206225555 22.585422285892136 -4.6961029907739995 1
rider 1028 0 1.424863560828756 1170.2241 777.9402 1224.5647 888.7369 1.5698605487885546 0.7050180840747915 0.8121931479893356 3.5815374563104077 3.938015659739517 22.730665201088136 -4.702042452147056 1
Cyclist 1029 0 -1.0943633336586807 335.44824 750.35144 455.5164 899.1245 1.8010528304143478 0.7445668164606913 1.965171819966259 -7.847914039031193 3.635009936006914 20.842188975324085 -1.4544832972788544 1
bicycle_rack 1032 0 -2.7800886966870633 563.7 795.30176 739.5449 879.59174 1.2431533070357004 3.774821177573682 2.563357056384297 -6.628590057234901 5.180261926544621 32.48406247883041 -2.98138185339407 1
bicycle_rack 1031 1 0.2751486008357016 628.3847 791.1539 787.2398 873.62396 1.2500728084347918 5.592641253195311 2.466720314066519 -6.188159605240264 5.7254251619345515 37.33957151271253 0.11091473842371546 1
bicycle_rack 1030 2 -3.014278855524256 710.3131 801.105 796.4386 856.74475 1.1790090122302097 2.771024704078939 2.053900415660306 -5.78801127782259 6.283312906586386 41.92413766203402 -3.151470762230216 1
Pedestrian 1027 0 1.2081500616054668 1446.3893 789.38153 1515.463 934.4644 1.6991549342032972 0.6062021055170853 0.6999646017974068 6.485149728217019 3.793820240815304 18.68575511202257 1.5422067480416386 1
rider 1033 0 -1.0928025424853895 355.44382 753.354 434.2427 878.8406 1.6310274958349866 0.7445668164606913 0.7862237690581861 -7.853625981809949 3.4514435178502483 20.759052457431597 -1.4544832972788544 1
Cyclist 1036 0 1.8415009464450591 750.63196 780.6683 817.2666 867.02673 1.7488267459677174 1.0816241437318037 1.8827742347386693 -4.125428494052203 5.49497378417597 34.95141626578177 -4.559173985712321 1
Car 1038 0 2.0422340363114873 0.0 757.4367 394.21936 1006.52057 1.4406194424570307 1.830470796420577 4.04689350142547 -6.545523865127457 2.756816455037711 12.826931879088935 1.570384099640623 1
Car 1792 1 -2.635969741131662 0.0 770.6147 177.92851 914.24194 1.5183997379599588 1.8292096619860638 3.629707693678724 -12.213459745683481 3.464923586014054 18.9424325075282 -3.208657588995222 1
Car 1035 2 -2.723319136572076 0.0 763.9982 256.19708 878.62836 1.5321957731057447 1.900427441315883 3.812712378825864 -13.595156050869956 3.8586886783044174 23.877219092420297 -3.2409178422400142 1
rider 1039 0 1.8414999916067263 758.2497 783.4176 810.886 855.02686 1.565032915795655 1.0791466488754335 0.6803587869921202 -4.12585270917824 5.314706612131029 34.95529701008463 -4.559173985712321 1
