Cyclist 1026 0 1.4117916201949194 1174.155 769.55493 1249.667 922.33215 1.780356440557435 0.7090745236926281 1.9231436878806598 3.363783995114963 3.829060450442173 20.215633452261766 -4.706509169034408 1
Pedestrian 1027 0 1.1779990826097628 1477.8229 786.7423 1550.5594 942.4912 1.6826166134199523 0.6062021055170853 0.5711929705286657 6.304997546735115 3.5622817362724994 17.071000698773986 1.5317980494652517 1
rider 1028 0 1.4065354573140094 1178.8561 773.61633 1240.4945 897.20593 1.5698605487885546 0.7050180840747915 0.8121931479893356 3.376704857010806 3.636912866180807 20.379275973382093 1.5707367048909724 1
Cyclist 1029 0 -1.092474758357359 312.64178 749.2453 435.85815 900.9088 1.8010528304143478 0.7445668164606913 1.965171819966259 -7.9856878538465015 3.585365960157299 20.44234649130017 -1.4648900227825674 1
bicycle_rack 1031 1 0.281842335321243 597.0914 790.4182 764.63696 876.46063 1.2500728084347918 5.592641253195311 2.466720314066519 -6.566304145444054 5.535642647323524 35.813516615467194 0.10050924915952208 1
bicycle_rack 1030 2 -3.0087659757156695 683.87885 800.6649 773.9753 858.5514 1.1790090122302097 2.771024704078939 2.053900415660306 -6.235047821222485 6.093113685648094 40.40389287200881 -3.161876204933523 1
rider 1033 0 -1.0903137258906437 332.18896 752.1954 413.108 880.2476 1.6310274958349866 0.7445668164606913 0.7862237690581861 -7.993982658927781 3.3985371751254716 20.333818634344134 -1.4648900227825674 1
Cyclist 1036 0 1.8496848148336316 719.70776 783.8772 791.4275 876.18823 1.7488267459677174 1.0816241437318037 1.8827742347386693 -4.493274052049411 5.344585808710265 32.81499890529182 -4.569581683302683 1
bicycle_rack 1032 0 -2.769281478129577 524.19916 792.70416 711.4819 881.16144 1.2431533070357004 3.774821177573682 2.563357056384297 -6.986899935996682 4.9392304804470974 30.88104310328875 -2.9917873390080287 1
Car 1038 1 2.0918901849161755 0.0 750.83984 315.1677 1037.8287 1.4406194424570307 1.830470796420577 4.04689350142547 -6.664470623344471 2.565584168690452 11.324695784248155 1.5599768836100831 1
Car 1792 2 -2.5979876777910578 0.0 767.2473 93.62173 924.89417 1.5183997379599588 1.8292096619860638 3.629707693678724 -12.419228335483169 3.2707160561444235 17.356591573594645 -3.2190631268465157 1
Car 1035 2 -2.6956375844745457 0.0 761.372 192.39244 884.51544 1.5321957731057447 1.900427441315883 3.812712378825864 -13.857675231951589 3.6740591456405443 22.316698332539197 -3.2513231638627254 1
rider 1039 0 1.849188420013836 728.92334 786.8553 785.1481 863.08136 1.565032915795655 1.0791466488754335 0.6803587869921202 -4.4848446833854005 5.170164583124966 32.8748435170574 -4.569581683302683 1
