Cyclist 83 1 -1.656030135858208 1057.1062 802.89746 1082.9679 864.37085 1.7941263232120204 0.7011321364275241 2.0470852970900464 3.6732556243232954 7.942462701500584 50.62690887589292 -1.5836016526819816 1
bicycle 1230 1 1.5376944996766344 1009.2632 797.53125 1030.0055 862.6615 1.9313287528152072 0.6366684249736102 2.0659173025477258 1.9779121684514671 7.922699961867265 50.86599908831458 -4.706625627945504 1
Cyclist 1358 0 1.516230922260112 1040.0845 795.7769 1070.8452 877.28534 1.7494618171670162 0.6572299641801979 1.9684054492077225 2.33432448540706 6.11549331498413 37.222607513815966 -4.704323858769971 1
bicycle_rack 1229 1 -2.816680198783175 668.08105 812.41693 755.7978 865.05334 1.1882027785095515 2.029766134200552 1.9506550468747048 -7.171621523577146 6.74571973728599 43.16335149620728 -2.9813268229394363 1
rider 87 1 -1.653544471320801 1058.9208 804.9805 1081.3492 856.7616 1.6527103641200291 0.7001539794603264 0.7166731973762295 3.6814995584575776 7.790764004999616 50.61011161591102 -1.5809299979284352 1
Cyclist 1029 0 -1.2545327029882831 116.91222 747.81757 242.27505 923.58923 1.8010528304143478 0.7445668164606913 1.965171819966259 -9.25781094876294 3.3483316137347643 17.7941778387072 -1.734266008661797 1
bicycle_rack 1232 0 -2.5085944739606716 657.13776 808.9073 743.80945 862.10126 1.2103824931641767 0.9693805900865773 2.218153069802582 -7.215945566418967 6.414580775983301 41.36784809508714 -2.6812905861804683 1
bicycle_rack 1030 2 -2.9571662925977242 519.3939 805.3685 649.62524 885.4298 1.1790090122302097 2.771024704078939 2.053900415660306 -7.490699503025806 4.97163487392849 29.982241554968468 -3.2019923612047076 1
bicycle_rack 1031 1 0.3546525013223785 362.8232 787.06287 625.43567 910.1267 1.2500728084347918 5.592641253195311 2.466720314066519 -7.760983827251466 4.3378260293776085 25.608939870360295 0.06039293623899944 1
bicycle_rack 1032 0 -2.6677516690876306 222.1347 789.964 534.21387 925.2697 1.2431533070357004 3.774821177573682 2.563357056384297 -7.880718914160255 3.7479244968780883 20.67613343959634 -3.0319036384118405 1
rider 1235 1 1.5354753935009988 1009.50995 800.0789 1028.8551 855.59827 1.8044700210898572 0.6366684249736102 0.6636182539835245 1.9742557194836865 7.822275006890093 51.03876534189361 -4.709047694402803 1
rider 1359 0 1.516102711622974 1040.9259 798.6193 1068.9353 864.57196 1.5426186722039343 0.6580063940424319 0.7503291510918013 2.335378563107305 5.924870776397942 37.34618910352274 -4.704630665450766 1
rider 1033 0 -1.2589278607567334 129.69351 750.9677 221.15585 900.2533 1.6310274958349866 0.7445668164606913 0.7862237690581861 -9.209070978518875 3.148635813718071 17.5511020941516 -1.7421399988971737 1
Cyclist 1036 0 1.9698262369320423 424.98553 761.1861 576.8129 932.449 1.7488267459677174 1.0816241437318037 1.8827742347386693 -5.447634450900998 3.465193213030963 17.841276131370837 -4.609706651968247 1
rider 1039 0 1.967559243803085 452.76233 765.3996 562.21625 904.87915 1.565032915795655 1.0791466488754335 0.6803587869921202 -5.441461467853177 3.290053807980882 17.966790031814124 -4.609706651968247 1
