Cyclist 1358 0 1.5311165138608196 1053.1368 802.1923 1076.367 866.1088 1.7494618171670162 0.6572299641801979 1.9684054492077225 3.274705843907486 7.491167212084292 47.437041435030004 -4.683145464902668 1
Cyclist 1026 0 1.3116047549847236 1268.3373 745.3594 1416.7833 1000.51447 1.780356440557435 0.7090745236926281 1.9231436878806598 3.0918973937539826 2.850035347214308 12.313146281045693 1.5576235138718113 1
Pedestrian 1027 0 1.0319937365866434 1681.3021 783.97296 1805.7095 1007.09283 1.6402770070424202 0.6192955957757218 0.6649538782205693 6.181426425555228 2.9372130526681506 11.84258495023588 1.5130593091286326 1
Cyclist 1029 0 -1.1378096245872205 251.41144 745.53955 376.74435 903.64954 1.8010528304143478 0.7445668164606913 1.965171819966259 -8.416039274971386 3.457514191548918 19.541052532164702 -1.5444856930035094 1
bicycle_rack 1232 0 -2.524801818932794 719.45056 807.6039 795.6757 854.4589 1.2103824931641767 0.9693805900865773 2.218153069802582 -6.394821779874316 7.059238022912011 46.92990422054642 -2.660230988481337 1
bicycle_rack 1032 0 -2.737825519549225 422.58606 791.99036 648.0199 895.5652 1.2431533070357004 3.774821177573682 2.563357056384297 -7.438247022237612 4.439089385772046 26.56471249370052 -3.0108386741360733 1
bicycle_rack 1031 1 0.3058574135435921 512.644 789.9442 710.39276 888.46173 1.2500728084347918 5.592641253195311 2.466720314066519 -7.198301043233912 5.049431606396119 31.537813037100907 0.08145790751698279 1
bicycle_rack 1030 2 -2.9867577283668365 613.1367 803.5468 717.13885 869.15656 1.1790090122302097 2.771024704078939 2.053900415660306 -7.090673099135441 5.656741573990943 36.057821141753145 -3.1809274676224075 1
rider 1359 0 1.5306421591225483 1053.7905 804.37634 1075.4817 856.2458 1.5426186722039343 0.6580063940424319 0.7503291510918013 3.2817824802138222 7.292085176814224 47.52126301026437 -4.683593376634952 1
rider 1033 0 -1.1368178596562124 270.5389 748.7582 354.96185 882.1864 1.6310274958349866 0.7445668164606913 0.7862237690581861 -8.41519100158506 3.2736539624335084 19.4300956205359 -1.5455299455060925 1
Cyclist 1036 0 1.881301116325404 630.311 774.99207 723.9708 891.1079 1.7488267459677174 1.0816241437318037 1.8827742347386693 -4.933989344403388 4.470081925315061 26.112016085403138 -4.5886371084122075 1
bicycle_rack 1229 2 -2.8331398328491844 731.07947 807.29675 807.87964 853.79974 1.1882027785095515 2.029766134200552 1.9506550468747048 -6.211255757740574 7.258583160373087 48.59572552650076 -2.960265412947046 1
rider 1028 0 1.3082584826273775 1279.2941 750.5143 1389.583 953.8184 1.5698605487885546 0.7050180840747915 0.8121931479893356 3.097042463324688 2.6520411502587917 12.470446743443784 1.5516841325058799 1
rider 1039 0 1.8810635233735624 642.7121 778.2212 714.6707 874.01874 1.565032915795655 1.0791466488754335 0.6803587869921202 -4.930815479414341 4.285413807999381 26.129245741855563 -4.5886371084122075 1
