Cyclist 83 0 -1.6554590917148824 1069.8756 802.7069 1095.5823 863.8115 1.7941263232120204 0.7011321364275241 2.0470852970900464 4.125023539444262 7.9678344877840335 50.8987412670057 -1.5745921057607035 1
rider 87 0 -1.6531599012233613 1071.5745 805.277 1093.8721 856.7168 1.6527103641200291 0.7001539794603264 0.7166731973762295 4.132936871208365 7.838269335962098 50.9232369130203 -1.5721772632361661 1
rider 1028 0 1.0186810763166338 1579.1769 696.02026 1851.487 1105.5267 1.5698605487885546 0.7050180840747915 0.8121931479893356 3.152929223979665 1.891187462147142 6.3203153478063285 1.4814133188083813 1
Cyclist 1358 0 1.5248223187084804 1039.916 797.94196 1067.2297 871.8863 1.7494618171670162 0.6572299641801979 1.9684054492077225 2.5215150743655848 6.608228480290631 41.00043015208105 -4.696940625625396 1
Cyclist 1026 1 1.0011495429852049 1543.7317 687.436 1935.0 1215.0 1.780356440557435 0.7090745236926281 1.9231436878806598 3.1687495720975924 2.0761080778986933 6.082681519097287 1.4814133188083813 1
Cyclist 1029 0 -1.2104651550534153 161.55205 748.0332 289.49612 919.85614 1.8010528304143478 0.7445668164606913 1.965171819966259 -8.882040361120476 3.378284297258719 18.141591640665062 -1.66575451633774 1
bicycle_rack 1232 0 -2.5132950115053134 677.6542 809.4902 760.45483 860.38995 1.2103824931641767 0.9693805900865773 2.218153069802582 -7.008446685235178 6.665216168753208 43.25907069518864 -2.6739104907950293 1
bicycle_rack 1031 1 0.34313536887569046 407.6294 788.1651 646.4625 901.6123 1.2500728084347918 5.592641253195311 2.466720314066519 -7.804438564960681 4.5795080656363645 27.622632940456796 0.06777489765198719 1
bicycle_rack 1030 2 -2.9640838720186595 547.2116 803.0101 667.9407 877.4321 1.1790090122302097 2.771024704078939 2.053900415660306 -7.5133140979826445 5.163056325260325 32.01257284489676 -3.19461042586227 1
rider 1359 0 1.5243005642403604 1041.0189 800.49005 1066.3462 860.642 1.5426186722039343 0.6580063940424319 0.7503291510918013 2.5272845682686627 6.3956167521483565 40.95105790298436 -4.69724815906876 1
rider 1033 0 -1.2085007779156387 180.20183 751.3482 270.3192 895.98517 1.6310274958349866 0.7445668164606913 0.7862237690581861 -8.8638484255873 3.192171444106073 18.03615294320027 -1.665284175855572 1
Cyclist 1036 0 1.9315804291759004 513.2829 769.1991 638.00464 915.83374 1.7488267459677174 1.0816241437318037 1.8827742347386693 -5.324267293272525 3.8508735365378084 20.789222408051195 -4.6023230816849665 1
bicycle_rack 1229 2 -2.8218585387111235 689.2988 811.2375 773.2544 861.7984 1.1882027785095515 2.029766134200552 1.9506550468747048 -6.879265733338503 6.925772544369685 44.88298602459238 -2.973946084624754 1
bicycle_rack 1032 0 -2.692129369491577 295.69348 791.2374 573.2365 914.07556 1.2431533070357004 3.774821177573682 2.563357056384297 -7.815625612902777 3.986655732114131 22.64085897532687 -3.0245216794326564 1
rider 1039 0 1.9301892791058997 533.7234 773.91486 626.02167 893.8775 1.565032915795655 1.0791466488754335 0.6803587869921202 -5.32028462687413 3.68671232922708 20.89457039170425 -4.6023230816849665 1
