Cyclist 1358 0 1.495681422619663 1077.0441 786.7102 1117.2914 887.9432 1.7494618171670162 0.6572299641801979 1.9684054492077225 2.7123684603246314 5.102019601810133 29.994897934104713 -4.697321501871711 1
bicycle_rack 1229 1 -2.798712569013869 644.48676 805.73285 742.4825 863.6919 1.1882027785095515 2.029766134200552 1.9506550468747048 -6.969341968464708 6.053723567446417 39.07405757846276 -2.975218830828396 1
Cyclist 83 1 -1.6584936656608256 1072.7169 798.10645 1099.2003 860.4529 1.7941263232120204 0.7011321364275241 2.0470852970900464 4.139420275270946 7.675803676084805 49.75617053262942 -1.575490699519007 1
bicycle_rack 1232 0 -2.492549737215769 637.3437 804.5488 732.96893 863.3282 1.2103824931641767 0.9693805900865773 2.218153069802582 -6.911385086494416 5.817774147193919 37.421255267365126 -2.675183126733617 1
bicycle_rack 1030 2 -2.9214405405662847 457.44986 798.464 614.29846 890.86786 1.1790090122302097 2.771024704078939 2.053900415660306 -7.299672279589977 4.355201117796086 25.92699341627017 -3.1958833803150233 1
bicycle_rack 1032 1 -2.5998294648286504 55.75519 784.6279 467.1633 955.1491 1.2431533070357004 3.774821177573682 2.563357056384297 -7.584384991133889 3.2445586937479547 16.715025801451596 -3.025794638049345 1
rider 87 1 -1.6559234757628762 1074.567 800.33746 1097.4668 852.9698 1.6527103641200291 0.7001539794603264 0.7166731973762295 4.143969425936146 7.526792945994902 49.71181925843954 -1.5727559175441361 1
rider 1235 1 1.5228808386787351 1035.7748 791.6484 1058.7151 856.59644 1.8044700210898572 0.6366684249736102 0.6636182539835245 2.504108671998974 6.703758266753164 43.602980819685705 -4.702937722877975 1
rider 1359 0 1.4945819915175935 1078.7867 790.02234 1114.3204 871.7425 1.5426186722039343 0.6580063940424319 0.7503291510918013 2.7223197937186896 4.912957633548597 30.143818494068423 -4.698536602782148 1
rider 1033 1 -1.0941668429206262 85.45052 750.6777 190.15102 906.8198 1.6310274958349866 0.7445668164606913 0.7862237690581861 -9.16668717203631 3.06722121263346 16.672793698695262 -1.5968558082248983 1
bicycle 1230 0 1.5254119450966082 1034.739 788.91644 1059.845 864.8281 1.9313287528152072 0.6366684249736102 2.0659173025477258 2.497096740595321 6.823040382934465 43.56386458845555 -4.700515648559659 1
Cyclist 1029 1 -1.0894776533615795 66.61586 747.8484 224.81844 931.95953 1.8010528304143478 0.7445668164606913 1.965171819966259 -9.184620762122602 3.2748509058616433 16.937520412580103 -1.5863627240345148 1
Cyclist 1036 0 2.075929660007592 202.85461 738.21246 450.28467 990.95465 1.7488267459677174 1.0816241437318037 1.8827742347386693 -5.119805555480352 2.7512037998548857 12.234102220980246 -4.603596317662838 1
bicycle_rack 1031 1 0.3943850390960299 268.0478 778.4507 596.071 924.94946 1.2500728084347918 5.592641253195311 2.466720314066519 -7.365779426974755 3.768390943799372 21.65378326728176 0.06650193861420162 1
rider 1039 0 2.0730811069020527 254.7643 743.09467 422.3096 947.3758 1.565032915795655 1.0791466488754335 0.6803587869921202 -5.111625849552361 2.569580171180602 12.312928933699398 -4.603596317662838 1
