Cyclist 1358 0 1.500742114050909 1066.048 788.71265 1104.3582 886.3246 1.7494618171670162 0.6572299641801979 1.9684054492077225 2.56525095448573 5.265295635076924 31.107585302301295 -4.700165519439848 1
rider 1235 1 1.5247322526717628 1028.667 793.57477 1050.8593 856.5381 1.8044700210898572 0.6366684249736102 0.6636182539835245 2.358386211222717 6.915690177380519 44.98111255057359 -4.706070430038439 1
Cyclist 83 2 -1.6580540648955615 1067.3864 798.08923 1093.7754 860.29877 1.7941263232120204 0.7011321364275241 2.0470852970900464 3.9696089874209894 7.688512872857507 49.869881601896196 -1.5786222173542646 1
Cyclist 1029 1 -1.0955852532268293 73.813095 753.4862 229.3505 936.4032 1.8010528304143478 0.7445668164606913 1.965171819966259 -9.209834384510076 3.3569483220222764 17.105248902918678 -1.5894956103891174 1
bicycle_rack 1232 0 -2.4951017734944516 637.1975 808.69305 731.3081 866.65564 1.2103824931641767 0.9693805900865773 2.218153069802582 -7.05047569368708 6.0011446938066655 38.05090094641738 -2.6783145447137473 1
bicycle_rack 1030 2 -2.9268762846584044 463.4296 802.7191 616.1406 893.61084 1.1790090122302097 2.771024704078939 2.053900415660306 -7.39062763325419 4.499624534339557 26.483756995372993 -3.199015579844133 1
bicycle_rack 1031 1 0.38894917773845233 276.8829 784.1891 596.6395 929.15656 1.2500728084347918 5.592641253195311 2.466720314066519 -7.450361679061032 3.906386173663114 22.069056676101354 0.06336972796175688 1
bicycle_rack 1032 1 -2.6088147969383595 76.01421 787.61707 470.9032 952.4608 1.2431533070357004 3.774821177573682 2.563357056384297 -7.721123507873841 3.343619309618231 17.284538584651976 -3.0289268476681928 1
rider 87 2 -1.655420752366951 1069.1335 800.34045 1091.9568 852.84314 1.6527103641200291 0.7001539794603264 0.7166731973762295 3.9724885166699693 7.542301809450798 49.842087297146115 -1.5758873874754449 1
rider 1359 0 1.4994493560725726 1067.4664 792.4006 1101.4998 871.1089 1.5426186722039343 0.6580063940424319 0.7503291510918013 2.574506864742019 5.090930090247323 31.3003860699648 -4.701669087141274 1
bicycle 1230 1 1.527287876540389 1027.6704 791.021 1051.847 864.5637 1.9313287528152072 0.6366684249736102 2.0659173025477258 2.3527119603602364 7.043878442319539 44.98779767183361 -4.703648359746629 1
Cyclist 1036 0 2.046781904546452 261.6686 746.54407 484.7914 981.0943 1.7488267459677174 1.0816241437318037 1.8827742347386693 -5.1145407577293724 2.901225862617052 13.173724238274554 -4.6067292106312685 1
bicycle_rack 1229 1 -2.7990537733340997 640.8785 808.7147 737.52435 865.9851 1.1882027785095515 2.029766134200552 1.9506550468747048 -7.18312721734237 6.202296319267832 39.63255919997778 -2.9783505211936445 1
rider 1033 1 -1.0935046159265025 77.966286 756.2236 182.81451 912.52203 1.6310274958349866 0.7445668164606913 0.7862237690581861 -9.25776377287873 3.1319906216021938 16.68812525545245 -1.5999885483008558 1
rider 1039 0 2.046876311521558 301.3604 751.6514 456.35046 942.83075 1.565032915795655 1.0791466488754335 0.6803587869921202 -5.111197988718086 2.7140883049391302 13.161431167782338 -4.6067292106312685 1
