Cyclist 1358 0 1.5074122016654146 1046.9149 793.2932 1081.6101 883.26855 1.7494618171670162 0.6572299641801979 1.9684054492077225 2.313110487389191 5.66130045557513 33.753630537038056 -4.707350845947092 1
bicycle_rack 1229 1 -2.8077402307252513 646.6276 813.00055 739.2301 868.27277 1.1882027785095515 2.029766134200552 1.9506550468747048 -7.360007833691618 6.511156800981795 41.1636978758811 -2.984669141926537 1
Cyclist 83 2 -1.6586893547403365 1058.9092 804.24927 1085.1471 866.30804 1.7941263232120204 0.7011321364275241 2.0470852970900464 3.709422726493711 7.938824291596634 50.20680028904671 -1.5849404759181487 1
Cyclist 1029 0 -1.2389023587620491 76.087555 756.05804 209.63799 939.33685 1.8010528304143478 0.7445668164606913 1.965171819966259 -9.367823954303091 3.4001634624659385 17.201796038770087 -1.7375779525231112 1
bicycle_rack 1232 0 -2.5010453193261974 638.07825 809.5262 729.2413 865.5308 1.2103824931641767 0.9693805900865773 2.218153069802582 -7.304387609110396 6.181281207357028 39.338994941912496 -2.68463261124351 1
bicycle_rack 1030 2 -2.9389044387194234 477.4534 805.31604 621.30475 892.1637 1.1790090122302097 2.771024704078939 2.053900415660306 -7.578063885360189 4.7036134947130765 27.76668355244406 -3.2053352138055553 1
bicycle_rack 1031 1 0.3719816517176239 309.0425 785.702 604.686 921.8326 1.2500728084347918 5.592641253195311 2.466720314066519 -7.608970473982424 4.069341257590265 23.35660941257249 0.057050072245220296 1
rider 87 2 -1.6561510919838314 1060.7987 807.1079 1083.4769 859.38025 1.6527103641200291 0.7001539794603264 0.7166731973762295 3.716688176750391 7.809808321818387 50.17086031648516 -1.5822055493067102 1
rider 1235 1 1.5288873875589146 1013.5613 794.8687 1034.5448 854.6482 1.8044700210898572 0.6366684249736102 0.6636182539835245 1.985874680760485 7.225063743977826 47.360109203916366 1.570794217138236 1
rider 1359 0 1.5067611811642356 1048.3314 796.7073 1079.6135 869.6649 1.5426186722039343 0.6580063940424319 0.7503291510918013 2.3152338509505617 5.465736303242608 33.77070825889667 -4.707973777498859 1
rider 1033 0 -1.2442575836146212 92.74003 759.49774 188.66762 913.9571 1.6310274958349866 0.7445668164606913 0.7862237690581861 -9.330383654551964 3.204579610764392 17.03083331717294 -1.745450504027548 1
bicycle 1230 1 1.5313678945513676 1012.77954 792.39087 1035.501 862.309 1.9313287528152072 0.6366684249736102 2.0659173025477258 1.9803919490101356 7.344268273104522 47.29539140876324 -4.709969027899135 1
Cyclist 1036 0 2.003640466652877 344.21753 757.4824 531.1593 962.1704 1.7488267459677174 1.0816241437318037 1.8827742347386693 -5.214189720690074 3.170992651090896 15.050500647289834 -4.613050246787639 1
bicycle_rack 1032 1 -2.635377310946484 132.82422 788.60187 491.97147 940.67175 1.2431533070357004 3.774821177573682 2.563357056384297 -7.849115022321954 3.4964930031729677 18.57167553104709 -3.0352465013095933 1
rider 1039 0 2.0039176201111344 374.80048 762.53625 508.08923 929.81995 1.565032915795655 1.0791466488754335 0.6803587869921202 -5.211081144047691 2.984269970269925 15.028061330163746 -4.613050246787639 1
