bicycle_rack 1228 2 -2.9871070377548983 722.8751 811.16724 791.92914 856.9247 1.2636696617250365 1.4205351470360843 1.9995402939781113 -6.523359661350339 7.329333903936368 47.96838633853847 -3.122270759088159 1
bicycle_rack 1229 1 -2.7619699159150293 594.3599 806.6262 718.0878 878.9275 1.1882027785095515 2.029766134200552 1.9507950352609262 -6.42077068096852 5.176149638276888 31.644364478396163 -2.9621562951083953 1
rider 1359 0 1.3581980378929552 1212.3103 778.87683 1287.5634 931.89276 1.5426186722039343 0.6580063940424319 0.7503291510918013 3.123301937972104 3.2529820999776606 16.228655943515445 1.5483293243617888 1
Cyclist 83 2 -1.662994560410097 1098.4604 807.7469 1126.4933 873.4706 1.7941263232120204 0.7011321364275241 2.0470852970900464 4.799206411019815 7.734924380845804 47.5611004172802 -1.5624288337772565 1
bicycle 1237 0 -2.7526258847206857 706.8756 812.25494 770.38116 855.1904 1.1607427131281298 0.5306138729259883 1.8279036239450852 -6.707513473461384 6.865566875521504 45.05901990148391 -2.9004013348427176 1
bicycle 1230 0 1.4971086433299154 1090.2228 784.7703 1129.6372 895.82587 1.9313287528152072 0.6366684249736102 2.0659173025477258 2.972797714956725 5.254427853054722 30.043767090606508 -4.687448812054828 1
Cyclist 1358 0 1.357715369598512 1202.9502 773.9035 1303.2277 966.1302 1.7494618171670162 0.6572299641801979 1.9684054492077225 3.116411820036844 3.456258128685616 16.13843913742196 1.5484723289471853 1
bicycle_rack 1231 1 -2.9810904854905185 708.2763 811.0715 787.75116 859.74554 1.2636696617250365 1.7020307475154413 2.195089619867215 -6.590218029884289 7.144759423868084 46.36824060157724 -3.1222727535756043 1
bicycle_rack 1232 0 -2.4534552080298693 585.0908 809.1634 704.45337 883.8421 1.2103824931641767 0.9693805900865773 2.218153069802582 -6.315842008431157 5.001617163465804 29.827055178350008 -2.6621217107481017 1
bicycle_rack 1032 2 -2.35330253292194 0.0 769.2527 187.1044 1105.7094 1.2431533070357004 3.774821177573682 2.563357056384297 -7.216586714070733 2.3383694614396835 9.309469578993886 -3.0127298843248305 1
bicycle_rack 1030 1 -2.8251552056863947 270.82825 798.1751 515.0624 930.3588 1.1790090122302097 2.771024704078939 2.053900415660306 -6.9163339175084175 3.4885791179763377 18.505854331152968 -3.1828186710578104 1
Pedestrian 1233 0 1.6973489402301662 690.0166 796.8695 712.1445 852.9647 1.6608790038681993 0.5998467156082029 0.6973987197159544 -8.15034490531302 7.091242934758338 46.859987749522226 1.525141931425693 1
rider 87 2 -1.660664143767626 1100.8209 810.33673 1124.933 865.6392 1.6527103641200291 0.7001539794603264 0.7166731973762295 4.810732285588889 7.585623978937115 47.4831923149871 -1.5596942513188323 1
rider 1235 0 1.4943103097509285 1092.8359 788.405 1127.1833 883.12756 1.8044700210898572 0.6366684249736102 0.6636182539835245 2.979630081960071 5.121354086137027 29.997632696306752 -4.6898709030766765 1
rider 1033 1 -1.0425980604188476 0.0 750.84393 123.118706 930.3985 1.6310274958349866 0.7445668164606913 0.7862237690581861 -8.739618256437968 2.8891448768638237 14.540597959075626 -1.5837888502885011 1
Car 92 0 -1.5465507603533108 943.7437 801.69324 999.2512 863.9585 1.5536897051421772 1.815618583562109 4.276186637954748 0.3931722731499235 7.931500594935887 51.781828794496114 -1.5389580443967583 1
Cyclist 1029 1 -1.0290614532490807 0.0 746.3726 149.75586 964.20325 1.8010528304143478 0.7445668164606913 1.965171819966259 -8.74221938013195 3.0543245727892003 14.445192252469006 -1.573295156986146 1
bicycle_rack 1031 1 0.5429844311432876 0.0 768.0065 462.04156 1006.9923 1.2500728084347918 5.592641253195311 2.466720314066519 -7.077796574234056 2.8816184492186143 14.16373191689376 0.07956669669187044 1
Pedestrian 1234 1 1.6538136984761103 669.2883 790.91455 693.92957 850.0979 1.6710624736467217 0.6695064121838818 0.6842043598795569 -8.35606928486838 6.674921836849752 44.699618501627185 1.4690084574823201 1
ride_other 1239 2 1.6469191156593987 682.7973 821.533 701.79034 850.53064 0.7764031131066704 0.516495947661567 0.6730943705201922 -8.145174111773438 6.780087658519023 45.29832410743149 1.4690084574823201 1
