Cyclist 1358 0 1.4350686771049475 1173.1046 766.6885 1247.3701 929.61835 1.7494618171670162 0.6572299641801979 1.9684054492077225 3.101658975315741 3.6241380628434188 18.778979626333946 -4.684427895400246 1
bicycle_rack 1228 2 -2.991323470824319 730.1552 797.2869 797.0224 841.2764 1.2636696617250365 1.4205351470360843 1.9995402939781113 -6.515322582402296 7.042926763243523 49.405004161630266 -3.122442619255417 1
bicycle_rack 1229 1 -2.7702651107961866 610.1103 794.298 727.8794 862.47217 1.1882027785095515 2.029766134200552 1.9507950352609262 -6.429638944686842 5.066418540720833 33.064066896259014 -2.962328131296573 1
rider 1359 0 1.4339823631338096 1178.3492 771.63153 1239.0403 902.7088 1.5426186722039343 0.6580063940424319 0.7503291510918013 3.109751022071319 3.4291595506591936 18.843018638826 -4.685642591893421 1
Cyclist 83 2 -1.6629166872879007 1098.222 791.90533 1125.965 856.2562 1.7941263232120204 0.7011321364275241 2.0470852970900464 4.836224456081178 7.274610640267082 48.04806342496187 -1.5626006616706587 1
bicycle 1237 0 -2.757581304105524 715.1704 799.59503 776.7037 840.92786 1.1607427131281298 0.5306138729259883 1.8279036239450852 -6.694058823351785 6.6477929006478504 46.49476306833468 -2.900573166621561 1
bicycle 1230 0 1.5010377181420909 1085.5956 778.74493 1121.6746 880.8193 1.9313287528152072 0.6366684249736102 2.0659173025477258 3.0787098152632164 5.37905195453959 32.472609497335824 -4.687620705264566 1
bicycle_rack 1231 1 -2.9855112634216576 716.1107 796.50714 792.9619 843.14764 1.2636696617250365 1.7020307475154413 2.195089619867215 -6.587449951356863 6.849648281816346 47.80592295362647 -3.122444613806281 1
bicycle_rack 1232 0 -2.4632718015276187 602.78046 795.6451 716.8141 865.9901 1.2103824931641767 0.9693805900865773 2.218153069802582 -6.301630831745034 4.885235760599144 31.2438670437716 -2.6622935323781576 1
bicycle_rack 1032 1 -2.4137323636275623 0.0 758.8664 261.2253 1034.3401 1.2431533070357004 3.774821177573682 2.563357056384297 -7.352037674929596 2.3900024316554385 10.765620963502318 -3.0129017502357973 1
bicycle_rack 1030 1 -2.848510042977912 323.00888 788.29706 544.21344 908.948 1.1790090122302097 2.771024704078939 2.053900415660306 -6.917908130433372 3.509859875842742 19.9054293179222 -3.1829905363590068 1
Pedestrian 1233 0 1.6915892867587097 699.3299 780.75464 720.07697 831.8138 1.5845129773328381 0.5998467156082029 0.5664855313696122 -8.159443066563975 6.6718595465513655 48.51656514755597 1.5249699996756765 1
Pedestrian 1234 1 1.6485857387365088 678.79785 784.99945 700.1026 841.58527 1.6710624736467217 0.6036484791732744 0.6402990712058496 -8.447482906308204 6.685487212172582 46.48871421981709 1.4688365726829473 1
rider 87 2 -1.6606341164608405 1100.6274 794.30176 1124.5131 848.8389 1.6527103641200291 0.7001539794603264 0.7166731973762295 4.846335303266385 7.123337362404735 47.93107661152283 -1.5598660765907972 1
rider 1235 0 1.4985106112623585 1087.5917 782.60956 1119.1687 869.86035 1.8044700210898572 0.6366684249736102 0.6636182539835245 3.084008075613929 5.266861568285648 32.49217878591474 -4.690042796067646 1
Cyclist 1029 1 -1.038636394057876 0.0 717.8784 164.67567 923.7483 1.8010528304143478 0.7445668164606913 1.965171819966259 -8.859807550029075 2.7920625010767828 14.955167138326852 -1.573467059804762 1
bicycle_rack 1031 1 0.5068463063163131 0.0 759.72925 499.32077 968.5673 1.2500728084347918 5.592641253195311 2.466720314066519 -7.089444633381089 2.913372411297944 15.562725099916396 0.07939483072315756 1
ride_other 1239 2 1.6402353513154868 693.2485 814.24396 711.4337 842.12946 0.7764031131066704 0.516495947661567 0.6730943705201922 -8.118662895265341 6.760638406644474 46.90234492419351 1.4688365726829473 1
rider 1033 1 -1.0492187224066267 13.560441 721.4967 134.22633 894.37054 1.6310274958349866 0.7445668164606913 0.7862237690581861 -8.856245191129275 2.6225809156461555 14.952176254687162 -1.5839607451053552 1
