Cyclist 1358 0 1.4565170839313968 1146.6417 763.2934 1209.1459 905.98315 1.7494618171670162 0.6572299641801979 1.9684054492077225 3.0580989258674363 3.808431516075361 21.255207752753414 -4.683773538667348 1
bicycle_rack 1228 2 -2.994927994651083 737.6498 785.62634 802.5334 828.0605 1.2636696617250365 1.4205351470360843 1.9995402939781113 -6.478518905855491 6.801359223033435 50.79387435019883 -3.1217883205715933 1
bicycle_rack 1229 1 -2.776917706823568 624.1339 790.80554 736.7465 855.9572 1.1882027785095515 2.029766134200552 1.9507950352609262 -6.432857580804254 5.1370628766604876 34.42100987243548 -2.961673923952997 1
rider 1359 0 1.4548152444572047 1151.3103 766.9771 1203.9963 882.8159 1.5426186722039343 0.6580063940424319 0.7503291510918013 3.0666446421070113 3.597183469176432 21.24118756101664 -4.684988214660679 1
Cyclist 83 1 -1.6604875331351032 1095.6926 781.39764 1123.1228 844.91846 1.7941263232120204 0.7011321364275241 2.0470852970900464 4.777406413880341 6.958734801195694 48.32435938422118 -1.5619464858328505 1
bicycle 1237 0 -2.7613795560682046 722.84094 788.1632 782.62134 828.0917 1.1607427131281298 0.5306138729259883 1.8279036239450852 -6.671295874395764 6.436321082541103 47.84602140724218 -2.8999189760611257 1
bicycle 1230 0 1.507104991685516 1078.9098 769.92285 1111.8578 863.9256 1.9313287528152072 0.6366684249736102 2.0659173025477258 3.125224009430487 5.424247037802156 34.97705881884522 -4.686966280767949 1
Cyclist 1029 2 -1.0520276357367302 6.470775 718.0592 188.80785 917.744 1.8010528304143478 0.7445668164606913 1.965171819966259 -8.82733768520014 2.821015773580021 15.38923811667796 -1.5728125987258759 1
bicycle_rack 1232 0 -2.4718351843247217 619.4853 787.3413 728.72546 854.1208 1.2103824931641767 0.9693805900865773 2.218153069802582 -6.268877324087408 4.857204983020211 32.63055262526252 -2.661639380435145 1
bicycle_rack 1030 1 -2.8674637944774464 366.07553 777.97565 568.70624 888.86 1.1790090122302097 2.771024704078939 2.053900415660306 -6.926185919814548 3.5017324821812785 21.264994889927927 -3.1823362181035604 1
bicycle_rack 1032 1 -2.4691023218427786 0.0 757.5257 333.8963 995.7721 1.2431533070357004 3.774821177573682 2.563357056384297 -7.309833891614171 2.4976495167196924 12.10812921491556 -3.012247429655342 1
Pedestrian 1233 0 1.685845303378692 709.53107 776.13184 729.542 825.57666 1.5845129773328381 0.5998467156082029 0.5664855313696122 -8.085821414078211 6.67442679381672 50.034181410840155 1.5256245709001512 1
Pedestrian 1234 1 1.6412563168506582 691.5735 768.9985 711.97156 823.36865 1.6710624736467217 0.6036484791732744 0.6402990712058496 -8.354939060526446 6.345585067131259 48.162279066067576 1.469490965165721 1
rider 87 1 -1.6579491119102994 1097.6862 783.8932 1121.3163 837.8237 1.6527103641200291 0.7001539794603264 0.7166731973762295 4.787330444539788 6.829430556477604 48.32791473877793 -1.5592119107327485 1
rider 1235 0 1.504510404695429 1080.7098 772.78986 1109.8802 853.6218 1.8044700210898572 0.6366684249736102 0.6636182539835245 3.130146355340296 5.2957639365399185 34.96410934611952 -4.6893883724037835 1
rider 1033 1 -1.060544596377612 39.72278 720.4493 156.31203 889.0746 1.6310274958349866 0.7445668164606913 0.7862237690581861 -8.824122078889838 2.634895740058826 15.3134158671415 -1.5833063144888282 1
bicycle_rack 1231 1 -2.9896513249957426 724.64764 784.19867 799.10657 829.05865 1.2636696617250365 1.7020307475154413 2.195089619867215 -6.5388208087843145 6.597165204380575 49.19606960459375 -3.1217903148806885 1
bicycle_rack 1031 1 0.47621741235709925 64.79131 754.95056 532.37164 941.70435 1.2500728084347918 5.592641253195311 2.466720314066519 -7.075598002119042 2.9721493618495645 16.91578206024117 0.08004915152353509 1
ride_other 1239 2 1.6364220125566136 700.50854 797.43854 717.93695 824.04034 0.7764031131066704 0.516495947661567 0.6730943705201922 -8.204257027302804 6.4357770111371675 48.690214714460105 1.469490965165721 1
