bicycle_rack 1228 2 -2.9737350719756463 696.2904 792.5753 773.0606 842.436 1.2636696617250365 1.4205351470360843 1.9995402939781113 -6.577369815568474 6.2256356646367585 43.525842991614255 -3.1237144529754586 1
bicycle_rack 1229 1 -2.730688721875706 530.6927 792.74634 677.87775 876.23114 1.1882027785095515 2.029766134200552 1.9507950352609262 -6.444408636865804 4.368882464711116 27.166823645484634 -2.9635997878418214 1
rider 1235 0 1.4110091293277327 1148.2635 762.7772 1199.7108 894.32666 1.8044700210898572 0.6366684249736102 0.6636182539835245 3.0609485091180657 3.8233409010343165 21.559074202020522 1.5520460763613197 1
Cyclist 83 0 -1.668967241433096 1104.7942 786.5926 1133.8881 852.9522 1.7941263232120204 0.7011321364275241 2.0470852970900464 4.900542399347215 6.928283851110335 46.45784960579034 -1.5638722564021692 1
bicycle 1230 0 1.410256733034172 1142.562 757.95215 1210.2957 913.1403 1.9313287528152072 0.6366684249736102 2.0659173025477258 3.0600919491213476 3.9305394633139255 21.431141505091105 1.5520852091648223 1
Cyclist 1358 0 1.1618632691299602 1443.8676 715.6715 1734.1321 1124.4417 1.7494618171670162 0.6572299641801979 1.9684054492077225 3.192579555151112 2.2850116596864547 7.831690325627912 1.5489460419583043 1
Cyclist 1029 2 -0.9897414942019255 0.0 722.6364 80.157555 963.53625 1.8010528304143478 0.7445668164606913 1.965171819966259 -8.585993555647786 2.7126151495783386 12.963220091597947 -1.5747392090764025 1
bicycle_rack 1231 1 -2.966648087187667 679.1608 789.4408 767.9408 842.43835 1.2636696617250365 1.7020307475154413 2.195089619867215 -6.641164977674019 5.973373851030334 41.933724626619764 -3.1237164479937567 1
bicycle_rack 1030 1 -2.729944023444722 33.727036 777.2252 391.68808 951.36194 1.1790090122302097 2.771024704078939 2.053900415660306 -6.862748788418826 2.75578750800077 14.05171436167752 -3.184262407921502 1
Pedestrian 1233 0 1.7172008273558599 655.38837 773.8502 680.8523 838.95984 1.716664494795552 0.5998467156082029 0.6711849975487041 -8.108021005074075 5.872759185620777 41.37694021291615 1.523697636295577 1
Pedestrian 1234 1 1.6777932432754654 626.597 776.47107 657.47095 843.0397 1.6710624736467217 0.7353643451944893 0.6073701047005259 -8.413346514475615 5.70186089061634 39.4286536809229 1.4675645567956148 1
rider 87 0 -1.666208372029331 1106.6976 789.15656 1131.4615 845.3356 1.6527103641200291 0.7001539794603264 0.7166731973762295 4.900835878797185 6.796809472118448 46.471440807785996 -1.5611376519199334 1
rider 1359 0 1.1679003385584972 1473.546 723.1078 1655.6458 1036.8376 1.5426186722039343 0.6580063940424319 0.7503291510918013 3.1949329170503957 2.0914554217935626 7.974856555659969 1.5489460419583043 1
rider 1033 2 -0.9874680045877531 0.0 726.93964 47.083626 926.31885 1.6310274958349866 0.7445668164606913 0.7862237690581861 -8.578140083977358 2.546990410831273 13.030071973920368 -1.5696796686546621 1
Car 92 0 -1.5698722696547085 946.7809 784.6899 1005.71533 850.0328 1.5536897051421772 1.815618583562109 4.276186637954748 0.48465577522594977 6.9347342426263054 48.211807405085594 -1.5598199717511465 1
bicycle 1237 0 -2.7386676345521317 679.71515 794.90326 750.3279 842.2375 1.1607427131281298 0.5306138729259883 1.8279036239450852 -6.67737757443432 5.825319606624976 40.55718686232058 -2.9018447905133686 1
bicycle_rack 1232 0 -2.4227706094742065 523.90436 791.3476 664.6342 878.68353 1.2103824931641767 0.9693805900865773 2.218153069802582 -6.200695994779698 4.125648861069042 25.25135756515027 -2.6635650810450273 1
bicycle_rack 1031 1 0.7040207940425902 0.0 738.5804 288.90506 1107.5851 1.2500728084347918 5.592641253195311 2.466720314066519 -7.03137527494677 2.208777544936637 9.727288018956209 0.07812295424167082 1
Car 1238 1 1.6860562158863683 733.53723 779.0217 808.20593 842.0047 1.5292405015843467 1.941616610323969 4.25259741105879 -6.172732656968132 6.789275820905537 48.90145914077415 1.5604923115939058 1
ride_other 1239 1 1.6738020729630156 637.1521 810.26025 659.4506 842.9756 0.7764031131066704 0.516495947661567 0.6730943705201922 -8.357401116112696 5.7726530638707025 39.94701312889087 1.4675645567956148 1
