Cyclist 83 1 -1.6697427558494178 1106.7787 791.5559 1135.841 857.9427 1.7941263232120204 0.7011321364275241 2.0470852970900464 4.976247416502758 7.101039050438262 46.59371844072865 -1.563345248996517 1
bicycle_rack 1228 2 -2.9777244330725496 704.3637 792.91406 778.864 841.4209 1.2636696617250365 1.4205351470360843 1.9995402939781113 -6.5535114242420835 6.371519673343045 44.73458572405359 -3.1231873464900586 1
bicycle_rack 1229 1 -2.7401841062143113 550.26605 794.40076 690.29517 874.3331 1.1882027785095515 2.029766134200552 1.9507950352609262 -6.430818769187971 4.536970537463347 28.372783762463573 -2.963072754725958 1
bicycle 1230 0 1.4663421335787188 1128.7821 766.6014 1182.5012 906.0553 1.9313287528152072 0.6366684249736102 2.0659173025477258 3.083177093208712 4.29132654776854 23.865594450868862 -4.68836557565103 1
Cyclist 1358 0 1.2452585494073674 1342.961 738.57355 1537.2319 1047.234 1.7494618171670162 0.6572299641801979 1.9684054492077225 3.2014907256861145 2.5999229605584517 10.197122801029282 1.5494731542148927 1
bicycle_rack 1231 1 -2.9708752615198923 687.858 792.7353 773.9119 844.37054 1.2636696617250365 1.7020307475154413 2.195089619867215 -6.620973889763442 6.202282284666749 43.132540764716964 -3.123189341315035 1
bicycle_rack 1232 0 -2.432075281008484 542.7126 796.3387 676.89355 879.78864 1.2103824931641767 0.9693805900865773 2.218153069802582 -6.231245444566704 4.356024448803019 26.497988475304712 -2.663038092669394 1
bicycle_rack 1030 1 -2.763322121047544 118.66733 784.57275 436.89133 945.3782 1.1790090122302097 2.771024704078939 2.053900415660306 -6.807607290717531 2.9573014437029386 15.22722329653157 -3.1837352857846732 1
Pedestrian 1233 0 1.7114898045448173 665.7915 777.9164 689.83905 840.39343 1.716664494795552 0.5998467156082029 0.6035298517459862 -8.138569355932258 6.143801204622004 42.950995612804405 1.5242249622791721 1
Pedestrian 1234 1 1.6710566301159036 641.11896 777.6045 665.70764 841.6745 1.6710624736467217 0.603648479173259 0.5634648160267961 -8.396406374279408 5.869009749463878 40.799137655559775 1.468091738753814 1
rider 87 1 -1.6671452774821696 1108.927 794.2013 1133.6593 850.3351 1.6527103641200291 0.7001539794603264 0.7166731973762295 4.980707266232491 6.9665398583661275 46.574997953924196 -1.5606106525560939 1
rider 1235 0 1.463773214298782 1132.7665 770.44934 1177.2529 889.3421 1.8044700210898572 0.6366684249736102 0.6636182539835245 3.086644511022358 4.160184303430717 23.864857582770444 -4.690787665505806 1
rider 1359 0 1.24925800336749 1361.3513 745.8008 1491.7384 986.3727 1.5426186722039343 0.6580063940424319 0.7503291510918013 3.205787338700433 2.410729527785051 10.355546691437253 1.5494731542148927 1
rider 1033 1 -1.002745140966494 0.0 716.72394 77.55587 909.12573 1.6310274958349866 0.7445668164606913 0.7862237690581861 -8.551057145536204 2.4809016292347907 13.44693020026452 -1.5691524562451002 1
Car 1238 1 1.6860609076368152 735.19165 784.7469 808.27625 846.8504 1.5292405015843467 1.941616610323969 4.25259741105879 -6.279138144937343 7.097168808464051 49.954476436103285 1.561019491759955 1
Car 92 0 -1.5697027468191258 947.8413 786.8945 1005.7042 851.25464 1.5536897051421772 1.815618583562109 4.276186637954748 0.5107853579103422 7.1014641012033275 49.06515537424663 -1.5592927745479042 1
bicycle 1237 0 -2.744561917495955 690.6597 799.4852 759.0942 845.4676 1.1607427131281298 0.5306138729259883 1.8279036239450852 -6.611961756040958 6.100142124401568 41.83394389908782 -2.901317770935429 1
Cyclist 1029 1 -1.0047185605954003 0.0 712.42993 107.946175 944.018 1.8010528304143478 0.7445668164606913 1.965171819966259 -8.552386244472483 2.640510111658526 13.35780071873936 -1.574211971830183 1
bicycle_rack 1031 1 0.6564135725570491 0.0 748.606 339.45343 1071.9408 1.2500728084347918 5.592641253195311 2.466720314066519 -7.089372303977306 2.3881998034685425 10.87366058845763 0.07865007841268734 1
ride_other 1239 2 1.66523877245995 651.8097 810.3181 673.13434 841.941 0.7764031131066704 0.516495947661567 0.6730943705201922 -8.252210649106416 5.943747712511521 41.314442732387484 1.468091738753814 1
