bicycle_rack 1229 1 -2.6255676955439187 296.4315 781.1292 532.9933 906.94885 1.1882027785095515 2.029766134200552 1.9507950352609262 -6.577752976192446 3.2089975441270755 18.178735111226626 -2.972749243513941 1
Cyclist 83 0 -1.6791983351956838 1105.2692 780.547 1136.7782 850.6209 1.7941263232120204 0.7011321364275241 2.0470852970900464 4.67491510466913 6.466164883877049 43.86383362838685 -1.5730212450056715 1
bicycle 1237 0 -2.697204991017538 590.85864 791.72437 682.1901 852.7324 1.1607427131281298 0.5306138729259883 1.8279036239450852 -6.833442812888162 4.724085282337122 31.475026322621552 -2.9109940100749556 1
Cyclist 1230 1 1.0777941307867458 1597.7554 643.5318 1935.0 1215.0 1.9313287528152072 0.6366684249736102 2.0659173025477258 3.0874950665348333 2.012944279846751 5.510956466671575 -4.694715084603719 1
bicycle_rack 1231 1 -2.929045217789356 592.3932 785.46045 708.96136 853.20734 1.2636696617250365 1.7020307475154413 2.195089619867215 -6.786610385630267 4.881407017057148 32.83439049304065 -3.132867167124494 1
Pedestrian 1233 0 1.7735529999665431 546.2113 762.8486 583.393 851.3278 1.7331862759235124 0.6078417632375641 0.7253991938857224 -8.175624330815152 4.614531885649646 30.85587924669727 1.5145431138997707 1
Pedestrian 1234 0 1.748741651678675 488.90942 763.9138 539.2239 853.2158 1.5976057079220245 0.7878334635692754 0.8340128822898271 -8.556830904068008 4.302598193904338 28.64007516469509 1.4584125365708025 1
rider 87 0 -1.6767233192440423 1107.8964 782.8928 1134.4193 842.4235 1.6527103641200291 0.7001539794603264 0.7166731973762295 4.677395870026571 6.315879985242204 43.77920624394433 -1.5702865007879805 1
rider 1235 1 1.0933054290775726 1646.9575 651.76654 1906.0745 1155.6168 1.8044700210898572 0.6366684249736102 0.6636182539835245 3.093992737480312 1.9134743230204785 5.729184105824154 -4.694715084603719 1
Car 1238 1 1.715029186814975 663.0415 773.11725 760.2376 851.12427 1.5292405015843467 1.941616610323969 4.25259741105879 -6.542645187436227 5.667943345900597 39.612382247458015 1.551340321612929 1
Cyclist 1029 2 -0.5055013595987123 0.0 677.8417 9.9377 1007.07336 1.8010528304143478 0.7445668164606913 1.965171819966259 -7.29947323616964 2.1769436734426275 9.567788511875218 -1.1572211783393516 1
bicycle_rack 1228 2 -2.9355860327552565 611.4592 786.01587 711.22437 849.04834 1.2636696617250365 1.4205351470360843 1.9995402939781113 -6.87095776501707 5.044716037894689 34.375599451303124 -3.1328651688413105 1
bicycle_rack 1232 0 -2.3032998524840176 274.39697 780.23553 491.00305 916.74207 1.2103824931641767 0.9693805900865773 2.218153069802582 -6.31829046435388 3.0023999922585514 16.318360663264496 -2.6727137531439924 1
Car 92 0 -1.5767618794531721 938.2929 778.01434 1008.53314 855.0749 1.5536897051421772 1.815618583562109 4.276186637954748 0.31767871069840303 5.9496561432380535 40.79454217834589 -1.5689747522436845 1
ride_other 1239 1 1.7388073384177531 513.8622 807.55865 546.93646 852.33167 0.7764031131066704 0.516495947661567 0.6730943705201922 -8.426679602366258 4.394866166893397 29.26115115121086 1.4584125365708025 1
