Cyclist 83 0 -1.6793590525096065 1112.0729 783.4868 1143.086 852.5134 1.7941263232120204 0.7011321364275241 2.0470852970900464 4.949281697546601 6.6325217258376705 44.600525913376586 -1.568842080067091 1
bicycle_rack 1228 2 -2.9456285058509577 636.28064 787.3102 730.72754 847.4535 1.2636696617250365 1.4205351470360843 1.9995402939781113 -6.673883818932589 5.257372220768719 36.049867280987144 -3.1286852132129397 1
bicycle_rack 1229 1 -2.6514807422919473 359.55814 784.6206 572.53485 899.91144 1.1882027785095515 2.029766134200552 1.9507950352609262 -6.502695003436998 3.4293255932553333 19.81550528463275 -2.9685698603548074 1
bicycle 1230 0 1.2255948816291946 1422.9723 690.3846 1682.6979 1116.277 1.9313287528152072 0.6366684249736102 2.0659173025477258 3.130064186610863 2.3333640318643027 8.141027331184786 -4.6905343213758535 1
bicycle_rack 1231 1 -2.9356090852593537 612.331 786.6922 722.76404 851.2542 1.2636696617250365 1.7020307475154413 2.195089619867215 -6.739717136117858 5.086808304641549 34.4718383987515 -3.128687210026169 1
bicycle_rack 1232 0 -2.3310448391024474 338.0294 784.9833 535.7668 909.5037 1.2103824931641767 0.9693805900865773 2.218153069802582 -6.27504029358691 3.2248914480726114 17.88192896098892 -2.6685347295249406 1
Pedestrian 1233 0 1.759904079260793 575.9622 759.9646 610.5115 851.40466 1.907690880093926 0.6078417632375641 0.7253991938857224 -8.041736707337268 4.894743959738697 32.694378002308525 1.5187248073562887 1
Pedestrian 1234 0 1.7313695538049452 525.3517 767.984 572.73566 850.87384 1.5976057079220245 0.8298087582690945 0.729074645540254 -8.438570169880208 4.567906536729605 30.636542879690072 1.462593086631745 1
rider 87 0 -1.6771558007340146 1115.0817 786.013 1141.1852 844.6071 1.6527103641200291 0.7001539794603264 0.7166731973762295 4.964400610455421 6.488036716318291 44.52092232251584 -1.566107399708741 1
rider 1235 0 1.2350579146586753 1445.162 699.15894 1601.2648 1040.2626 1.8044700210898572 0.6366684249736102 0.6636182539835245 3.137722920911994 2.2382888948952218 8.397325939251038 -4.6905343213758535 1
Car 1238 1 1.7090693904902015 681.328 776.2834 773.5382 851.2559 1.5292405015843467 1.941616610323969 4.25259741105879 -6.390373443721544 5.925815774527483 41.29034617052806 1.5555208580626942 1
bicycle 1237 0 -2.7061510360873413 613.72327 794.9595 700.343 852.98865 1.1607427131281298 0.5306138729259883 1.8279036239450852 -6.741257764531741 4.983222928330171 33.142680992149636 -2.9068147350238633 1
Cyclist 1029 2 -0.6100261871826076 0.0 686.8685 54.282257 985.58594 1.8010528304143478 0.7445668164606913 1.965171819966259 -7.534515052684139 2.279827692406896 10.502919187974584 -1.2323172503687116 1
Car 92 0 -1.5735318735281767 940.62915 779.39197 1008.4946 854.02893 1.5536897051421772 1.815618583562109 4.276186637954748 0.36825648893213425 6.129426613572883 42.14805709602392 -1.5647948843530506 1
ride_other 1239 1 1.7219523884310115 549.1279 808.9605 579.46265 850.91595 0.7764031131066704 0.516495947661567 0.6730943705201922 -8.283017423195382 4.663268330661948 31.217133345451984 1.462593086631745 1
