bicycle_rack 1228 2 -2.9238466847750777 581.9703 786.3942 688.54034 853.19324 1.2636696617250365 1.4205351470360843 1.9995402939781113 -7.05067539583847 4.845929733619404 32.45751303986482 -3.1377512736692807 1
bicycle_rack 1229 1 -2.590129192108176 207.69429 778.67694 479.97876 920.47186 1.1882027785095515 2.029766134200552 1.9507950352609262 -6.615677778709666 2.97435656684031 16.209258920341878 -2.9776346859416467 1
Cyclist 83 0 -1.6833131031459532 1103.8256 779.06104 1135.9109 849.76117 1.7941263232120204 0.7011321364275241 2.0470852970900464 4.59699781580781 6.379113910175633 43.45037765589463 -1.5779064219457386 1
bicycle 1237 0 -2.6821756689694287 556.262 790.55164 654.10034 855.7528 1.1607427131281298 0.5306138729259883 1.8279036239450852 -7.008170776125083 4.473107420387339 29.43948126073161 -2.915879325588656 1
bicycle_rack 1231 1 -2.9161695534676695 560.029 786.3615 685.27295 858.5315 1.2636696617250365 1.7020307475154413 2.195089619867215 -6.9538322581669965 4.688726717932582 30.867107180372823 -3.137753273625063 1
Pedestrian 1233 0 1.7892552209342478 510.6988 755.8989 552.5836 856.02136 1.8222936160021108 0.6419949045637441 0.6411044619237409 -8.16765120693312 4.343966397861099 28.446666151527936 1.5096549797736891 1
Pedestrian 1234 0 1.768224849944446 448.9349 760.57776 499.32687 854.8096 1.5768901989321582 0.7360446910945845 0.6346302324656261 -8.598565097754243 4.005998402036188 26.415132370186804 1.453525739888303 1
rider 87 0 -1.6807608969351797 1106.4434 781.6631 1133.3126 841.7719 1.6527103641200291 0.7001539794603264 0.7166731973762295 4.5949493043433876 6.235292776298472 43.355343270766795 -1.5751716030190446 1
Car 1238 1 1.7221701408332108 641.01526 771.0383 744.587 853.0965 1.5292405015843467 1.941616610323969 4.25259741105879 -6.689035097520225 5.4209690595117115 37.67457759808281 1.5464535404054236 1
Car 1675 2 -1.6124411410399886 935.9818 782.45807 988.58203 843.09985 1.5792054664598567 1.6088242521347844 3.4555608220045717 0.0038764485762537437 7.016615690622939 49.84834348900309 -1.6123633761977267 1
bicycle_rack 1232 0 -2.2589447731047754 173.5336 773.564 419.24173 928.77454 1.2103824931641767 0.9693805900865773 2.218153069802582 -6.395450667617722 2.7316802246471044 14.373120777549698 -2.6775987718570393 1
Car 92 0 -1.5650815146594774 926.45013 774.3645 999.2308 853.84424 1.5536897051421772 1.815618583562109 4.276186637954748 0.05411091610504433 5.7103544902456855 39.44396361734212 -1.563709672755218 1
ride_other 1239 1 1.759593053569734 469.89612 805.4179 507.01718 854.3608 0.7764031131066704 0.516495947661567 0.6730943705201922 -8.461206108817596 4.052628624129664 26.776246602024226 1.453525739888303 1
