Cyclist 83 0 -1.6802747875177069 1104.8729 779.4524 1136.4921 849.5656 1.7941263232120204 0.7011321364275241 2.0470852970900464 4.659171498358441 6.427827204280055 43.81032906144504 -1.5743243257619806 1
bicycle_rack 1228 2 -2.9335100683731525 605.5666 786.05927 706.5484 849.7598 1.2636696617250365 1.4205351470360843 1.9995402939781113 -6.918637775624051 5.0068041361249715 34.01566894996733 -3.1341684967218386 1
Pedestrian 1233 0 1.7763921255473374 538.3395 756.71484 577.9619 851.38367 1.82127772107041 0.6419949045637441 0.7010162818744182 -8.126400682082641 4.512640791608474 30.16476963052283 1.5132392444949945 1
rider 87 0 -1.6776078602301374 1107.2701 781.5225 1133.7788 840.9579 1.6527103641200291 0.7001539794603264 0.7166731973762295 4.66457952835355 6.281069766549782 43.83290471864785 -1.5715895616226954 1
bicycle 1237 0 -2.6935443644584756 582.3594 791.3388 675.11835 853.2588 1.1607427131281298 0.5306138729259883 1.8279036239450852 -6.892885325477634 4.663496380267093 31.005711682473393 -2.9122971267543862 1
Cyclist 1230 2 0.9756731925930922 1727.9526 603.0785 1935.0 1215.0 1.9313287528152072 0.6366684249736102 2.0659173025477258 3.1008710600498737 1.8819514562932425 4.422586958928478 -4.696018663948065 1
bicycle_rack 1231 1 -2.926596929180015 585.6688 785.2034 703.8918 853.7678 1.2636696617250365 1.7020307475154413 2.195089619867215 -6.831812890512133 4.83304424646623 32.43866605256639 -3.134170495455992 1
Pedestrian 1234 0 1.753966620993893 478.06686 762.51154 528.8148 853.1282 1.5976057079220245 0.7878334635692754 0.7395684692151709 -8.574101513270984 4.2148430246268775 28.02942140869716 1.4571090238257383 1
Car 1238 1 1.7157168624190713 659.21936 772.85693 757.7943 851.89343 1.5292405015843467 1.941616610323969 4.25259741105879 -6.540689932131755 5.611678205981191 39.11595331613642 1.5500368130416455 1
Car 92 0 -1.5758399574263846 934.5631 776.50977 1005.4603 854.1122 1.5536897051421772 1.815618583562109 4.276186637954748 0.22490284074905165 5.869978550526012 40.435878655606615 -1.5702780522789175 1
bicycle_rack 1232 0 -2.288882393267339 243.68843 777.82434 467.3466 918.7875 1.2103824931641767 0.9693805900865773 2.218153069802582 -6.40369285304379 2.921147860500092 15.796824125941685 -2.6740167909592194 1
bicycle_rack 1229 1 -2.617240831375909 275.40485 779.8442 520.5754 909.50586 1.1882027785095515 2.029766134200552 1.9507950352609262 -6.5785929760485065 3.1372786463654747 17.648001133514853 -2.9740523939894983 1
ride_other 1239 1 1.7477376531346471 496.57877 805.18536 530.9454 851.147 0.7764031131066704 0.516495947661567 0.6730943705201922 -8.517947633159025 4.253572224117652 28.47883031538996 1.4571090238257383 1
