bicycle_rack 1228 2 -2.9309218879072825 599.0624 785.7948 701.55646 850.32153 1.2636696617250365 1.4205351470360843 1.9995402939781113 -6.957787297436127 4.953356174542236 33.57706285707882 -3.135248543195866 1
Cyclist 83 0 -1.6810295247087728 1104.42 779.5339 1135.9563 849.3543 1.7941263232120204 0.7011321364275241 2.0470852970900464 4.664254691212797 6.449315312534196 43.994131383881914 -1.5754041672376442 1
Pedestrian 1233 0 1.7785652616108991 533.0435 752.9314 572.8397 849.51215 1.8333198256364083 0.6419949045637441 0.6411044619237409 -8.084323326656541 4.398645468931316 29.62449187195641 1.5121587493924191 1
Pedestrian 1234 0 1.7556793513858833 473.6367 762.5312 524.1879 852.76135 1.5768901989321582 0.7878334635692754 0.6346302324656261 -8.525544434843633 4.149749730276351 27.59492227582277 1.4560288243323751 1
rider 87 0 -1.6785253574732955 1107.03 782.07385 1133.5275 841.45197 1.6527103641200291 0.7001539794603264 0.7166731973762295 4.662798393100952 6.30275694307866 43.88386428709615 -1.572669386586109 1
Car 92 0 -1.5654554729080998 932.20154 776.3051 1003.5332 854.4464 1.5536897051421772 1.815618583562109 4.276186637954748 0.1891209795812826 5.84136022515594 40.202219947352916 -1.5607512654098152 1
Car 1238 1 1.7173809893070098 654.30054 771.06213 754.146 850.7146 1.5292405015843467 1.941616610323969 4.25259741105879 -6.586831077489405 5.525319726665462 38.73804315073138 1.5489566169817022 1
Car 1675 2 -1.591439665673783 940.49274 782.7634 990.5009 842.7377 1.5792054664598567 1.6088242521347844 3.4555608220045717 0.11342792460676694 7.072173524881517 50.29225893633657 -1.5891842940782133 1
bicycle 1237 0 -2.692316735550097 578.2026 789.98303 672.0221 852.54865 1.1607427131281298 0.5306138729259883 1.8279036239450852 -6.891375454326053 4.597223479100704 30.6647285096939 -2.913376998572158 1
bicycle_rack 1231 1 -2.9222677498050067 576.0287 784.38446 696.50385 853.99963 1.2636696617250365 1.7020307475154413 2.195089619867215 -6.9063964628575905 4.760991956661256 31.935212465621934 -3.1352505423010744 1
bicycle_rack 1232 0 -2.2807847447825917 224.48106 776.4273 454.50928 921.4722 1.2103824931641767 0.9693805900865773 2.218153069802582 -6.390527773373321 2.8609709087169053 15.35799482882988 -2.6750965972554344 1
bicycle_rack 1229 1 -2.6097928982746406 256.61084 780.0632 509.5278 913.34503 1.1882027785095515 2.029766134200552 1.9507950352609262 -6.579658185807696 3.093588196061805 17.20122327821548 -2.9751322938450753 1
ride_other 1239 1 1.750208025902205 490.39816 805.232 525.5257 852.0716 0.7764031131066704 0.516495947661567 0.6730943705201922 -8.469398717720912 4.191282403022392 27.954591959577606 1.4560288243323751 1
