Cyclist 83 0 -1.685044299202527 1098.2153 778.1142 1130.8457 849.77264 1.7941263232120204 0.7011321364275241 2.0470852970900464 4.381794946034338 6.2912032672254 42.865382152065536 -1.583175906700129 1
bicycle_rack 1228 2 -2.9115351614938243 549.4208 784.0148 665.38275 856.01575 1.2636696617250365 1.4205351470360843 1.9995402939781113 -7.095851376269825 4.542469303529256 30.103902298113105 -3.1430217636968334 1
bicycle_rack 1231 1 -2.8983256550386662 517.0684 783.3225 654.52356 861.4089 1.2636696617250365 1.7020307475154413 2.195089619867215 -7.119813626516252 4.374619330647933 28.51324987459908 -3.1430237654015443 1
bicycle_rack 1232 0 -2.1862042362603042 3.3670292 774.82135 299.56088 965.05743 1.2103824931641767 0.9693805900865773 2.218153069802582 -6.44938886785453 2.4961684767797263 11.899712328333312 -2.682868094384565 1
Pedestrian 1233 0 1.8159991750214193 452.3684 746.4543 505.94586 865.82355 1.948246205397781 0.7157508342284813 0.733939892791428 -8.243418011745485 4.0601584839156875 25.591838432215873 1.5043823034502215 1
Pedestrian 1234 0 1.8063551416849002 376.8429 753.3997 425.61505 864.8091 1.6528888436246771 0.5731904524677682 0.6749375257626409 -8.761045478096634 3.696314321541619 23.41048713803283 1.4482545072599358 1
rider 87 0 -1.6826278968213204 1101.1218 780.5486 1128.3517 841.39636 1.6527103641200291 0.7001539794603264 0.7166731973762295 4.392085528465508 6.148351105061044 42.831201414299194 -1.5804410071148678 1
Car 92 0 -1.5733762213113567 915.1853 774.98914 990.5891 857.41766 1.5536897051421772 1.815618583562109 4.276186637954748 -0.2195364600040278 5.597698960031737 38.147307076414265 -1.579131123903999 1
Car 1238 1 1.7324154808388557 612.0898 770.86896 724.55994 858.69824 1.5292405015843467 1.941616610323969 4.25259741105879 -6.84425694079783 5.1902951539860025 35.35276604533152 1.5411823239419937 1
Car 1675 2 -1.6110019089617997 925.88135 777.9504 978.6237 838.6339 1.5792054664598567 1.6088242521347844 3.4555608220045717 -0.3287948563529385 6.833671564772811 49.576955063133596 -1.6176338216224142 1
bicycle 1237 0 -2.6633407504827495 513.61255 791.63336 620.0622 862.464 1.1607427131281298 0.5306138729259883 1.8279036239450852 -7.15236894182305 4.236259983194902 27.12559502373293 -2.921148971761263 1
bicycle_rack 1229 1 -2.5360331013280586 67.93572 774.99365 400.87976 943.044 1.1882027785095515 2.029766134200552 1.9507950352609262 -6.61082901862482 2.6888856946359763 13.795489638817937 -2.982904469666318 1
ride_other 1239 1 1.7878549889243458 411.09473 810.148 454.13232 865.1568 0.7764031131066704 0.516495947661567 0.6730943705201922 -8.45602430323316 3.7866850117263553 23.935253699745584 1.4482545072599358 1
