bicycle_rack 1228 2 -2.901642006614143 527.1494 777.1076 649.1905 852.11926 1.2636696617250365 1.4205351470360843 1.9995402939781113 -7.157159547128436 4.268060843570788 28.804059251898085 -3.1451871805336626 1
bicycle_rack 1229 1 -2.49619876653213 0.0 772.0707 342.03568 958.56934 1.1882027785095515 2.029766134200552 1.9507950352609262 -6.651622254491768 2.532438771951116 12.504492542920437 -2.985069598786376 1
Pedestrian 1234 0 1.8302982244786006 322.1027 746.5153 389.80728 867.34296 1.6528888436246771 0.7308822163607509 0.8130103044595784 -8.817783883257626 3.4630833645093038 21.809897398031744 1.4460887864423704 1
Cyclist 83 0 -1.6851806797020445 1095.0215 769.7455 1127.9221 841.59705 1.7941263232120204 0.7011321364275241 2.0470852970900464 4.259068427165128 6.011920718776702 42.51720087488172 -1.5853409091899522 1
bicycle_rack 1231 1 -2.887198794441013 491.76443 776.2695 636.99646 857.7866 1.2636696617250365 1.7020307475154413 2.195089619867215 -7.180655712378014 4.104724908219178 27.212764829260127 -3.145189182940302 1
Pedestrian 1233 0 1.8358464708471833 415.24884 742.1474 469.8873 863.82056 1.8616834701668963 0.6789979436419596 0.6466542601480734 -8.28135484878932 3.7622003703624127 23.8940589139184 1.5022159891779991 1
rider 87 0 -1.682349527297721 1097.3544 771.93097 1124.7384 833.0143 1.6527103641200291 0.7001539794603264 0.7166731973762295 4.260191469791374 5.873815512338458 42.569711599700526 -1.5826059764443408 1
Car 92 0 -1.5740842065894225 905.51013 769.0681 982.55707 852.63074 1.5536897051421772 1.815618583562109 4.276186637954748 -0.4379879543591695 5.36484368927252 37.38085152773105 -1.5858005772690502 1
Car 1238 1 1.7408768685158436 592.1819 764.33203 710.7634 854.92944 1.5292405015843467 1.941616610323969 4.25259741105879 -6.965289631418962 4.903714150752692 34.03555248416892 1.5390166096069824 1
Car 1675 2 -1.6079830628299983 918.03986 778.60095 970.98004 839.94946 1.5792054664598567 1.6088242521347844 3.4555608220045717 -0.5802661380293386 6.807719811464258 49.10557402169035 -1.619799219008855 1
bicycle 1237 0 -2.6530154330953217 490.89478 787.6347 602.65845 861.7958 1.1607427131281298 0.5306138729259883 1.8279036239450852 -7.167717504688137 4.025541020308419 25.868798436881942 -2.9233140441708927 1
bicycle_rack 1232 1 -2.1393586793482426 0.0 768.07904 220.03047 982.40967 1.2103824931641767 0.9693805900865773 2.218153069802582 -6.438335436400184 2.314112474968884 10.603855878020832 -2.685033032770983 1
ride_other 1239 1 1.8185164825607687 352.66116 805.1688 400.6593 864.1864 0.7764031131066704 0.516495947661567 0.6730943705201922 -8.702281769494137 3.505804655057072 22.27591880406261 1.4460887864423704 1
