Cyclist 83 0 -1.686558615078014 1081.1327 775.214 1115.572 850.66614 1.7941263232120204 0.7011321364275241 2.0470852970900464 3.7193030178719915 5.989141263618366 40.70306904396361 -1.5954351932265547 1
bicycle_rack 1228 2 -2.844345500970551 397.95285 788.108 558.3318 884.3136 1.2636696617250365 1.4205351470360843 1.9995402939781113 -7.334488775718551 3.833538097164883 22.82313928309185 -3.1552834066713196 1
bicycle_rack 1231 1 -2.8208142466964814 339.8121 781.956 535.3295 888.0148 1.2636696617250365 1.7020307475154413 2.195089619867215 -7.384610514032372 3.58626522563294 21.248947192784314 -3.1552854122227103 1
Pedestrian 1233 0 1.9484113568216046 181.05399 725.5171 270.1763 896.8466 1.8255526849788997 0.6186486965290756 0.8993396754590391 -8.330105328441027 2.998648977384873 16.96234523693709 1.4919139286562593 1
Pedestrian 1234 0 1.9801282987200828 2.1776955 726.2256 107.56138 903.97534 1.654841908829439 0.631493077653667 0.7926619273120639 -8.987715051741208 2.690807507955607 14.854074359356863 1.4359911517834174 1
rider 87 0 -1.6838463355579973 1083.7655 777.49945 1112.3959 841.4933 1.6527103641200291 0.7001539794603264 0.7166731973762295 3.7229921459236164 5.846626762849771 40.73318977881673 -1.5927001057136858 1
Car 92 0 -1.5643304692696614 892.533 773.67 974.33875 862.9508 1.5536897051421772 1.815618583562109 4.276186637954748 -0.6426742283639688 5.282554392637411 35.333763976710046 -1.5825171354668226 1
Car 1675 2 -1.6079859312550167 901.8145 775.3836 957.1664 839.42456 1.5792054664598567 1.6088242521347844 3.4555608220045717 -1.0294428318051738 6.484984887688377 46.97880494636757 -1.6298953457059564 1
bicycle 1237 0 -2.5822726443585684 340.22586 790.33606 486.17328 886.808 1.1607427131281298 0.5306138729259883 1.8279036239450852 -7.319007448105569 3.4206972934481783 19.980013622946235 -2.9334086819681184 1
Car 1238 0 1.7809504449747273 492.649 765.2759 647.68567 877.68066 1.5292405015843467 1.941616610323969 4.25259741105879 -7.189187622616001 4.353185371510163 27.918423097257225 1.5289190039483036 1
ride_other 1239 0 1.9544826459904725 65.94768 814.9545 148.11243 901.9411 0.7764031131066704 0.516495947661567 0.6730943705201922 -8.743879173158465 2.770855356999146 15.32506864470396 1.4359911517834174 1
