Cyclist 83 0 -1.8297626564100498 1164.9607 752.2873 1224.6345 852.4777 1.7941263232120204 0.7011321364275241 2.0470852970900464 4.745642932076292 4.483457755135843 30.515940340683056 -1.6754848709078631 1
Cyclist 82 1 1.525009966219934 976.2547 789.1471 1003.0317 849.85175 1.7335910071939755 0.7881595526764691 1.8860398576371546 0.9178149529944889 7.200256804074888 48.819412150010976 1.5438079566566905 1
Pedestrian 85 0 1.4954442396603937 1140.7205 794.50885 1160.2069 853.5884 1.6873799742991764 0.5354437075890084 0.6102188887383224 5.672863505131366 6.811140203671823 44.85771643963065 -4.661945355835518 1
Pedestrian 1150 0 1.7038498636018118 361.6127 771.2654 393.8459 846.7665 1.5229688788747806 0.5753892073878638 0.49402499784502674 -12.353911448528475 4.652670600773845 31.668355470017648 1.3319046382635618 1
Pedestrian 1148 0 1.6534300862726699 318.8701 766.6631 355.18964 849.49176 1.6150348017677694 0.6450604193788626 0.5776913299297644 -12.857875379119616 4.571583663179867 30.813888907093617 1.2581204621147326 1
Pedestrian 1149 0 1.6873502185887288 281.2774 784.2291 308.0034 848.7671 1.2430533260017287 0.4494403258270595 0.4318142294540788 -13.56022971666143 4.513792680517284 30.425400716423123 1.2680881075767125 1
rider 87 0 -1.8258782349923595 1174.9855 754.8506 1217.8522 840.8455 1.6527103641200291 0.7001539794603264 0.7166731973762295 4.762061203099647 4.321035725131333 30.314797929482285 -1.6700645277062194 1
rider 89 1 1.5251611301146366 977.00665 790.6646 1002.2297 844.43695 1.643297857925432 0.785099911523134 0.838295348123864 0.921141334759462 7.097980795938877 48.779488038926004 1.5440426703487278 1
Car 92 0 -1.5971293924374947 854.5958 764.4832 942.5524 859.7637 1.5536897051421772 1.815618583562109 4.276186637954748 -1.442524007601924 4.840561110763028 33.01754892211283 -1.6407912414502221 1
Car 90 1 -1.6596417102809056 821.5467 784.7841 892.84375 850.15515 1.4605973341511944 1.8335766115357053 4.034206795554491 -3.2456587104650585 6.607592975816524 46.00398077498019 -1.7300766932605407 1
