Pedestrian 94 0 1.7050983870269083 458.8998 797.16895 476.872 850.2258 1.622155886606963 0.4852577764278604 0.48676675605790726 -15.784528275968887 7.166830890945166 47.84852218943217 1.3864541872084915 1
Cyclist 83 0 -1.8393671106404692 1160.0968 774.4758 1224.9487 883.85425 1.7941263232120204 0.7011321364275241 2.0470852970900464 4.382631789119714 4.748383318911444 28.47884018691948 -1.6866741587285083 1
Cyclist 82 1 1.51883852916705 967.2074 803.66724 998.79047 875.29083 1.7335910071939755 0.7881595526764691 1.8860398576371546 0.5994042755944027 6.860665547397923 41.932116110781955 1.5331321901947064 1
Pedestrian 86 1 1.6827696201313582 475.7277 797.8523 491.39923 850.872 1.627720205089934 0.4289884457912178 0.46920604977418306 -15.31833151360834 7.205762679057618 47.95851454415773 1.3736038101583836 1
Pedestrian 1150 0 1.742594409701534 220.0197 784.3351 264.49384 878.0169 1.5004249829339424 0.5947537817549381 0.5733061270477174 -12.266225402019758 4.2596425691159645 25.523352348481765 1.2945963788817636 1
Pedestrian 1148 0 1.6932854423717472 160.18967 774.17676 208.46275 875.86444 1.580162423302248 0.6450604193788626 0.5483701499425402 -12.822891317959721 4.081955332641028 24.69302125397536 1.2143235233661613 1
Pedestrian 1149 0 1.7739733762450705 94.02793 800.9564 129.26616 876.79456 1.1489260861623778 0.416747043465478 0.4318142294540788 -13.732843242339545 4.0270649262341465 24.177462593124687 1.2574143032626797 1
rider 87 0 -1.8362857181981305 1172.2319 777.1645 1218.5222 870.2272 1.6527103641200291 0.7001539794603264 0.7166731973762295 4.41656187482243 4.568760687400097 28.24456133049632 -1.6811732269211168 1
rider 89 1 1.5190556696558697 968.07874 806.1744 997.55444 869.09784 1.643297857925432 0.785099911523134 0.838295348123864 0.6008924660757144 6.785446043786881 41.9869605416991 1.5333660993502773 1
Car 92 0 -1.5637235682354258 817.14325 778.3228 907.08685 877.4868 1.5536897051421772 1.815618583562109 4.276186637954748 -2.129537700104499 5.10092084921766 32.38766941599255 -1.6293805551879559 1
Car 90 1 -1.649667536534145 765.1125 803.075 836.60535 871.60266 1.4605973341511944 1.8335766115357053 4.034206795554491 -4.893737337337939 7.104626294665179 45.21850179795832 -1.7574721819492107 1
Car 93 0 1.6548879812419024 613.4125 805.49384 677.4736 870.6967 1.500964297218432 1.6798103089300649 3.9626117815519475 -10.08419169612069 7.542580543950535 47.95904284665757 1.4476403250578862 1
Pedestrian 85 1 1.4741872535619862 1155.2308 809.15936 1177.9152 872.53076 1.5682475068746644 0.5354437075890084 0.5358791558657217 5.33890075101705 6.396266701818169 38.90548581751582 -4.672622390110837 1
Pedestrian 95 0 -1.4124136805649126 485.97885 795.2242 505.58005 839.8834 1.3189472870620471 0.518395046116302 0.42973869103403006 -14.416627659082454 6.623163281188544 46.320915716870466 -1.714144447745652 1
