Pedestrian 86 2 1.7264189662760587 460.9011 793.25995 477.47754 847.08124 1.627720205089934 0.4289884457912178 0.46920604977418306 -15.516161795894837 6.966975174889912 47.15898106763282 1.4085570705737749 1
Pedestrian 94 0 1.7281795922830923 444.40833 792.5471 462.9056 846.35034 1.622155886606963 0.4852577764278604 0.4548015137651423 -15.953716025666097 6.921486722141551 47.00552497608347 1.4009782317382906 1
Cyclist 83 0 -1.8408338388319612 1160.2421 773.4724 1226.0471 884.189 1.7941263232120204 0.7011321364275241 2.0470852970900464 4.339950614531699 4.693846690416482 28.129138235526145 -1.6877542238996022 1
Cyclist 82 1 1.5200974935909557 963.45087 803.3534 995.57666 876.42303 1.7335910071939755 0.7881595526764691 1.8860398576371546 0.4915545682835034 6.754221691383984 41.1151760770178 1.5320524746233244 1
Pedestrian 85 1 1.4706726709958255 1158.6738 808.8666 1181.901 873.5474 1.5682475068746644 0.5354437075890084 0.5358791558657217 5.325577193477282 6.291823197681197 38.11910430063253 -4.673702234344656 1
Pedestrian 1150 0 1.7515851177518154 200.5466 782.45776 246.6708 878.542 1.5004249829339424 0.5947537817549381 0.5733061270477174 -12.267500565103726 4.1595106338337064 24.881116344153796 1.2935172783844031 1
Pedestrian 1148 0 1.7031208491926493 138.35342 773.3337 188.56165 882.6538 1.6563187737230576 0.6450604193788626 0.5483701499425402 -12.814447915682447 4.07836872871039 24.031748123871488 1.2132440130366668 1
Pedestrian 1149 0 1.7858555238367368 66.69905 798.50336 104.83221 876.45154 1.134028424900547 0.416747043465478 0.5072810840349682 -13.709427023822599 3.8887754895206603 23.423970797801218 1.2563347869649086 1
rider 87 0 -1.8363117126715802 1170.4629 776.46423 1217.0684 870.16876 1.6527103641200291 0.7001539794603264 0.7166731973762295 4.355751554586408 4.53559865717868 28.04934178559482 -1.682253298596315 1
rider 89 1 1.5202964236173553 964.3176 805.7374 994.3852 870.012 1.643297857925432 0.785099911523134 0.838295348123864 0.4929307171664252 6.667085263913667 41.110265345510015 1.5322863023500473 1
Car 92 0 -1.5614957528366809 811.8565 778.33746 901.95734 877.66766 1.5536897051421772 1.815618583562109 4.276186637954748 -2.233935729792443 5.09657700233873 32.34120072013064 -1.6304601992164076 1
Car 90 1 -1.6466214394387844 758.9009 802.1116 830.16345 870.6807 1.4605973341511944 1.8335766115357053 4.034206795554491 -5.075630162003481 7.064365644024356 45.13568551104815 -1.758603702840941 1
Car 93 0 1.6571855053574494 606.9559 801.0542 673.1978 867.80945 1.500964297218432 1.6798103089300649 3.9626117815519475 -9.9672956355479 7.236473840543639 46.62063268723127 1.4465606214115159 1
Pedestrian 95 1 -1.4089338080056855 478.35626 795.093 498.22195 840.2008 1.3189472870620471 0.518395046116302 0.42973869103403006 -14.503910139893446 6.567040213707378 45.86340057786592 -1.7152236535672696 1
