Pedestrian 94 1 1.7423276012468514 411.2411 785.88605 434.5681 842.3645 1.622155886606963 0.586960852429918 0.46637951829913693 -16.137219942128766 6.478576150821733 44.83175507851414 1.396815698305733 1
Pedestrian 86 1 1.7814176312848191 434.20038 787.90765 459.91864 842.75665 1.587561716877546 0.6509388217430228 0.46920604977418306 -15.53069660111529 6.541374521598742 45.17421736524574 1.4502807851526316 1
Cyclist 83 0 -1.8444509720561992 1158.2324 769.18286 1226.5432 883.3267 1.7941263232120204 0.7011321364275241 2.0470852970900464 4.187558856531714 4.524449748077474 27.240163743261146 -1.6919176786152457 1
Cyclist 82 1 1.5168261867212136 961.0977 802.88367 995.35736 880.37714 1.7335910071939755 0.7881595526764691 1.8860398576371546 0.42952279352709044 6.467948731820554 38.8194378557072 1.5278903672007695 1
Pedestrian 85 2 1.4621374380300898 1164.1504 811.75616 1189.8627 881.6744 1.5682475068746644 0.5354437075890084 0.7242497671638741 5.175401447392569 6.100114282407807 35.89800666766684 -4.677864838486572 1
Pedestrian 1150 0 1.7870414907774579 122.787674 777.1384 173.975 883.07874 1.5004249829339424 0.5675445406437702 0.5782338745920619 -12.25767101572524 3.833546655211496 22.56155573516698 1.289357542705623 1
Pedestrian 1148 0 1.8217270868357325 48.898743 769.95703 109.72835 880.8036 1.5155091362201318 0.6450604193788626 0.5483701499425402 -12.80422202725602 3.656921532559921 21.723290938646038 1.289120591899382 1
Pedestrian 1149 2 1.8289193320425485 0.0 792.54565 14.726166 881.38336 1.1646277092347892 0.5139838225726991 0.5429173135683899 -13.804299673914024 3.5814433839363717 21.22016658443783 1.2521734491178877 1
rider 87 0 -1.8398655586914607 1168.7407 772.3768 1216.9564 869.06885 1.6527103641200291 0.7001539794603264 0.7166731973762295 4.201719683229545 4.370928447807543 27.166649055705832 -1.6864167784410877 1
Car 92 0 -1.5524688670526898 792.26544 777.5954 883.1734 877.65906 1.5536897051421772 1.815618583562109 4.276186637954748 -2.607867457827761 5.054794202021709 32.09741940900156 -1.6335392980076981 1
Car 90 0 -1.6137935013817442 739.23413 805.5567 806.8969 874.99133 1.4605973341511944 1.8335766115357053 4.034206795554491 -5.673394596763011 7.125531383338059 44.750394739676764 -1.739899396225289 1
Car 93 0 1.6571557669221484 578.15515 797.1238 650.1367 869.35364 1.500964297218432 1.6798103089300649 3.9626117815519475 -9.947921449444154 6.700969261081061 43.072610171374265 1.4301786372117484 1
Pedestrian 95 1 -1.396722068813783 449.636 795.2933 472.7564 842.2551 1.3189472870620471 0.5760527116074476 0.47320711703213475 -14.806561067744703 6.396424525207609 44.28513770095218 -1.7193837952694666 1
rider 89 0 1.5168447846616302 962.3037 804.9642 994.3098 873.19995 1.643297857925432 0.785099911523134 0.838295348123864 0.4370713162597303 6.361465598556396 38.748918448460365 1.5281238809346207 1
