Pedestrian 85 1 1.4352652769477858 1198.3619 806.7187 1227.7773 884.1431 1.5682475068746644 0.5354437075890084 0.7242497671638741 5.451738721644594 5.552598428529469 32.40047714548844 -4.681220450644321 1
Pedestrian 86 0 1.6345131235042083 399.0237 791.6591 419.06583 852.18585 1.627720205089934 0.5010008719246134 0.46920604977418306 -15.561490419987711 6.360676701167247 42.146911867761915 1.2808192955386484 1
Pedestrian 94 0 1.6447477395196566 387.10992 790.7494 407.14658 851.70105 1.622155886606963 0.49020486266440355 0.4450693567705567 -15.699296951746694 6.269528557572158 41.62169564716276 1.2840582517060586 1
Cyclist 83 0 -1.8508704785507144 1160.9452 769.2778 1233.4941 889.5861 1.7941263232120204 0.7011321364275241 2.0470852970900464 4.063233967628881 4.397203017141074 25.902833075653295 -1.6952739751695654 1
Cyclist 82 0 1.5127021009511061 960.0163 794.7822 998.10406 879.9789 1.7335910071939755 0.7881595526764691 1.8860398576371546 0.40716105352135257 5.843722597476621 35.220177460627426 1.5242620346630757 1
Pedestrian 1150 0 1.8410622078838779 0.0 777.72736 67.48642 900.89905 1.4805101339414921 0.6143261602179658 0.582755670143905 -11.936307786483365 3.485129700863002 19.249434197248195 1.2860042446125042 1
rider 87 0 -1.8465363910571784 1172.4648 772.08453 1223.4491 873.96704 1.6527103641200291 0.7001539794603264 0.7166731973762295 4.078675239197655 4.23158525155411 25.804570975495807 -1.689773095318486 1
rider 89 0 1.512917290725945 961.04755 797.1813 996.37634 872.12427 1.643297857925432 0.785099911523134 0.838295348123864 0.4061889621362499 5.753125201647786 35.23717833776294 1.524444064193657 1
Car 92 0 -1.5687038685402268 778.8221 783.6147 871.49915 886.7225 1.5536897051421772 1.815618583562109 4.276186637954748 -2.8639141772283088 5.136543207457175 31.548193836808032 -1.6592347512965895 1
Car 90 0 -1.6018826494360485 714.2237 812.8905 781.52563 884.29456 1.4605973341511944 1.8335766115357053 4.034206795554491 -6.3242709694396435 7.265446745022258 44.03151234876124 -1.744537574932264 1
Car 93 0 1.668129502058894 539.016 790.386 622.9071 872.2431 1.500964297218432 1.6798103089300649 3.9626117815519475 -9.588862400121153 5.929641968458398 37.935506304789655 1.4205478510389913 1
Pedestrian 95 1 -1.383153862298109 421.1176 799.9008 444.64914 851.6442 1.3747278649716574 0.5319898537927248 0.5511782971458171 -14.893638508032344 6.3449748738528555 42.15955536810433 -1.7227374206879225 1
