Pedestrian 85 0 1.4334188915690254 1201.8844 806.7524 1231.6962 885.05206 1.5682475068746644 0.5354437075890084 0.7242497671638741 5.4713186948727435 5.509953565684773 32.04358241293184 -4.680651144942116 1
Cyclist 83 0 -1.8514265261010052 1162.439 769.3321 1235.4856 890.3788 1.7941263232120204 0.7011321364275241 2.0470852970900464 4.069247513323384 4.383586256538996 25.751825225807615 -1.6947045534349672 1
Cyclist 82 0 1.5109891672152345 963.0586 794.13794 1001.92725 880.77484 1.7335910071939755 0.7881595526764691 1.8860398576371546 0.4794630459212847 5.761933147086765 34.635395835838835 1.5248314349565137 1
Pedestrian 94 0 1.594483912638266 373.3347 792.1437 396.01178 854.6935 1.622155886606963 0.5682350642459743 0.5793166431242338 -15.852654747673826 6.262388129015985 41.12271550265902 1.2265429084439292 1
Pedestrian 86 0 1.5663739900323919 395.70984 793.41675 417.47552 855.9608 1.627720205089934 0.5629412967614459 0.6740313518065919 -15.41877770592518 6.358641761054184 41.56810839347091 1.2111780121447548 1
Pedestrian 1150 0 1.8482792978090834 0.0 776.21155 55.62763 903.58105 1.4906338009212392 0.6143261602179658 0.6726717270802807 -11.883303508460761 3.4425983941157456 18.882502445346606 1.2865731576098773 1
rider 87 0 -1.8459694000528566 1172.4495 772.97314 1223.4735 874.9951 1.6527103641200291 0.7001539794603264 0.7166731973762295 4.074234270936677 4.244313772505866 25.776067405885563 -1.689203670131802 1
rider 89 0 1.5109752176430462 964.48706 796.57544 1000.4641 872.7478 1.643297857925432 0.785099911523134 0.838295348123864 0.48670304970079437 5.6732383651460125 34.66740089658023 1.52501350908061 1
Car 92 0 -1.5649292693578918 773.90814 782.5292 866.14014 884.94025 1.5536897051421772 1.815618583562109 4.276186637954748 -2.9778679431634556 5.12789780067313 31.699091796581634 -1.658596119827512 1
Car 90 0 -1.6020690169005722 710.8635 812.71967 778.1634 884.06665 1.4605973341511944 1.8335766115357053 4.034206795554491 -6.427753105034563 7.264314984764515 44.06314397200311 -1.7469232467074207 1
Car 93 0 1.6982902920510976 532.0336 788.07025 622.661 871.4922 1.500964297218432 1.6798103089300649 3.9626117815519475 -9.454060024636796 5.771479482968326 37.069726596789074 1.4485788964772772 1
Pedestrian 95 1 -1.449942191426888 418.246 801.15094 440.6375 853.06836 1.3747278649716574 0.5319898537927248 0.5511782971458171 -14.986257851558708 6.380720780526637 42.14713820697165 -1.7915705036396408 1
