Pedestrian 86 1 1.8817929587681843 367.60535 797.6407 397.24786 855.836 1.423573030583857 0.5629412967614459 0.5882708482788923 -14.989050785224038 5.933478235620704 38.732678948824606 1.5125546037105977 1
Cyclist 83 0 -1.8539364979944444 1182.186 782.05237 1258.4832 909.0239 1.7941263232120204 0.7011321364275241 2.0470852970900464 4.271687529254384 4.511636037899097 24.802824542059593 -1.6833838101428547 1
Cyclist 82 0 1.5023705800816427 990.6403 804.64087 1034.2701 901.03357 1.7335910071939755 0.7881595526764691 1.8860398576371546 1.061718699875771 5.624655377509566 31.417351228476818 1.5361517475396238 1
Pedestrian 85 0 1.4295003921468936 1249.0741 817.65765 1282.6887 905.3313 1.5682475068746644 0.5354437075890084 0.746912021334469 5.871610261495735 5.336770055287947 28.84793936188961 -4.652891143602504 1
Pedestrian 94 0 1.8958437323981872 343.64697 796.95624 372.66306 854.94885 1.4243159688092732 0.5682350642459743 0.48424987705988 -15.53242271705006 5.885910242694013 38.519855146590594 1.5125546037105977 1
rider 87 0 -1.8499433055340337 1194.7211 785.5779 1248.2771 892.57184 1.6527103641200291 0.7001539794603264 0.7166731973762295 4.288227299239308 4.3463858242642335 24.676363749321897 -1.6778828585587884 1
rider 89 0 1.494926171754788 991.46155 808.17804 1031.6437 892.3638 1.643297857925432 0.785099911523134 0.838295348123864 1.0544459493330824 5.56003800403004 31.522756370664535 1.528364013275287 1
Car 90 0 -1.587357221977723 714.62634 823.4974 781.82654 897.35504 1.4605973341511944 1.8335766115357053 4.034206795554491 -6.186540737369354 7.481652632924373 43.2018595215644 -1.729591041925855 1
Car 92 0 -1.5600657205457693 782.2064 802.5639 875.6911 909.3394 1.5536897051421772 1.815618583562109 4.276186637954748 -2.741382888025194 5.53232437610851 31.287669429905456 -1.6474611658917446 1
Car 93 0 1.6567788918926125 508.18686 790.8876 605.07104 888.1952 1.500964297218432 1.6798103089300649 3.9626117815519475 -8.677956754640581 5.321548393110112 32.32286709445273 1.3944868188068567 1
Pedestrian 95 1 -1.3648676917747995 410.10028 808.21704 434.0952 863.62067 1.4214103133508325 0.5319898537927248 0.42439743779916106 -14.50992694926254 6.385816497927757 40.25060115958437 -1.7108567168475424 1
