Cyclist 82 0 1.5046912256119294 1111.1439 799.7461 1171.0607 933.02216 1.7335910071939755 0.7881595526764691 1.8860398576371546 2.7392803310490312 4.528298078670364 22.940251540591877 -4.659647469897441 1
Cyclist 83 0 -1.8806314615169746 1282.6859 800.90796 1374.969 949.3674 1.7941263232120204 0.7011321364275241 2.0470852970900464 5.277495317479964 4.459161146504526 21.597600515105206 -1.640972159474683 1
Cyclist 81 1 1.7525670850096071 510.4664 822.8171 544.1446 888.05695 1.7714482976319788 0.6853544442971776 1.9956924630310597 -13.878506909162816 8.242295440563396 47.865782892122766 1.470359192847242 1
Pedestrian 85 0 1.6983336837794285 1471.181 812.6542 1517.578 945.9909 1.6895972756073399 0.5283695345325843 0.5552031001499191 7.256819500870599 4.290819503704457 20.35122434729257 -4.242327832703958 1
Pedestrian 86 1 1.9397661322911055 339.36536 786.4305 371.5875 858.8717 1.4737145168007866 0.48259484446757267 0.5155538742245361 -12.899756579293154 4.94241988501992 31.851305912462628 1.5549574576286829 1
Pedestrian 94 1 1.9541473990795923 313.69427 783.3641 346.89917 857.2588 1.4850765349081803 0.4978356544358433 0.4799199231302888 -13.222348516595813 4.832361500221156 31.34456124539582 1.5549574576286829 1
rider 87 0 -1.8777496834409455 1299.6157 804.8401 1363.0797 928.5689 1.6527103641200291 0.7001539794603264 0.7166731973762295 5.303947455978278 4.280889692108724 21.461893866387676 -1.6354709581382783 1
rider 96 1 1.7527412088716945 514.06805 825.3933 540.47565 878.5475 1.5736413407138485 0.6853544442971776 0.7506722047816399 -13.856261287495865 8.03122327134198 47.7579664521741 1.470359192847242 1
rider 89 0 1.504257160499649 1112.868 803.62915 1168.0016 919.87274 1.643297857925432 0.785099911523134 0.838295348123864 2.739049754064606 4.436343224122544 22.930415656302266 -4.660040949386175 1
Car 92 0 -1.5679181329311693 826.4868 815.7243 920.12823 924.6217 1.5536897051421772 1.815618583562109 4.276186637954748 -1.8257552170996127 5.811308085033046 31.180510553730425 -1.6264057222337818 1
Car 90 0 -1.5627973622656741 743.3236 833.43756 815.8576 914.0949 1.4605973341511944 1.8335766115357053 4.034206795554491 -4.8500864709511315 7.344218185711737 40.08469356435807 -1.6832080061645813 1
Car 91 2 -1.5346379638839083 753.66986 843.611 817.36633 912.0488 1.4774488341272713 1.8855879655317511 4.168930102494933 -5.618724015039153 8.841540191589782 48.19906879005891 -1.6506874668214884 1
Car 93 1 1.7737893457239353 334.7999 770.05536 541.9058 939.37396 1.500964297218432 1.6798103089300649 3.9626117815519475 -6.458416152452278 3.5346728467396575 18.88028009986329 1.4441946702798716 1
Pedestrian 95 2 -1.3161663077788162 391.92233 795.46173 421.39114 853.86145 1.2970186382994207 0.5319898537927248 0.5404377022170129 -13.064537872778772 5.349471949344196 35.2351380647579 -1.6712334607425512 1
