rider 89 0 1.9254718843539775 1266.7115 788.392 1378.0809 982.3301 1.643297857925432 0.785099911523134 0.838295348123864 3.4323961939901544 3.257092298428766 14.194213992677412 -4.120451513807955 1
Cyclist 83 0 -1.9095116538800294 1379.6604 826.3729 1492.6608 1002.14233 1.7941263232120204 0.7011321364275241 2.0470852970900464 5.890802927061281 4.4489663398117045 18.6710409589382 -1.6038916687512257 1
Cyclist 1173 0 1.8554167487511217 385.4757 781.6242 449.96942 884.2971 1.758582587344155 0.6853544442971776 1.9260220625115805 -10.736473537767512 4.963466134553851 29.597559931698537 1.5074300485822514 1
Cyclist 84 0 1.835317237003921 422.31964 795.03503 480.9199 886.50433 1.672572151656273 0.6853544442971776 2.042235276423573 -10.973106655289156 5.460977142674563 32.25810516882963 1.5074300485822514 1
Cyclist 81 0 1.8131261171609565 464.43088 805.2873 512.8787 888.9627 1.7714482976319788 0.6853544442971776 1.9956924630310597 -11.69717367143954 6.365123646372751 37.06464405489042 1.5074300485822514 1
Cyclist 1174 0 1.7903593076634927 505.1906 820.1236 546.8099 893.18036 1.6783626708469772 0.6853544442971776 1.8940468154034746 -11.771634214520802 7.090409828875858 40.49013082087115 1.5074300485822514 1
Cyclist 82 0 1.9298076299934745 1244.3254 783.6767 1396.4056 1004.32904 1.7335910071939755 0.7881595526764691 1.8860398576371546 3.436280596413606 3.34679141186927 14.19231662987158 -4.115826668846863 1
moped_scooter 1474 1 1.5362523818037912 530.91187 832.2742 565.71594 898.6762 1.6231078945689967 0.9278884566317872 1.9782315576455718 -12.26992634739552 7.930212647049899 44.39982374319245 1.2666307868110978 1
Pedestrian 94 1 2.0629661544915114 172.29196 775.22595 226.71895 868.2074 1.3827857206104224 0.5291159906224203 0.6329060608796959 -12.017461725679238 3.787842071562001 23.60327246611141 -4.69115507881804 1
Pedestrian 86 2 2.0446403918331537 210.72284 776.48676 256.82065 867.42395 1.3609686647193169 0.4310819578826777 0.5988544728778534 -11.524058321036522 3.794016250291156 23.698480595926306 -4.69115507881804 1
rider 87 0 -1.9072864276806785 1401.138 832.8888 1477.2811 977.55945 1.6527103641200291 0.7001539794603264 0.7166731973762295 5.906664056499708 4.278247837468598 18.509756750852986 -1.5983902571359454 1
rider 1175 0 1.8547005710071613 396.88605 784.82446 442.55988 868.6175 1.5622122667670488 0.6853544442971776 0.6900441624086499 -10.729415306863386 4.771580438496599 29.64431350144286 1.5074300485822514 1
rider 88 0 1.8339078188651878 434.3835 799.17053 475.00824 870.1925 1.4393796460255335 0.6853544442971776 0.658241547108275 -10.962600626960601 5.253222049916598 32.37681885744618 1.5074300485822514 1
rider 96 0 1.8112672942937778 474.33118 808.34357 510.03656 876.47943 1.5736413407138485 0.6853544442971776 0.7506722047816399 -11.622826697252684 6.169472366735235 37.069004302296975 1.5074300485822514 1
rider 1176 0 1.7903683732083833 510.4629 822.84204 542.20526 883.8551 1.5350471181038192 0.6853544442971776 0.7144495735944268 -11.762474689333201 6.940189869790926 40.45725721465108 1.5074300485822514 1
rider 1475 1 1.5335586277816022 531.88354 835.22644 565.11633 888.5921 1.4418652165841706 0.9278884566317872 0.6562261417562683 -12.264677120356497 7.754108484324456 44.4277801614808 1.2642083791468752 1
Car 92 0 -1.5680364301752354 890.09515 842.74536 979.49023 950.13416 1.5536897051421772 1.815618583562109 4.276186637954748 -0.5689970054521518 6.603704138664469 32.515540437916506 -1.585533876886616 1
Car 90 0 -1.529034455162626 759.6742 843.2443 846.78284 938.02795 1.4605973341511944 1.8335766115357053 4.034206795554491 -3.6017342091352704 6.822139479334626 34.651330029124665 -1.6326046971209265 1
Car 1477 2 -1.4917281181322464 785.9066 853.04083 857.9197 934.20154 1.7176549008410174 1.9085038914595562 4.851634646093588 -4.394933036557319 9.380563939131523 47.79197155279005 -1.5834298554600275 1
Car 91 1 -1.5199682136053387 780.5801 850.4452 857.1394 931.46985 1.4774488341272713 1.8855879655317511 4.168930102494933 -3.8701860278419487 8.013183699600637 41.21124815540028 -1.6136045055341175 1
Pedestrian 95 0 -1.2599042697593692 357.93533 797.7418 389.56042 871.0651 1.3980307795425841 0.4493435564119619 0.5404377022170129 -11.83652348764486 4.913955061581518 30.135998349545435 -1.6341626050075413 1
