rider 89 0 1.9774491753513619 1531.0505 774.51886 1795.5668 1171.6028 1.643297857925432 0.9068949358627572 0.838295348123864 3.40815630380898 2.432584857386735 7.271490786207493 -3.867439598992672 1
Cyclist 1173 0 1.9948272519178407 162.02675 746.7557 282.17847 899.81134 1.758582587344155 0.6853544442971776 1.9260220625115805 -9.701735160400439 3.4438249581967577 19.707445344743004 1.5373684056393353 1
Cyclist 84 0 1.9492862879418182 254.71292 767.69183 356.36575 898.62103 1.672572151656273 0.6853544442971776 2.042235276423573 -9.781226656431599 3.908761705131101 22.387111862740362 1.5373684056393353 1
Cyclist 81 0 1.8986218471423124 356.1022 782.3917 433.44473 897.7312 1.7714482976319788 0.6853544442971776 1.9956924630310597 -10.100210780963405 4.692955968123342 26.73183440939291 1.5373684056393353 1
Cyclist 1174 0 1.8631488953087663 423.2822 805.5837 486.8361 904.3066 1.6783626708469772 0.6853544442971776 1.8940468154034746 -10.096879555160436 5.405351372957249 29.888599355598878 1.5373684056393353 1
Cyclist 82 0 1.9648099405213486 1503.8319 769.4129 1837.0681 1215.0 1.7335910071939755 0.7881595526764691 1.8860398576371546 3.4710123954640966 2.5224521286709587 7.240745459515933 -3.8713657216622726 1
moped_scooter 1474 2 1.7067142233511325 488.59335 826.52924 544.02625 914.4913 1.6231078945689967 0.9278884566317872 1.9782315576455718 -9.932892423100288 6.274294313762766 33.44860808796614 1.4180489192356158 1
moped_scooter 1478 0 1.439661676389778 464.57104 845.6596 496.5925 906.2589 1.4407592471098594 0.6624733553053234 1.6853431152467346 -13.841142432742833 7.92779885460793 43.0402979690432 1.128521027889311 1
Pedestrian 86 1 2.1923167986523913 0.0 735.30115 44.17276 886.76587 1.5721588853237143 0.44772220690187603 0.7472389039328816 -10.56336881518963 2.816307902270478 16.46775226020356 -4.661215238523546 1
rider 1175 0 1.9934289044421267 188.69463 751.3178 265.26035 876.3487 1.5622122667670488 0.6853544442971776 0.6900441624086499 -9.694321825221065 3.2629501767021587 19.762076812961283 1.5373684056393353 1
rider 88 0 1.9489760224422965 275.85632 772.1077 340.0371 874.3324 1.4393796460255335 0.6853544442971776 0.658241547108275 -9.768892897835755 3.6757266543803553 22.377804672560757 1.5373684056393353 1
rider 96 0 1.898147420326326 370.05722 786.41016 423.26077 880.4002 1.5736413407138485 0.6853544442971776 0.7506722047816399 -10.09381049865752 4.50481114078492 26.753276479403652 1.5373684056393353 1
rider 1176 0 1.8614736052118561 435.9915 809.3969 481.18915 891.2639 1.5350471181038192 0.6853544442971776 0.7144495735944268 -10.102102176533313 5.290356911142654 30.070105937266977 1.5373684056393353 1
rider 1475 2 1.7063402672870347 494.00314 830.1977 541.01556 900.3326 1.4418652165841706 0.9278884566317872 0.6562261417562683 -9.920056200017438 6.088343072772872 33.45121680594825 1.4180489192356158 1
rider 1476 0 1.4393316928677378 467.78067 848.3721 494.06 893.9733 1.1947061008430082 0.6624733553053234 0.49293171410739667 -13.85010584100995 7.692385608989106 43.11698375292637 1.128521027889311 1
Car 92 0 -1.5790550665104826 934.52985 871.59503 1017.2129 974.48956 1.5536897051421772 1.815618583562109 4.276186637954748 0.3226164273209554 7.676511466718103 34.97704510404506 -1.5698316664815846 1
Car 90 0 -1.516194064028784 771.8126 846.6859 880.5333 963.7099 1.4605973341511944 1.8335766115357053 4.034206795554491 -2.4973421471985833 5.985998383093824 28.467367848963377 -1.6036965377008534 1
Car 1477 2 -1.4824020553833646 809.98035 860.03064 894.67377 955.505 1.7176549008410174 1.9085038914595562 4.851634646093588 -2.945953111740023 8.60702516698256 41.374776237679846 -1.5534837656308584 1
Cyclist 83 1 -1.9453965813604484 1480.8516 868.07715 1614.9011 1069.2091 1.7941263232120204 0.7011321364275241 2.0470852970900464 6.560578630780705 4.699481154858338 16.842147145281793 -1.573945581862554 1
Car 91 1 -1.5078758891944388 797.4177 859.8288 890.64136 958.05664 1.4774488341272713 1.8855879655317511 4.168930102494933 -2.6488774498128786 7.245694099799149 34.62090862247153 -1.5842380316526257 1
Pedestrian 95 2 -1.192925736127474 285.35086 797.0313 332.0899 885.7658 1.4048377636155576 0.5541725071489135 0.5496206241481905 -10.931269828180149 4.322226276960316 25.061609871977062 -1.6042242479504576 1
rider 87 1 -1.9467049758485309 1512.0466 876.4179 1601.0212 1040.276 1.6527103641200291 0.7001539794603264 0.7166731973762295 6.575110865598575 4.495881326791038 16.545419163484127 -1.5684440061241636 1
