Pedestrian 1294 0 1.4095158230724563 975.8889 792.3602 1005.227 859.8191 1.7029280313248285 0.7006199759103615 0.5328509260252869 0.7737707894949946 6.174705210291632 39.62005036147967 1.429043118715164 1
Pedestrian 488 2 1.439505405566013 975.8485 791.113 1003.04553 857.16113 1.801063040093309 0.7036247787748896 0.6312640009280578 0.8059387163707977 6.609687958856458 42.91045290963738 1.4582850714623192 1
bicycle_rack 1298 2 3.139022195230523 740.52124 809.6377 835.6675 876.08594 1.2158974490550447 0.9234434796426267 1.9378159283919933 -3.6012642633350564 5.130965441563685 31.11976395427916 -3.2593733837675236 1
bicycle_rack 476 2 0.29855648056521433 438.63733 766.5979 576.2589 848.35284 1.1596293295007942 9.776502485539087 0.9134367262160678 -12.84325769094729 5.703516014751214 43.062402568729865 0.00870817811683855 1
bicycle 463 2 3.0622962252741974 808.64056 809.75903 894.2973 868.00244 1.1770685140628363 0.7875542730170466 1.8937143380376253 -2.5138145476199383 5.463384584696359 34.141288243191354 -3.294386206602907 1
Cyclist 472 2 -1.2775891398700912 359.20377 762.8999 404.88242 828.5952 1.840446681008341 0.8170545842621175 1.9299875880376327 -18.21286793730541 6.27501721857709 47.061593660008775 -1.6468392083409291 1
bicycle_rack 465 2 3.0650159420679888 799.7242 802.59753 890.2509 874.98914 1.2307798559320426 3.38391726873027 1.9265032997222868 -2.8597392961005514 5.7468403003529716 36.18474857340718 -3.297037055183922 1
bicycle_rack 466 2 3.087586205384647 785.7 797.84375 873.04736 869.92804 1.2582516808517317 5.524906773875246 2.1895910260351847 -3.8559977294423984 6.5499249356865965 42.86597989329594 -3.285312371440683 1
bicycle_rack 467 2 3.0942111082905064 793.9514 804.1118 877.6922 867.04144 1.297371699005522 2.1708718919515833 2.0713573419340285 -3.293449320034603 6.109974201619954 38.94672583893775 -3.273336424376409 1
rider 480 2 -1.2762159093252334 363.96332 764.4911 398.82327 823.55334 1.7552190229669595 0.8170545842621175 0.8227174105882646 -18.206905376440133 6.180587274356079 46.967613619365395 -1.6460289419149237 1
Car 1300 1 -1.4006867731544346 674.1516 782.70056 839.00586 916.16846 1.4478729202453438 1.8566941459203978 4.647981823142103 -3.180783767526126 4.24604774469014 24.15890340438004 -1.5315947589481176 1
Car 1907 1 -0.8428209937323935 0.0 486.52487 475.13986 1215.0 1.5687278155923425 1.7077677287785165 3.621255820681974 -2.1477700268958055 1.5262805083555642 2.2904031062622208 -1.5960924239234526 1
Car 1778 0 -1.322400063183735 316.43622 759.1133 724.9243 1069.5935 1.4471436510117073 1.818492827563464 3.551135228552863 -2.7924500151224714 2.5329332790786676 10.307997960127171 -1.5869517636510926 1
Pedestrian 1908 2 -1.5921590986697596 224.90733 764.5709 269.41016 869.9426 1.879257658247469 0.7465367022996368 0.6111852550518317 -13.50616490634001 4.561831546526381 28.28080734574196 -2.0377051067516367 1
