Pedestrian 1294 0 1.5085441341632693 989.62683 785.3124 1020.8499 860.45624 1.6936242966332515 0.7006199759103615 0.737533089239989 1.046083425569659 5.564792800661506 35.708530675004496 1.5378308146869344 1
Pedestrian 488 2 1.535711815948907 994.45245 788.4586 1022.2075 857.65607 1.7256404699769552 0.7036247787748896 0.6255651083589835 1.2272297611215273 6.035647509571469 39.092712212762834 1.567094311090523 1
Cyclist 472 2 -1.195889327983382 403.5325 759.1048 452.71774 824.09143 1.840446681008341 0.8170545842621175 1.9299875880376327 -16.8717910942813 6.179264390657094 47.36893850212603 -1.5380576210218777 1
Pedestrian 1908 2 -1.4396495397387348 138.05815 775.5523 191.17874 893.4775 1.879257658247469 0.7192130582199356 0.6111852550518317 -13.468910900105016 4.469297250412522 25.297409131789337 -1.9288975049876542 1
rider 480 1 -1.2019295771271148 410.14725 760.7713 445.67383 819.1884 1.7552190229669595 0.8170545842621175 0.8227174105882646 -16.871420613100838 6.092810843464796 47.31832745268673 -1.5444289574725303 1
bicycle 1297 2 -3.0363060448249124 735.99023 807.3726 839.79297 877.61206 1.233360480688725 0.6777473103194523 1.8983723914097599 -3.2824166343839174 4.743165530397019 28.416158455038417 -3.1513086836876134 1
bicycle 463 2 -3.0931792832482756 752.5997 807.5006 846.59906 870.7249 1.1770685140628363 0.7875542730170466 1.8937143380376253 -3.3245834131042775 5.002807488663507 30.88270454970178 -3.200418245226828 1
bicycle_rack 1298 2 -3.0329270194462477 727.02856 806.7136 837.8844 880.2192 1.2158974490550447 0.9234434796426267 1.9378159283919933 -3.2754450950978495 4.621358702047331 27.539145248293355 -3.1513086836876134 1
bicycle_rack 1299 2 -3.021135597039409 687.6229 801.36975 837.8202 888.7923 1.2417742985158133 1.9050109229140193 2.3838001789720065 -3.4165995804865865 4.435269343381167 26.098172071725887 -3.151308683687615 1
bicycle_rack 465 2 -3.0941901259768647 751.43964 798.30646 846.8638 876.6978 1.2307798559320426 3.38391726873027 1.9265032997222868 -3.516216777379427 5.2538665031757645 32.948805732800935 -3.2005053281373677 1
bicycle_rack 466 2 -3.0806386195282536 765.6665 794.7365 861.594 871.50165 1.2582516808517317 5.524906773875246 2.1895910260351847 -3.8294628620376634 6.084677785773842 39.6980415349341 -3.1768058433981112 1
bicycle_rack 467 2 -3.103062008050007 760.80774 798.66425 851.5529 866.3554 1.297371699005522 2.1708718919515833 2.0713573419340285 -3.6687761754943913 5.580556034799355 35.712232844386065 -3.205434514712624 1
bicycle_rack 476 2 0.3159088952890258 420.80417 760.9152 570.59076 845.02277 1.1596293295007942 9.776502485539087 0.9138629307974301 -12.62935480547896 5.3660481800646505 41.35137345832889 0.019491089772331938 1
Car 1300 1 -1.40237665992285 641.6839 776.0291 829.2317 927.9192 1.4478729202453438 1.8566941459203978 4.647981823142103 -3.067824351353871 3.8347784553319464 21.271887483712472 -1.5456087245367551 1
Car 1778 0 -1.2355515462714364 4.01477 736.3794 667.06635 1196.3964 1.4471436510117073 1.8175950585007201 3.551135228552863 -2.6829920300628682 2.1291167792592214 7.359756635221633 -1.585128377590727 1
