Pedestrian 1294 0 1.510210771116938 986.31866 785.95325 1017.1767 860.3468 1.6936242966332515 0.7006199759103615 0.7375330892399964 0.9726332118785714 5.619491181555634 36.07258975359535 1.5371674608051245 1
Pedestrian 488 2 1.5360479496061294 993.0981 788.5633 1020.5615 858.4784 1.7633517550351319 0.7036247787748896 0.6169141472393308 1.199854684555369 6.117943785533098 39.47899502646021 1.5664308268311276 1
Pedestrian 1908 1 -1.4452596602070527 147.86472 775.7057 200.27667 892.652 1.879257658247469 0.7155475159714229 0.6713788273274405 -13.47100261019295 4.505833328915482 25.60587609030264 -1.9295609835118601 1
bicycle 1297 2 -3.0386841444449573 739.0652 807.389 841.93365 877.0533 1.233360480688725 0.6777473103194523 1.8983723914097599 -3.259877394699065 4.772331319347453 28.651950446852858 -3.151972052548367 1
bicycle 463 2 -3.0943120830848474 753.85065 809.5971 846.79645 872.2014 1.1770685140628363 0.7875542730170466 1.8937143380376253 -3.345887210624948 5.0882555359183055 31.218310567382844 -3.201081585042634 1
Cyclist 472 2 -1.1940122902190318 399.10397 757.9857 448.5678 823.1108 1.840446681008341 0.8170545842621175 1.9299875880376327 -16.959577864462496 6.131181185242923 47.23542786752988 -1.5387209376320337 1
bicycle_rack 1298 2 -3.036155193709877 731.4624 806.73376 841.2588 879.6423 1.2158974490550447 0.9234434796426267 1.9378159283919933 -3.230096551204602 4.649261803689457 27.76488072465676 -3.151972052548367 1
bicycle_rack 1299 2 -3.0239308826327185 691.7364 801.4229 840.29553 888.05615 1.2417742985158133 1.9050109229140193 2.3838001789720065 -3.3901749924627573 4.463970956960048 26.33237361035634 -3.151972052548369 1
bicycle_rack 465 2 -3.094413302230064 751.32404 798.87787 845.7497 876.50397 1.2307798559320426 3.38391726873027 1.9265032997222868 -3.566936329557275 5.306325933526539 33.285218798657006 -3.2011686641640877 1
bicycle_rack 466 2 -3.081158707542459 766.03546 794.72797 860.9283 870.7061 1.2582516808517317 5.524906773875246 2.1895910260351847 -3.8724147854052755 6.128253644540607 40.08321764235387 -3.1774691953155694 1
bicycle_rack 467 2 -3.104007975836747 761.73535 798.7025 851.5357 865.7426 1.297371699005522 2.1708718919515833 2.0713573419340285 -3.6934988634215977 5.621191194831302 36.053120322479586 -3.206097844086821 1
bicycle_rack 476 2 0.31362345135262204 424.69446 761.2176 572.3878 844.63745 1.1596293295007942 9.776502485539087 0.9138629307974301 -12.657772465438292 5.40591308406922 41.68635662951628 0.018827769513426906 1
rider 480 2 -1.2000595739265307 405.78857 759.46844 441.4821 818.0343 1.7552190229669595 0.8170545842621175 0.8227174105882646 -16.956580606619827 6.03865923648876 47.17900968539981 -1.5450922357620547 1
Car 1300 1 -1.4033272690217087 643.65967 776.90955 828.64166 926.984 1.4478729202453438 1.8566941459203978 4.647981823142103 -3.0982498618559866 3.8745192582175383 21.52662951301939 -1.546272018920949 1
Car 1778 0 -1.2430879016911707 36.899357 741.1443 669.7045 1184.6376 1.4471436510117073 1.8175950585007201 3.551135228552863 -2.7139185302880797 2.1775027784897003 7.606656753980381 -1.5857918066916514 1
