Pedestrian 1294 0 1.516765134390534 949.6373 790.65063 977.47675 858.28564 1.6936242966332515 0.7006199759103615 0.5793695994831781 0.05746043713159526 6.079594934745504 39.2633178519956 1.5182285969620555 1
Pedestrian 488 2 1.5445744839783833 953.03326 790.0861 978.4198 856.3593 1.791635218828765 0.7036247787748896 0.6632763934171596 0.12372420466303459 6.5195436745219695 42.462061921121666 1.5474882344871448 1
Pedestrian 1908 2 -1.479141446570967 178.25883 774.4178 226.65529 882.0611 1.879257658247469 0.7465367022996368 0.6111852550518317 -14.049165492081572 4.691104465809393 27.701454288223808 -1.94850338997334 1
bicycle 463 2 -3.100654768651423 738.0 811.05725 824.6178 869.66095 1.1770685140628363 0.7875542730170466 1.8937143380376253 -4.014111122299529 5.401505760352647 33.46894575632794 -3.2200200031306685 1
Cyclist 472 2 -1.1780702550253954 338.55878 761.2699 389.7494 826.82355 1.840446681008341 0.8170545842621175 1.9299875880376327 -18.747286989832013 6.214312801627709 46.993262752080994 -1.5576587371443176 1
bicycle_rack 1298 2 -3.0469016788259524 725.7417 807.813 824.60004 873.8281 1.2158974490550447 0.9234434796426267 1.9378159283919933 -3.8098083118153157 5.036247265087235 30.74466485893036 -3.1701908875480607 1
bicycle_rack 465 2 -3.10149719269672 737.10455 803.6599 824.66943 876.8303 1.2307798559320426 3.38391726873027 1.9265032997222868 -4.233858282602966 5.688369336260276 35.528139721962425 -3.2201069847551587 1
bicycle_rack 466 2 -3.084356594016075 745.3309 798.28326 834.7127 870.6698 1.2582516808517317 5.524906773875246 2.1895910260351847 -4.761328081699 6.491016857470544 42.31439117265683 -3.196407938562638 1
bicycle_rack 467 2 -3.109173729441158 743.81335 804.4439 828.0657 868.0104 1.297371699005522 2.1708718919515833 2.0713573419340285 -4.4561017629099045 6.0345188672854455 38.28808525560365 -3.2250359931294623 1
bicycle_rack 476 2 0.3034069462957932 416.50638 766.70306 553.9524 846.9146 1.1596293295007942 9.776502485539087 0.9138629307974301 -13.715611162679316 5.775781690086773 43.79268804972487 -0.00011013695631634235 1
rider 480 2 -1.1770191570737467 345.7438 763.0212 382.4395 821.8881 1.7552190229669595 0.8170545842621175 0.8227174105882646 -18.748971814990703 6.131439043317132 46.96390837414767 -1.5568536799881445 1
Car 1300 1 -1.4137855461800135 643.1237 780.734 807.08826 915.07385 1.4478729202453438 1.8566941459203978 4.647981823142103 -3.6394010486640616 4.175979938024559 23.850585250895087 -1.5652091826543986 1
Car 1907 2 -0.7673203717314375 0.0 0.0 384.14844 1215.0 1.5687278155923425 1.7077677287785165 3.621255820681974 -2.2419704999771413 1.4955214413039495 1.969304545577066 -1.6173749372935942 1
Car 1778 0 -1.3118793777021647 255.64926 756.3395 687.028 1079.1145 1.4471436510117073 1.8175950585007201 3.551135228552863 -3.0093923644356186 2.4830706379799348 9.980639938021435 -1.6047328214470455 1
