Pedestrian 488 2 1.5291564532110327 1022.83014 784.36584 1053.2599 861.7727 1.7731939017102851 0.7036247787748896 0.6318854890439689 1.8393433147862397 5.6346260657372635 35.89224061926383 -4.702827377919541 1
bicycle_rack 465 1 -3.088652502116488 758.55786 801.7542 862.27856 886.8682 1.2307798559320426 3.38391726873027 1.9265032997222868 -3.0231767633476676 5.050676375889027 30.565923904374827 -3.1872386305529625 1
rider 480 1 -1.2162024686286261 456.45483 760.8165 491.33368 819.12366 1.7552190229669595 0.8170545842621175 0.8227174105882646 -15.455321013497068 6.105530526664559 47.43715164002586 -1.531163430393622 1
bicycle 1297 2 -3.0240790722715274 732.4861 808.7538 846.2536 885.54724 1.233360480688725 0.6777473103194523 1.8983723914097599 -2.97583903550005 4.47188430951394 25.99936007200312 -3.13804130307752 1
bicycle 463 2 -3.085548041615914 756.97736 810.84735 859.0644 879.36304 1.1770685140628363 0.7875542730170466 1.8937143380376253 -2.9054229463637244 4.774783346457411 28.497250487340757 -3.1871514665487375 1
Cyclist 472 2 -1.2101480165798189 450.14124 759.2555 498.03513 824.1205 1.840446681008341 0.8170545842621175 1.9299875880376327 -15.45448010927073 6.195076429647887 47.485776735835216 -1.5247913285971784 1
bicycle_rack 1298 2 -3.019005833849877 720.32715 809.3012 842.2774 889.8935 1.2158974490550447 0.9234434796426267 1.9378159283919933 -3.008682457672763 4.375228528756185 25.15601932672581 -3.13804130307752 1
bicycle_rack 1299 2 -3.0080258300160723 679.1708 803.48376 845.65 899.9932 1.2417742985158133 1.9050109229140193 2.3838001789720065 -3.104018888144192 4.190987757894777 23.739551436721005 -3.138041303077522 1
bicycle_rack 466 2 -3.078375187951497 778.54486 795.0261 881.0158 876.94385 1.2582516808517317 5.524906773875246 2.1895910260351847 -3.1866561019802577 5.821699187146236 37.32753605509003 -3.1635388125791106 1
bicycle_rack 476 2 0.3302372653792982 410.5752 760.7563 574.5802 850.4346 1.1596293295007942 9.776502485539087 0.9138629307974301 -11.983189541838355 5.155817527687964 39.0870401559119 0.03275745407065145 1
bicycle_rack 467 2 -3.0986459996076405 770.55853 801.6274 868.12354 874.3631 1.297371699005522 2.1708718919515833 2.0713573419340285 -3.1265054126158116 5.370918755082246 33.333186402197946 -3.192167959319225 1
Pedestrian 1294 0 1.500888788893538 1019.4068 790.5289 1053.9066 874.747 1.6936242966332515 0.6835613213021614 0.8941369181799648 1.6237288967368286 5.322660805267607 32.31217849011406 1.5510978523703547 1
Car 1300 1 -1.3883711461446964 622.4576 774.1444 840.0349 948.4814 1.4478729202453438 1.8566941459203978 4.647981823142103 -2.7277193086571256 3.560957404815911 18.815128657947934 -1.5323428759875841 1
Car 1778 1 -1.0995035949175522 0.0 712.69446 599.04553 1215.0 1.4471436510117073 1.8175950585007201 3.551135228552863 -2.542551050608627 1.8435995243991874 4.976283940035205 -1.5718598373325725 1
