Pedestrian 1294 0 1.493861494454384 1048.3035 783.2158 1086.5211 878.3672 1.6931643154470757 0.6634050371440572 0.7840517626978403 2.00476500223229 4.732656557480743 28.316547694001788 1.5645419140964854 1
Pedestrian 488 2 1.5243263581606987 1048.3331 782.8884 1082.7356 872.76196 1.8293465038869423 0.7036247787748896 0.6632763934171393 2.225244038323464 5.243157685140386 31.97358296598049 -4.689374660104277 1
bicycle_rack 465 1 -3.079305175819735 757.23724 799.53564 874.49194 894.49396 1.2307798559320426 3.38391726873027 1.9265032997222868 -2.6004969280642505 4.636252538143461 27.439528997138922 -3.1737948798985522 1
rider 480 2 -1.2158426450797992 478.12616 758.9567 512.7711 817.10626 1.7552190229669595 0.8170545842621175 0.8227174105882646 -14.812014716748198 6.058078294594708 47.56657735491849 -1.5177208968292812 1
bicycle 1297 2 -3.0107221058252587 724.46405 811.2537 854.17883 899.04553 1.233360480688725 0.6777473103194523 1.8983723914097599 -2.6157808270039036 4.1277026526029506 22.871316422685183 -3.1245968091815506 1
bicycle 463 2 -3.0750649038101665 754.77924 810.1287 869.8477 886.9952 1.1770685140628363 0.7875542730170466 1.8937143380376253 -2.510488738317647 4.371697347637883 25.36771884051048 -3.1737076234069312 1
Cyclist 472 2 -1.210231150611048 472.62595 757.3433 520.11694 821.89386 1.840446681008341 0.8170545842621175 1.9299875880376327 -14.807076390385092 6.150601302981521 47.678569499789305 -1.5113480216365323 1
bicycle_rack 1298 2 -3.0044125191652844 709.2884 810.1825 849.22455 902.7657 1.2158974490550447 0.9234434796426267 1.9378159283919933 -2.66071078099976 4.004859298503482 22.031895835438107 -3.1245968091815506 1
bicycle_rack 1299 2 -2.9907486703298543 658.5681 803.51263 852.4683 915.7699 1.2417742985158133 1.9050109229140193 2.3838001789720065 -2.7752641687217907 3.819627558610533 20.610455339154132 -3.1245968091815524 1
bicycle_rack 466 2 -3.070738357433914 780.88086 794.3068 894.59814 884.0657 1.2582516808517317 5.524906773875246 2.1895910260351847 -2.7195222384985387 5.446253521475253 34.19778786898281 -3.150094694324687 1
bicycle_rack 476 1 0.35360099210030876 379.88724 757.1094 567.8185 854.3399 1.1596293295007942 9.776502485539087 0.9138629307974301 -11.45319194577484 4.78276514807305 36.07721852066594 0.04620083218199644 1
bicycle_rack 467 2 -3.0882089778941584 769.179 800.0775 877.85925 880.2786 1.297371699005522 2.1708718919515833 2.0713573419340285 -2.7429637699275915 4.969076669718232 30.221032348430043 -3.178724370495953 1
bicycle_rack 462 2 0.270045955714532 528.76025 756.55066 674.3701 848.5195 1.326214913579829 13.45353226738482 0.8656124258850646 -11.12225462393448 6.10972384584319 47.59716550544081 0.040490281148421126 1
Pedestrian 469 1 -1.2863893618845101 599.34686 757.9863 622.1426 816.08575 1.8852846346622416 0.5933758915422571 0.6351973345117885 -11.807995276576584 6.399137206949522 50.38664822861444 -1.5165830734380266 1
Car 1300 1 -1.3641482884414593 571.6647 766.7571 844.73584 979.8006 1.4478729202453438 1.8566941459203978 4.647981823142103 -2.4472160050980833 3.160714628701044 15.687381135396786 -1.5189000175237009 1
Car 1778 2 -0.6564559963269875 0.0 632.83356 356.65448 1215.0 1.4471436510117073 1.8175950585007201 3.551135228552863 -2.4159845056220512 1.4667621356935252 1.909508803123629 -1.5584142566688723 1
Pedestrian 489 1 -1.257866901118773 581.6468 758.14215 604.78894 816.045 1.8852846346622416 0.5933758915422571 0.6351973345117885 -12.447451926865167 6.4225616490159 50.58541333775747 -1.4991414564856813 1
