Pedestrian 1294 0 1.498872422082247 1034.9714 776.93585 1072.0725 865.34625 1.6936242966332515 0.7006199759103615 0.6444957423242117 1.85246107499464 4.786381647179292 30.094544796347492 1.560349568336616 1
Cyclist 472 1 -1.2079605446348936 461.8914 746.8378 509.608 810.9558 1.840446681008341 0.8170545842621175 1.9299875880376327 -15.140619647941472 5.807324786263843 47.66285228808005 -1.5155401320895743 1
bicycle_rack 465 1 -3.084048810062766 761.92194 795.2622 872.24994 884.51105 1.2307798559320426 3.38391726873027 1.9265032997222868 -2.7264200229661637 4.724070683202896 28.938089954134757 -3.177987132327124 1
bicycle 1297 2 -3.017425589962694 732.4725 803.58813 853.97815 885.59076 1.233360480688725 0.6777473103194523 1.8983723914097599 -2.7255822784423653 4.187650101306587 24.373339695149824 -3.1287892988908443 1
bicycle 463 2 -3.0803865451100796 759.89844 804.9881 868.3352 877.3971 1.1770685140628363 0.7875542730170466 1.8937143380376253 -2.628166325212278 4.463985732865859 26.866377456377464 -3.177899905789215 1
bicycle_rack 1298 2 -3.0117190444590753 718.8075 802.0659 849.4839 888.2262 1.2158974490550447 0.9234434796426267 1.9378159283919933 -2.7670729418784203 4.059444093307684 23.52792405127137 -3.1287892988908443 1
bicycle_rack 1299 2 -2.999473719080068 673.1564 796.2127 852.82806 899.72516 1.2417742985158133 1.9050109229140193 2.3838001789720065 -2.8753446227680115 3.88560759000515 22.11101757198279 -3.1287892988908466 1
bicycle_rack 466 2 -3.074107800135879 782.8514 788.3684 890.961 873.08093 1.2582516808517317 5.524906773875246 2.1895910260351847 -2.868786820748571 5.464470776003422 35.70295469826248 -3.154287064611667 1
bicycle_rack 476 1 0.3426593569799568 398.2368 759.3148 574.1631 852.8814 1.1596293295007942 9.776502485539087 0.9138629307974301 -11.634664142631982 4.973263662110959 37.52520557758267 0.042008699682779094 1
bicycle_rack 467 2 -3.09401453448001 774.66376 796.75354 877.6189 872.843 1.297371699005522 2.1708718919515833 2.0713573419340285 -2.827264905261973 5.071939686561684 31.71819910097843 -3.1829165705450615 1
bicycle_rack 462 2 0.26336841033607455 537.10767 757.71924 675.4495 846.9002 1.326214913579829 13.45353226738482 0.8656124258850646 -11.332809517517262 6.280981303919279 49.04807844257274 0.03629814770309703 1
Pedestrian 488 2 1.52721781619538 1038.4738 777.41595 1071.4005 858.6316 1.7162126487124107 0.7036247787748896 0.9178275675598653 2.1128040946791713 5.212438761944534 33.81526424294265 -4.693567825963758 1
rider 480 1 -1.2139417656812266 468.07532 748.2748 502.79193 806.1752 1.7552190229669595 0.8170545842621175 0.8227174105882646 -15.141552022428106 5.717947028753973 47.60120786054397 -1.5219127663510592 1
Car 1300 1 -1.376000817244469 601.1922 764.1332 845.705 955.4309 1.4478729202453438 1.8566941459203978 4.647981823142103 -2.5377075694293207 3.262848510763105 17.128011903858766 -1.5230919882644902 1
Car 1778 1 -0.9258047774708962 0.0 678.6767 509.54874 1215.0 1.4471436510117073 1.8175950585007201 3.551135228552863 -2.4635265857234465 1.6310524280610488 3.3309567687962325 -1.5626070756741681 1
