Pedestrian 1294 0 1.4933790242911 1047.7987 782.94867 1088.571 879.60394 1.6936242966332515 0.7006199759103615 0.7375330892399711 1.981603206644248 4.669695157491016 27.788152396275148 1.5645695947963114 1
Pedestrian 488 2 1.5242545681160067 1048.2318 790.8433 1083.1365 874.9505 1.6785013636542334 0.7036247787748896 0.6444207508880859 2.1938968198035003 5.208154626184156 31.47795750125281 -4.689346973991913 1
bicycle_rack 465 1 -3.077908222353715 754.0367 799.8755 873.321 896.38995 1.2307798559320426 3.38391726873027 1.9265032997222868 -2.599695747745479 4.595764844519766 27.03688392319983 -3.1737671998038195 1
rider 480 1 -1.2155627472519677 477.74185 754.8378 512.32886 812.8016 1.7552190229669595 0.8170545842621175 0.8227174105882646 -14.853104533961224 5.933660844014269 47.656184947470436 -1.517693219272972 1
bicycle 1297 2 -3.0087041710314186 720.2138 810.932 852.3301 900.3047 1.233360480688725 0.6777473103194523 1.8983723914097599 -2.6152694339953446 4.072860545854557 22.470606877310253 -3.1245691275035483 1
bicycle 463 2 -3.0734917624653555 751.44794 810.0586 868.4471 888.1787 1.1770685140628363 0.7875542730170466 1.8937143380376253 -2.5097506831694654 4.320805956167042 24.96649496322674 -3.1736799431110745 1
Cyclist 472 1 -1.209676145477303 471.7725 753.37634 519.2423 817.6809 1.840446681008341 0.8170545842621175 1.9299875880376327 -14.852312547901162 6.0263844027689135 47.73534349444358 -1.5113203424901747 1
bicycle_rack 1298 2 -3.0022084728427725 704.55927 810.736 847.2386 905.1064 1.2158974490550447 0.9234434796426267 1.9378159283919933 -2.6598793048219287 3.9631802888751366 21.629431103812067 -3.1245691275035483 1
bicycle_rack 1299 2 -2.9880814701801395 652.201 803.9499 850.41846 918.63983 1.2417742985158133 1.9050109229140193 2.3838001789720065 -2.7744998271574786 3.7769725718234834 20.201458783014658 -3.1245691275035496 1
bicycle_rack 466 2 -3.0704725373359594 780.007 795.13525 895.16473 886.2066 1.2582516808517317 5.524906773875246 2.1895910260351847 -2.6883253895840142 5.4207553796350805 33.794132319425465 -3.149855432387601 1
bicycle_rack 476 1 0.35767093806854133 370.7744 757.3186 562.7665 855.88727 1.1596293295007942 9.776502485539087 0.9138629307974301 -11.48439835328918 4.752868153072065 35.67484351465528 0.04622851147356544 1
bicycle_rack 467 2 -3.087729186899024 767.67596 801.49194 877.8866 882.93225 1.297371699005522 2.1708718919515833 2.0713573419340285 -2.719900481231904 4.951030771562292 29.817173752531737 -3.178696690752828 1
bicycle_rack 462 2 0.27192960125733723 524.5172 756.19147 672.27673 848.95294 1.326214913579829 13.45353226738482 0.8656124258850646 -11.12088723083509 6.061434810508282 47.19581961274264 0.04051796044619449 1
Pedestrian 469 1 -1.2849344548160033 596.26624 757.75775 619.28284 816.343 1.8852846346622416 0.5933758915422571 0.6351973345117885 -11.809176147519299 6.354215076593485 49.968378867704466 -1.5170092634117127 1
Car 1300 1 -1.3796140892561866 560.873 765.9198 836.9039 986.1169 1.4478729202453438 1.8566941459203978 4.647981823142103 -2.454667038268151 3.102743049340477 15.197162905398022 -1.5397524233140356 1
Pedestrian 489 1 -1.256011895241117 578.6363 757.7713 601.9981 816.1353 1.8852846346622416 0.5933758915422571 0.6351973345117885 -12.446001461421814 6.374278317262935 50.184103707409314 -1.499113774161641 1
