Pedestrian 488 2 1.5270457133887412 1037.6212 777.10077 1069.7478 856.9051 1.735068291241499 0.7036247787748896 0.6632763934171733 2.1060675928645756 5.244177261180568 34.140424608730065 -4.694529283316927 1
Cyclist 472 1 -1.2083023947962428 460.76022 746.5939 508.6903 811.0024 1.840446681008341 0.8170545842621175 1.9299875880376327 -15.103202049585182 5.781488014864877 47.44320355534006 -1.5165013473421 1
bicycle_rack 465 1 -3.0846916501375854 761.9564 793.07574 871.35516 881.35913 1.2307798559320426 3.38391726873027 1.9265032997222868 -2.756164046438679 4.7036604690765165 29.154385018136374 -3.1789483796698548 1
bicycle 1297 2 -3.0183119249559467 732.90155 803.5813 853.34564 884.8561 1.233360480688725 0.6777473103194523 1.8983723914097599 -2.7509479722427757 4.212537029220187 24.583484259581617 -3.1297505999365285 1
bicycle 463 2 -3.081098344888423 759.9796 802.4444 867.525 874.1979 1.1770685140628363 0.7875542730170466 1.8937143380376253 -2.6561738619370514 4.443381421029594 27.082958674620205 -3.178861159857993 1
bicycle_rack 1298 2 -3.0126872250745813 719.4368 802.0728 848.91504 887.43787 1.2158974490550447 0.9234434796426267 1.9378159283919933 -2.7916172214087207 4.084339299318259 23.738027428878016 -3.1297505999365285 1
bicycle_rack 1299 2 -3.00061725611443 674.4127 796.2755 852.2647 898.75195 1.2417742985158133 1.9050109229140193 2.3838001789720065 -2.8985166534929374 3.910512230456531 22.321015632481608 -3.1297505999365303 1
bicycle_rack 466 2 -3.0745371618514095 782.4584 790.20013 889.85284 874.70935 1.2582516808517317 5.524906773875246 2.1895910260351847 -2.9044501638368105 5.534331078941035 35.907549945330025 -3.1552483385663077 1
bicycle_rack 476 1 0.3409525176242521 400.4508 759.51465 574.72485 852.56396 1.1596293295007942 9.776502485539087 0.9138629307974301 -11.666300335347596 4.997046231689246 37.72666681851329 0.04104747935911357 1
bicycle_rack 467 2 -3.0945944333212845 774.4914 793.69556 876.6902 869.0364 1.297371699005522 2.1708718919515833 2.0713573419340285 -2.8589452843118983 5.029457189134543 31.93589624632383 -3.1838778061220916 1
bicycle_rack 462 2 0.26175704452321324 538.885 757.8901 675.9673 846.7018 1.326214913579829 13.45353226738482 0.8656124258850646 -11.345547891983928 6.3052193807784676 49.24916384597239 0.035336927160666054 1
rider 480 1 -1.2138555951973902 466.24442 747.97626 501.1687 806.19617 1.7552190229669595 0.8170545842621175 0.8227174105882646 -15.111820628448779 5.686509169460661 47.33605679674386 -1.5228739263288322 1
Car 1300 1 -1.3766728776529857 602.9184 765.346 843.95374 954.16595 1.4478729202453438 1.8566941459203978 4.647981823142103 -2.575748434191207 3.2994476008586897 17.350163116381243 -1.5240531714634056 1
Car 1778 1 -0.9509827879111066 0.0 683.4261 517.42194 1215.0 1.4471436510117073 1.8175950585007201 3.551135228552863 -2.504208352265656 1.6563540156246417 3.5633166875787596 -1.5635684534530216 1
Pedestrian 1294 0 1.5017709831872448 1029.6788 775.508 1065.6783 862.6324 1.7122317660164041 0.7006199759103615 0.502442963118654 1.760866180714042 4.812436398191517 30.527579645424503 1.559388299122599 1
