Pedestrian 488 2 1.5232255003278894 1048.5219 782.41895 1084.7737 871.3874 1.7162126487124107 0.7036247787748896 0.6067094658299089 2.128521426517469 4.936511969157496 30.261161590772407 -4.689737071854937 1
Cyclist 472 1 -1.2079821973908826 468.13443 750.66833 516.0251 815.27814 1.840446681008341 0.8170545842621175 1.9299875880376327 -14.866132689193568 5.912558636563249 47.43109623068386 -1.5117103421989841 1
bicycle_rack 465 1 -3.0743191342231904 745.3491 794.66986 869.7269 894.2078 1.2307798559320426 3.38391726873027 1.9265032997222868 -2.610325074076329 4.38807090057814 26.08894577933759 -3.17404207503769 1
bicycle_rack 476 1 0.365347767108916 351.83322 754.715 552.9999 855.60046 1.1596293295007942 9.776502485539087 0.9138629307974301 -11.485213702805206 4.598875337089416 34.714801861895275 0.04583850971832737 1
Pedestrian 1295 1 1.9758761426669729 353.96964 747.41125 378.56186 802.4483 1.7039819511631957 0.5397366516824353 0.6014301786060627 -19.086988617947057 5.659814390576495 47.97862024966103 -4.685937229391103 1
bicycle 1297 2 -3.003513768390145 708.6195 806.20935 846.819 899.43097 1.233360480688725 0.6777473103194523 1.8983723914097599 -2.626394614677231 3.8854446687993933 21.519710113865557 -3.124959162849948 1
bicycle 463 2 -3.0695115411771976 742.33765 805.3615 864.1823 886.46356 1.1770685140628363 0.7875542730170466 1.8937143380376253 -2.520374755211233 4.126526615277231 24.017037290130475 -3.174069958999021 1
bicycle_rack 1298 2 -2.9962021602573383 691.20966 806.39954 840.8642 905.0034 1.2158974490550447 0.9234434796426267 1.9378159283919933 -2.6771848188663356 3.783494183343557 20.677508318295615 -3.124959162849948 1
bicycle_rack 1299 2 -2.9813001522475435 635.34064 798.9796 844.4199 919.1014 1.2417742985158133 1.9050109229140193 2.3838001789720065 -2.784571108512466 3.5957505805216696 19.249671695497277 -3.12495916284995 1
bicycle_rack 466 2 -3.068191875034791 773.7083 789.7344 892.8166 882.6804 1.2582516808517317 5.524906773875246 2.1895910260351847 -2.7013773867953748 5.184477938262219 32.84819988506291 -3.1502454448668855 1
bicycle_rack 467 2 -3.0857992737323383 762.06177 794.53925 876.2089 878.26263 1.297371699005522 2.1708718919515833 2.0713573419340285 -2.699187597954223 4.697525243401384 28.850116883819204 -3.1790866988637942 1
bicycle_rack 462 2 0.27681905226434256 512.8103 753.84357 666.0634 848.0521 1.326214913579829 13.45353226738482 0.8656124258850646 -11.153232305332894 5.894178104863567 46.238209098698256 0.04012795860349372 1
Pedestrian 469 2 -1.2798124540461686 587.3388 756.20636 610.7761 815.5887 1.8852846346622416 0.5933758915422571 0.6351973345117885 -11.934657542979284 6.2419389079110505 49.28409274403714 -1.517399206228891 1
rider 480 1 -1.2141239729638296 474.61478 752.3659 509.4477 810.6261 1.7552190229669595 0.8170545842621175 0.8227174105882646 -14.861626374970196 5.830478893492335 47.3783538803973 -1.5180831965770687 1
Pedestrian 1294 0 1.4880403768940866 1054.3783 777.2001 1096.7823 877.71356 1.6936242966332515 0.7006199759103615 0.5599768766706731 2.00908798234272 4.404534558570009 26.33602969338281 1.564179573198873 1
Pedestrian 489 2 -1.2499201184768982 567.8977 755.99115 591.7916 815.3686 1.8852846346622416 0.5933758915422571 0.6351973345117885 -12.575041351547375 6.237708242653838 49.312383507135806 -1.4996064027214477 1
Pedestrian 1296 1 2.014525042151117 336.1864 743.2865 361.67566 802.713 1.8571516839499111 0.5758998323821733 0.5595927255779781 -19.73671150383821 5.696867370413322 48.20675092812307 -4.657259148462632 1
Car 1300 1 -1.3475703222592115 521.6536 761.7258 832.5795 999.0311 1.4478729202453438 1.8566941459203978 4.647981823142103 -2.4665428944120404 2.9661056728738453 14.224650585412089 -1.5192623260162377 1
