Pedestrian 1294 0 1.4602634667653307 1078.9878 774.3466 1137.3289 909.00415 1.6936242966332515 0.7006199759103615 0.7166503247737411 1.9552672302912737 3.726314692820392 19.977148601114116 1.5578279081645312 1
Pedestrian 488 2 1.497415194224069 1072.9535 778.4924 1119.0782 889.58057 1.7162126487124107 0.7036247787748896 0.5521665339724204 2.172915266847934 4.227051114735689 24.164626221781898 -4.696089979750393 1
Cyclist 472 1 -1.2033004481916452 449.0334 746.7517 498.69205 813.0382 1.840446681008341 0.8170545842621175 1.9299875880376327 -15.018967697658384 5.679479955649566 46.12913160218093 -1.5180616507007887 1
bicycle_rack 465 1 -3.0523978203635345 682.04596 798.49365 842.38635 924.99426 1.2307798559320426 3.38391726873027 1.9265032997222868 -2.7053842733845617 3.8715432228576314 21.02096560063725 -3.1803935623696242 1
bicycle_rack 476 1 0.40240989014796563 273.5831 745.70844 485.51126 847.5508 1.1596293295007942 8.039874408761518 0.9138629307974301 -11.63376087575643 3.9605270577807574 30.63585171854274 0.03948716775460448 1
Pedestrian 1295 1 2.0242097640336576 253.07834 740.4796 285.519 803.5014 1.7039819511631957 0.6238166291698731 0.6014301786060627 -19.369352139486562 4.963593435031059 41.86723970580435 -4.692288917904331 1
bicycle 470 2 2.6237185458341314 806.5035 818.24664 874.7136 865.39136 0.8278107536147661 0.4743882070139751 1.385961669476877 -2.5496161161357724 4.99619102089776 31.65400794999367 -3.739839640233464 1
bicycle 1297 2 -2.968972920750309 623.16565 808.9229 805.87744 931.19354 1.233360480688725 0.6777473103194523 1.8983723914097599 -2.699574768278202 3.3045971810429053 16.482995004606643 -3.1313110416338183 1
bicycle 463 2 -3.044339864124312 676.612 812.0838 832.84454 915.7842 1.1770685140628363 0.7875542730170466 1.8937143380376253 -2.595882637469144 3.6038974811415683 18.95802184025862 -3.1804215257456354 1
bicycle 471 2 1.5536475232222327 853.10016 786.96014 872.3351 832.5591 1.225492014841081 0.5869025703949089 1.979785363014962 -3.1950317301964013 6.57879268810598 48.38744175730873 1.4877130515223311 1
Cyclist 464 2 -1.1050881873008027 514.4428 748.7293 565.5431 811.49084 1.8497428166235967 0.824141309702197 1.9653727539206387 -13.854497518266752 6.013042852231995 49.23480118976126 -1.37939133381911 1
bicycle_rack 1298 2 -2.961277407800526 600.80975 808.63007 802.38354 940.1923 1.2158974490550447 0.9234434796426267 1.9378159283919933 -2.680130825980309 3.1917182449712382 15.610159205663514 -3.1313110416338183 1
bicycle_rack 1299 2 -2.93691881836623 510.338 798.94293 803.9057 964.74115 1.2417742985158133 1.9050109229140193 2.3838001789720065 -2.793839251184138 3.0056023141478496 14.190684775057024 -3.13131104163382 1
bicycle_rack 466 1 -3.0547739909359795 728.9985 791.21155 873.56647 902.72845 1.2582516808517317 5.524906773875246 2.1895910260351847 -2.8547967793025286 4.674546011475912 27.93990330400046 -3.156596958033691 1
bicycle_rack 462 2 0.30243351382965017 441.17007 745.07227 627.64014 849.32416 1.326214913579829 13.45353226738482 0.8656124258850646 -11.36908768250848 5.186139630779107 41.29518125445669 0.03377661519958575 1
bicycle_rack 467 2 -3.0670176463458856 709.33185 797.7123 850.6488 900.5632 1.297371699005522 2.1708718919515833 2.0713573419340285 -2.8305218242033128 4.177155665129311 23.790461458560777 -3.185438142299905 1
bicycle_rack 468 2 0.3975530431175833 599.3651 762.87177 671.1377 817.0269 1.34720354737978 4.173382032847738 0.7946418192229495 -10.88557883866584 6.170183071410363 50.15031676893444 0.18380966665287968 1
Pedestrian 469 1 -1.2641490392272219 551.0878 747.05585 576.9099 811.4236 1.8852846346622416 0.5933758915422571 0.6351973345117885 -12.055173963581433 5.620058025837616 45.38950423197816 -1.5237495875536082 1
rider 480 1 -1.209582386001704 456.0656 747.9337 492.06833 807.73114 1.7552190229669595 0.8170545842621175 0.8227174105882646 -15.012429401173431 5.582982124955414 46.09487068173689 -1.5244341399375794 1
rider 483 2 -1.100447832567456 521.89056 750.21954 556.3529 805.78754 1.7311338990431162 0.824141309702197 0.7840906992564061 -13.870599345268797 5.888861749096339 49.14902083074635 -1.3755094799266534 1
bicycle 484 1 1.447501172160932 821.3211 787.88635 844.30743 828.1026 1.0770769565399296 0.5156305539625055 1.986921319523693 -4.24942991435042 6.571640500321342 49.38833215486426 1.3616713866859684 1
Car 1300 1 -1.2837261464559653 232.57663 738.977 775.8319 1123.8757 1.4478729202453438 1.8566941459203978 4.647981823142103 -2.44782918692535 2.3422418406550425 9.371974961957312 -1.5392048401285496 1
Pedestrian 489 1 -1.23479609604062 531.4985 746.6871 557.7025 810.78687 1.8852846346622416 0.5933758915422571 0.6351973345117885 -12.70179870191625 5.62608383564457 45.597132197059594 -1.5064743121030835 1
Pedestrian 1296 1 2.0642269330137317 233.3588 739.506 263.88275 807.85425 1.8571516839499111 0.5758998323821733 0.5595927255779781 -19.970299045401497 5.091743077759873 41.91248899055623 -4.6636103816694074 1
