Pedestrian 488 0 1.401108259226414 1113.1594 747.53186 1198.9657 934.64197 1.7162126487124107 0.7036247787748896 0.8551428189448746 1.9077366012437105 2.9609562183486466 14.73725383939723 1.529842305206102 1
bicycle 463 1 -2.9600679815715707 458.39325 802.44446 727.96954 976.6505 1.1770685140628363 0.7875542730170466 1.8937143380376253 -2.780857090938705 2.59085446606824 11.46152036138728 -3.1980939851220707 1
Cyclist 464 1 -1.1031888096260367 479.65256 738.2105 535.1017 805.3962 1.8497428166235967 0.824141309702197 1.9653727539206387 -13.859042023917004 5.3925199774181864 45.71677340471777 -1.397533044432579 1
bicycle_rack 465 1 -2.9873938885059266 483.43146 780.04504 762.1143 982.2228 1.2307798559320426 3.38391726873027 1.9265032997222868 -2.8987882931114193 2.814839165144128 13.524576450189288 -3.1985342159345613 1
Pedestrian 1294 0 1.3668768057437255 1168.2778 719.09064 1279.5643 980.469 1.6936242966332515 0.6386226708667871 0.6136327120645012 1.7864962680707976 2.3582233737666902 10.234813678192568 1.539686715203341 1
Pedestrian 1295 1 2.1355339748002677 0.0 724.5664 41.226967 807.22546 1.7039819511631957 0.6238166291698731 0.6014301786060627 -20.095921774859068 3.847243067197592 31.856449525929822 -4.710430179101882 1
Pedestrian 1296 2 2.1804903165712046 0.0 715.7057 8.357274 805.28973 1.8571516839499111 0.7000178435177429 0.5595927255779781 -20.844688291176894 3.8107309488585424 31.881428414246805 -4.681750340082777 1
rider 480 1 -1.1999313111564038 407.77475 736.80664 447.49164 801.64307 1.7552190229669595 0.8170545842621175 0.8227174105882646 -15.112683142417868 4.957281757580805 42.36659890859338 -1.542573268414467 1
bicycle 470 2 2.650236172945578 727.7202 818.5775 818.1259 881.0182 0.8278107536147661 0.4743882070139751 1.385961669476877 -3.0298570285254764 4.026829069524622 24.106345061911462 -3.7579806181024464 1
bicycle 1297 1 -2.837883966404025 292.29852 796.62177 652.7906 1029.0977 1.233360480688725 0.6777473103194523 1.8983723914097599 -2.8315107164197113 2.2827129860208477 8.791924589544742 -3.1494527401695893 1
bicycle 471 2 1.567327627239795 803.70245 773.42975 825.8072 826.9599 1.225492014841081 0.5869025703949089 1.979785363014962 -4.008584205760203 5.386642161220745 40.88082616450236 1.4695847273727116 1
Cyclist 472 1 -1.1950809089108108 402.37048 735.6182 457.17184 807.0588 1.840446681008341 0.8170545842621175 1.9299875880376327 -15.100888195637117 5.062338120442346 42.53788641548308 -1.5362018247785674 1
bicycle 475 2 1.510142870339441 766.0638 761.7981 790.56647 810.0216 1.211835070297488 0.6046020620269957 1.8526574027285967 -5.39369319761255 5.330962580532681 44.03000224707456 1.388249765877077 1
bicycle_rack 1298 1 -2.8031026907640744 195.22563 798.13214 622.71173 1062.37 1.2158974490550447 0.9234434796426267 1.9378159283919933 -2.8749635391986255 2.1930685651998734 7.966145607107859 -3.1494527401695893 1
bicycle_rack 1299 0 -2.735399201109532 0.0 779.1096 621.214 1158.0983 1.2417742985158133 1.832335124323622 2.3838001789720065 -2.891057749940717 2.0156105186227173 6.57867447606876 -3.1494527401695915 1
bicycle_rack 466 1 -3.0174948580035497 600.7569 780.6088 816.41486 936.64264 1.2582516808517317 5.524906773875246 2.1895910260351847 -3.2521794918596707 3.677962244798129 20.441175211905723 -3.17527191413138 1
bicycle_rack 476 0 0.5056843572585459 0.0 728.5286 321.48175 864.2037 1.1596293295007942 8.039874408761518 0.9138629307974301 -12.082882430727599 3.0302592757272624 22.965303066570147 0.021346896193591425 1
bicycle_rack 462 1 0.3583724636103254 264.52377 733.35785 536.464 861.40155 1.326214913579829 13.45353226738482 0.8656124258850646 -11.99915911485924 4.253473107710834 33.62819954540292 0.015636339360203033 1
bicycle_rack 467 1 -3.015935417063791 559.7138 786.08124 778.36163 938.72174 1.297371699005522 2.1708718919515833 2.0713573419340285 -3.097981606604661 3.1761005679723957 16.282881233208048 -3.203948329571742 1
bicycle_rack 468 2 0.4345456737585003 501.7492 755.2012 592.3936 818.813 1.34720354737978 4.173382032847738 0.7946418192229495 -11.70968939993726 5.235041626940292 42.49574755668406 0.16566850684795442 1
Pedestrian 477 0 -2.9749655239226764 947.33496 771.7711 966.1712 816.18994 1.4544278440094247 0.5594709633625214 0.5626067390483165 -0.15393541087943635 6.535863322414868 51.416866393521794 -2.9779593849211836 1
Pedestrian 479 0 -1.599732476346955 897.2023 765.68756 915.3803 813.5999 1.5754304190076684 0.6072951983373363 0.6339056198036715 -1.8946697374763934 6.454201582091024 51.48539744743037 -1.636516015759247 1
Pedestrian 478 0 -2.8722920076247394 921.5761 770.2813 941.298 814.8497 1.4544278440094247 0.5630879526078967 0.5471301006195485 -1.0233759925204706 6.480934248986461 51.36347404190533 -2.892213569125171 1
Pedestrian 469 1 -1.2097323252536867 453.7473 736.65906 485.54395 811.33105 1.8852846346622416 0.5933758915422571 0.6662671321532145 -12.862839753343735 4.8360455649362395 39.13752616020369 -1.5272687028115914 1
rider 483 1 -1.0979062113304097 486.78488 739.36066 524.22345 799.0994 1.7311338990431162 0.824141309702197 0.7840906992564061 -13.878791997205772 5.252829965326412 45.552013540082335 -1.3936511248129937 1
bicycle 484 1 1.4608092195520657 772.25183 775.45355 798.5456 822.4644 1.0770769565399296 0.5156305539625055 1.986921319523693 -4.931011616949282 5.394740704942201 41.86078301748735 1.3435540686990444 1
Pedestrian 489 1 -1.1889820137150198 430.3991 736.833 462.08136 811.07904 1.8852846346622416 0.5933758915422571 0.6351973345117885 -13.53393304673576 4.852302728680311 39.3069787502977 -1.520582172955866 1
Car 1300 2 -0.5581701385066472 0.0 0.0 1935.0 1165.9069 1.4478729202453438 1.8566941459203978 4.647981823142103 -2.477078172701091 1.4251670395414249 1.6414244367880009 -1.5437529904602412 1
