Pedestrian 488 0 1.3941507285403072 1122.3822 746.4607 1207.7313 937.51996 1.7162126487124107 0.7036247787748896 0.6148512825874289 1.9218406893910307 2.893801673744736 14.164647677903769 1.5290059281618515 1
bicycle 463 1 -2.9491137696972594 431.95807 804.03107 715.8526 987.03033 1.1770685140628363 0.7875542730170466 1.8937143380376253 -2.791881969153917 2.5413833028944293 10.942276620179994 -3.198930163007683 1
Cyclist 472 2 -1.193240208840805 397.62054 735.27423 452.8803 807.09955 1.840446681008341 0.8170545842621175 1.9299875880376327 -15.145738444215059 5.035095216181899 42.30468387543328 -1.5370379863505443 1
Cyclist 464 1 -1.0999892693414004 472.6875 737.469 528.8463 805.2234 1.8497428166235967 0.824141309702197 1.9653727539206387 -13.93813783327441 5.3393121889975355 45.318121091853286 -1.398369277146154 1
bicycle_rack 465 1 -2.9791666262652066 459.96054 779.1445 753.7095 990.3665 1.2307798559320426 3.38391726873027 1.9265032997222868 -2.911413828190344 2.752340601963799 13.007057550934087 -3.1993703985089903 1
Pedestrian 1294 0 1.3557884020211497 1176.2324 708.45776 1306.361 995.155 1.6936242966332515 0.6308730077363378 0.9538611059601383 1.7781794993153424 2.2575063177290833 9.604782437050648 1.538850506649998 1
Pedestrian 1295 1 2.1453453215628997 0.0 722.57025 19.503555 806.9148 1.7039819511631957 0.6238166291698731 0.6014301786060627 -20.15631822565464 3.762129634504201 31.2107500975862 -4.711266390842555 1
bicycle 470 2 2.653012050056 721.17773 818.84576 813.65173 882.7129 0.8278107536147661 0.4743882070139751 1.385961669476877 -3.0513894066446996 3.9641753608577437 23.58872958746054 -3.758816817407398 1
bicycle 1297 1 -2.820770620667617 249.77014 796.1881 633.86395 1042.8468 1.233360480688725 0.6777473103194523 1.8983723914097599 -2.840874997670249 2.22460685635242 8.306972785054377 -3.1502889682976876 1
bicycle 471 2 1.5694245628746892 799.03064 772.94916 821.46564 827.2399 1.225492014841081 0.5869025703949089 1.979785363014962 -4.071525866637616 5.316222540693011 40.305365727304036 1.4687491124315653 1
bicycle 475 2 1.5124268934847103 761.2607 761.07556 785.9052 809.82153 1.211835070297488 0.6046020620269957 1.8526574027285967 -5.471611501187548 5.264649103306706 43.54041656441273 1.3874148081129927 1
bicycle_rack 1298 1 -2.7871586545223987 149.22354 793.74756 608.0041 1075.6178 1.2158974490550447 0.9234434796426267 1.9378159283919933 -2.8439106636106675 2.114028675229222 7.484351755119915 -3.1502889682976876 1
bicycle_rack 1299 0 -2.7074989437674564 0.0 777.4995 596.9427 1190.0295 1.2417742985158133 1.832335124323622 2.3838001789720065 -2.8989982609273492 1.9601674507587772 6.113535549820832 -3.150288968297689 1
bicycle_rack 466 1 -3.0133518941720374 588.3805 777.52435 811.66864 937.2494 1.2582516808517317 5.524906773875246 2.1895910260351847 -3.2723215694384518 3.5777224900921416 19.927812859561175 -3.1761081521857 1
bicycle_rack 476 0 0.5090034713364581 0.0 727.21967 317.48532 866.1981 1.1596293295007942 8.039874408761518 0.9138629307974301 -11.92504420854253 2.9705685780486917 22.43854159514755 0.02051073004122861 1
bicycle_rack 462 1 0.36352802791869243 248.88269 732.39154 529.27734 862.48755 1.326214913579829 13.45353226738482 0.8656124258850646 -12.035896740187772 4.189633506768242 33.103163351494494 0.014800173004711592 1
bicycle_rack 467 1 -3.0116959045121017 547.17303 785.4044 774.0425 943.3451 1.297371699005522 2.1708718919515833 2.0713573419340285 -3.0829519365036573 3.112991932587417 15.767589070058209 -3.2047845388080978 1
bicycle_rack 468 2 0.43720553834836245 495.23315 754.58545 587.513 819.0187 1.34720354737978 4.173382032847738 0.7946418192229495 -11.714555308442213 5.16850112138029 41.94032619563427 0.16483230114427339 1
Pedestrian 477 0 -3.074801220729271 945.5469 775.6734 961.5219 820.10406 1.4544278440094247 0.4753152361599898 0.5133880363988947 -0.2623153549330524 6.614253397242931 50.92411222709374 -3.079952278321012 1
Pedestrian 479 0 -1.598547105831956 894.10913 764.4627 912.41925 817.08606 1.7220235164348197 0.6072951983373363 0.6339056198036715 -1.9823249937192797 6.518500618856774 51.058178409326345 -1.6373524436780043 1
Pedestrian 478 0 -3.0158952653500757 922.0519 774.68146 940.03284 819.389 1.4544278440094247 0.5630879526078967 0.5471301006195485 -1.0300058830168581 6.596360008349613 51.0286113469826 -3.0360773946550084 1
Pedestrian 469 1 -1.2089134407278574 450.88248 736.03235 482.9174 811.182 1.8852846346622416 0.5933758915422571 0.6662671321532145 -12.850952683307533 4.800664419320341 38.8842920927804 -1.5281047401441061 1
rider 480 1 -1.1988284855469435 404.40094 736.6032 444.3201 801.6888 1.7552190229669595 0.8170545842621175 0.8227174105882646 -15.146229611409339 4.9391318390505825 42.20188263894752 -1.5434093816970818 1
rider 483 1 -1.0956500243555993 481.58075 738.8141 519.30634 798.90436 1.7311338990431162 0.824141309702197 0.7840906992564061 -13.948608777755668 5.215151470330651 45.27846129830506 -1.3944873544916163 1
bicycle 484 1 1.4623010903841178 768.6119 775.07184 795.1393 822.6688 1.0770769565399296 0.5156305539625055 1.986921319523693 -4.967417228007578 5.3316588469821395 41.34160166112595 1.3427189602108203 1
Pedestrian 489 1 -1.187119033587699 425.68152 736.13696 457.7553 811.1582 1.8852846346622416 0.5933758915422571 0.6351973345117885 -13.510349967622611 4.803347221408921 38.89712224878039 -1.5214181313658743 1
Car 1300 2 -0.43165444029607514 0.0 0.0 1935.0 1214.5525 1.4478729202453438 1.8566941459203978 4.647981823142103 -2.4739321547423785 1.3871278804885232 1.2191248835833148 -1.5445891240247949 1
