Pedestrian 488 0 1.2437375168027893 1379.6724 718.44977 1563.4943 1068.0481 1.6879291849187779 0.7036247787748896 0.7434128741657948 2.6359348020328066 2.198624376719233 7.791514512447858 1.5699589278022885 1
bicycle 463 1 -2.8080722057110044 134.0323 799.407 662.1531 1128.1694 1.1770685140628363 0.7875542730170466 1.8937143380376253 -2.2618250458149607 1.9480824698211254 6.1979400779563285 -3.1579868229452686 1
bicycle_rack 465 1 -2.8819562919689123 213.79573 772.7211 749.5866 1129.8843 1.2307798559320426 3.38391726873027 1.9265032997222868 -2.347769884685425 2.2175834876485694 8.27505028328958 -3.158408145252185 1
bicycle_rack 467 1 -2.9527748957289437 452.67908 782.61346 794.68445 1013.3529 1.297371699005522 2.1708718919515833 2.0713573419340285 -2.36360579784268 2.577691876449495 11.031715952628227 -3.1638393392826583 1
rider 491 1 3.1189821976037746 810.8952 747.21375 840.2701 792.4116 1.4137386238262655 0.8742549539473152 0.9567274092187641 -4.532100637559974 5.535784322228255 49.90815114815329 -3.254763553288577 1
bicycle 470 2 2.667283607927655 745.83575 819.1633 862.708 900.07 0.8278107536147661 0.4743882070139751 1.385961669476877 -1.9511230781840363 3.325806929407533 18.652037280872122 -3.7201290652240613 1
bicycle 1297 1 -2.494558427931236 0.0 773.5088 373.53513 1215.0 1.233360480688725 0.6777473103194523 1.8983723914097599 -2.4407215185798683 1.6140059687703179 3.4605905561121633 -3.108826221316181 1
bicycle 471 2 1.5709462926115145 856.7559 773.97784 882.2442 835.8254 1.225492014841081 0.5869025703949089 1.979785363014962 -2.177481343493535 4.863541309484076 35.48799320362641 1.5096648651859539 1
Cyclist 472 1 -0.8626231097359441 485.36374 733.5139 556.7775 808.1785 1.840446681008341 0.8170545842621175 1.9299875880376327 -12.039374188726589 4.891406126290245 40.95839167391981 -1.1485124908358855 1
Cyclist 473 1 3.006391933494946 859.5773 749.1724 921.97833 808.0046 1.8169044324081953 0.8652157689170594 1.9574751629784957 -2.330753263081664 5.9668293850137735 49.33474344594962 -3.3240019201931634 1
Cyclist 474 1 3.0832356563911016 955.35925 767.3703 1015.72327 825.29407 1.8644231779019482 0.9128481385524363 2.01187045188373 0.8206987403851141 6.778971589031328 51.0865374111351 -3.183886159487556 1
bicycle 475 2 1.5204818967870628 809.874 756.1461 836.77594 810.50836 1.211835070297488 0.6046020620269957 1.8526574027285967 -3.599052585561891 4.7129182411748864 38.93158534096532 1.4282983371605318 1
Cyclist 464 2 -0.5838804575187281 580.6327 728.8991 655.006 799.34125 1.8497428166235967 0.824141309702197 1.9653727539206387 -9.91200343709807 4.923716994740646 43.205227892318284 -0.8093948390967197 1
bicycle_rack 1298 2 -2.3474316460233253 0.0 771.5292 216.35136 1215.0 1.2158974490550447 0.9234434796426267 1.9378159283919933 -2.5076352837935953 1.5221161083159667 2.6299990000661633 -3.1090171788969014 1
bicycle_rack 466 1 -2.9859224749347875 552.74335 777.0624 863.6797 996.4762 1.2582516808517317 5.524906773875246 2.1895910260351847 -2.2834161609212864 3.0853135722207234 15.186645715805659 -3.135161398533943 1
bicycle_rack 476 0 0.6109326898961915 0.0 712.69354 258.73685 887.07666 1.1596293295007942 8.039874408761518 0.9138629307974301 -11.055831485359672 2.456748768097337 18.053609692845104 0.061453418635991186 1
bicycle_rack 462 1 0.40641831830623204 193.13576 722.9318 551.7433 873.3832 1.326214913579829 13.45353226738482 0.8656124258850646 -10.500900590046445 3.6499893870995175 28.707132461654744 0.05574287093551744 1
bicycle_rack 468 2 0.46209693348798625 513.37524 747.4419 619.7261 819.1288 1.34720354737978 4.173382032847738 0.7946418192229495 -9.825371104857824 4.593295295894433 37.489281405863544 0.20577706995985734 1
Pedestrian 477 0 -3.0409708672715037 990.342 774.4009 1016.1784 824.7214 1.4544278440094247 0.5594709633625214 0.7328497617648179 1.278815352249671 6.033236484029484 45.47645319385398 -3.012857891317679 1
Pedestrian 479 0 -1.5638082177511683 945.5428 768.46173 969.0718 821.9015 1.5846569960095132 0.7229239167696726 0.5924432392299628 -0.12054043676216641 6.05261866961375 46.24321361256162 -1.566414874043736 1
Pedestrian 478 1 -3.0552514412975893 982.3318 775.0464 1001.9521 824.7081 1.4544278440094247 0.6059008786488614 0.5548684198339386 0.9539724406864368 6.119146673893266 46.128824172330745 -3.0345737740929737 1
Pedestrian 469 1 -1.0735231560436622 485.3821 729.3412 522.12006 811.3867 1.8852846346622416 0.5933758915422571 0.6662671321532145 -10.928139318227213 4.407691710871462 35.730795507663494 -1.3703350582722171 1
rider 480 1 -0.869319536173629 499.54144 734.8901 543.5073 802.79004 1.7552190229669595 0.8170545842621175 0.8227174105882646 -12.039239391094602 4.80718066946395 40.95288568013346 -1.1552422637681805 1
rider 481 0 3.001545558678155 880.6208 749.89294 906.85187 805.6632 1.739569353666859 0.8652157689170594 0.7513900996554247 -2.2321019305831338 5.90632761053458 49.35684050209779 -3.326832716339627 1
rider 482 1 3.0809608278305065 975.7074 767.6633 1002.0507 822.477 1.765226082901808 0.9128481385524363 0.846219103732905 0.939505935118276 6.6890732964678525 51.10272607319285 -3.1838418962821704 1
rider 483 2 -0.579172114615268 595.5748 729.97375 634.98047 793.6009 1.7311338990431162 0.824141309702197 0.7840906992564061 -9.979300523979752 4.801736987617947 43.132693181343214 -0.8065344435060174 1
bicycle 484 1 1.4694639595799703 818.31964 772.7731 847.54755 826.42706 1.0770769565399296 0.5156305539625055 1.986921319523693 -3.1577440749563124 4.806369930964425 36.689926305980876 1.383609828175497 1
Cyclist 485 1 3.1083880584562995 794.5638 746.7545 852.3227 801.72705 1.7224409027099987 0.8716284815966773 1.8891247378019846 -4.600252899721105 5.829130723764099 49.847583975882465 -3.2668229617755205 1
Pedestrian 1294 2 0.9709404923417004 1726.8373 523.0036 1935.0 1215.0 1.6936242966332515 0.6261900983777503 1.0476837063052227 2.1747630496556516 1.5169816266170073 3.119211754344382 -4.703390030537468 1
Pedestrian 489 2 -1.0665985987209172 457.80984 730.1432 494.0785 811.8421 1.8852846346622416 0.5933758915422571 0.6351973345117885 -11.623495656361765 4.432504813089347 35.82566789310006 -1.3803293677166217 1
