Pedestrian 488 0 1.3167448703481845 1254.4883 718.0105 1380.7645 989.0161 1.70711945690633 0.7036247787748896 0.5132804444436752 2.340372042360201 2.3378414605923505 9.865707249755268 1.5496623846224864 1
bicycle 463 1 -2.8679034745775933 261.07104 802.79297 676.50543 1065.047 1.1770685140628363 0.7875542730170466 1.8937143380376253 -2.4837426668026117 2.1468072657284414 7.723015616682888 -3.1790595691668084 1
Cyclist 472 2 -1.1178899091735386 453.88797 732.41016 513.5484 805.6521 1.840446681008341 0.8170545842621175 1.9299875880376327 -13.256316346499256 4.901810449843152 41.5683436678343 -1.4265984584018858 1
bicycle_rack 465 1 -2.9201930644284784 313.44626 779.4629 741.39856 1074.1172 1.2307798559320426 3.38391726873027 1.9265032997222868 -2.591713069347331 2.4206410866445536 9.785269489659214 -3.1791066963976338 1
rider 480 2 -1.1329122258779103 462.13147 733.7398 503.34503 800.1667 1.7552190229669595 0.8170545842621175 0.8227174105882646 -13.269472101084565 4.808009217335265 41.48378427698421 -1.4424984228644047 1
rider 491 1 3.107533944302084 797.8549 748.0471 826.60266 791.8595 1.4137386238262655 0.8742549539473152 0.9567274092187641 -5.1408370103586325 5.699473809939006 51.54628617938927 -3.275055099708454 1
bicycle 470 2 2.6634239306616356 729.2105 815.70416 836.5141 889.6989 0.8278107536147661 0.4743882070139751 1.385961669476877 -2.419151325120783 3.4971943013499542 20.335869020506266 -3.7381647630000234 1
bicycle 1297 1 -2.6563050595008573 0.0 799.4934 505.87106 1215.0 1.233360480688725 0.6777473103194523 1.8983723914097599 -2.597045441264463 1.8662601161962145 5.070734636560118 -3.1296360886697023 1
bicycle 471 2 1.5687613270417649 830.21173 769.39056 854.58026 828.235 1.225492014841081 0.5869025703949089 1.979785363014962 -2.9523957508856395 4.909488946973493 37.11759336507171 1.4893867628385533 1
Cyclist 473 0 2.965977002324832 855.23145 748.1971 915.96045 805.00867 1.8169044324081953 0.8652157689170594 1.9574751629784957 -2.5976019648261635 6.095403291355756 51.25100979986387 -3.367848889411204 1
bicycle 475 2 1.517332091053479 784.40173 756.3633 810.495 808.5577 1.211835070297488 0.6046020620269957 1.8526574027285967 -4.448151222923351 4.86004504469779 40.536069198323304 1.4080362155211996 1
Cyclist 464 1 -0.5778568049112982 539.41046 734.8311 612.8571 804.1661 1.8497428166235967 0.824141309702197 1.9653727539206387 -11.341495348524901 5.163968606998247 44.08089606745073 -0.8296831204792486 1
bicycle_rack 1298 1 -2.5772059208479154 0.0 802.1485 438.3938 1215.0 1.2158974490550447 0.9234434796426267 1.9378159283919933 -2.614809311733322 1.7747458027158218 4.24169500653765 -3.1296360886697023 1
bicycle_rack 1299 2 -2.3669895809571266 0.0 772.0774 351.2877 1215.0 1.2417742985158133 1.832335124323622 2.3838001789720065 -2.7373381389468103 1.6148401742014087 2.861039686367187 -3.1302953766173207 1
bicycle_rack 466 1 -2.994265977399852 557.3863 775.6495 833.251 969.4354 1.2582516808517317 5.524906773875246 2.1895910260351847 -2.733085277425855 3.2326599140907675 16.808676295437863 -3.155454989604264 1
bicycle_rack 476 0 0.5731406417144331 0.0 717.93414 270.4435 878.6746 1.1596293295007942 8.039874408761518 0.9138629307974301 -11.474606966612766 2.623561694815143 19.495472671061147 0.04116198103340385 1
bicycle_rack 462 1 0.391381123238751 203.49747 727.16223 533.688 870.7018 1.326214913579829 13.45353226738482 0.8656124258850646 -11.210895552029582 3.8491734290944075 30.156032217897252 0.03545142886105168 1
bicycle_rack 467 1 -2.973284826451004 480.18478 783.92554 775.6535 985.16046 1.297371699005522 2.1708718919515833 2.0713573419340285 -2.6868034340956557 2.752327712118241 12.55349059322081 -3.184132123664288 1
bicycle_rack 468 2 0.4520883717924382 499.64844 751.31 600.91455 820.59784 1.34720354737978 4.173382032847738 0.7946418192229495 -10.638115575113359 4.819468004273369 38.95244170744158 0.18548456484226383 1
Pedestrian 477 0 -3.0700151929911166 967.83264 766.3794 987.09705 814.50824 1.4544278440094247 0.5594709633625214 0.5703450582627136 0.5134850477741781 5.9553147351105995 47.271732867276185 -3.0591532079875963 1
Pedestrian 479 0 -1.5944943244816567 917.5099 756.7873 938.75653 811.5171 1.6774002689331793 0.6634547053168567 0.626168065747656 -1.060088467945886 5.916973892979893 47.74301502034544 -1.616694730217916 1
Pedestrian 478 0 -3.056021681689695 955.44116 767.13495 976.78217 814.5906 1.4544278440094247 0.5378103223188417 0.6399899311921822 0.15672623808628366 6.039052262147769 47.905448972524404 -3.0527501190116704 1
Pedestrian 469 1 -1.079014130195023 461.5109 732.3681 497.37714 812.2586 1.8852846346622416 0.5933758915422571 0.6662671321532145 -11.819985547994081 4.5498491673712245 36.69634353556718 -1.3906231500068627 1
rider 481 0 2.9683164424620716 875.5492 748.6918 901.5157 802.38745 1.739569353666859 0.8652157689170594 0.7513900996554247 -2.497237501642504 6.026370623640663 51.28035195199455 -3.3635281692886068 1
rider 483 1 -0.5728839041789542 553.7216 735.9282 592.54126 798.4303 1.7311338990431162 0.824141309702197 0.7840906992564061 -11.42093457438771 5.040397084055226 44.00418670972476 -0.8268229141568135 1
bicycle 484 1 1.4660130465265986 793.3773 772.6231 821.68713 823.97546 1.0770769565399296 0.5156305539625055 1.986921319523693 -3.945103686041875 4.960800293675077 38.29036565124412 1.3633440800992238 1
Cyclist 485 1 3.094949386618899 784.95496 747.9819 841.204 801.2981 1.7224409027099987 0.8716284815966773 1.8891247378019846 -5.109348616654103 6.008325845159881 51.50443030353473 -3.287114529474939 1
Pedestrian 1294 0 1.1973065571733712 1407.4113 631.38275 1666.1802 1142.5497 1.711571315714224 0.6402819990075893 0.7470099642441167 2.0438669591116305 1.7366044648602366 5.394036379546527 1.5595028066205705 1
Pedestrian 489 1 -1.0853577998677657 441.33694 732.341 476.3984 811.5148 1.8852846346622416 0.5933758915422571 0.6351973345117885 -12.410764934579108 4.566083624717204 36.951417083639505 -1.409386999436111 1
