bicycle 463 1 -2.580840819309347 0.0 817.7218 485.61984 1215.0 1.1770685140628363 0.7875542730170466 1.8937143380376253 -2.153372613348969 1.6667799513861425 3.4006619384682715 -3.1453304668333275 1
bicycle_rack 465 1 -2.759717519090031 0.0 787.5971 697.48566 1215.0 1.1573951370520406 3.38391726873027 1.9265032997222868 -2.219165858055456 1.9362101821245696 5.462681544962445 -3.145592564678233 1
bicycle_rack 466 1 -2.9538904599470777 460.9074 778.9326 865.36664 1059.87 1.2582516808517317 5.524906773875246 2.1895910260351847 -2.128022429271735 2.8358931454532 12.533275234717522 -3.122076324530324 1
bicycle_rack 467 1 -2.8914046944625484 289.36032 783.46735 775.1365 1103.1946 1.297371699005522 2.1708718919515833 2.0713573419340285 -2.1887097187859204 2.2881609510207097 8.249140155008428 -3.150754823241933 1
Pedestrian 488 1 1.0194805066688248 1657.8801 653.6449 1935.0 1215.0 1.7162126487124107 0.7036247787748896 1.074198831051858 2.6991800096242784 1.8129989734586993 4.493910824959351 1.5603634979129901 1
Pedestrian 469 1 -1.0358006976820533 485.4024 733.5306 524.95166 814.7126 1.758931169179835 0.5933758915422571 0.6793462883990564 -10.327352414331385 4.248636533998448 33.873106645414815 -1.331731753587266 1
rider 482 1 3.1254472708315455 940.82947 767.29254 967.637 825.5808 1.765226082901808 0.9128481385524363 0.846219103732905 -0.2300775576820395 6.382632303116669 48.02744445759053 -3.16252854311484 1
rider 491 1 3.13715690197152 784.41504 753.238 815.2151 801.2233 1.4137386238262655 0.8742549539473152 0.9567274092187641 -5.092678829416556 5.502641173776812 47.156896026337705 -3.253605841116035 1
bicycle 470 2 2.683947502885325 730.53534 823.29425 866.86597 918.0318 0.8278107536147661 0.4743882070139751 1.385961669476877 -1.7351270622061634 3.0306548011598577 16.03282924691995 -3.707041619511381 1
bicycle 471 2 1.5766285247289837 866.5152 780.7039 894.13916 848.15265 1.225492014841081 0.5869025703949089 1.979785363014962 -1.7696818662550322 4.7480922655501665 32.80759304627008 1.5227395220991111 1
Cyclist 472 2 -0.21357772110967904 520.1097 739.83374 600.34607 815.28064 1.840446681008341 0.8170545842621175 1.9299875880376327 -10.654554985218269 4.956473639937395 39.73799327083137 -0.4755365670289675 1
Cyclist 473 1 3.1028719880281566 820.24457 753.29083 884.5085 815.5244 1.8169044324081953 0.8652157689170594 1.9574751629784957 -3.387256045622781 5.848817288197138 46.42248631090799 -3.2531500880723856 1
Cyclist 474 1 3.1289270179153683 918.2071 766.5373 981.46466 828.0288 1.8644231779019482 0.9128481385524363 2.01187045188373 -0.3726023117827206 6.457395437440048 48.01634680636062 -3.1620180389733203 1
bicycle 475 2 1.528771628095302 816.46185 764.2565 844.6644 823.05505 1.211835070297488 0.6046020620269957 1.8526574027285967 -3.1826523233270345 4.685532004039292 36.3184076552534 1.4413629845257834 1
bicycle_rack 476 1 0.682588313867966 0.0 706.4214 190.62245 915.06946 1.1596293295007942 8.039874408761518 0.9138629307974301 -10.797851433924839 2.225749726347183 15.51365800562603 0.0745369598702228 1
bicycle_rack 462 1 0.43881153021105723 113.67035 720.1695 539.9793 888.4316 1.326214913579829 13.45353226738482 0.8656124258850646 -10.14643692422727 3.422315435462167 26.16099156354247 0.06882641489336572 1
bicycle_rack 468 1 0.48085839394535085 498.41534 747.1257 615.5381 824.33215 1.34720354737978 4.173382032847738 0.7946418192229495 -9.36976299860478 4.376568359432249 34.94080326781742 0.21886133729222323 1
Pedestrian 477 0 3.0354986015258496 989.5248 773.7631 1011.15454 826.8721 1.4544278440094247 0.5135290329477779 0.5675514766761037 1.1162841130180916 5.742232734511085 42.795188909999865 -3.221608282488492 1
Pedestrian 478 2 3.034927560785441 988.999 775.28033 1014.7757 828.3521 1.4544278440094247 0.6987607092214575 0.6786815272641128 1.1782283656794128 5.8650329097919105 43.48514219749349 -3.221169409871691 1
Pedestrian 479 0 -1.9244924834935735 955.9178 769.00415 981.1768 824.48615 1.5379551292314577 0.5880246106988862 0.5351641418619548 0.21098916446126145 5.776639629897441 43.63456101351405 -1.9196571530761342 1
rider 480 2 -0.21154616422123956 539.8086 740.57477 577.85626 810.83655 1.7552190229669595 0.8170545842621175 0.8227174105882646 -10.692556180314263 4.870732937120773 39.72528386373076 -0.47447722701881756 1
rider 481 1 3.0967846621292088 844.2287 753.91815 869.7074 813.15375 1.739569353666859 0.8652157689170594 0.7513900996554247 -3.242989153812146 5.787779325321442 46.449237770928015 -3.2561054519531867 1
bicycle 484 1 1.4762051005483705 827.0447 781.8161 857.98254 840.3664 1.0770769565399296 0.5156305539625055 1.986921319523693 -2.711065130378647 4.753893954569772 34.01741469186131 1.3966768018776792 1
Cyclist 464 1 -0.34239815656837913 655.23804 748.8197 732.119 821.03894 1.8497428166235967 0.824141309702197 1.9653727539206387 -7.521003723977766 5.404358767725256 42.05036872101031 -0.5193837668866079 1
Cyclist 485 1 3.1409629594742605 763.26825 753.00824 824.2263 811.33453 1.7224409027099987 0.8716284815966773 1.8891247378019846 -5.270797121020755 5.8008055781568 47.0684214514392 -3.25373935921849 1
Cyclist 486 2 -0.5653153879650893 635.2113 739.3958 700.31964 812.96234 1.993839697063673 0.863887805286917 1.6886554485881575 -8.670943622478898 5.447211489129813 44.209639193881536 -0.7589893722593544 1
Pedestrian 489 2 -1.0232879281200908 462.99863 734.05615 499.6931 815.65424 1.7937272404731677 0.5933758915422571 0.5584227254628521 -10.949814243258599 4.30974245364946 34.12772912975876 -1.3337599301152285 1
Pedestrian 490 1 -0.22902683503464152 703.04266 729.18713 732.17596 796.92017 1.6887189178556652 0.5072929734825795 0.6466584942626981 -6.313819017421009 4.415598800425529 38.744041356511005 -0.3905691363319912 1
rider 483 2 -0.34643960073848395 673.54034 748.971 710.3491 813.7335 1.70306707642052 0.824141309702197 0.7840906992564061 -7.565750253118895 5.233464932317832 41.99861805172046 -0.5246708909319517 1
rider 492 2 -0.561045525630603 649.30554 739.5343 684.48016 804.51953 1.8160715929573776 0.8220600160854237 0.6885703756666299 -8.70455560556828 5.246571759465221 44.215968734243944 -0.7554243941567649 1
