Cyclist 472 1 -0.20712056122698197 541.2298 722.22034 623.3591 799.0198 1.840446681008341 0.8170545842621175 1.9299875880376327 -9.78908878091396 4.4062559926272735 38.6345146527956 -0.45527483304039396 1
Cyclist 485 2 -3.131293634349211 730.7253 738.77466 794.40936 799.277 1.7224409027099987 0.8716284815966773 1.8891247378019846 -5.996316618655269 5.2046529180200745 45.18163626817008 -3.2632383625543797 1
bicycle_rack 465 1 -2.5810533465166694 0.0 756.29767 575.8999 1215.0 1.2277046645915102 3.38391726873027 1.9265032997222868 -2.2952205572485362 1.6895264158114078 3.5513963846957024 -3.1548137931385067 1
bicycle_rack 466 1 -2.921116047170634 315.22086 769.0903 833.611 1112.4657 1.2582516808517317 5.524906773875246 2.1895910260351847 -2.2606518354436727 2.5460178308336054 10.582398481650719 -3.131576409163646 1
bicycle_rack 467 1 -2.8000379015890347 33.22842 767.3223 721.9458 1195.2134 1.297371699005522 2.1708718919515833 2.0713573419340285 -2.2290445251046127 2.005807450840975 6.349048162600636 -3.137677436904534 1
moped_scooter 487 1 3.030036058357062 1029.1396 774.14526 1097.1057 839.2778 1.813341378484819 1.1072991140078041 1.927043967407044 3.050341270531285 6.359679863315197 44.95869589026802 -3.185405433120735 1
rider 480 1 -0.2028696225493473 560.6225 722.82184 599.4067 794.5838 1.7552190229669595 0.8170545842621175 0.8227174105882646 -9.847890842782274 4.319857456293944 38.61842009602109 -0.4525533135324382 1
rider 1871 1 3.028775220388633 1049.7032 774.19977 1078.8776 831.46533 1.5908152528651556 1.0753864233586636 0.7591816280706354 3.0938486946014536 6.137388451563432 44.98581536017742 -3.1857443383247177 1
bicycle 470 2 2.699574713154062 682.37714 816.1196 838.24915 924.0014 0.8278107536147661 0.4743882070139751 1.385961669476877 -1.884494751798191 2.7034650028578806 14.092692973168402 -3.716543403332279 1
bicycle 471 2 1.5812714697012364 844.10913 774.06555 873.6964 845.60364 1.225492014841081 0.5869025703949089 1.979785363014962 -2.0994552029209403 4.3994936866364585 30.81517071640729 1.5132460208113372 1
Cyclist 473 1 -3.107055625014815 769.91693 739.4941 837.14154 803.9502 1.8169044324081953 0.8652157689170594 1.9574751629784957 -4.675682236685243 5.260226569752598 44.433925558433145 -3.2118975487946715 1
Cyclist 474 0 -3.1268858256069185 861.3196 751.1698 927.06104 814.762 1.8644231779019482 0.9128481385524363 2.01187045188373 -2.067746696950169 5.811798724835635 46.262635337955764 -3.1715519239772787 1
bicycle 475 2 1.5304478664045766 798.83484 757.2736 828.69946 819.4684 1.211835070297488 0.6046020620269957 1.8526574027285967 -3.38020377449665 4.322444587087415 34.18124117355598 1.4318777405301941 1
Cyclist 464 2 -0.2023804502042088 649.64 726.84894 728.0856 800.25 1.8497428166235967 0.824141309702197 1.9653727539206387 -7.380802990839262 4.663028283350916 40.5167461735842 -0.38257131987058646 1
bicycle_rack 476 2 0.7469793616743597 0.0 688.785 85.370834 927.16095 1.1596293295007942 8.039874408761518 0.9138629307974301 -10.94601311380128 1.9082635401246555 13.482348819341869 0.06503799929805543 1
bicycle_rack 462 1 0.47360239008638205 0.0 703.39905 496.30435 878.038 1.326214913579829 13.45353226738482 0.8656124258850646 -10.458354857169612 2.948177245334598 24.15740279414313 0.06503799929805543 1
bicycle_rack 468 1 0.49695355561451615 451.28375 734.70087 578.9755 815.1933 1.34720354737978 4.173382032847738 0.7946418192229495 -9.745622840906433 3.9223154493356636 32.94756326469281 0.2093618466199363 1
Pedestrian 477 0 -2.975310034176121 957.0225 771.3058 986.72394 827.1622 1.4544278440094247 0.5594709633625214 0.7328497617648179 0.293127689320707 5.506946855121195 41.05474466988159 -2.968170233143112 1
Pedestrian 478 1 -2.909574515530725 962.4313 772.6145 994.0103 828.32086 1.4544278440094247 0.6987607092214575 0.7405880809792067 0.4757376375939208 5.620192947261442 41.7449269141047 -2.8981787106080104 1
Pedestrian 479 0 -1.9456115946295007 928.18195 766.43414 959.3604 824.538 1.5300742115387238 0.657698660852621 0.7242778405201863 -0.4946420658112504 5.556051068739924 42.0783849640918 -1.9573663063163536 1
Pedestrian 469 2 -1.0917191438149683 451.01047 738.25745 495.163 821.6761 1.7209597711917144 0.6510340966023792 0.7171618845920759 -10.560784517165171 4.205147112641047 32.36465397844109 -1.4071319257120032 1
rider 481 1 -3.1034170726986994 792.70087 739.6326 819.2173 801.14417 1.739569353666859 0.8652157689170594 0.7513900996554247 -4.612394644902592 5.18492951643234 44.450373064296514 -3.206812079119808 1
rider 482 0 -3.130313871150741 885.1019 751.7485 912.80536 811.97375 1.765226082901808 0.9128481385524363 0.846219103732905 -1.9241241154032944 5.730489440171491 46.27758931374486 -3.171867818431128 1
rider 483 2 -0.20594749261806367 667.7743 727.1619 702.93555 793.6167 1.70306707642052 0.824141309702197 0.7840906992564061 -7.472446532080626 4.507872186263467 40.485701890705705 -0.3884634693896738 1
bicycle 484 1 1.4821338498788204 803.1247 775.33295 835.5175 837.2671 1.0770769565399296 0.5156305539625055 1.986921319523693 -3.047996163351373 4.399600317304619 32.00480236254456 1.3871846285000244 1
Cyclist 486 2 -0.5680385553636074 583.17725 723.8174 652.3611 800.95715 1.993839697063673 0.863887805286917 1.6886554485881575 -9.612535746850616 4.823885461476097 41.87904993262106 -0.793661360092866 1
Pedestrian 489 2 -1.0638493062574106 423.71417 735.34766 463.78488 820.8794 1.7937272404731677 0.5933758915422571 0.6351973345117885 -11.301193947621607 4.233313319768165 32.66680135823227 -1.3969146787985887 1
Pedestrian 490 2 -0.22254810613185777 677.9011 715.7971 708.1302 786.7128 1.6887189178556652 0.5072929734825795 0.6376537240481946 -6.617836044054062 3.9526037037687978 36.886713441737115 -0.40006925969522267 1
rider 491 2 -3.131689315389557 747.3333 739.3119 779.5445 789.0777 1.4137386238262655 0.8742549539473152 0.9567274092187641 -5.97926312944462 4.91235936372821 45.23668236291735 -3.2631048484198315 1
rider 492 2 -0.5631598301160776 598.8666 725.20245 636.29486 793.5084 1.8160715929573776 0.8220600160854237 0.6885703756666299 -9.621488561195196 4.659751434433258 41.862480783737375 -0.7890720762395905 1
