Cyclist 472 1 -0.1493564372139566 546.78955 730.50446 626.9808 806.535 1.840446681008341 0.8170545842621175 1.9299875880376327 -9.770462386425162 4.64932175955445 39.02690111526051 -0.3946663582911609 1
Cyclist 464 1 -0.31661151645271934 642.2468 733.18604 721.3613 806.8264 1.8497428166235967 0.824141309702197 1.9653727539206387 -7.630861756165826 4.868093928836911 40.84934289688182 -0.5012879918553974 1
Cyclist 485 2 -3.1366111202627764 744.4963 743.3749 807.4809 803.3679 1.7224409027099987 0.8716284815966773 1.8891247378019846 -5.648760321306627 5.380552956410494 45.62937357259723 -3.2597810323833576 1
bicycle_rack 465 1 -2.639129272920422 0.0 754.46136 615.2184 1215.0 1.2511411737713338 3.38391726873027 1.9265032997222868 -2.2777419281200464 1.7494989683425735 4.050858296432131 -3.1513563458898135 1
bicycle_rack 466 1 -2.9276688433969267 351.77295 773.6756 841.0569 1102.3204 1.2582516808517317 5.524906773875246 2.1895910260351847 -2.238377471458798 2.630551804718582 11.016807524735002 -3.1281186934026977 1
bicycle_rack 467 1 -2.8126819313992844 98.581985 769.8935 728.34 1163.2168 1.297371699005522 2.1708718919515833 2.0713573419340285 -2.2756261278844097 2.0657404251116622 6.831720651117056 -3.1342198331914775 1
rider 480 1 -0.14728481387799103 565.7945 731.0769 602.7112 802.2552 1.7552190229669595 0.8170545842621175 0.8227174105882646 -9.837312476600877 4.562963830453773 39.00949897701163 -0.394311705023771 1
rider 481 1 3.1135330350263772 809.7354 744.5663 835.6476 805.6211 1.739569353666859 0.8652157689170594 0.7513900996554247 -4.168170777553698 5.374060714908286 44.944042816224815 -3.262129088328363 1
rider 1871 0 3.013767728127809 1077.4062 775.6067 1106.7383 832.16833 1.5908152528651556 1.0753864233586636 0.7591816280706354 3.979620741363024 6.237826373027843 45.55855897242292 -3.1822869722442624 1
bicycle 470 2 2.696545417389678 694.6896 816.7131 845.8123 921.2974 0.8278107536147661 0.4743882070139751 1.385961669476877 -1.8455856670171542 2.763645120718097 14.518065490898849 -3.71308505517337 1
bicycle 471 2 1.5830970512213554 846.68713 776.4085 876.0367 847.0767 1.225492014841081 0.5869025703949089 1.979785363014962 -2.0775506076621006 4.492755208789479 31.244443264706526 1.5167013466049708 1
Cyclist 473 1 3.1223443585744843 780.8463 744.17944 846.9777 808.36383 1.8169044324081953 0.8652157689170594 1.9574751629784957 -4.430357309066084 5.441799832965138 44.90120151948669 -3.2591916208654257 1
Cyclist 474 0 -3.1302625893784537 871.88403 755.5289 937.2197 818.81104 1.8644231779019482 0.9128481385524363 2.01187045188373 -1.7592212183363758 5.971648281442977 46.53609342525113 -3.168047967896697 1
bicycle 475 2 1.5317708036298996 802.2752 760.9975 831.669 822.62933 1.211835070297488 0.6046020620269957 1.8526574027285967 -3.3469757563670477 4.447761989903077 34.59733608768908 1.4353300611386297 1
bicycle_rack 476 2 0.7312720623356552 0.0 689.2318 113.939545 916.6556 1.1596293295007942 8.039874408761518 0.9138629307974301 -10.891918318077723 1.9338144491663973 13.953911186392233 0.06849531282622445 1
bicycle_rack 468 1 0.49336944812052186 464.1248 739.7597 589.2551 819.7678 1.34720354737978 4.173382032847738 0.7946418192229495 -9.6247994138383 4.075847549153409 33.40204516427031 0.21281935128841756 1
Pedestrian 477 0 -2.976897239124474 964.7093 771.42194 994.1272 826.796 1.4544278440094247 0.5594709633625214 0.7328497617648179 0.5046279588508303 5.545816098110051 41.417541177762295 -2.964713923157153 1
Pedestrian 478 1 -2.9721648103240086 968.46313 773.21625 998.55615 828.2663 1.4544278440094247 0.6987607092214575 0.7405880809792067 0.6293565740047499 5.674489111207697 42.13827465267898 -2.957230411877042 1
Pedestrian 479 0 -1.9624742176051369 935.4727 767.1603 963.91833 824.24396 1.5300742115387238 0.6520706237121446 0.528898698636629 -0.32858143813879637 5.589463719745691 42.30146027316476 -1.9702416759350463 1
Pedestrian 469 2 -1.1638030465044382 463.92038 733.085 506.24088 815.3385 1.7209597711917144 0.6510340966023792 0.7171618845920759 -10.408263633643022 4.114863530719326 32.70132260467494 -1.4719473874206048 1
rider 482 0 -3.1338667235817845 895.59143 756.1671 923.06256 816.1178 1.765226082901808 0.9128481385524363 0.846219103732905 -1.6132270084924778 5.892321668799665 46.54910324742956 -3.1685093159160664 1
rider 483 1 -0.3113964256704347 662.7842 733.5517 699.9877 799.708 1.70306707642052 0.824141309702197 0.7840906992564061 -7.6476395456451405 4.711030559118004 40.85061743881018 -0.496464102519969 1
bicycle 484 1 1.4828309945411247 807.5478 778.6726 839.3974 839.8896 1.0770769565399296 0.5156305539625055 1.986921319523693 -3.0025870330342155 4.521977077750709 32.477872145408 1.3906428054430258 1
Cyclist 486 2 -0.5710439516331584 593.7471 728.78076 662.12103 805.3448 1.993839697063673 0.863887805286917 1.6886554485881575 -9.422038317498037 4.9951109345650515 42.300794182440704 -0.7902053411907668 1
bicycle_rack 462 1 0.4664472376879002 23.84995 711.50446 509.49625 887.8653 1.326214913579829 13.45353226738482 0.8656124258850646 -10.344247775728006 3.141669107107 24.606832015486102 0.06849531282622445 1
moped_scooter 487 0 3.0148399991437165 1057.3478 775.1206 1125.0154 839.4451 1.813341378484819 1.1072991140078041 1.927043967407044 3.942233901469488 6.445003805376065 45.51557161212156 -3.1819480606094626 1
Pedestrian 489 2 -1.065395906753732 432.32025 729.8728 471.91306 814.44824 1.7937272404731677 0.5933758915422571 0.6351973345117885 -11.22775400367652 4.134975272949328 32.987751895398205 -1.393458236326374 1
Pedestrian 490 2 -0.22455938307616383 686.5109 722.57404 716.387 792.77966 1.6887189178556652 0.5072929734825795 0.6376537240481946 -6.48556972757321 4.149815496562923 37.322686738625016 -0.3966115180403671 1
rider 491 2 -3.1357664617446157 759.0147 743.5665 790.89325 792.94727 1.4137386238262655 0.8742549539473152 0.9567274092187641 -5.685767760256745 5.076091015590574 45.66196482954112 -3.259647516914966 1
rider 492 2 -0.5636095955156248 605.1806 729.7389 642.26984 797.58673 1.8160715929573776 0.8220600160854237 0.6885703756666299 -9.528766996230186 4.812991843960581 42.213649500582996 -0.7856160464126449 1
