Cyclist 472 1 -0.04152854545114326 553.8977 719.2313 633.7827 796.64355 1.840446681008341 0.8170545842621175 1.9299875880376327 -9.297388817228265 4.268353282571237 37.82746015841503 -0.28253539773672065 1
Cyclist 474 1 -3.1144856259074523 829.0051 739.51483 896.7958 804.6913 1.8644231779019482 0.9128481385524363 2.01187045188373 -2.949771906496158 5.352344787422394 45.01337870918676 -3.179923067463635 1
Cyclist 464 2 -0.22444075027080662 667.615 720.34406 747.4039 794.67847 1.8497428166235967 0.824141309702197 1.9653727539206387 -6.772899503704836 4.445484142311394 39.9130848778962 -0.39253077148992155 1
bicycle_rack 465 2 -2.411694267824839 0.0 723.3511 471.7326 1215.0 1.2677326930715118 3.38391726873027 1.9265032997222868 -2.2897622903557227 1.5418479900713329 2.451434974418983 -3.1630060906822104 1
bicycle_rack 466 1 -2.9010493214617266 200.81577 765.3218 814.4528 1163.3773 1.2582516808517317 5.524906773875246 2.1895910260351847 -2.297832069006265 2.4044563608184455 9.442092367333736 -3.139769322487921 1
bicycle_rack 467 1 -2.731311836690857 0.0 760.2639 661.8809 1215.0 1.297371699005522 2.1708718919515833 2.0713573419340285 -2.2918617775006833 1.867450371403815 5.208050828368309 -3.145870093011227 1
moped_scooter 487 1 3.073553635360334 951.2686 762.6028 1020.03296 829.75244 1.813341378484819 1.1072991140078041 1.927043967407044 0.696909922285578 5.870825826170446 43.460480317172994 -3.1935975600772126 1
Pedestrian 490 1 0.033325597996654494 699.779 717.20264 729.64105 787.84576 1.6255580634344169 0.7023167113424154 0.6828426419026998 -5.903488806012994 3.8613650485673485 35.830043412204866 -0.12997092818616518 1
rider 480 1 -0.02590699950154507 576.6336 719.71674 610.96576 792.5657 1.7552190229669595 0.8170545842621175 0.8227174105882646 -9.302121663096168 4.186511471711048 37.84261586139765 -0.26693896620789337 1
rider 1871 1 3.0720174994196796 972.90106 762.7578 1001.5273 821.7557 1.5908152528651556 1.0753864233586636 0.7591816280706354 0.7493413779302288 5.65066585603196 43.48277466129374 -3.193936450801461 1
bicycle 470 2 2.708299281242269 649.7634 824.1358 818.8181 942.04236 0.8278107536147661 0.4743882070139751 1.385961669476877 -1.9685118206500003 2.6420567209853534 13.03791036250649 -3.7247378787678254 1
bicycle 471 2 1.584531678953032 826.10284 772.3615 857.1868 846.66376 1.225492014841081 0.5869025703949089 1.979785363014962 -2.3629029540545456 4.2504568717152775 29.66954912262378 1.5050587421968102 1
Cyclist 473 2 -3.006617586892926 740.88916 731.8398 812.50726 797.51935 1.8169044324081953 0.8652157689170594 1.9574751629784957 -5.329474560824712 4.942482569899091 43.2623517716582 -3.1291897010021223 1
bicycle 475 2 1.5353944681829879 778.7442 756.2135 809.12396 820.24994 1.211835070297488 0.6046020620269957 1.8526574027285967 -3.7239464178032544 4.211577583942444 33.20098470274296 1.4236975814420187 1
bicycle_rack 476 2 0.7907079584078596 0.0 679.9834 6.2929134 944.74854 1.1596293295007942 8.039874408761518 0.9138629307974301 -11.066460124121715 1.7604143053845152 12.270209595414993 0.05684600754670521 1
bicycle_rack 462 2 0.4886129093867574 0.0 699.19183 468.885 883.3963 1.326214913579829 13.45353226738482 0.8656124258850646 -10.572045962383582 2.8009964423700042 22.94473507257074 0.05684600754670521 1
bicycle_rack 468 1 0.5070970898458309 417.27988 732.00696 552.24286 815.3844 1.34720354737978 4.173382032847738 0.7946418192229495 -10.026377574159078 3.7730116829789098 31.744799824501296 0.2011694102091679 1
Pedestrian 477 0 -2.911427540873821 941.78827 760.0798 969.75134 817.0592 1.4544278440094247 0.5594709633625214 0.6399899311921873 -0.1458635106356266 5.11508846019363 40.15152660714644 -2.91506035091349 1
Pedestrian 478 1 -2.909015665649631 949.0404 762.6166 981.22375 819.1553 1.4544278440094247 0.6987607092214575 0.7405880809792067 0.10847067364378707 5.266844987677385 40.97186572049234 -2.9063682289680104 1
Pedestrian 479 0 -2.2822335897835346 915.2413 756.0039 947.9215 813.2725 1.4751347748831825 0.6733956427542032 0.5908534943567332 -0.8139928848268899 5.108745142027063 41.001631415024264 -2.3020836772674675 1
Pedestrian 469 1 -1.0463152726388252 426.45035 728.45966 472.64362 813.82 1.7209597711917144 0.6510340966023792 0.7171618845920759 -10.798892855235492 3.9360861698484992 31.571761972847355 -1.3758837316638062 1
rider 481 1 -3.0104035365010526 766.3616 732.17596 796.2352 795.09845 1.739569353666859 0.8652157689170594 0.7513900996554247 -5.203203921196498 4.875019278641515 43.270820773714064 -3.130076348567514 1
rider 482 0 -3.116953672635813 851.68475 739.68835 880.5862 801.3652 1.765226082901808 0.9128481385524363 0.846219103732905 -2.860256333688778 5.258191424567753 45.032441139098644 -3.1803839297877694 1
rider 483 2 -0.22735407302154256 685.0636 720.2073 721.20953 787.52167 1.70306707642052 0.824141309702197 0.7840906992564061 -6.885447357146151 4.278259878472919 39.87378077245604 -0.3983488394890071 1
bicycle 484 1 1.486874815419617 783.3356 774.0744 816.3133 837.87524 1.0770769565399296 0.5156305539625055 1.986921319523693 -3.3635077398972624 4.277719557161972 31.061085548450496 1.3790082509668844 1
Cyclist 485 2 3.1064394548375214 703.3188 736.1435 769.0666 798.39197 1.7224409027099987 0.8716284815966773 1.8891247378019846 -6.648005882911639 5.05027318122434 44.133248269469775 -3.326256636646474 1
Cyclist 486 2 -0.6555670589665241 547.58746 725.58716 618.2121 805.18915 1.993839697063673 0.863887805286917 1.6886554485881575 -10.298992791734053 4.799706096425635 40.74234423579127 -0.9031637757832867 1
Pedestrian 489 1 -1.0261942460800553 399.5399 724.8897 441.5104 812.8695 1.7937272404731677 0.5933758915422571 0.6351973345117885 -11.458716479525632 3.9380242281656934 31.699579352669147 -1.373058082228806 1
rider 491 2 3.101587826519614 722.3704 736.8055 756.2646 787.8592 1.4137386238262655 0.8742549539473152 0.9567274092187641 -6.564470855460331 4.7604050226380785 44.203527288230454 -3.329025582173264 1
rider 492 2 -0.6551430431913154 561.17834 731.4121 600.88104 801.8188 1.8160715929573776 0.8220600160854237 0.6885703756666299 -10.344898403335902 4.751391153307134 40.686632036732334 -0.9041251274482632 1
