Cyclist 464 2 -0.28128567523815895 676.3523 722.2232 761.3764 801.3135 1.8497428166235967 0.824141309702197 1.9653727539206387 -6.112798387992345 4.356183223376856 37.71957245378272 -0.4419479520862004 1
bicycle_rack 466 1 -2.81885181401176 0.0 753.8301 755.2355 1215.0 1.2582516808517317 5.524906773875246 2.1895910260351847 -2.414063372172959 2.1004019688254885 6.995046335819872 -3.151164035728896 1
bicycle_rack 467 1 -2.4433866673427063 0.0 745.4449 418.1084 1215.0 1.297371699005522 2.044675593453224 2.0713573419340285 -2.4050537272575983 1.604872718001423 2.7762560160587335 -3.157264467890457 1
moped_scooter 487 1 -3.1092038264134723 780.1513 745.8684 853.88837 818.52185 1.813341378484819 1.1072991140078041 1.927043967407044 -3.8415249415744803 5.0972236797389066 39.981961499714 -3.2049912427340717 1
Pedestrian 490 1 0.02281101872880245 697.5689 717.00806 729.1064 792.4459 1.6255580634344169 0.7023167113424154 0.6828426419026998 -5.5642446688470475 3.718699359634682 33.58703232481368 -0.1413643247996259 1
rider 482 2 3.1396228926694425 790.6482 742.33374 821.0972 808.3833 1.765226082901808 0.9128481385524363 0.846219103732905 -4.3896241661611075 5.1213279492501 42.23859018253386 -3.247115177129854 1
rider 1871 1 -3.1109296128755752 804.6049 746.3042 834.3357 810.0558 1.5908152528651556 1.0753864233586636 0.7591816280706354 -3.7885640619247662 4.88480923887384 40.01359536359677 -3.205330115093408 1
rider 491 1 -3.129802027981677 623.1857 726.8899 659.46783 782.08 1.4137386238262655 0.8742549539473152 0.9567274092187641 -8.714768888678062 4.229570400474295 40.76364175853414 -3.3404192485871116 1
bicycle 470 1 2.744843729239249 554.01746 818.3274 765.267 965.159 0.8278107536147661 0.4743882070139751 1.385961669476877 -2.115616210072805 2.2688303521520554 10.556244432770313 -3.736134913273995 1
bicycle 471 2 1.5937118208155727 793.0409 773.68933 827.99207 855.0743 1.225492014841081 0.5869025703949089 1.979785363014962 -2.7321859150436167 4.034200557563703 27.219758771781567 1.4936717994013153 1
Cyclist 472 2 0.19050801796379832 559.6456 715.1807 647.87946 795.51587 1.840446681008341 0.8170545842621175 1.9299875880376327 -8.526806577806612 4.024333818512573 35.72332508335813 -0.043798103417773016 1
Cyclist 473 2 3.104914439955339 676.15546 729.7432 750.3889 800.96027 1.8169044324081953 0.8652157689170594 1.9574751629784957 -6.737899120473326 4.706525845530698 40.59609078904089 -3.3427456081369966 1
Cyclist 474 2 -3.1365557665960537 767.3922 742.0436 839.81696 812.0694 1.8644231779019482 0.9128481385524363 2.01187045188373 -4.447128385663761 5.215645384057499 42.22614767489048 -3.2414858912892246 1
bicycle 475 2 1.5440204436944758 747.50696 750.4019 779.75146 819.6522 1.211835070297488 0.6046020620269957 1.8526574027285967 -4.056221624047399 3.8624229980272426 30.620696904990012 1.4123205371006486 1
bicycle_rack 462 1 0.5360417903720945 0.0 688.9893 400.65375 897.34985 1.326214913579829 13.45353226738482 0.8656124258850646 -10.898903078497874 2.48955659639955 20.404377849583028 0.04545250228237574 1
bicycle_rack 468 1 0.5302473156174436 350.00534 725.1067 502.6272 815.2378 1.34720354737978 4.173382032847738 0.7946418192229495 -10.344844681777765 3.4462641532238214 29.200615191070373 0.18977530584568525 1
Pedestrian 477 0 -2.7892485454744693 902.0304 764.6251 936.9952 825.7827 1.4544278440094247 0.5594709633625214 0.7328497617648179 -1.0507839241925616 5.011872017867903 37.69202090331279 -2.8171194795821517 1
Pedestrian 478 0 -2.858263537014482 917.9761 767.9716 953.132 828.2764 1.4544278440094247 0.6987607092214575 0.7405880809792067 -0.6603862763157088 5.185500391239225 38.563780170926684 -2.8753863847269043 1
Pedestrian 479 0 -2.8980883754756097 881.08673 761.30975 908.32886 824.5469 1.558030153452228 0.5692886878583112 0.5830050034059564 -1.717635027528312 5.112895113406271 38.63437262375712 -2.942517845169877 1
Pedestrian 469 1 -1.022288852321274 392.36975 713.15247 441.1865 803.4984 1.7209597711917144 0.6510340966023792 0.6793462883990474 -10.794874883626889 3.4948554109491514 29.66045351027466 -1.3713354309360346 1
rider 480 2 0.1930944408397747 579.7111 714.99164 621.2269 791.51 1.7552190229669595 0.8170545842621175 0.8227174105882646 -8.615209069421653 3.933653104173431 35.73308653397792 -0.043489363209904486 1
rider 481 1 3.1061856949328637 703.7853 730.51276 732.9293 797.9495 1.739569353666859 0.8652157689170594 0.7513900996554247 -6.603583839854081 4.644393169743923 40.63286243935268 -3.338109348617691 1
rider 483 1 -0.2860438609220305 693.3234 722.2498 732.9565 793.6917 1.70306707642052 0.824141309702197 0.7840906992564061 -6.252574846210416 4.190462134377881 37.66762078891191 -0.45053735533501293 1
bicycle 484 1 1.4953672243889997 752.8176 772.3956 788.0355 842.1513 1.0770769565399296 0.5156305539625055 1.986921319523693 -3.6416511644675293 3.984328934322064 28.45098943252573 1.3680620928366602 1
Cyclist 485 2 -3.124296504540036 600.92676 726.71564 672.72705 794.10345 1.7224409027099987 0.8716284815966773 1.8891247378019846 -8.814159338842648 4.534039308522637 40.68365292549556 -3.337650305694547 1
Pedestrian 489 2 -1.0055188327580526 365.6158 710.0689 414.495 802.63446 1.7937272404731677 0.6722050032293834 0.6549046124335673 -11.485605015542216 3.5290295479852336 30.080630540589453 -1.3702615781501264 1
