Cyclist 472 1 0.15931477822229417 584.1386 716.6646 678.08905 803.3941 1.840446681008341 0.8170545842621175 1.9299875880376327 -7.310363451143945 3.904864956474574 33.178554347074744 -0.05755408101817805 1
Cyclist 485 1 -3.0792840849866883 503.20004 725.18713 583.6728 798.557 1.7224409027099987 0.8716284815966773 1.8891247378019846 -10.442269939792101 4.274647940775835 37.433708044622485 -3.351322255754448 1
bicycle_rack 466 1 -2.619492559362839 0.0 735.5355 640.64984 1215.0 1.2582516808517317 5.524906773875246 2.1895910260351847 -2.5174354486759305 1.7714305681307607 4.149268028189147 -3.164837101966955 1
Pedestrian 490 1 0.0002601150208052516 704.02795 723.1819 738.0465 805.8788 1.6255580634344169 0.7023167113424154 0.6828426419026998 -4.938966175814899 3.6728386560434885 30.749601707647727 -0.1589985079472933 1
rider 1871 2 -2.974294151903709 567.25366 713.0965 607.7685 784.4558 1.5908152528651556 1.0753864233586636 0.7591816280706354 -8.815275578103806 3.706207836829958 35.30172720822323 -3.219002022447633 1
rider 491 1 -3.082389900868492 523.5066 725.9177 565.2039 786.00366 1.4137386238262655 0.8742549539473152 0.9567274092187641 -10.444509451148907 3.9819765264973226 37.4905304073053 -3.3540911923042818 1
bicycle 470 1 2.8132012889205984 380.18625 835.7379 675.18134 1043.9633 0.8278107536147661 0.4743882070139751 1.385961669476877 -2.221936636368786 2.001202995138978 7.732052103879339 -3.7498109927566383 1
bicycle 471 1 1.6039279283263854 754.0248 773.4156 794.3058 864.4753 1.225492014841081 0.5869025703949089 1.979785363014962 -3.0443495329455867 3.7533688570072616 24.4411800281662 1.4800079547320744 1
Cyclist 473 2 3.120199154723018 631.0362 728.06775 711.0325 804.8905 1.8169044324081953 0.8652157689170594 1.9574751629784957 -7.31884483144728 4.460614416026172 37.6905043887388 -3.3547819722074865 1
Cyclist 474 2 3.0848253819791394 707.7899 739.70447 786.72644 812.09155 1.7783099103443178 0.9128481385524363 2.01187045188373 -5.650082264635486 4.855414088423016 39.435281180598665 -3.340666265827292 1
bicycle 475 2 1.5555898799917145 707.93555 748.1195 742.44604 824.5508 1.211835070297488 0.6046020620269957 1.8526574027285967 -4.396220277259199 3.580738402491712 27.785111515196505 1.3986685632199833 1
Cyclist 464 1 -0.4153363729887154 696.994 725.44116 787.08777 809.78265 1.8497428166235967 0.824141309702197 1.9653727539206387 -5.235273177953724 4.311771598588171 35.74763028219526 -0.5607535390638738 1
bicycle_rack 462 1 0.5995907512882693 0.0 674.5949 312.36276 922.4023 1.326214913579829 13.45353226738482 0.8656124258850646 -11.126525013366109 2.129790192938497 17.442890215342505 0.03178077211297192 1
bicycle_rack 468 1 0.562807707582879 255.76709 719.1644 435.26047 819.36255 1.34720354737978 4.173382032847738 0.7946418192229495 -10.68019167174704 3.1343942753180265 26.227843027368284 0.17610288662294082 1
Pedestrian 158 2 0.10315718580445568 690.7406 739.7215 729.7646 803.68634 1.667143752943022 0.8256734579245879 0.9754290601788023 -6.877785005393582 4.849926298035893 41.00930325304543 -0.0630091764327827 1
Pedestrian 477 0 -2.8274553735221986 860.4134 762.7921 893.7466 828.1444 1.4544278440094247 0.5594709633625214 0.6399899311921812 -1.9750924664197675 4.725284557712342 35.119961684059035 -2.8836346534474044 1
Pedestrian 478 0 -2.750719768965918 876.0381 765.7458 914.2025 830.09705 1.4544278440094247 0.6136391978632568 0.7405880809792067 -1.5916281489228352 4.886741644864184 36.02808917166725 -2.7948684864078133 1
Pedestrian 479 0 -2.9101546749683096 829.92035 761.6555 866.7548 826.4216 1.4888797517910763 0.5348478324878119 0.7842843786494561 -2.721964799597627 4.817833929404889 36.07702674727237 -2.9854606987711225 1
Pedestrian 469 1 -0.8696363210010642 330.72037 706.8131 385.74472 804.7212 1.7209597711917144 0.6510340966023792 0.6793462883990474 -11.05327106028508 3.2462406202829075 27.420898907477714 -1.252809325308709 1
rider 480 2 0.16157516555836562 606.2292 716.2242 649.7973 798.7778 1.7552190229669595 0.8170545842621175 0.8227174105882646 -7.388238484280508 3.8080076010438075 33.182215283949205 -0.057507657117200184 1
rider 481 2 3.114207005905353 656.8791 729.90106 688.18243 802.6794 1.739569353666859 0.8652157689170594 0.7513900996554247 -7.283033114963176 4.422218866848608 37.70224235774804 -3.3598003367348186 1
rider 482 2 3.0904947100798323 733.16943 740.54376 767.3009 806.4362 1.6337390781676497 0.9128481385524363 0.846219103732905 -5.573090062809123 4.726354124555652 39.462724755495 -3.33298696163717 1
rider 483 1 -0.4074971492909777 716.94525 725.90076 761.2576 800.3847 1.6754553003616606 0.824141309702197 0.7840906992564061 -5.306754070849266 4.124685704102503 35.7062923131146 -0.5550395177333187 1
bicycle 484 1 1.5101457504247728 708.33276 772.19415 745.9747 850.1165 1.0770769565399296 0.5156305539625055 1.986921319523693 -4.015223565656411 3.6970753996280226 25.574293835068794 1.3544146984885184 1
moped_scooter 487 1 -2.9736374178390004 540.95734 712.5543 632.08624 793.97394 1.813341378484819 1.1072991140078041 1.927043967407044 -8.82200193591911 3.9180742449638677 35.28094703142198 -3.2186631693986 1
Pedestrian 489 2 -0.754462451157742 317.08282 703.78253 371.23322 803.56445 1.7937272404731677 0.6722050032293834 0.6549046124335673 -11.556014907783513 3.294364313617732 28.01098222150125 -1.1457433273968376 1
