Cyclist 485 1 -3.0277445049186773 407.84314 710.87915 497.36026 789.2387 1.7224409027099987 0.8716284815966773 1.8891247378019846 -11.842783521527144 3.7634505502036775 34.87232475860403 -3.3551280683446283 1
bicycle_rack 466 2 -2.279663573213032 0.0 0.0 1935.0 1091.9264 1.2582516808517317 5.524906773875246 2.1895910260351847 -2.470925180812137 1.4794786402224847 2.0055770814816665 -3.168643198680644 1
moped_scooter 487 1 -3.0897528418637936 358.25552 702.7284 460.73914 797.27356 1.813341378484819 1.1072991140078041 1.927043967407044 -11.350062251478318 3.46067895315545 30.8375398616219 -3.442425213772017 1
Pedestrian 490 1 -0.15437354467268893 706.00244 714.8146 746.95435 802.88983 1.6255580634344169 0.7023167113424154 0.6828426419026998 -4.546094634412408 3.3917330684157103 28.9352681493364 -0.31021219851691506 1
Pedestrian 469 1 -0.41548947637773115 321.4581 689.5461 375.60593 792.8686 1.7209597711917144 0.6132185004093639 0.6793462883990474 -10.62724432707171 2.8620722161295347 25.93851660302926 -0.8043375802199622 1
rider 480 1 0.1379800996788427 636.4739 695.59045 681.55884 782.3742 1.7552190229669595 0.8170545842621175 0.8227174105882646 -6.336729694038053 3.2593063636494435 31.38444540606443 -0.0612481481603937 1
rider 482 1 -3.0700412204617575 680.98395 716.87 718.19495 788.59186 1.6945855215740055 0.9128481385524363 0.846219103732905 -6.486632438506361 4.007186136506535 37.10520062682689 -3.2431096482352415 1
rider 1871 1 -3.085238443616192 395.4203 702.7812 437.61493 784.6109 1.5908152528651556 1.0753864233586636 0.7591816280706354 -11.241915659812523 3.231882745188791 30.885643080475162 -3.434317471461091 1
bicycle 470 1 2.902505603226399 161.82916 823.8923 575.62897 1114.1815 0.8278107536147661 0.4743882070139751 1.385961669476877 -2.2179382043012508 1.6609605033432735 5.668890423387394 -3.7536179723901317 1
bicycle 471 1 1.6172655877440771 724.7876 756.88666 770.93005 855.78705 1.225492014841081 0.5869025703949089 1.979785363014962 -3.1593361305748946 3.27854933914139 22.24817007209042 1.4762044049487337 1
Cyclist 472 1 0.1357701510016907 612.74915 695.8502 711.05096 787.00525 1.840446681008341 0.8170545842621175 1.9299875880376327 -6.268050704585148 3.3518289478635044 31.387738938704633 -0.06133445632460943 1
Cyclist 473 2 -2.9734645581697148 559.7568 702.59674 649.51105 782.3284 1.8169044324081953 0.8652157689170594 1.9574751629784957 -8.460802559804083 3.6892611806870192 35.54050796978947 -3.2071751695329778 1
Cyclist 474 2 -3.0702924749037988 654.9918 716.5823 739.8107 792.1581 1.7783099103443178 0.9128481385524363 2.01187045188373 -6.530090579121502 4.086960765091488 37.098342771751575 -3.244528713623522 1
bicycle 475 2 1.567665721730159 681.40686 719.2648 719.387 801.9758 1.211835070297488 0.6046020620269957 1.8526574027285967 -4.3769910644254875 2.8552007803319017 25.077575538890848 1.394868316238996 1
Cyclist 464 1 -0.6938413737633886 718.14636 715.7667 807.3281 803.83514 1.8497428166235967 0.824141309702197 1.9653727539206387 -4.564107251326114 4.005665794196759 34.478610857759975 -0.8254512266908522 1
bicycle_rack 462 1 0.6597732662078267 0.0 661.62866 243.3883 952.3867 1.326214913579829 13.45353226738482 0.8656124258850646 -11.167974827313529 1.8664879273998132 15.259453091642843 0.027975025265004172 1
bicycle_rack 468 1 0.595836542113903 175.52051 704.2616 381.59912 811.55634 1.34720354737978 4.173382032847738 0.7946418192229495 -10.839314075891238 2.73591829650235 24.043297874908788 0.17229695378139653 1
Pedestrian 158 2 0.10355331580205904 683.0371 719.329 724.4836 786.781 1.667143752943022 0.8256734579245879 0.9754290601788023 -6.649343599752776 4.13586948243716 38.65098197977146 -0.06681456508496164 1
Pedestrian 477 0 -2.7497261040168595 834.61884 746.07513 864.44995 814.59485 1.4544278440094247 0.4975644096473974 0.5084385045476143 -2.4772517763993784 4.1682701102469 33.175747778424366 -2.824258349762996 1
Pedestrian 478 0 -2.5285632966170426 853.9357 748.6136 882.5536 815.3247 1.4544278440094247 0.448844540790723 0.48047451398620095 -2.1204085427499972 4.301413767719095 34.096689176004524 -2.5906714208289925 1
Pedestrian 479 0 -2.5780637897001784 804.1487 738.97754 835.20514 810.30383 1.5561804161707258 0.5348478324878119 0.4959918530929858 -3.2273963882269388 4.1842568234685595 34.100174370929295 -2.672427274373965 1
rider 481 2 -2.9707697163530695 590.28046 702.9855 628.6302 779.1127 1.739569353666859 0.8652157689170594 0.7513900996554247 -8.35968607388577 3.620109360367668 35.55926865982432 -3.2016685000322385 1
rider 483 0 -0.6880886789603105 735.5693 716.2352 785.0539 793.29626 1.6754553003616606 0.824141309702197 0.7840906992564061 -4.626304183744666 3.812892245600313 34.42785950685387 -0.8216652707814168 1
Pedestrian 489 2 -0.36094365407656015 287.26492 693.4506 342.11426 799.0948 1.784355626567329 0.6738572591689034 0.6945275858523148 -11.40142157588237 3.015372674085171 26.370096334876337 -0.7690332274980202 1
rider 491 1 -3.0298484017592866 428.2321 711.7953 475.64072 775.91675 1.4137386238262655 0.8742549539473152 0.9567274092187641 -11.890649438764601 3.474645463563299 34.9369471979583 -3.3578970025113897 1
