bicycle 470 1 3.0801018395341493 0.0 842.07794 376.1977 1215.0 0.8278107536147661 0.4743882070139751 1.385961669476877 -2.1706800603774306 1.428787316084849 3.546475089050762 -3.7523284839654574 1
Cyclist 1956 2 2.0348259884932087 219.89511 700.53735 305.17606 799.6903 1.754421151193844 0.7296954375817715 1.8697757737311775 -13.451933015562107 3.261286608080012 28.846856824165563 -4.68470366954412 1
moped_scooter 487 1 2.8583257497519585 111.14685 694.59375 252.85675 810.71985 1.813341378484819 1.1072991140078041 1.927043967407044 -13.378324940508646 3.0607107031125906 25.69801934098978 -3.9048490683885797 1
Pedestrian 490 1 -0.1733493693399096 737.5183 720.57855 777.3878 814.6312 1.6255580634344169 0.7023167113424154 0.6048177374263007 -3.7023325468355326 3.389378585572961 27.141115687796415 -0.3089230689159588 1
Pedestrian 477 0 -2.9084495359116884 820.16534 738.1827 853.07495 810.5585 1.4544278440094247 0.46490174465199313 0.5924805334260554 -2.5972897607104466 3.837523446776648 31.184488979622973 -2.9915456209122344 1
rider 482 1 3.0717514341459107 655.3449 714.22943 695.0711 791.0877 1.6945855215740055 0.9128481385524363 0.846219103732905 -6.6611142964213945 3.8061947389027644 34.79941817879331 -3.400560709914098 1
rider 1871 1 2.8431231403238564 153.71223 695.9641 221.75122 794.294 1.5908152528651556 1.0753864233586636 0.7591816280706354 -13.33907094717919 2.8469541944124086 25.78293400583012 -3.917501501763615 1
rider 1957 2 2.0438014169616174 232.44005 701.57275 291.87405 785.68567 1.5515998318447253 0.7452462141821895 0.8178376283807012 -13.445479545763549 3.048759775227861 28.777850849158703 -4.676462254841638 1
rider 491 1 2.7138044083567663 316.0073 720.4575 377.95895 791.4299 1.4137386238262655 0.8742549539473152 0.9567274092187641 -13.218263041165931 3.5115974604779976 32.18197720513249 -3.9591071581329635 1
bicycle 471 1 1.6240498131187808 713.26874 750.48 765.1643 859.3004 1.225492014841081 0.5869025703949089 1.979785363014962 -2.9806846502463724 3.006223456699713 20.192223318625683 1.477492730456694 1
Cyclist 472 1 0.10400742547884703 661.1622 701.81726 764.6207 799.50256 1.840446681008341 0.8170545842621175 1.9299875880376327 -4.862690439952479 3.375318688041834 29.37459290237896 -0.06004550950490084 1
Cyclist 473 2 -2.9376694454142145 500.67688 694.017 598.38617 779.1462 1.8169044324081953 0.8652157689170594 1.9574751629784957 -9.128895007036604 3.3749908103845954 33.215400890509756 -3.2058861780499157 1
Cyclist 474 2 3.07507272223897 626.90063 713.0543 717.47253 794.6889 1.7783099103443178 0.9128481385524363 2.01187045188373 -6.7291318702657 3.8698150120950583 34.781443463637494 -3.3992205445924144 1
bicycle 475 2 1.5862402627624517 651.61816 734.09424 693.68024 826.0502 1.211835070297488 0.6046020620269957 1.8526574027285967 -4.4184543520308015 2.959102427301446 22.96401888306282 1.3961555231195568 1
Cyclist 464 1 -0.2246284390970913 762.8175 718.39777 858.3854 808.07056 1.8497428166235967 0.824141309702197 1.9653727539206387 -3.32940251990516 3.958389356162362 33.0213209687141 -0.3251146907782587 1
bicycle_rack 462 1 0.7257789521999867 0.0 647.0346 179.3888 1000.0441 1.326214913579829 13.45353226738482 0.8656124258850646 -11.039630294118952 1.621349515513033 13.199802883743663 0.029264095050805405 1
bicycle_rack 468 1 0.6270661965602425 103.724045 695.67035 339.82294 812.34326 1.34720354737978 4.173382032847738 0.7946418192229495 -10.706546039981772 2.4874105382864924 21.968703549847795 0.17358608628204308 1
Pedestrian 158 2 0.10020362830419474 697.57806 719.0681 724.45776 789.1647 1.667143752943022 0.6039214715733897 0.5940156436547557 -6.146951524604196 4.001560255201521 36.7501252309195 -0.06552561489703579 1
Pedestrian 478 0 -2.248616077888939 839.871 740.5574 872.25385 811.3915 1.4544278440094247 0.4898260904330555 0.5007001853332368 -2.2655154254901144 3.9718711903968056 32.19970704520218 -2.3188585857148283 1
Pedestrian 479 0 -2.2670296518765447 798.73126 727.4682 833.62946 808.04596 1.6509458319154278 0.5239481772629513 0.5307456086458263 -3.1010427148909105 3.868792301223241 31.962587003702392 -2.363747955157715 1
Pedestrian 469 1 -0.3918574115684405 280.22668 689.17993 338.15952 799.70013 1.7209597711917144 0.6132185004093639 0.6793462883990474 -10.584603367392857 2.7841410229946235 24.27596017241391 -0.8030179990127497 1
rider 480 1 0.10598521544553732 687.1153 701.7489 733.80646 794.718 1.7552190229669595 0.8170545842621175 0.8227174105882646 -4.920902202378544 3.287358952625079 29.3812169011905 -0.05995921116682257 1
rider 481 1 -2.934747609504149 533.2907 695.6419 575.88837 776.988 1.739569353666859 0.8652157689170594 0.7513900996554247 -9.028456068112503 3.332740250597881 33.223519843731694 -3.200088824189871 1
rider 483 0 -0.21879763499965008 786.62506 718.94226 829.6088 798.98517 1.6754553003616606 0.824141309702197 0.7840906992564061 -3.386273266592875 3.7848329214173875 33.027346816273514 -0.3209699881186807 1
Cyclist 485 2 2.740156778378464 292.0349 718.46515 396.6587 806.96423 1.7224409027099987 0.8716284815966773 1.8891247378019846 -13.25158889607803 3.7954832248577866 32.153806716388424 -3.9339489472005504 1
Pedestrian 489 2 -0.35479162069388614 277.13553 688.16144 334.94592 799.47784 1.784355626567329 0.6738572591689034 0.6945275858523148 -10.955843051809945 2.8626466028581024 25.005021562689258 -0.7677439109594154 1
