Cyclist 1956 2 2.058868185557616 176.49399 695.0714 268.22952 798.167 1.754421151193844 0.7296954375817715 1.8697757737311775 -13.649082251270432 3.097748308497428 27.68146894450467 -4.682410618458489 1
moped_scooter 487 1 2.6120576376582116 0.0 677.52185 143.9285 804.0638 1.813341378484819 1.1072991140078041 1.927043967407044 -14.089707828405754 2.678181686909582 23.46512372830513 -4.211880313318105 1
Pedestrian 490 0 -0.1679552773288081 749.7278 720.1638 798.98883 816.5469 1.6255580634344169 0.7023167113424154 0.7610200756476369 -3.3220726081193783 3.3452850604307205 26.54949144048792 -0.29243584982365833 1
Pedestrian 489 2 -0.3942598457763196 256.6511 683.86957 317.98785 799.42096 1.784355626567329 0.6738572591689034 0.6945275858523148 -10.847340453241099 2.7526620217087476 24.070759544596992 -0.8176490932377121 1
rider 481 1 -3.1037391971402575 506.9524 695.21326 544.7384 779.2908 1.739569353666859 0.8652157689170594 0.7513900996554247 -9.400127060288987 3.2826643131333038 32.306781771357976 -3.3868860804784493 1
rider 482 1 3.000678656295156 642.4969 714.8449 685.9 793.8681 1.6945855215740055 0.9128481385524363 0.846219103732905 -6.746168919800428 3.770258744725653 33.93892991598398 -3.4787228622010264 1
rider 1871 0 2.6225441600430104 26.041683 679.3396 114.107376 785.68256 1.5908152528651556 1.0753864233586636 0.7591816280706354 -14.047413239456237 2.470758548932453 23.57542416737621 -4.198003487454319 1
rider 1957 1 2.0650964097853928 195.86842 697.4028 258.50476 784.4926 1.5515998318447253 0.7452462141821895 0.8178376283807012 -13.623464599644564 2.9185283627267915 27.770341053457724 -4.674168974840695 1
rider 491 1 2.4218760222844704 232.21924 718.78827 301.4021 792.451 1.4137386238262655 0.8742549539473152 0.9567274092187641 -14.334618963440535 3.3911862372056207 30.8814517976869 -4.295894305203101 1
bicycle 470 2 -3.078053406487357 0.0 855.1429 221.0426 1215.0 0.8278107536147661 0.4743882070139751 1.385961669476877 -2.12812853085888 1.3306528117489769 2.6752635362205837 -3.750034432707178 1
bicycle 471 1 1.6304285275168389 705.21533 757.2581 760.4324 871.9156 1.225492014841081 0.5869025703949089 1.979785363014962 -2.934791702719247 3.026339799767991 19.33406836467738 1.479784715798536 1
Cyclist 472 1 0.038890065878978475 679.994 708.09045 783.927 809.343 1.840446681008341 0.8170545842621175 1.9299875880376327 -4.35877654181038 3.4569151049180005 28.542539115396128 -0.11265074316959267 1
Cyclist 473 2 -3.1073232082155786 471.72574 694.23444 567.72784 783.126 1.8169044324081953 0.8652157689170594 1.9574751629784957 -9.50498783522242 3.343619333109903 32.264486930186 -3.393814833140185 1
Cyclist 474 2 2.998900498466785 613.089 713.88446 708.54175 798.26935 1.7783099103443178 0.9128481385524363 2.01187045188373 -6.813618910231409 3.8410808412329125 33.898627099631014 -3.4826415762027594 1
bicycle 475 2 1.5985372955261448 634.3051 732.56244 679.68036 828.1583 1.211835070297488 0.6046020620269957 1.8526574027285967 -4.480873622966943 2.871962291125956 22.09442902074865 1.398445518156485 1
Cyclist 464 1 -0.040562267411834 785.8278 726.3682 878.3145 816.5222 1.8497428166235967 0.824141309702197 1.9653727539206387 -2.809462923576579 4.085520379613076 32.416998796283174 -0.12701260356701538 1
bicycle_rack 462 1 0.762328803252806 0.0 631.9941 145.26517 1007.05835 1.326214913579829 13.45353226738482 0.8656124258850646 -11.006660743938053 1.4164786549452382 12.28000265734876 0.031557404252397836 1
bicycle_rack 468 1 0.64547279361113 64.233284 691.42126 316.76248 812.6457 1.34720354737978 4.173382032847738 0.7946418192229495 -10.69452389417292 2.379196043388837 21.07484941503531 0.1758795077758888 1
Pedestrian 158 2 0.10224531972723375 697.0701 721.2628 725.7175 792.9933 1.667143752943022 0.6039214715733816 0.620625882016917 -6.002279940075675 4.003819124924002 35.9407212975629 -0.06323252284360659 1
Pedestrian 477 0 -2.7465033882271173 814.4422 743.3758 848.09924 818.15405 1.4544278440094247 0.5171800783033558 0.5239151429763986 -2.6447516504970587 3.892311308674455 30.445376730528395 -2.8331546076828475 1
Pedestrian 478 0 -2.2416560858177177 831.8104 745.77094 866.2528 818.46436 1.4544278440094247 0.54399432493376 0.47748522769007784 -2.362429874957468 4.0277938036722105 31.477822566097583 -2.3165662630895927 1
Pedestrian 479 0 -2.262803251643667 796.1826 736.85693 830.35535 815.97894 1.5755032946931016 0.480028687184299 0.5307456086458263 -3.0826979581965657 3.934095264972979 31.14658369505525 -2.3614558319944976 1
Pedestrian 469 1 -0.45784557756601924 273.11768 684.2315 354.78183 798.8267 1.7209597711917144 0.8306581785192408 0.9156937646054438 -10.263521407388607 2.6864598983001544 23.716199559436493 -0.8662741233104068 1
rider 480 1 0.04203251592358037 709.773 708.06934 755.1562 804.14795 1.7552190229669595 0.8170545842621175 0.8227174105882646 -4.361642823803327 3.368282724507532 28.552057098233853 -0.10955664583171076 1
rider 483 1 -0.03611327429297756 806.0302 726.1376 843.7174 807.45544 1.6754553003616606 0.824141309702197 0.7840906992564061 -2.960793017309216 3.9007790853625264 32.41239849977204 -0.1272080040766097 1
Cyclist 485 2 2.3986048512207625 213.53775 717.25726 319.4034 810.07007 1.7224409027099987 0.8716284815966773 1.8891247378019846 -14.313462930132225 3.6926741968255916 30.86155255419033 -4.318847679538333 1
