Cyclist 473 1 -3.1292784621233345 359.79633 697.5868 468.1501 796.86395 1.8169044324081953 0.8652157689170594 1.9574751629784957 -10.659432860996054 3.270623252370563 29.17468150678739 -3.479576135833649 1
Cyclist 1956 2 2.1218786239470573 58.72075 681.623 170.76329 797.24164 1.754421151193844 0.7296954375817715 1.8697757737311775 -13.873887567455066 2.722390797737753 24.57034385717904 -4.675335373646552 1
Cyclist 485 2 2.1954268951664853 63.24113 709.70636 177.56824 814.35364 1.7224409027099987 0.8716284815966773 1.8891247378019846 -15.261934390937025 3.3212160716996175 27.203531771568432 -4.59902873183216 1
Pedestrian 158 1 0.10093566999986092 707.9264 718.5755 740.4428 796.3589 1.667143752943022 0.8256734579245879 0.6397753322268858 -5.309320822775597 3.7937872368107435 33.51886330336225 -0.056157187973740585 1
rider 1957 2 2.1284397095331595 82.479515 683.72186 156.65015 781.5901 1.5515998318447253 0.7452462141821895 0.8178376283807012 -13.861928740331406 2.53780530655037 24.645853234136098 -4.667093024360989 1
rider 491 2 2.1871411967389696 83.709305 712.56165 163.35872 795.06537 1.4137386238262655 0.8742549539473152 0.9567274092187641 -15.257320073631417 3.0421442949820605 27.25665031598623 -4.60635355053699 1
bicycle 471 0 1.6521890852115777 675.5308 754.99603 743.8078 889.2164 1.225492014841081 0.5869025703949089 1.979785363014962 -2.7740158157948636 2.759780015574992 16.625257401898562 1.4868566731983113 1
Cyclist 472 1 0.5378651896280823 711.17303 705.47174 833.3762 821.1766 1.840446681008341 0.8170545842621175 1.9299875880376327 -3.2368572783975513 3.2612031755532063 25.608080663227028 0.4121321301521592 1
Cyclist 474 2 2.96128583102719 555.13824 708.9427 661.63934 801.8914 1.7783099103443178 0.9128481385524363 2.01187045188373 -7.296120578042193 3.5620530107405726 30.917560279035328 -3.5536459108354 1
bicycle 475 2 1.6136560910647413 617.32025 728.83936 670.8876 837.13074 1.211835070297488 0.6046020620269957 1.8526574027285967 -4.1286106640325295 2.63749515650501 19.548004965499118 1.4055113327675643 1
Cyclist 464 0 -0.12193019755111704 875.70776 738.2584 977.1028 835.56213 1.8497428166235967 0.824141309702197 1.9653727539206387 -0.7145359312029652 4.185366321220895 30.261134628248463 -0.14553814185803593 1
bicycle_rack 468 1 0.7179827365146202 0.0 681.3992 233.68217 821.03265 1.34720354737978 4.173382032847738 0.7946418192229495 -10.635821413444823 2.1178239520415962 18.271782597273596 0.1908364796853146 1
Pedestrian 477 2 -2.2086525180517076 792.72156 739.0439 840.41986 822.11786 1.4544278440094247 0.5594709633625214 0.7328497617648179 -2.7013531380662235 3.6193948406692233 27.904106441221213 -2.305160226222807 1
Pedestrian 478 0 -2.232570481154705 805.3899 742.1779 857.4533 822.66736 1.4544278440094247 0.6987607092214575 0.7405880809792067 -2.519984749587651 3.7698876463761715 29.015468238225264 -2.3192028000695064 1
Pedestrian 490 0 -0.21510239008350507 772.5484 723.04614 822.35187 828.1705 1.6255580634344169 0.5466379195292929 0.7001402854374874 -2.6520875050928545 3.237344825428607 24.18742418821717 -0.32431349160832634 1
Pedestrian 479 2 -2.1948639827395295 772.50085 736.67365 812.3102 819.83484 1.518518236707815 0.5303237119991883 0.5642756251890709 -3.245137270791719 3.695227819989044 28.734962976489285 -2.307320914844694 1
Pedestrian 469 1 -0.5425382546849142 245.02823 671.53467 315.25085 796.2407 1.7209597711917144 0.7266652889884323 0.6323767549214407 -9.76960723732298 2.4045367567663094 21.452619333692038 -0.9698769971506248 1
rider 480 1 0.5394048116527503 733.72974 705.5132 799.9096 818.1504 1.8332498304557872 0.8170545842621175 0.8227174105882646 -3.330511871348446 3.245002482062871 25.649633649102753 0.41028088544868213 1
rider 481 1 -3.1287856244295393 398.6552 698.8028 440.17752 792.24756 1.739569353666859 0.8652157689170594 0.7513900996554247 -10.577489615732853 3.2095927287741284 29.213194582749452 -3.4761806202421464 1
rider 482 1 2.965276381039018 588.25055 710.1386 637.5177 796.86707 1.6945855215740055 0.9128481385524363 0.846219103732905 -7.216376860839974 3.4926687476247116 30.95868029696467 -3.5469167586906365 1
rider 483 0 -0.11244381332673763 896.2401 737.72595 939.3452 825.33496 1.6754553003616606 0.824141309702197 0.7840906992564061 -0.8847650692476523 3.993189754601974 30.25634938004645 -0.14167777663280523 1
Pedestrian 489 2 -0.36614243606170177 216.63242 673.41974 282.9653 798.3828 1.784355626567329 0.6738572591689034 0.6945275858523148 -10.567690363022667 2.520819266767651 22.213459629934786 -0.8101891997389522 1
