Cyclist 474 1 3.0077965533909197 493.2226 706.8616 607.2468 806.735 1.7783099103443178 0.9128481385524363 2.01187045188373 -7.910508119829329 3.4001506341121774 28.77695062699981 -3.5436530886313085 1
Cyclist 1956 2 2.1737966058778966 0.0 678.86334 68.590034 806.0554 1.754421151193844 0.7296954375817715 1.8697757737311775 -14.304896225098421 2.596150934098099 22.37800971275266 -4.6781618260585915 1
Cyclist 485 2 2.2741275820830245 0.0 710.31036 22.190685 829.47656 1.7224409027099987 0.8716284815966773 1.8891247378019846 -16.178346741503354 3.15056360816588 24.01724709333221 -4.60185440686455 1
rider 1957 2 2.181215680934116 0.0 681.5915 49.01855 789.284 1.5515998318447253 0.7452462141821895 0.8178376283807012 -14.30412695915708 2.417569324916631 22.417439982244463 -4.669919758556761 1
Cyclist 473 2 -2.9296550894995024 243.82307 700.06305 371.7602 807.64264 1.8169044324081953 0.8652157689170594 1.9574751629784957 -11.65731867173941 3.191885251824929 26.737845584307564 -3.340793816538122 1
bicycle 475 2 1.6334660589593875 577.10645 724.82635 639.31244 843.77496 1.211835070297488 0.6046020620269957 1.8526574027285967 -4.1868190153673615 2.4669469751420343 17.81901548881973 1.4026886476892795 1
Cyclist 464 0 -0.09057191441201692 936.8079 746.2383 1043.3905 844.42145 1.762599058492629 0.824141309702197 1.9653727539206387 0.5375837758654616 4.115635819716765 28.518282849825297 -0.07172365075437015 1
bicycle_rack 468 2 0.763115876172645 0.0 687.6568 159.95993 847.8518 1.34720354737978 4.173382032847738 0.7946418192229495 -10.607829609354555 2.1231515479634586 16.365145838378943 0.18800956664979052 1
Pedestrian 158 1 0.10374770346970033 696.58325 719.96204 734.48615 801.8227 1.667143752943022 0.6482718688436582 0.7270668354654509 -5.188602474589362 3.6980308720047574 31.602515549758845 -0.05898366978065295 1
Pedestrian 490 0 -0.2177418753530564 756.28687 724.79395 833.5497 839.71106 1.6255580634344169 0.7023167113424154 1.0287955125985158 -2.5092942644614764 3.1631388016458537 22.519097244767767 -0.3287137020700601 1
Pedestrian 477 2 -2.1165323169938097 749.04926 738.3722 798.307 826.6936 1.4544278440094247 0.5594709633625214 0.7328497617648179 -3.2974545523134 3.482912206887029 26.271847867901293 -2.2413922415619645 1
Pedestrian 478 2 -2.1409726518883447 791.6198 745.2008 833.3389 829.5154 1.4544278440094247 0.543994324933713 0.5548684198339187 -2.7154959359743676 3.680537487256819 27.28568223875589 -2.240166935727379 1
Pedestrian 479 2 -2.044041090752278 753.22675 735.19556 793.59143 825.2362 1.5600188300055802 0.5303237119991883 0.5642756251890709 -3.421762558807473 3.596573590598447 27.229613635485254 -2.169049107453442 1
Pedestrian 469 0 -0.18177411206345 204.13312 661.9382 283.2644 797.0305 1.7209597711917144 0.7266652889884323 0.8309086349348215 -9.542478795298114 2.2268228536098817 19.884409567865834 -0.6292107921467335 1
rider 481 2 -2.9404416687092945 284.1393 700.50366 339.5523 802.47986 1.739569353666859 0.8652157689170594 0.7513900996554247 -11.609120739058358 3.1175351579568282 26.754298874705146 -3.3498400204139207 1
rider 482 1 2.998842508382346 528.99896 707.7801 581.0221 800.9768 1.6945855215740055 0.9128481385524363 0.846219103732905 -7.834386207498161 3.3245657348678495 28.82266050711562 -3.549744073887043 1
rider 483 0 -0.084807213902124 957.12164 745.56305 1001.77515 838.60126 1.6754553003616606 0.824141309702197 0.7840906992564061 0.340805201845576 4.01137666134355 28.51035864602132 -0.07285405067745288 1
bicycle 471 0 1.6704767740938506 636.36127 753.58014 716.5389 904.3605 1.225492014841081 0.5869025703949089 1.979785363014962 -2.8093508951933917 2.5940702018014683 14.892965237660256 1.4840315338779853 1
Cyclist 472 1 0.5410871301050172 697.4154 705.5847 828.73865 830.1489 1.840446681008341 0.8170545842621175 1.9299875880376327 -3.1596167489157208 3.1675586907963798 23.83758130393693 0.4093075804362032 1
Pedestrian 489 2 -0.20644381738717682 220.63348 656.5078 286.13138 790.2145 1.784355626567329 0.6738572591689034 0.6945275858523148 -9.7817426708331 2.2312265208164437 20.66191718336144 -0.6486013502295823 1
rider 480 0 0.5366830256146156 730.9847 707.1114 802.2507 828.753 1.8332498304557872 0.8170545842621175 0.8227174105882646 -3.093289279229642 3.171465540650174 23.80354528958521 0.4074564237910485 1
