Cyclist 473 1 -3.090929819263726 336.3086 699.66455 448.37863 801.1117 1.8169044324081953 0.8652157689170594 1.9574751629784957 -10.83308005343775 3.27970210796833 28.545641664483885 -3.4536401233884364 1
Cyclist 474 1 2.9654254480244377 549.47565 702.2801 657.2505 796.0252 1.7783099103443178 0.9128481385524363 2.01187045188373 -7.3104902174507185 3.4012463524106726 30.543275245281453 -3.5526888275384705 1
Cyclist 1956 2 2.1399704160664417 21.644947 681.58 139.26242 800.2685 1.754421151193844 0.7296954375817715 1.8697757737311775 -14.075611395032958 2.698505231706993 23.959251919096648 -4.6743785753119305 1
Cyclist 485 2 2.226857122977207 0.0 687.99023 120.78944 795.3331 1.7224409027099987 0.8716284815966773 1.8891247378019846 -15.734852111286209 2.8672451881678636 26.146194223580974 -4.598072196509678 1
Pedestrian 158 1 0.10107078416539414 707.5184 717.0899 743.3191 796.0543 1.667143752943022 0.8256734579245879 0.7008032827635924 -5.201298427370658 3.7289263958271923 33.0124214828942 -0.055200381671052456 1
rider 481 1 -3.078392256137398 375.63464 700.6754 420.64505 796.26013 1.739569353666859 0.8652157689170594 0.7513900996554247 -10.750441148228548 3.2138212171533422 28.570057779542648 -3.4382877058067365 1
rider 1957 2 2.144531915127958 51.125797 684.62396 127.83376 784.5986 1.5515998318447253 0.7452462141821895 0.8178376283807012 -14.064832253178935 2.532895717976164 24.14395396140041 -4.666136130674753 1
rider 491 2 2.220568991451949 15.8186245 689.03674 101.14382 774.3048 1.4137386238262655 0.8742549539473152 0.9567274092187641 -15.745660406681917 2.555694636530221 26.102868025405684 -4.605396964000217 1
bicycle 471 0 1.6586797716626016 665.1456 750.0825 736.82117 888.12054 1.225492014841081 0.5869025703949089 1.979785363014962 -2.7816451443279173 2.6595955684799026 16.120877470466965 1.487813027087109 1
Cyclist 472 1 0.5383738169043227 710.5679 702.5039 835.34863 820.5631 1.840446681008341 0.8170545842621175 1.9299875880376327 -3.158192415831348 3.181293329782953 25.075927194233426 0.4130882822251176 1
bicycle 475 2 1.61893062626371 609.3525 726.95325 665.1659 838.0517 1.211835070297488 0.6046020620269957 1.8526574027285967 -4.108448801457383 2.57731155134283 19.045328624441865 1.4064668557733286 1
Cyclist 464 0 -0.1317633543839163 890.92834 738.888 994.1998 833.3279 1.762599058492629 0.824141309702197 1.9653727539206387 -0.38182119932390957 4.074951824055876 29.786537620110856 -0.14458123517072674 1
bicycle_rack 468 1 0.7345221120762081 0.0 673.5307 209.4853 815.9801 1.34720354737978 4.173382032847738 0.7946418192229495 -10.686452267943944 1.9924950169155335 17.717887118646452 0.19179343420797101 1
Pedestrian 477 2 -2.203213955635702 789.7501 735.61035 829.75165 818.7309 1.4544278440094247 0.5130410480762059 0.5393917814051866 -2.789802488010732 3.5201581177273873 27.530665408107044 -2.3042035859733776 1
Pedestrian 478 0 -2.230433348566266 808.2063 739.9591 851.08923 820.49866 1.4544278440094247 0.5439943249337539 0.6322516119778103 -2.5191121951944178 3.6880518451297934 28.613528280011767 -2.3182461414788076 1
Pedestrian 490 0 -0.21389193509732776 760.5334 719.6748 833.8205 828.4977 1.6255580634344169 0.7023167113424154 1.0287955125985158 -2.604705475062656 3.159054416612353 23.69987853933313 -0.32335635945389996 1
Pedestrian 479 2 -2.190404994152223 766.9216 732.3878 807.27783 816.62946 1.518518236707815 0.5303237119991883 0.5642756251890709 -3.300164006435622 3.5828022941541944 28.331993930213034 -2.3063643149771633 1
Pedestrian 469 1 -0.40380159618602574 241.45605 669.542 313.3503 797.1046 1.7209597711917144 0.7266652889884323 0.6891001492109888 -9.614102767449847 2.363536459868073 21.02443103546356 -0.8326950586295062 1
rider 480 1 0.5380603466269299 736.507 702.3569 804.1046 817.3974 1.8332498304557872 0.8170545842621175 0.8227174105882646 -3.199926635398738 3.16106059052229 25.09594994629972 0.4112370076149108 1
rider 482 1 2.972082845192333 578.78925 703.2755 628.51794 790.9016 1.6945855215740055 0.9128481385524363 0.846219103732905 -7.311014078492709 3.3267395313021395 30.55514952903092 -3.545959669653235 1
rider 483 0 -0.12251750144915707 914.182 738.92303 958.33923 827.99994 1.6754553003616606 0.824141309702197 0.7840906992564061 -0.5032132502094441 3.981036689576705 29.77519949562615 -0.1394163084095048 1
Pedestrian 489 2 -0.37841812580961137 240.36688 666.6668 307.4651 792.93256 1.784355626567329 0.6738572591689034 0.6945275858523148 -10.082641901987653 2.4106212783608916 21.93753461253671 -0.8092323569881194 1
