Pedestrian 158 1 0.14469663055999615 692.0442 712.9737 724.9302 799.776 1.667143752943022 0.6482718688436534 0.5567568002155713 -5.020580809938381 3.4371827870255753 29.72306459718729 -0.02263584854929901 1
Pedestrian 477 1 -2.094030806338808 709.41077 720.1968 753.4978 812.5111 1.4544278440094247 0.48982609043304964 0.5935600159058705 -3.8031857435883514 3.055570240690671 24.74049937125877 -2.246559903493243 1
bicycle 471 0 1.6925063917808196 585.06366 742.19714 681.2041 912.39777 1.225492014841081 0.5869025703949089 1.979785363014962 -2.858612292315233 2.3384394833000117 13.176271620129157 1.4788656751298914 1
Cyclist 473 2 3.1394729681478544 98.52843 687.4376 237.557 808.1855 1.8169044324081953 0.8652157689170594 1.9574751629784957 -12.824141403600247 2.864847662670309 24.21619335093298 -3.6307342508188523 1
Cyclist 474 2 2.8588497980685896 408.00497 697.3447 538.1159 807.0233 1.7783099103443178 0.9128481385524363 2.01187045188373 -8.6225462232512 3.1047954090393652 26.437389459197526 -3.7396069065626842 1
bicycle 475 2 1.6577865103724014 523.9807 716.5617 597.66284 848.07434 1.211835070297488 0.6046020620269957 1.8526574027285967 -4.284577794252755 2.257166283782227 16.089341398141972 1.3975272755939319 1
Cyclist 464 0 -0.03403209014274579 1002.42114 745.4978 1114.6162 850.14484 1.762599058492629 0.824141309702197 1.9653727539206387 1.7174609154816265 3.9472687727641667 26.64831701764092 0.030328030210762913 1
bicycle_rack 468 2 0.8171450597917151 0.0 668.2093 62.34855 845.0272 1.34720354737978 4.173382032847738 0.7946418192229495 -10.711488386032368 1.8303988698611025 14.55902375783811 0.18284046695081146 1
Pedestrian 490 0 -0.22872028128988459 782.08466 718.767 835.86383 840.8916 1.6255580634344169 0.6487377883970582 0.6180237700175086 -2.136088630025335 2.9654282570802137 20.93852180212169 -0.3303857252318516 1
Pedestrian 478 2 -2.095502646925989 752.569 731.31537 797.7324 820.4804 1.4544278440094247 0.5439943249337618 0.6012983351202635 -3.2073479425119484 3.3163953753222586 25.76156468153319 -2.2193665702865277 1
Pedestrian 479 2 -2.0194188714851236 704.6717 717.95984 751.2597 813.29974 1.5600188300055802 0.6050247799351722 0.5642756251890709 -4.004534333992911 3.182152744840601 25.66253659386535 -2.1742163985617964 1
Pedestrian 469 1 -0.3196738838050758 158.71556 651.19226 238.39835 796.3725 1.7209597711917144 0.7266652889884323 0.6796462501627363 -9.386933149636034 2.053324133993467 18.40439641747546 -0.7913192457644419 1
rider 481 2 -3.136033330315774 147.00876 688.0198 200.1945 800.7289 1.739569353666859 0.8652157689170594 0.7513900996554247 -12.773225587654265 2.7872010096577413 24.26237649388993 -3.6206259514362547 1
rider 482 2 2.8492825330949656 448.38416 698.7049 511.98224 800.06415 1.6945855215740055 0.9128481385524363 0.846219103732905 -8.532745715059013 3.0336407326661603 26.51512525044724 -3.7452437628359445 1
rider 483 0 -0.035200747311387774 1026.8127 744.78864 1072.4745 844.1053 1.6754553003616606 0.824141309702197 0.7840906992564061 1.5693587197889394 3.847088640103923 26.666435309895817 0.02358291220595876 1
Cyclist 472 0 0.6577843467184874 682.7471 693.8841 821.5693 829.0394 1.840446681008341 0.8170545842621175 1.9299875880376327 -3.088724255841942 2.8959786136438455 22.04783803726388 0.5185982403241498 1
Pedestrian 489 2 -0.10382498368408866 169.08751 644.08746 236.15182 788.924 1.784355626567329 0.6738572591689034 0.6945275858523148 -9.651098899206133 2.034494312514866 19.020218278647143 -0.5733850933262906 1
rider 480 0 0.6548494256841766 715.25977 695.2297 794.07587 825.78674 1.8220297445848288 0.8170545842621175 0.8227174105882646 -3.0396592542072636 2.884439313032103 22.030878660056437 0.5177423888235064 1
