Pedestrian 158 1 0.14505742622466014 677.3301 743.08246 725.11237 854.61035 1.667143752943022 0.8256734579245879 0.6321468384098067 -4.109038978159803 3.570939099952108 23.668417708343917 -0.02683779014405885 1
bicycle 471 0 1.8663417769437078 188.47466 744.7258 459.2423 1094.4358 1.225492014841081 0.5869025703949089 1.979785363014962 -2.86996535981098 1.863485995780711 6.948629310944137 1.474656671436489 1
bicycle 1487 1 1.8328857160304763 120.50399 739.7161 314.4368 1032.0068 1.2194611699401643 0.45902443940283966 1.7825825780466267 -3.8596342055620156 1.8950099094240362 7.879856042810555 1.3774230915420373 1
bicycle 157 2 0.00013383516988596522 287.33823 798.3793 385.82678 867.396 1.0466129818211094 0.767428881460274 1.5990768047917403 -11.129514749553682 4.21706412583473 26.66809083515655 -0.3952262036122782 1
Cyclist 659 0 2.757306364720612 1068.2952 778.2509 1203.2812 908.48315 1.7282616420839712 0.7908522651480403 1.8005955281835548 2.552251825300518 4.0402754475294245 21.926001102337782 -3.4099974711744316 1
Cyclist 472 0 0.9961829298371134 647.6853 693.36005 825.62317 915.5661 1.9548561446368171 0.8170545842621175 1.9299875880376327 -2.243971030852047 2.6761082629134196 14.76135441899637 0.8453213351308717 1
Cyclist 474 2 2.911183971970625 0.0 695.656 90.841255 866.3302 1.7783099103443178 0.9128481385524363 2.01187045188373 -11.445052371578162 2.6552370500575257 17.490047032677488 -3.951446095042036 1
bicycle 475 1 1.8047184030271561 213.16493 706.5298 385.91696 931.83276 1.211835070297488 0.6046020620269957 1.8526574027285967 -4.240088886941725 1.794474352276469 9.708302814409967 1.392938712780293 1
Pedestrian 490 0 -0.5491312079826024 916.0491 752.968 988.945 914.16516 1.5736651328300444 0.6269621939898372 0.5098662065547761 -0.09497518193645646 2.947134104584636 15.636913766025723 -0.5552049137969091 1
Pedestrian 477 1 -2.2934372240037715 518.6763 738.94037 592.36725 859.08966 1.4544278440094247 0.6600691131495494 0.6477282504065716 -5.26618908116471 2.9698786666264687 19.418320603076456 -2.5582643317361797 1
Pedestrian 478 0 -2.6135854410172756 599.4484 749.2202 671.11206 863.8185 1.4544278440094247 0.6136391978632142 0.7405880809792067 -4.413671027662585 3.1730595352431905 20.26696065161752 -2.8280140624363304 1
Pedestrian 479 1 -2.3807159814672962 541.61774 738.48456 613.8663 860.22516 1.5407035485651832 0.653237597485771 0.6847131332738315 -5.183341176022825 3.1110214726261467 20.222080901863478 -2.631634785172412 1
Pedestrian 469 1 0.13447483558125228 0.0 619.0949 77.4807 831.14575 1.7209597711917144 0.7152099202695869 0.7174618463557532 -7.911720368842772 1.67388010716538 12.610765224214767 -0.4258328856747762 1
rider 660 0 2.755743891827424 1103.5475 779.3147 1172.7573 903.47626 1.682285348631157 0.7908522651480403 0.767308884059046 2.5893358210382567 3.9983338594636764 21.946776986373106 -3.410001812677406 1
rider 480 0 1.0014426763342958 670.35657 694.4373 785.7095 899.90015 1.9067781533510861 0.8170545842621175 0.8227174105882646 -2.317375851315217 2.6241969340196882 14.849125211787767 0.8466300066859942 1
rider 482 2 2.9077410274071505 0.0 697.6518 43.207706 852.6968 1.6945855215740055 0.9128481385524363 0.846219103732905 -11.390424655386855 2.5785848440894106 17.549086727496228 -3.951158986367625 1
bicycle_rack 152 2 0.08450045362677844 285.5237 775.2945 402.71613 875.1305 1.4080562932466765 3.5719991405365006 1.7987193403520165 -11.895056176638343 4.524172536861444 29.011180963598505 -0.3046107050553333 1
Pedestrian 489 2 0.5678143706674426 7.0191374 621.9193 114.14197 820.716 1.784355626567329 0.598744870014336 0.6172918889679313 -8.259113915237638 1.7576385163384567 13.730378158593725 0.02627707188698114 1
