bicycle 1487 1 1.8963973224829034 0.0 729.5284 221.04118 1077.4015 1.2194611699401643 0.45902443940283966 1.7825825780466267 -3.832218156856421 1.753483170909741 6.713788762869884 1.3777265835106745 1
Pedestrian 158 2 0.10588607866448271 677.604 734.3961 728.4554 851.6668 1.667143752943022 0.8256734579245879 0.6702893074952359 -3.8785971884342207 3.3466273058459257 22.50342478835845 -0.06479287401603462 1
Pedestrian 469 2 -0.2193920077229563 0.0 593.3409 46.30641 824.83307 1.7209597711917144 0.7152099202695869 0.7174618463557532 -7.6233499551106325 1.4863731615267943 11.624101330052488 -0.7998496564689694 1
rider 586 1 2.699467744467069 1280.7495 794.6106 1356.9214 910.82605 1.591740516368492 0.7703661286282323 0.8578462656295207 5.326251587254647 4.176106498881272 22.307195237352893 -3.3493375037607924 1
Cyclist 587 1 2.705454503211851 1248.807 793.6743 1383.074 916.7477 1.6625036497323058 0.7703661286282323 1.7893460033300892 5.277572221399912 4.241166410891754 22.29019959594978 -3.3452454665312215 1
bicycle 471 0 1.9287965582187308 18.003181 728.27264 382.463 1150.3281 1.225492014841081 0.5869025703949089 1.979785363014962 -2.8546588741970425 1.700087892797055 5.852167936238816 1.4749604510729148 1
bicycle 157 1 0.014426321271259701 259.8021 793.0784 363.12878 864.8084 1.0466129818211094 0.767428881460274 1.5990768047917403 -11.100464349029973 3.9984233685673285 25.58553618878389 -0.3949223150921166 1
Cyclist 659 1 2.7969393260066435 1004.2706 767.49945 1147.7212 906.30914 1.7282616420839712 0.7908522651480403 1.8005955281835548 1.5668357097795185 3.7434895190551742 20.51345398882751 -3.4100131176808812 1
Cyclist 472 0 1.2563262146414 665.6453 680.3449 824.04016 931.49927 1.9548561446368171 0.8170545842621175 1.9299875880376327 -1.9389503532379777 2.4811344432909097 13.14781616965135 1.109908389080518 1
bicycle 475 1 1.8880321351050569 91.63224 697.8499 318.19574 953.32794 1.211835070297488 0.6046020620269957 1.8526574027285967 -4.277945514122351 1.678316397614573 8.602141431142083 1.4265374839178722 1
Pedestrian 477 1 -2.1232413660808125 477.95428 726.8161 547.00757 852.24896 1.4544278440094247 0.5594709633625214 0.6477282504065716 -5.538221781959873 2.741034909892734 18.454057822994876 -2.4147978067334024 1
Pedestrian 478 0 -2.2239575855122684 566.64545 738.9125 641.38226 860.2442 1.4544278440094247 0.6136391978632142 0.7405880809792067 -4.6069004551901065 2.960684303782164 19.284723228769302 -2.458451427778792 1
Pedestrian 479 1 -2.8479828180345605 512.4426 721.28546 566.67926 848.11096 1.5740619692036955 0.5118980927660387 0.5459872300919453 -5.414950121680989 2.829610928531826 19.218557571193113 -3.122619415469666 1
rider 660 0 2.795956757332807 1040.8381 768.3884 1113.2059 900.8667 1.682285348631157 0.7908522651480403 0.767308884059046 1.5814855508787633 3.6975554571082947 20.51991320270816 -3.4103098340037397 1
rider 480 0 1.2738336880410066 676.80084 681.56445 792.88965 909.68384 1.9067781533510861 0.8170545842621175 0.8227174105882646 -2.0242835908288086 2.4322706986569784 13.319937681817388 1.1230137847600883 1
bicycle_rack 152 2 0.09509485462840511 263.66803 773.8439 387.69977 877.291 1.4080562932466765 3.5719991405365006 1.7987193403520165 -11.82336127166267 4.39454745937738 28.01159549060908 -0.30430680890718054 1
Pedestrian 490 0 -0.5762702095269703 932.4972 738.8781 1054.324 919.6577 1.6255580634344169 0.7023167113424154 0.971489758531993 0.31418831262640756 2.788270500695445 14.70062781159189 -0.5549010209920409 1
Pedestrian 489 2 0.5868169450845274 0.0 619.49774 82.9833 834.40936 1.784355626567329 0.4437820046857972 0.7509572982105198 -7.933994026617071 1.7395359706370737 12.648283878902333 0.02658097799815251 1
