bicycle 1487 1 1.9196182432732056 0.0 720.7183 186.64972 1085.6991 1.2194611699401643 0.45902443940283966 1.7825825780466267 -3.8447263213813168 1.688265021143001 6.397739756383205 1.3784999764140573 1
Cyclist 659 1 2.815373130400215 976.28687 760.81683 1122.6947 902.5263 1.7282616420839712 0.7908522651480403 1.8005955281835548 1.1755195683503212 3.606527311929959 20.046166023739836 -3.4092386364907115 1
Pedestrian 158 2 0.10568295421772284 678.0392 733.0463 730.96857 852.7414 1.667143752943022 0.8256734579245879 0.6855462951294108 -3.7777980748767703 3.292959684035944 22.047330136077438 -0.0640184641524777 1
rider 586 0 2.701980762459179 1277.2014 787.23883 1355.0211 905.8367 1.591740516368492 0.7703661286282323 0.8578462656295207 5.167379543986653 4.009805895716331 21.809601622480766 -3.3485630484797615 1
Cyclist 587 1 2.7092442935537595 1242.5646 786.0182 1379.8582 911.60065 1.6625036497323058 0.7703661286282323 1.7893460033300892 5.088812464978493 4.069778963179559 21.785757007395677 -3.3444710126931945 1
bicycle 471 0 1.9580651870655403 0.0 723.4088 347.13513 1182.4689 1.225492014841081 0.5869025703949089 1.979785363014962 -2.848480415349947 1.6506249639524961 5.440425855991091 1.4757345770706647 1
bicycle 157 1 0.020346440948813937 249.54575 793.02124 354.70526 865.86694 1.0466129818211094 0.767428881460274 1.5990768047917403 -11.087691430372555 3.954042359046956 25.200154725084452 -0.39414791154636064 1
Cyclist 472 0 1.4580716870979844 677.34467 674.8837 801.13153 936.115 1.9548561446368171 0.8170545842621175 1.9299875880376327 -1.908802941742184 2.411596304548403 12.626181841313892 1.308029704147959 1
bicycle 475 1 1.9095342695588062 38.43652 693.3366 288.02652 964.2567 1.211835070297488 0.6046020620269957 1.8526574027285967 -4.260742144280884 1.628049446901151 8.134444565463602 1.4270361574452117 1
Pedestrian 490 0 -0.5892271965331698 966.7761 737.03705 1061.6677 918.59827 1.6255580634344169 0.7023167113424154 0.6309497112983409 0.5066328383528373 2.7423001795615796 14.42781321184398 -0.5541266065876658 1
Pedestrian 477 1 -2.008930600381324 472.45117 727.229 530.07367 854.1097 1.4544278440094247 0.4898260904330695 0.5239151429764075 -5.561861109100151 2.716120282935562 18.079470439982753 -2.3073763319060303 1
Pedestrian 478 0 -1.8684481453851811 559.49896 740.648 617.1321 857.03503 1.3847829710799506 0.5702957092147396 0.5563893805330831 -4.726553151395838 2.881018504033408 18.945308839413137 -2.112941188033822 1
Pedestrian 479 1 -2.85655535605248 495.63055 719.65546 550.7898 848.717 1.5740619692036955 0.5118980927660387 0.5459872300919453 -5.523114736414785 2.7860391438633876 18.871062743316354 -3.141279784121396 1
rider 660 1 2.812180193831496 1017.16046 762.0937 1090.4908 897.32874 1.682285348631157 0.7908522651480403 0.767308884059046 1.2350009539361806 3.567478050864894 20.065885995241704 -3.4095353598590643 1
rider 480 0 1.4580364942833992 682.863 677.5064 789.96484 914.11554 1.9067781533510861 0.8170545842621175 0.8227174105882646 -1.9318503223115358 2.374045388656995 12.778846496909278 1.307996973382541 1
bicycle_rack 152 2 0.10033190854338153 254.07838 771.7308 381.19016 876.444 1.4080562932466765 3.5719991405365006 1.7987193403520165 -11.801944014564695 4.313333362525514 27.616205119923123 -0.30353238592918697 1
Pedestrian 489 2 0.5931157355839997 0.0 601.17334 73.313515 822.3821 1.784355626567329 0.4437820046857972 0.7509572982105198 -7.807431626279352 1.5929997729520329 12.295105980648684 0.02735542629828136 1
