bicycle 471 1 2.0894453578118073 0.0 711.49713 173.85612 1215.0 1.225492014841081 0.5869025703949089 1.979785363014962 -2.8570562510290465 1.5181274314330464 4.039720214373659 1.4738760952526668 1
bicycle 475 1 1.9984570162884636 0.0 651.5701 150.82306 981.46326 1.211835070297488 0.6046020620269957 1.8526574027285967 -4.266915198382242 1.3468510703737193 6.609179214102335 1.4251780556397606 1
Pedestrian 158 2 0.11535938558574732 660.6877 722.2795 712.6889 849.41986 1.667143752943022 0.8256734579245879 0.6168898507756071 -3.7939473023036765 3.0435109892295804 20.703918222502196 -0.06587762797859686 1
Pedestrian 477 1 -1.8255142370688862 401.29816 715.9923 467.76315 853.4593 1.4544278440094247 0.5594709633625214 0.6477282504065716 -5.923556576037834 2.504319983336178 16.810455890544983 -2.164301828503492 1
rider 586 0 2.7281225607323476 1230.7471 775.0067 1313.7394 902.9916 1.591740516368492 0.7703661286282323 0.8578462656295207 4.183562999710212 3.6618215449736518 20.157307433742407 -3.350422321081538 1
Cyclist 587 0 2.731611603358068 1199.4725 773.85156 1347.1406 909.23193 1.6625036497323058 0.7703661286282323 1.7893460033300892 4.195540938335394 3.7256111642768532 20.15393522463364 -3.34633028180988 1
bicycle 157 1 0.04128908025098499 204.0987 791.6139 317.09604 868.7312 1.0466129818211094 0.767428881460274 1.5990768047917403 -11.136660100773307 3.776263017935801 23.822670959926086 -0.39600705949886317 1
Cyclist 659 0 2.8844261669627396 863.2035 744.99603 1023.0189 900.68744 1.7282616420839712 0.7908522651480403 1.8005955281835548 -0.22832369851534448 3.2381345487745152 18.17968758698262 -3.4113177550802547 1
Cyclist 472 0 1.6324207207811554 639.19525 652.4982 776.8486 969.953 1.9548561446368171 0.8170545842621175 1.9299875880376327 -1.7124947791569842 2.165013389707547 10.384630045468398 1.4689849579578178 1
Pedestrian 478 0 -1.9174424723294738 493.48306 724.9301 566.1235 856.3626 1.4544278440094247 0.6136391978632142 0.7405880809792067 -5.126752120764324 2.6744703557294565 17.759218128329003 -2.1984829581268386 1
Pedestrian 479 1 -2.2252038963613563 429.09045 705.72815 491.61893 853.63806 1.6625165735218725 0.49725100371810904 0.493635052935984 -5.870177388854207 2.628606943859638 17.52941729857333 -2.5483420148257343 1
rider 660 0 2.8816679418122715 908.2616 746.38904 985.93024 895.05005 1.682285348631157 0.7908522651480403 0.767308884059046 -0.17973899698623658 3.199859784042747 18.196564311808096 -3.4113946778466495 1
rider 480 0 1.6415249898774091 645.7749 656.3571 772.1934 930.1258 1.8196449603486173 0.8170545842621175 0.8227174105882646 -1.750906009482488 2.0497778698337505 10.490975479427204 1.47615279929959 1
bicycle_rack 152 2 0.1188148498603433 211.29755 768.2883 350.03796 878.2097 1.4080562932466765 3.5719991405365006 1.7987193403520165 -11.868671078908806 4.117136022707307 26.279786525344125 -0.30539158054876925 1
Pedestrian 490 0 -0.6376939993851665 1014.8293 726.28674 1144.9921 927.26166 1.6255580634344169 0.7023167113424154 0.9022991843928126 1.0426100202605728 2.5551759183601463 13.17454295293349 -0.5587203611245584 1
