Pedestrian 158 2 0.11135498511123798 673.24304 742.16174 724.4739 858.7258 1.667143752943022 0.8256734579245879 0.6779178013123273 -3.974609000094218 3.480562856588498 22.693134819259587 -0.06203222011496767 1
Pedestrian 478 0 -2.5738141898343003 576.1271 752.7145 647.5088 863.7743 1.3615680134367933 0.4643075067817939 0.7779695478876598 -4.550665370356796 3.056583348909898 19.483462852749646 -2.8032663214694846 1
rider 586 2 2.6944170715079427 1289.3391 799.44336 1364.89 914.57007 1.591740516368492 0.7703661286282323 0.8578462656295207 5.509830830321054 4.2783294428440355 22.552566815009055 -3.3491514410074523 1
Cyclist 587 1 2.699195994707373 1259.6515 798.68134 1392.5929 920.59235 1.6625036497323058 0.7703661286282323 1.7893460033300892 5.491010099163095 4.346989247427234 22.5426818455581 -3.345059404125692 1
bicycle 471 0 1.9163196213338058 54.475964 737.2933 398.16794 1146.1188 1.225492014841081 0.5869025703949089 1.979785363014962 -2.8585119338661147 1.756623598151778 6.053418060243423 1.4751464347020304 1
bicycle 1487 1 1.8829405387107954 0.0 738.12006 241.23279 1074.3926 1.2194611699401643 0.45902443940283966 1.7825825780466267 -3.8481825377346057 1.8160218081461976 6.960635523959661 1.3779123910174582 1
bicycle 157 1 0.01208483050709519 264.75592 791.89264 367.28708 863.07697 1.0466129818211094 0.767428881460274 1.5990768047917403 -11.096261070876194 3.99640334697217 25.753930534340785 -0.39473626479237023 1
Cyclist 659 0 2.7846771957179777 1023.7813 773.94806 1165.675 911.3437 1.7282616420839712 0.7908522651480403 1.8005955281835548 1.8472776974528058 3.860766728881366 20.775942064595895 -3.409827048692952 1
Cyclist 472 0 1.0603734425931202 649.30237 687.38995 834.55286 930.9947 1.9548561446368171 0.8170545842621175 1.9299875880376327 -2.016842302675555 2.5627620773933506 13.53382322940241 0.9124397571559717 1
bicycle 475 1 1.8408378735942228 130.03749 698.6628 334.86646 947.2979 1.211835070297488 0.6046020620269957 1.8526574027285967 -4.235598563133254 1.694833696082078 8.826657243075859 1.393428114062515 1
Pedestrian 477 1 -2.167885412635149 486.42896 735.06696 555.7704 859.9073 1.4544278440094247 0.5594709633625214 0.6477282504065716 -5.471108714175599 2.854923749863702 18.588702992129697 -2.45412712845151 1
Pedestrian 479 1 -2.7394584516396914 519.3801 735.49695 580.0634 859.4993 1.5238129560356914 0.653237597485771 0.5459872300919453 -5.327444831805021 2.9837224303557033 19.37973486683812 -3.0077295664898616 1
Pedestrian 469 1 -0.12584213089485885 0.0 605.5655 48.123257 833.1173 1.7209597711917144 0.7152099202695869 0.7174618463557532 -7.694223223710992 1.5747648198316395 11.814880021698338 -0.7030826641471888 1
rider 660 0 2.7809025318567726 1063.9707 775.1203 1135.9662 906.0765 1.682285348631157 0.7908522651480403 0.767308884059046 1.9225661731726689 3.8204628841749018 20.802308440312398 -3.410123766713041 1
rider 480 0 1.0700393158270327 668.7006 688.3118 791.76416 911.62573 1.9067781533510861 0.8170545842621175 0.8227174105882646 -2.115243719518971 2.510876376193027 13.670764095547199 0.9165290928904501 1
bicycle_rack 152 2 0.09303573115631802 268.33698 775.98267 391.0792 879.0674 1.4080562932466765 3.5719991405365006 1.7987193403520165 -11.82199024880001 4.4549270504543665 28.184811214896943 -0.3041207539380195 1
Pedestrian 490 0 -0.5679028190670753 918.428 750.5365 1043.7959 930.7455 1.6255580634344169 0.7023167113424154 1.0287955125985158 0.1958929604048411 2.9212769290753036 14.853186002069169 -0.5547149680756271 1
Pedestrian 489 2 0.5876207980847358 0.0 633.8668 69.127235 846.5843 1.784355626567329 0.5118566602102077 0.4993419372993596 -8.058541071366955 1.8628890532862714 12.829221665651904 0.026767039059704123 1
