bicycle 475 1 1.9633157217666164 0.0 664.9848 207.20134 970.7982 1.211835070297488 0.6046020620269957 1.8526574027285967 -4.2492213551826525 1.4289217655846578 7.137972990000764 1.4263607153729558 1
Pedestrian 158 2 0.09777997687730391 689.3699 729.32526 741.82965 853.9215 1.667143752943022 0.8256734579245879 0.6550323198610549 -3.470029655195555 3.175642551371839 21.169148742211895 -0.06469429208154676 1
rider 586 0 2.7229621607240233 1241.5051 773.5899 1322.7485 898.3558 1.591740516368492 0.7703661286282323 0.8578462656295207 4.423374919649833 3.6915708749988623 20.653414508039816 -3.3492389160532845 1
Cyclist 587 0 2.725938590328061 1211.8293 772.9859 1356.1525 904.954 1.6625036497323058 0.7703661286282323 1.7893460033300892 4.446785233157233 3.76267076105999 20.65019426948334 -3.3451468790080945 1
bicycle 471 1 2.0403055252439812 0.0 715.4644 240.96365 1215.0 1.225492014841081 0.5869025703949089 1.979785363014962 -2.8493081424663114 1.5589210441606596 4.492175372253164 1.475058996854349 1
bicycle 1487 2 1.9940766848444627 0.0 719.28564 68.542435 1163.415 1.2194611699401643 0.45902443940283966 1.7825825780466267 -3.835572825179518 1.6192582807631286 5.415446294835123 1.3778250359717337 1
bicycle 157 1 0.03410645531714207 220.81673 791.8943 330.89273 867.5096 1.0466129818211094 0.767428881460274 1.5990768047917403 -11.105655690956393 3.83227582936125 24.2838489889597 -0.39482373398520987 1
Cyclist 659 0 2.864963379352589 896.30835 748.77246 1051.6052 899.7072 1.7282616420839712 0.7908522651480403 1.8005955281835548 0.15174083857219436 3.333748799885903 18.761728015912013 -3.4101343183060653 1
Cyclist 472 0 1.5190035271235953 667.518 659.87866 794.0467 959.5152 1.9548561446368171 0.8170545842621175 1.9299875880376327 -1.7356549453522054 2.2368246993815886 11.025281601429633 1.3628599950399995 1
Pedestrian 477 1 -1.906477731769708 424.88687 720.78375 492.91086 855.34607 1.4544278440094247 0.5594709633625214 0.6477282504065716 -5.780034007079909 2.5846960878539367 17.2003245523715 -2.230664234890246 1
Pedestrian 478 0 -1.8298597611545806 514.8684 728.107 581.8215 856.7516 1.4544278440094247 0.6136391978632142 0.7405880809792067 -5.013409580228143 2.7393517546530086 18.143314279483945 -2.099455258963925 1
Pedestrian 479 1 -2.235305284415983 441.69794 717.063 514.1885 855.57214 1.5740619692036955 0.5118980927660608 0.6882351824359546 -5.797069508914441 2.7045472958054693 17.93818115060782 -2.5478804911365005 1
rider 660 0 2.8628278581196644 938.9535 750.0442 1015.072 894.2015 1.682285348631157 0.7908522651480403 0.767308884059046 0.19048749041387122 3.293780819497977 18.77361541590496 -3.410211243891632 1
rider 480 0 1.5181047801866094 668.4801 662.4678 785.499 931.2217 1.8874152215727595 0.8170545842621175 0.8227174105882646 -1.7554260087077755 2.1791804626046023 11.12588679684313 1.3616162902503408 1
bicycle_rack 152 2 0.11251365258539875 226.98213 768.0082 361.68497 875.9448 1.4080562932466765 3.5719991405365006 1.7987193403520165 -11.825340667850133 4.153465960513037 26.71509439759242 -0.30420822532606073 1
Pedestrian 490 0 -0.6218000523163074 992.1331 728.29834 1123.2982 923.0852 1.6255580634344169 0.7023167113424154 0.9633032222367928 0.8764604845208018 2.6055147690007825 13.619911154539382 -0.5575372510560843 1
