Cyclist 659 1 2.8304760426792877 951.20233 756.4701 1101.362 901.9864 1.7282616420839712 0.7908522651480403 1.8005955281835548 0.8405926558311692 3.498592105510797 19.501790747658948 -3.4096325713199667 1
Pedestrian 158 2 0.10354379117499346 680.2663 730.80945 734.0752 852.7388 1.667143752943022 0.8256734579245879 0.6855462951293895 -3.6684062782223403 3.230186978464927 21.635687618827234 -0.06441236269615747 1
rider 586 0 2.7046061744570356 1271.5963 781.24426 1351.1423 902.4524 1.591740516368492 0.7703661286282323 0.8578462656295207 4.979794681415359 3.867713697609764 21.30440421617813 -3.348956970144088 1
Cyclist 587 0 2.7117987361466223 1236.3544 780.53986 1376.8318 908.9063 1.6625036497323058 0.7703661286282323 1.7893460033300892 4.9042895652522684 3.935203187427015 21.278842098174067 -3.344864933625092 1
bicycle 471 1 1.9924250425506798 0.0 722.75885 302.87244 1215.0 1.225492014841081 0.5869025703949089 1.979785363014962 -2.8512092266458433 1.6198928035457658 5.0135856723101355 1.4753408228750184 1
bicycle 1487 2 1.9494130976910378 0.0 722.1366 139.5797 1116.8317 1.2194611699401643 0.45902443940283966 1.7825825780466267 -3.8516685343473123 1.6688153098243965 5.99189243117638 1.3781065951068587 1
bicycle 157 1 0.026652547554539885 236.27559 792.80975 343.58865 866.94293 1.0466129818211094 0.767428881460274 1.5990768047917403 -11.09778906508263 3.902284593720277 24.771526985726773 -0.394541806929013 1
Cyclist 472 0 1.4604041966619483 670.61707 668.48486 800.33636 943.1967 1.9548561446368171 0.8170545842621175 1.9299875880376327 -1.8490385549823882 2.3351501111297814 12.009250798309907 1.307635985675609 1
bicycle 475 1 1.9315501217162043 0.0 678.99316 254.90358 962.82477 1.211835070297488 0.6046020620269957 1.8526574027285967 -4.26188341338862 1.5255110782194268 7.711136752376903 1.426642483765936 1
Pedestrian 477 1 -2.0019353028846636 455.1027 725.2902 522.4385 855.4139 1.4544278440094247 0.5594709633625214 0.6090366543346375 -5.614364399737275 2.674913036456074 17.76679996394737 -2.3080084443612563 1
Pedestrian 478 0 -1.9608327734172513 547.8551 734.52155 599.8862 855.8604 1.4389512055806528 0.4914893662175022 0.45756426481793844 -4.8350946972437825 2.8312195880464546 18.662295716648153 -2.2143422635688084 1
Pedestrian 479 1 -2.7460746083481573 470.7793 719.1168 538.14856 850.80695 1.5740619692036955 0.46164907959805834 0.6716097630119252 -5.650979052965184 2.75710851449424 18.514271327504623 -3.0423161132634142 1
rider 660 0 2.827955242482431 992.23914 757.7965 1066.9607 896.7303 1.682285348631157 0.7908522651480403 0.767308884059046 0.8846481908011173 3.4594803584986336 19.514963905456 -3.409929291110907 1
rider 480 0 1.4601808591946046 676.2323 670.88983 789.0992 920.54974 1.9067781533510861 0.8170545842621175 0.8227174105882646 -1.8622846450922754 2.2947313592292056 12.110630119198625 1.3076032586111341 1
bicycle_rack 152 2 0.10592824817160174 241.53967 771.02026 372.09564 877.3601 1.4080562932466765 3.5719991405365006 1.7987193403520165 -11.816433024083947 4.258433343485017 27.198084732504114 -0.3039262911947942 1
Pedestrian 490 0 -0.6072191128782555 990.2598 734.84827 1082.8055 919.9253 1.6255580634344169 0.7023167113424154 0.574568528176133 0.7060516390756687 2.6967596365659157 14.119520510652631 -0.5572553752638325 1
Pedestrian 489 2 0.6124267121671977 0.0 585.52045 34.06061 813.7844 1.784355626567329 0.4437820046857972 0.7509572982105198 -7.904453320150539 1.4765546233730749 11.92211362544838 0.026961508164717873 1
