Pedestrian 158 2 0.0926737623040983 688.5554 755.5499 744.54834 890.6605 1.667143752943022 0.8256734579245879 0.6550323198610565 -3.220101374960888 3.428626713527951 19.727497358767558 -0.06912838960300483 1
rider 586 0 2.883409327284312 1179.2688 783.1191 1261.7032 919.16565 1.591740516368492 0.7703661286282323 0.8578462656295207 3.2659608653744527 3.6356456079730948 18.897241901223666 -3.2286391459338355 1
Cyclist 587 1 2.8840759552097897 1141.2319 783.11053 1296.0386 925.9905 1.6625036497323058 0.7703661286282323 1.7893460033300892 3.234515074956569 3.709545448794845 18.886712102257725 -3.2294960369351133 1
bicycle 157 1 0.057732384360621 166.78395 805.89417 286.58597 887.35266 1.0466129818211094 0.767428881460274 1.5990768047917403 -11.186129333642889 3.8896720626709995 22.82676152323062 -0.39791916642441905 1
Cyclist 659 0 3.0387593060475466 738.89404 747.8967 906.6642 915.9766 1.7282616420839712 0.7908522651480403 1.8005955281835548 -1.5644382571583568 3.1534145552828665 16.7642087928522 -3.33747664722744 1
Cyclist 472 0 1.7018573122060232 557.4372 645.1505 754.4084 1048.4736 1.9548561446368171 0.8170545842621175 1.9299875880376327 -1.6370384566434986 2.0811556328751677 8.336398970394777 1.5079522751480852 1
Pedestrian 477 0 -2.1315136586952703 338.34933 733.6798 420.49536 879.2464 1.4544278440094247 0.5594709633625214 0.6477282504065716 -6.218108498860288 2.6475236600069927 15.98396906537304 -2.5025201803566723 1
Pedestrian 478 0 -2.2193478021540036 433.21536 740.6909 519.7339 878.5918 1.4544278440094247 0.6136391978632142 0.7405880809792067 -5.514526748271242 2.8077456644622316 17.01436704825978 -2.5327745291919044 1
Pedestrian 479 1 -2.1719173268143495 370.99023 725.2254 437.48898 874.2258 1.5797421735384756 0.4807714738373659 0.5273838674166619 -6.209294167659373 2.7216727656928743 16.67279742972759 -2.5284247396173827 1
rider 660 0 3.0408194611789923 789.3426 749.87213 864.8235 911.1436 1.682285348631157 0.7908522651480403 0.767308884059046 -1.5132202043295535 3.122718936740536 16.77528178279297 -3.332327718834387 1
rider 480 0 1.7012797838154203 584.63074 649.0936 749.4365 989.15076 1.8196449603486173 0.8170545842621175 0.8227174105882646 -1.6483594411306621 1.96422362802566 8.499755288157129 1.5097273017020028 1
bicycle_rack 152 2 0.13414517667091075 173.69077 781.7273 323.67508 899.65344 1.4080562932466765 3.5719991405365006 1.7987193403520165 -11.852550176514237 4.2454894309585125 25.082013737396796 -0.3073037355249284 1
bicycle_rack 151 2 0.3355805603538772 478.20157 831.6277 616.1086 899.4814 0.8567902050179846 4.919314153998679 1.7272474131420525 -10.054512050639197 6.278605418988705 36.707838404748806 0.06823134006206066 1
Pedestrian 490 0 -0.6916838453006002 1095.5667 734.35724 1230.4983 946.6734 1.6255580634344169 0.6122648120950247 0.9423072949245749 1.6837662909723006 2.5765733263685737 12.483763848336983 -0.5576164154188326 1
