Cyclist 659 1 -3.1286307076769 483.6386 733.6374 679.0645 927.3936 1.7282616420839712 0.7908522651480403 1.8005955281835548 -3.689541873101307 2.8330411060720513 14.599653271222643 -3.376162416177539 1
Pedestrian 479 1 -1.9527893264792284 221.22092 729.4787 303.89014 894.4619 1.5815323109125943 0.5764003486770679 0.6198537189721419 -7.145276510703968 2.6805451981930295 15.293018927909937 -2.3898746450535597 1
rider 586 0 2.897873403459872 1067.3477 786.4665 1156.8115 937.8236 1.591740516368492 0.7703661286282323 0.8578462656295207 1.7163335252405958 3.488645426320107 17.11475342991643 -3.285362210304142 1
Cyclist 427 1 2.6943663070952426 1319.065 791.9172 1503.1194 951.874 1.6798953264185756 0.7660324592354499 1.8978340337304962 5.1981283491208155 3.6739818257650603 17.32896013187896 -3.297391837046043 1
Cyclist 587 0 2.894377370097557 1026.3458 785.75555 1195.4222 945.60004 1.6625036497323058 0.7703661286282323 1.7893460033300892 1.696679800003138 3.557059401181232 17.10001330916731 -3.2899106669949947 1
bicycle 157 1 0.08770404181121266 83.90804 818.1963 218.33047 907.84564 1.0466129818211094 0.767428881460274 1.5990768047917403 -11.35414808348616 3.849366029190423 21.014241016619124 -0.4076671225584263 1
Cyclist 472 0 1.7338779063303065 301.31647 562.01215 651.5073 1215.0 1.9548561446368171 0.8170545842621175 1.9299875880376327 -1.5644708721116023 1.7790786361243243 5.189977191343628 1.441099802507689 1
Pedestrian 158 0 1.2990331288246806 667.35315 769.14624 750.9093 917.7265 1.667143752943022 0.8256734579245879 0.8068975505518696 -3.1026141902048914 3.4912738388806703 18.370410293055727 1.1317201072599774 1
Pedestrian 477 0 -1.6465045983226947 222.47842 736.7822 290.86136 895.9677 1.4544278440094247 0.5594709633625214 0.6477282504065716 -6.916779435608874 2.5836493710028945 14.673402147590448 -2.0869969345686874 1
Pedestrian 478 0 -2.0816365194111865 307.0236 742.9156 396.73694 892.35016 1.4544278440094247 0.6136391978632142 0.6926496657748368 -6.409529311817387 2.731857983914958 15.730964623282354 -2.4685459188596575 1
rider 660 2 -3.1303707457581758 550.692 735.06 633.6696 920.14453 1.682285348631157 0.7908522651480403 0.767308884059046 -3.6030578388312446 2.794659307731866 14.627832807968732 -3.3718783840546864 1
rider 480 0 1.726321614810733 371.97995 579.10333 644.6384 1131.867 1.8196449603486173 0.8170545842621175 0.8227174105882646 -1.5887913354661247 1.6689001654594238 5.384282276717972 1.4393851291853288 1
rider 428 0 2.6977308535317066 1354.9961 792.4379 1455.0997 944.4466 1.6159802902604625 0.7660324592354499 0.8667097833644273 5.131079252228187 3.6070169668019334 17.326189952683244 -3.29753731653891 1
bicycle_rack 152 2 0.16054451066945502 95.26686 789.87286 264.97882 918.3236 1.4080562932466765 3.5719991405365006 1.7987193403520165 -12.13666321438027 4.21312739097716 23.44978606564139 -0.31705193747210547 1
bicycle_rack 151 2 0.3461124000955137 436.12888 844.8427 589.898 936.3028 1.186556364409348 5.563004511268824 1.7272474131420525 -10.598707997087818 6.871601809359303 35.82670190631243 0.05848323835688496 1
bicycle_rack 153 2 0.34427759801147606 447.37177 850.8088 565.1676 919.8949 1.2154171741788211 4.015475418210696 1.9001850230756812 -12.637986883924333 7.838729452845025 41.790914569487725 0.050611342280059146 1
Pedestrian 490 0 -0.7512651880219388 1187.7566 730.0735 1348.3684 967.04175 1.6255580634344169 0.6368244209806929 1.0287955125985158 2.313479597713834 2.456733925716832 11.27805579288041 -0.5489408150984789 1
