Pedestrian 490 1 -0.9160522026552324 1402.6735 727.83655 1600.5795 1008.9913 1.6255580634344169 0.7023167113424154 1.058121131023502 3.4871248482354256 2.3300004344872294 9.652797455266713 -0.5693857329145942 1
Pedestrian 478 1 -1.8065376057392808 107.34379 774.0826 202.64767 949.1761 1.4544278440094247 0.6136391978632142 0.7405880809792067 -7.400237603919111 2.8712233772281293 13.721631640077105 -2.3011378740177197 1
rider 586 0 3.074494924442486 828.3028 792.0856 923.1581 973.75934 1.591740516368492 0.7703661286282323 0.8578462656295207 -0.8306871479895112 3.2436242875807784 14.340044001647138 -3.2665535144481517 1
rider 428 1 2.8770485785767645 1151.9237 793.54565 1258.9052 973.0131 1.6159802902604625 0.7660324592354499 0.8667097833644273 2.3864397646504947 3.320818336029329 14.691572472667708 -3.245107211434426 1
Cyclist 155 1 2.7932568152838195 1417.7758 784.71136 1641.932 977.27155 1.7638848419010817 0.9028476086487338 1.897445667166524 5.642469507940812 3.409174916550796 14.932080138147054 -3.128639089239722 1
Cyclist 427 0 2.883851947801015 1095.4016 792.88007 1304.9644 981.08307 1.6798953264185756 0.7660324592354499 1.8978340337304962 2.3244719838792354 3.3818843580151707 14.675430388301864 -3.242246271344209 1
Cyclist 587 0 3.073903275285363 781.7909 791.7059 973.8676 983.2378 1.6625036497323058 0.7703661286282323 1.7893460033300892 -0.817178887334559 3.316362239637831 14.333598089981798 -3.2662318113703552 1
bicycle 157 2 0.1383605197472495 0.0 864.2206 88.556076 970.85565 1.0466129818211094 0.767428881460274 1.5990768047917403 -11.712445020097393 4.102726629936962 18.415733658352696 -0.4281113167737747 1
Cyclist 659 1 -3.0110879757928775 0.0 719.6914 194.30481 981.29425 1.7282616420839712 0.7908522651480403 1.8005955281835548 -6.744141303594513 2.479636818616945 11.129098841084721 -3.5559014797110002 1
bicycle_rack 151 2 0.4070395521359557 283.36163 885.0504 467.34412 991.4466 1.186556364409348 5.563004511268824 1.7272474131420525 -12.855654610372513 7.458859144937078 33.24329292506135 0.038038624761647766 1
Pedestrian 158 0 1.1356523243027297 631.434 781.10504 723.40265 953.5727 1.667143752943022 0.763582901746245 0.6206258820168951 -2.9981006470148976 3.36613626098958 15.790562013799017 0.9480191131009872 1
Pedestrian 477 0 -1.410096739286369 83.01476 773.3733 152.40855 953.794 1.4544278440094247 0.4433961751467397 0.5239151429764048 -7.273888233030325 2.7680488991093584 12.908443926611247 -1.9232443476706056 1
Pedestrian 479 2 -2.4218652263394707 0.0 769.3386 79.605125 957.14 1.5282051219183626 0.5865617550393764 0.6236955564230264 -8.17773189547001 2.8194450085657863 13.029663627473106 -2.9823493642637784 1
rider 160 2 2.792709012506965 1478.6696 783.3505 1589.9113 955.57166 1.601619513417208 0.7263773671511794 0.8410640488874264 5.717799384467244 3.2257472781158723 14.958286890831742 -3.1253649964089396 1
rider 660 0 -3.02224672085398 0.0 722.1709 127.4493 967.9297 1.682285348631157 0.7908522651480403 0.767308884059046 -6.702020448367636 2.4421725825549303 11.164483489236204 -3.562885529796721 1
bicycle_rack 153 2 0.3487946456490567 402.0002 892.36884 527.6628 969.5894 1.2154171741788211 4.015475418210696 1.9001850230756812 -13.087323190034484 8.675454770338892 39.674350464039975 0.03016556869791298 1
bicycle_rack 152 2 0.13924631564708523 0.0 831.9497 133.15933 989.83923 1.4056202657154235 3.569894776642938 1.7971588039697464 -12.591227518672763 4.52597992189339 20.541876602500107 -0.4106438492971809 1
