Cyclist 427 0 -3.0792797247140755 829.13477 760.33014 1066.2488 981.4522 1.6798953264185756 0.7660324592354499 1.8978340337304962 -0.09159642499354871 2.8357062838287486 12.328014766521145 -3.0867095292111433 1
bicycle_rack 153 2 0.34618628518933103 520.4006 885.3372 646.9481 965.28094 1.2154171741788211 4.015475418210696 1.9001850230756812 -9.632435335029191 8.279246098940614 38.46773725081731 0.10082840002631066 1
Pedestrian 158 1 0.04822283818926415 799.99744 767.1309 882.514 952.29944 1.600111226209961 0.6809451268046304 0.7273945679411614 -1.098982710584705 2.9474862065287883 13.814760546261605 -0.03116132462561194 1
rider 586 0 3.11458020120789 504.10126 741.01794 625.8484 972.5 1.591740516368492 0.7703661286282323 0.8578462656295207 -2.991592500161007 2.504665732902412 11.266330656742326 -3.4281496194789796 1
Cyclist 155 0 2.4720889713941023 1232.0248 740.8498 1494.8835 991.04333 1.7638848419010817 0.9028476086487338 1.897445667166524 3.2414530260371297 2.7606867698021693 12.065712489368035 -3.548643249280392 1
Cyclist 587 0 3.1145248947672104 434.94067 739.7031 689.1799 986.8844 1.6625036497323058 0.7703661286282323 1.7893460033300892 -2.9945772414581797 2.5746955048701246 11.259437071010556 -3.428604376925641 1
bicycle 157 1 0.18624787486743177 0.0 865.2882 141.36775 978.5597 1.0466129818211094 0.767428881460274 1.5990768047917403 -10.378962656030986 3.9094369722514273 17.170279746357448 -0.35745377161734493 1
bicycle_rack 151 2 0.4212972654580117 374.92966 882.734 565.1021 994.02374 1.186556364409348 5.563004511268824 1.7272474131420525 -10.358397356291844 7.205244201291911 32.04979227624829 0.1086969633741488 1
Pedestrian 477 0 -1.89671937322164 92.20763 775.04395 191.84619 956.55945 1.438951205580654 0.6136391978632142 0.5471301006195513 -7.0908269980681595 2.780043917056198 12.946216733185851 -2.397805972886081 1
Pedestrian 478 0 -1.8484550594482494 5.23266 782.8242 86.04065 964.52924 1.4544278440094247 0.4898260904330191 0.4465319508325218 -7.88389339316765 2.8493698146805015 12.877707499133104 -2.397805972886081 1
rider 160 0 2.4732428919277614 1288.2782 755.0672 1430.9911 973.9168 1.601619513417208 0.7263773671511794 0.8410640488874264 3.199282797438304 2.6931836213725955 12.040014453531512 -3.5502232610974813 1
rider 428 0 -3.0498844091902324 884.73254 766.7241 997.27484 971.79816 1.5659889919402574 0.7660324592354499 0.8667097833644273 -0.15514044218502912 2.7825303772057772 12.41138000919166 -3.06238361256524 1
bicycle_rack 152 2 0.18619797280643158 0.0 833.2167 191.04184 1001.7416 1.4056202657154235 3.569894776642938 1.7971588039697464 -11.242549773169982 4.378207810842953 19.356842250391665 -0.33998793661200777 1
