Pedestrian 425 1 0.028164557150822 0.0 594.93555 132.11484 1215.0 1.6889039253648697 0.8111902928916437 0.8629278131537549 -3.0297965592839047 1.60962865021776 4.530046686821146 -0.561328971603481 1
Pedestrian 426 2 0.019568257396651356 0.0 612.3044 148.90506 1160.5186 1.7018596974152416 0.7983331866180077 0.9951015108367053 -3.44332074851312 1.6627708971329347 5.245255649276082 -0.5613375616472298 1
rider 586 0 -3.101208827036177 389.02997 736.2171 517.04926 973.6785 1.591740516368492 0.7703661286282323 0.8578462656295207 -3.7086933905745747 2.4451793508921305 10.974545092392331 -3.4270960066625573 1
Cyclist 155 0 2.5323264069937887 1135.1448 743.56647 1404.5758 1001.4156 1.7638848419010817 0.9028476086487338 1.897445667166524 2.4202271949611 2.758638267759726 11.74627651738384 -3.5476604599936348 1
Cyclist 156 1 2.511076720578343 1803.1703 724.63745 1935.0 977.6841 1.8638638691198646 0.8741796460588953 2.0806501928241574 7.961900506486316 2.6874270521988155 11.870022717140495 -3.1812795758834422 1
Cyclist 427 0 -2.9938278393638034 713.9943 762.0126 954.93097 982.2897 1.6798953264185756 0.7660324592354499 1.8978340337304962 -1.0258150685593859 2.857704384660985 12.401762747439571 -3.0763552322511725 1
Cyclist 587 0 -3.0985236205587703 311.5303 734.8193 578.65 988.63947 1.6625036497323058 0.7703661286282323 1.7893460033300892 -3.7400635059427283 2.513506043100833 10.955713895243372 -3.427498764206598 1
bicycle 157 2 0.18647653514000762 0.0 868.17206 142.62454 981.2781 1.0466129818211094 0.767428881460274 1.5990768047917403 -10.393623736766251 3.9523988728451513 17.223860449168694 -0.3564709810394857 1
bicycle_rack 151 2 0.4234760398890935 372.57687 882.6974 563.4397 994.08514 1.186556364409348 5.563004511268824 1.7272474131420525 -10.392800293887502 7.200259792180464 32.02529913540202 0.1096797519648871 1
Pedestrian 158 1 0.09280860074528163 830.72046 774.14136 905.5135 963.0302 1.6316634351268313 0.6694099580594957 0.6294959614709381 -0.8519251441675797 3.0439175768379307 13.806708086240462 0.03118301916742472 1
Pedestrian 477 0 -1.8705459229883608 83.42671 777.1137 194.36497 959.95105 1.4544278440094247 0.6136391978632142 0.9572610189820108 -7.356705372584181 2.8716579519083325 13.370418149099745 -2.373559970331342 1
Pedestrian 478 2 -1.8290745705751656 0.0 789.1583 56.62186 970.98193 1.4544278440094247 0.6136391978632142 0.5295865319377612 -8.354718338311118 2.937756186056755 13.099372121202144 -2.3968221549227566 1
rider 160 0 2.533766370827516 1193.8287 757.4972 1337.6079 982.54645 1.601619513417208 0.7263773671511794 0.8410640488874264 2.380458118195629 2.6862651558769506 11.732413128151235 -3.5492404472617833 1
rider 161 2 2.5085662787623266 1884.0477 724.90326 1935.0 959.88965 1.7367537216094577 0.8741796460588953 0.7672402947708424 7.9978573334836796 2.5621553119980813 11.890305910377188 -3.182494635548289 1
rider 428 0 -2.9777178516092984 774.49506 762.93384 893.0715 967.7134 1.5659889919402574 0.7660324592354499 0.8667097833644273 -1.0445244279305044 2.7502780577222197 12.413900200337281 -3.0616616422879517 1
bicycle_rack 152 2 0.16375519893368728 25.344706 828.8653 231.71706 993.3686 1.4056202657154235 3.569894776642938 1.7971588039697464 -10.819601487263487 4.359595127338906 19.67586290031051 -0.3390051643171319 1
bicycle_rack 153 2 0.34731044623453794 520.3639 885.0996 646.5791 964.7107 1.2154171741788211 4.015475418210696 1.9001850230756812 -9.674526209120568 8.298146738406189 38.6126739675443 0.10181126066669854 1
