Cyclist 587 1 -3.0124516342019105 149.48888 728.864 437.2825 988.9914 1.6625036497323058 0.7703661286282323 1.7893460033300892 -4.708599154500901 2.4480450431347336 10.6770778694018 -3.427796614170816 1
bicycle_rack 153 2 0.3530090481281052 510.03616 889.5842 637.9449 970.2319 1.2154171741788211 4.015475418210696 1.9001850230756812 -9.856692646957365 8.378130799615459 38.375029654839224 0.1015921692144297 1
rider 586 2 -3.0191753928824108 239.2082 729.6592 383.38733 972.71075 1.591740516368492 0.7703661286282323 0.8578462656295207 -4.629963511751553 2.3761695915369527 10.707066560036285 -3.4273151077775115 1
Cyclist 154 0 2.398918265836632 1729.1017 753.21765 1935.0 969.8875 1.7888367962816674 0.9391114701429544 1.9144493385461576 8.241148559022463 3.026786289281276 13.773818309245728 -3.3450838797495894 1
Cyclist 155 0 2.881663010301707 985.5952 746.90894 1259.0675 1005.1554 1.7638848419010817 0.9028476086487338 1.897445667166524 1.1967925168333429 2.739623858376839 11.366779369478717 -3.2966201748695267 1
Cyclist 156 0 2.6202397775642634 1540.7482 727.0227 1856.1569 982.1321 1.8638638691198646 0.8741796460588953 2.0806501928241574 5.795211014881438 2.706554800927675 11.83498623156794 -3.207597837907221 1
Cyclist 427 0 -2.906168579778212 556.48267 760.4875 804.00415 979.30457 1.6798953264185756 0.7660324592354499 1.8978340337304962 -2.31156229783057 2.8476306698731557 12.447558192233249 -3.0897810370165444 1
bicycle 157 1 0.1870985630644525 0.0 872.33575 141.1025 985.9697 1.0466129818211094 0.767428881460274 1.5990768047917403 -10.39554054740871 3.9972672863150924 17.194327018517946 -0.35669005688235766 1
bicycle_rack 151 2 0.4243738252270042 370.15936 879.4206 562.01855 990.62335 1.186556364409348 5.563004511268824 1.7272474131420525 -10.393033102243638 7.103260926848085 31.904606212461754 0.10946067659593384 1
Pedestrian 425 0 -0.06581136976474317 52.946617 631.4067 382.90433 1215.0 1.6901776438414617 0.8111902928916437 0.8838744775742438 -2.3985110998075165 1.7136306716846226 4.8139737636890985 -0.5280494571953702 1
Pedestrian 158 0 0.07094521038694662 877.966 777.7994 940.6892 961.4215 1.6050531967646913 0.6207200550788775 0.5407951669304806 -0.4773896218525254 3.0615438888040245 13.925101572733519 0.036675964622809865 1
Pedestrian 426 2 -0.029082155552158206 62.244255 638.8087 331.98593 1152.0784 1.7106381430453368 0.8111902928916437 0.8380404336559806 -2.8415914576405523 1.7676511202884255 5.571289836123899 -0.5007310032617958 1
Pedestrian 477 0 -2.3113527340689295 0.0 793.23975 110.35415 966.49036 1.4544278440094247 0.6136391978632142 0.6632048888353492 -8.31156264162292 3.0397277598697574 13.6952678606834 -2.856825231001947 1
Pedestrian 478 1 -2.252879553798021 0.0 803.39154 37.290447 982.8416 1.4544278440094247 0.5097726315870472 0.6941581656928779 -8.625046754494615 3.0669496653322277 13.161737001947674 -2.83298012152217 1
rider 159 0 2.394924156394932 1773.0165 754.42883 1926.063 948.75433 1.6276123553487243 0.9363082093514634 0.7860651442766093 8.169421374379176 2.8685274506649194 13.786185104311269 -3.3533151925617366 1
rider 160 0 2.8879292878644214 1059.9677 762.4594 1191.5885 980.07306 1.5198519146822882 0.7263773671511794 0.8410640488874264 1.2404696526201504 2.6068020947318904 11.396132540995707 -3.2868328311985673 1
rider 161 0 2.6078964141531324 1639.2554 728.50836 1795.4604 964.7178 1.7367537216094577 0.8741796460588953 0.7672402947708424 5.976071837229231 2.5906354440494574 11.862524870194598 -3.2086239389716837 1
rider 428 0 -2.8985305020519445 617.3042 760.3742 742.61066 963.8097 1.5659889919402574 0.7660324592354499 0.8667097833644273 -2.329323049223787 2.7318976887442967 12.462200737979428 -3.0833094453430214 1
bicycle_rack 152 2 0.18656330658677356 0.0 846.0723 192.56685 1019.03235 1.4056202657154235 3.569894776642938 1.7971588039697464 -11.144329173490371 4.539215271249125 19.20534332059068 -0.3392242360950639 1
