bicycle 157 1 0.18788580950967904 0.0 872.1156 139.39157 985.5011 1.0466129818211094 0.767428881460274 1.5990768047917403 -10.434520942207952 4.000230590839666 17.228130625256405 -0.35669064322688127 1
bicycle_rack 153 2 0.35340864923884263 509.23486 889.7333 637.44366 970.55505 1.2154171741788211 4.015475418210696 1.9001850230756812 -9.854913913323392 8.369667267035263 38.30448045460222 0.10159158282812264 1
rider 586 0 -2.9267987513608134 126.220024 725.17725 286.9982 973.4517 1.591740516368492 0.7703661286282323 0.8578462656295207 -5.249985209182208 2.324949709729097 10.454642395376167 -3.3921791295720265 1
Cyclist 154 0 2.464158625287447 1601.9775 754.9981 1859.7874 975.3103 1.7888367962816674 0.9391114701429544 1.9144493385461576 6.959228863248098 3.0260094135067024 13.567459481838949 -3.345084466119557 1
Cyclist 155 0 3.105384983126075 869.0786 746.9511 1131.1238 1001.3309 1.7638848419010817 0.9028476086487338 1.897445667166524 0.27675331908097134 2.7219336738330764 11.27592972696439 -3.153261525541607 1
Cyclist 427 1 -2.9606915300577774 447.2484 754.0629 696.7848 973.595 1.6798953264185756 0.7660324592354499 1.8978340337304962 -3.1957232591210363 2.791577469662588 12.421548246521704 -3.212503137071277 1
Cyclist 587 0 -2.9264461299376974 45.693943 724.15576 353.21683 988.5229 1.6625036497323058 0.7703661286282323 1.7893460033300892 -5.260774108887268 2.3954584668343757 10.447259667502914 -3.3929340186954207 1
bicycle_rack 151 2 0.4249010660166959 368.97128 878.4705 561.3806 989.7388 1.186556364409348 5.563004511268824 1.7272474131420525 -10.390154624653231 7.069999126950935 31.83869651691288 0.10946009025265568 1
Pedestrian 425 0 -0.1398234793122236 280.21198 639.4364 587.0059 1215.0 1.7106381430453368 0.8111902928916437 0.856243418514549 -1.7727903659449828 1.7644587559986489 4.97753592626318 -0.4819739001036525 1
Pedestrian 158 1 0.08737738330810241 904.5535 775.8964 996.5489 964.3973 1.649403594034926 0.658935300404634 0.8079358070348288 -0.09144988222632441 3.1019817096046225 14.024931269160014 0.080856953051472 1
Pedestrian 426 2 -0.12440522151201261 266.51926 653.4341 567.8509 1152.7969 1.7106381430453368 0.7656828307452282 1.0018672973830576 -2.105972818359302 1.8313800296927458 5.7576115433157415 -0.47506110745142527 1
Pedestrian 477 0 -2.292015526213978 0.0 812.1571 58.962494 977.214 1.4064894288050442 0.4778136881174656 0.5338050180099944 -8.705309442234174 3.164836257097574 13.73790292959718 -2.8568258176409564 1
rider 159 0 2.4495196103019907 1667.9242 757.4526 1817.1827 954.8242 1.6276123553487243 0.9363082093514634 0.7860651442766093 7.085477078411042 2.880842295545916 13.59831070595398 -3.3533157789305066 1
rider 160 0 3.099398167324331 945.2312 765.5415 1060.9279 983.53436 1.5198519146822882 0.7263773671511794 0.8410640488874264 0.3013530220536138 2.614824836532442 11.273077318346864 -3.1570614054792436 1
rider 161 0 2.7424386251330484 1454.5398 733.6791 1596.2916 971.0054 1.7367537216094577 0.8741796460588953 0.7672402947708424 4.4352831559418835 2.628738910931557 11.810292262519928 -3.181499257715606 1
rider 428 0 -2.9586634560067493 508.71628 754.7074 632.1221 958.5154 1.5659889919402574 0.7660324592354499 0.8667097833644273 -3.231563175516899 2.680772461198456 12.429684193135756 -3.213019855481366 1
Cyclist 156 0 2.7559426815704793 1352.7369 730.38 1657.3951 985.77356 1.8638638691198646 0.8741796460588953 2.0806501928241574 4.245907187080647 2.7290198068792604 11.787240708073444 -3.181499257715606 1
bicycle_rack 152 2 0.18702288420760937 0.0 835.79175 191.51472 1005.92426 1.4056202657154235 3.569894776642938 1.7971588039697464 -11.183255520124957 4.400142060848374 19.25201297015237 -0.3392248224286998 1
