bicycle_rack 153 2 0.3530940249839153 509.80087 889.6168 637.777 970.30255 1.2154171741788211 4.015475418210696 1.9001850230756812 -9.857750362015455 8.37622246167551 38.35931766017085 0.1015525873434373 1
Pedestrian 477 0 -2.308065889348578 0.0 794.15656 102.04012 966.89246 1.4544278440094247 0.5749476017913135 0.6655273681800947 -8.367760168718576 3.0451367872471677 13.685022307241333 -2.8568648299299757 1
rider 586 2 -3.0068903498173096 215.3033 727.90814 362.1203 971.84247 1.591740516368492 0.7703661286282323 0.8578462656295207 -4.77152247720406 2.3600459535262934 10.663236032273911 -3.427641792563967 1
Cyclist 154 0 2.414123296239324 1698.4689 752.7906 1935.0 970.3997 1.7888367962816674 0.9391114701429544 1.9144493385461576 7.924395047372427 3.0176120305574328 13.714691135660868 -3.34512346051765 1
Cyclist 155 0 2.9970928547355267 962.4999 748.5785 1228.156 1003.1791 1.7638848419010817 0.9028476086487338 1.897445667166524 0.9830081474347685 2.7450739634551846 11.357927627278343 -3.199759389321736 1
Cyclist 156 0 2.6754338019992696 1488.9017 730.1597 1802.1394 984.8253 1.8638638691198646 0.8741796460588953 2.0806501928241574 5.366281922111408 2.7294383344289543 11.818814032337372 -3.181538253907935 1
Cyclist 427 0 -2.889204630287947 529.3311 759.76636 779.33746 979.5331 1.6798953264185756 0.7660324592354499 1.8978340337304962 -2.5158510788762407 2.836561693523257 12.393412385677628 -3.0894822326121583 1
Cyclist 587 1 -3.0032098402112917 130.89497 726.34607 421.64755 987.10596 1.6625036497323058 0.7703661286282323 1.7893460033300892 -4.813625670779309 2.426584134536924 10.640986750743231 -3.428029985434195 1
bicycle 157 1 0.1869227962867681 0.0 871.49164 141.1653 984.7639 1.0466129818211094 0.767428881460274 1.5990768047917403 -10.418623643065187 3.9943754703456875 17.237808493244856 -0.35672963593278606 1
bicycle_rack 151 2 0.4244467060827598 369.91714 878.6281 561.87396 989.7213 1.186556364409348 5.563004511268824 1.7272474131420525 -10.3930086741086 7.082755433162976 31.89235223151326 0.10942109762923136 1
Pedestrian 425 0 -0.05382838038574056 137.74489 631.0323 422.6982 1215.0 1.7106381430453368 0.7929873080330895 0.7834314790802784 -2.220948223697119 1.7327764402156263 4.862274731009869 -0.4822991481269936 1
Pedestrian 158 0 0.06491022675742017 884.42126 778.2779 951.89044 962.86523 1.6050531967646886 0.7031441172453093 0.5851455642006933 -0.3950169213481697 3.0747446768023217 13.96738523585687 0.03663638388094448 1
Pedestrian 426 2 -0.03322118031364796 135.24089 645.7054 386.78757 1153.6348 1.7106381430453368 0.7201753685988157 0.8016344639387979 -2.610853985797578 1.7952857897961088 5.580458397117316 -0.4708249844522654 1
Pedestrian 478 2 -2.300545233386568 0.0 803.65594 29.196638 982.34894 1.4544278440094247 0.5207793672905898 0.6839056799484073 -8.71960906762933 3.071387068511732 13.188416277156142 -2.8847234999969227 1
rider 159 0 2.4074793704971236 1748.1105 753.7048 1900.4437 948.85284 1.6276123553487243 0.9363082093514634 0.7860651442766093 7.902109684930962 2.8564413182260644 13.726375955395907 -3.353354773248887 1
rider 160 0 3.000435718115182 1033.2626 767.36926 1156.5153 983.7259 1.5198519146822882 0.7263773671511794 0.8410640488874264 1.004315898627956 2.6423762066614693 11.397494963421416 -3.194859350192539 1
rider 161 0 2.6591281307422943 1596.734 729.96027 1748.4984 966.19006 1.7367537216094577 0.8741796460588953 0.7672402947708424 5.61469058055126 2.600951925178809 11.848803691776592 -3.181538253907935 1
rider 428 0 -2.8781320511581607 584.99506 759.5415 712.6788 963.868 1.5659889919402574 0.7660324592354499 0.8667097833644273 -2.576786485692048 2.7197481764676956 12.406690272528907 -3.0829139555356773 1
bicycle_rack 152 2 0.18700169761997942 0.0 842.03577 191.71088 1014.10016 1.4056202657154235 3.569894776642938 1.7971588039697464 -11.154674229579218 4.481544303307837 19.202022985156223 -0.33926381441045916 1
