Cyclist 154 1 2.604047142187873 1351.7192 750.8885 1613.0056 983.16644 1.7888367962816674 0.9391114701429544 1.9144493385461576 4.464650155413323 2.9290163834128644 12.879732011998287 -3.345458418483826 1
Cyclist 155 1 -2.9263124092246287 592.0009 740.53265 871.0568 1000.79645 1.7638848419010817 0.9028476086487338 1.897445667166524 -1.6697084812435734 2.662182580056581 11.104167171869452 -3.075561981731177 1
Cyclist 587 1 -2.796181248357116 0.0 720.70795 161.58754 992.18695 1.6625036497323058 0.7703661286282323 1.7893460033300892 -6.515868032894789 2.3490402523855627 10.14005282086392 -3.3673276900638482 1
bicycle_rack 153 2 0.3539695820647078 507.5103 889.93097 636.14734 970.98773 1.2154171741788211 4.015475418210696 1.9001850230756812 -9.868099694280325 8.357801123587478 38.20766714825708 0.10121762004554413 1
Pedestrian 158 1 0.08907118344854184 981.3465 775.3911 1052.9193 964.57513 1.667143752943022 0.6086491741274451 0.6206258820168998 0.5315584810457971 3.1166298661330987 14.062387175421254 0.12685321293854823 1
Pedestrian 426 2 -0.2941648880265981 592.0605 668.0055 755.9891 1114.9 1.7106381430453368 0.6746679064524052 0.49418072818225545 -1.204352933898692 1.901803674950866 6.21786886821293 -0.48548800015947835 1
rider 586 1 -2.798237971540714 0.0 721.21936 96.78322 976.2779 1.591740516368492 0.7703661286282323 0.8578462656295207 -6.47760083314043 2.276439095455255 10.15936178161208 -3.3658461197481633 1
Cyclist 427 0 -2.8744474197909957 241.99174 742.1474 507.99292 964.563 1.6798953264185756 0.7660324592354499 1.8978340337304962 -4.771310587662225 2.6801937085188863 12.279196896805713 -3.2450604821075117 1
bicycle 157 2 0.19027999432376952 0.0 873.4177 134.38907 987.5986 1.0466129818211094 0.767428881460274 1.5990768047917403 -10.439017696263232 3.999248350789413 17.12837545173088 -0.3570645793549607 1
bicycle_rack 151 2 0.42573354256545326 366.48526 878.67084 559.7487 990.348 1.186556364409348 5.563004511268824 1.7272474131420525 -10.400881950481397 7.058147797088706 31.74167717749174 0.10908615489237583 1
Pedestrian 425 0 -0.3130801351065219 590.8288 657.47906 829.83295 1182.1582 1.7106381430453368 0.8111902928916437 0.6378076002117505 -0.9307385962966851 1.8403470303699363 5.44600211692955 -0.4823478859990522 1
rider 159 0 2.591833735953946 1417.2208 752.66534 1559.5995 960.47314 1.6276123553487243 0.9363082093514634 0.7860651442766093 4.535575631532489 2.7774572719424553 12.91788158299869 -3.353689730528866 1
rider 160 2 -2.914343364375982 671.22 758.059 805.3673 980.49023 1.5198519146822882 0.7263773671511794 0.8410640488874264 -1.638564577126117 2.5424418977431102 11.088199781796192 -3.061057082498495 1
rider 161 0 -3.084604942917451 1070.0305 739.3256 1172.4683 975.0869 1.7367537216094577 0.8741796460588953 0.7672402947708424 1.2952491291993673 2.6920100667707274 11.990099611748168 -2.9769956859058277 1
rider 428 0 -2.87577435380844 307.90192 742.77295 443.60147 948.7087 1.5659889919402574 0.7660324592354499 0.8667097833644273 -4.791429030202664 2.5681319203638013 12.287154551876549 -3.247590779981995 1
Cyclist 156 0 -3.0667857160955294 962.0482 737.7656 1231.214 994.19824 1.8638638691198646 0.8741796460588953 2.0806501928241574 1.1044849329578255 2.8154468729138076 12.004503832180449 -2.975038138372693 1
bicycle_rack 152 2 0.1871029090514853 0.0 837.32996 190.3351 1007.1682 1.4056202657154235 3.569894776642938 1.7971588039697464 -11.233418616244807 4.431394980090523 19.318172624866804 -0.3395987516043961 1
