bicycle_rack 153 2 0.35417591132940457 506.0001 889.989 634.8072 971.1196 1.2154171741788211 4.015475418210696 1.9001850230756812 -9.895563020733803 8.353302472548258 38.1739707850631 0.10053599254752354 1
Pedestrian 425 1 -0.3872158155614331 668.6553 669.7012 974.6073 1187.4225 1.7106381430453368 0.8111902928916437 0.901750880660942 -0.539003096366085 1.895702474196169 5.608305096573749 -0.4830295557694322 1
Pedestrian 158 0 0.2804728862286965 999.5274 775.97186 1086.2224 966.2437 1.667143752943022 0.5781948588575128 0.6827164381952454 0.7740649332525625 3.1305248474792426 14.100377588544681 0.3353145912540365 1
Pedestrian 426 2 -0.3609000533840839 657.3562 672.29004 895.1727 1117.7588 1.7106381430453368 0.8111902928916437 0.7716783681512678 -0.8054765282556378 1.9304259229337521 6.396272051856278 -0.48616971005126897 1
rider 161 1 -3.012267622091435 913.70667 746.3533 1021.82336 980.18787 1.7367537216094577 0.8741796460588953 0.7672402947708424 0.06630480781918358 2.7584723431268037 12.095443484833293 -3.0067858765268243 1
Cyclist 154 0 2.6681359196155787 1223.3069 753.3601 1483.1106 990.14703 1.7888367962816674 0.9391114701429544 1.9144493385461576 3.303149770426301 2.935857749985874 12.68654147052101 -3.3603381127531238 1
Cyclist 155 0 -2.8082714616746665 478.0612 735.55817 764.9456 995.7086 1.7638848419010817 0.9028476086487338 1.897445667166524 -2.5044102336723 2.6313350982725208 11.167302446879338 -3.0288840917667903 1
Cyclist 427 0 -2.8988377142290678 150.2604 737.51904 422.72232 963.446 1.6798953264185756 0.7660324592354499 1.8978340337304962 -5.458614169173182 2.640262419500119 12.207510655136314 -3.3193208119161253 1
Cyclist 587 2 -2.7947176371839664 0.0 724.9118 59.045254 1005.6387 1.6625036497323058 0.7703661286282323 1.7893460033300892 -7.103940170293677 2.366162412445627 9.907529948737059 -3.416778192825829 1
bicycle 157 1 0.1909486698265832 0.0 871.6323 131.83714 985.8893 1.0466129818211094 0.767428881460274 1.5990768047917403 -10.45320361290788 3.97336633275856 17.099652921753254 -0.3577461582333945 1
bicycle_rack 151 2 0.42573132093672666 364.9827 883.9042 558.8915 996.9896 1.186556364409348 5.563004511268824 1.7272474131420525 -10.392860878515476 7.162341595013324 31.64452995917673 0.1084045772802762 1
rider 159 0 2.6590430196879464 1295.1421 757.52045 1432.7965 969.07556 1.6276123553487243 0.9363082093514634 0.7860651442766093 3.4105682382063933 2.804613784898745 12.728968039864494 -3.36235378222852 1
rider 160 0 -2.806380602722899 566.38055 745.75226 707.6851 965.7873 1.5198519146822882 0.7263773671511794 0.8410640488874264 -2.412498558213669 2.4578177979889 11.194309036696318 -3.0186452897395815 1
rider 428 0 -2.9000261621432983 217.87346 738.8478 355.63834 946.8338 1.5659889919402574 0.7660324592354499 0.8667097833644273 -5.487483027949482 2.5312194554364726 12.212713704873147 -3.3223189867306857 1
Cyclist 156 1 -2.9876963106577765 791.3149 742.96094 1061.7128 995.93744 1.8638638691198646 0.8741796460588953 2.0806501928241574 -0.25504543763966503 2.8659840509163983 12.122287672493254 -3.008732588800317 1
bicycle_rack 152 2 0.18801168547393143 0.0 840.81195 187.55737 1011.87646 1.4056202657154235 3.569894776642938 1.7971588039697464 -11.249497369082611 4.474813274760234 19.27521653690919 -0.3402803177652245 1
