bicycle 157 1 0.19246948995733304 0.0 878.44666 137.42381 993.6437 1.0466129818211094 0.767428881460274 1.5990768047917403 -10.348286839950532 4.04149368835926 17.027264245539758 -0.35362764558283133 1
bicycle_rack 153 2 0.35418279106989503 512.6268 890.07965 641.31274 971.28284 1.2154171741788211 4.015475418210696 1.9001850230756812 -9.72704102303585 8.355459094916295 38.169328053052595 0.10465479827739443 1
Pedestrian 425 0 -0.5554148872732423 832.76544 697.40344 1171.7242 1187.552 1.645408852557431 0.8111902928916437 1.0473747595294594 0.14968362895189885 1.957229111735091 5.816682990072565 -0.5296870624106125 1
Pedestrian 158 1 1.426479660285331 1035.5068 782.97375 1131.7719 977.8762 1.667143752943022 0.790193140108394 0.7093266765573727 1.1174239611478802 3.164407734387897 13.78561785346038 1.5073600615036518 1
Pedestrian 426 2 -0.5271258961827788 833.1374 692.40076 1074.415 1125.8732 1.7106381430453368 0.6473634291645526 0.8456230826023047 -0.037989196336395706 2.028538694705403 6.5490031569441935 -0.5329265912408554 1
Cyclist 154 1 2.7972960008981973 1026.719 758.1625 1287.4271 1004.0734 1.7888367962816674 0.9391114701429544 1.9144493385461576 1.5832942662814522 2.94065525983431 12.261589309572255 -3.357473529195974 1
Cyclist 155 0 -2.7275935814438 354.10788 736.6954 643.8663 992.7939 1.7638848419010817 0.9028476086487338 1.897445667166524 -3.474913407759504 2.6539593806137023 11.347013538840663 -3.0247655901136654 1
Cyclist 156 0 -2.90347929942305 576.2924 744.02704 853.3113 993.2087 1.8638638691198646 0.8741796460588953 2.0806501928241574 -1.9771044267241427 2.8765240057354333 12.195836943033367 -3.0641941941015123 1
Cyclist 427 0 -2.8456515518539267 18.42025 741.31177 308.6707 973.9917 1.6798953264185756 0.7660324592354499 1.8978340337304962 -6.298636178662941 2.6502225154692858 11.908931018341214 -3.3321511375242636 1
bicycle_rack 151 2 0.42212419852959343 378.39816 884.2414 571.13116 997.50745 1.186556364409348 5.563004511268824 1.7272474131420525 -10.117512258660875 7.167704568647887 31.628320327615338 0.11252307965905306 1
rider 159 0 2.7905893720521844 1099.9725 761.01794 1230.2373 980.7257 1.6276123553487243 0.9363082093514634 0.7860651442766093 1.6591146627814843 2.7957414588514746 12.291589444104464 -3.358427175276643 1
rider 160 0 -2.7297918051035754 437.6438 744.7309 583.822 969.33887 1.5764567818539035 0.7263773671511794 0.8410640488874264 -3.403042946526154 2.5185720236281934 11.34596267565646 -3.0211882887805226 1
rider 161 0 -2.928249620660448 692.82733 748.1748 808.7022 979.31934 1.7367537216094577 0.8741796460588953 0.7672402947708424 -1.701054056957239 2.7804678249747776 12.196542915868564 -3.06682589092987 1
rider 428 0 -2.8374104295259706 88.41162 742.87427 238.7416 956.5773 1.5659889919402574 0.7660324592354499 0.8667097833644273 -6.3342499247014645 2.5421776763991453 11.918005593080979 -3.3259282083255775 1
bicycle_rack 152 1 0.19013849241722447 0.0 842.4178 192.56972 1015.64246 1.4056202657154235 3.569894776642938 1.7971588039697464 -11.092021098537248 4.4709303024371305 19.092637360555553 -0.33616188106883294 1
