bicycle_rack 153 2 0.35844095982913105 579.63196 892.80994 710.3896 976.8127 1.2154171741788211 4.015475418210696 1.9001850230756812 -7.8168729358527544 8.286796318111191 37.34320781239186 0.15209519018583317 1
Pedestrian 426 2 -0.929371263525649 1296.8119 674.3541 1568.0222 1142.8162 1.7106381430453368 0.6837693988816874 0.8470310382697441 1.9180624726039706 1.9296309340060203 6.096703543825814 -0.6245684723120406 1
Cyclist 154 0 3.0561950757550074 596.66943 740.8613 890.62164 1036.3408 1.7888367962816674 0.9391114701429544 1.9144493385461576 -1.5130913216812347 2.6370722635680734 10.261796499711132 -3.3733843550829548 1
Cyclist 155 0 -2.5729256238285663 154.39285 728.86566 473.91922 1004.2723 1.7638848419010817 0.9028476086487338 1.897445667166524 -4.5684298184082355 2.544541115428663 10.629542736318925 -2.9788431545901366 1
Cyclist 156 1 -2.664518951456648 254.95164 728.05835 559.8679 987.27826 1.8638638691198646 0.8741796460588953 2.0806501928241574 -4.32594156988487 2.714235770887923 11.764114749148586 -3.0168950227463007 1
Cyclist 427 1 -2.5272513290939127 0.0 765.4589 105.685394 1015.1447 1.6798953264185756 0.7660324592354499 1.8978340337304962 -7.4078883417774595 2.7431238658873496 10.911866633580344 -3.123664253379401 1
bicycle 157 1 0.2135001956759205 11.568247 888.385 192.99771 1007.6835 1.0466129818211094 0.767428881460274 1.5990768047917403 -9.387546649427476 4.044395728355416 16.407457564112704 -0.30619050505368595 1
bicycle_rack 151 2 0.421389671442552 458.24838 897.91315 648.3581 1014.6206 1.186556364409348 5.563004511268824 1.7272474131420525 -8.449070367939497 7.478144567904612 31.57901206086106 0.15995964910989513 1
Pedestrian 425 0 -0.9585353955510226 1311.6106 647.0414 1677.99 1213.0094 1.7106381430453368 0.7201753685988078 1.0473747595294594 1.8430498643005577 1.7959275138225483 5.163129746472174 -0.6156703604125009 1
Pedestrian 158 0 1.3370492854205205 1182.0652 782.3325 1289.3214 1005.4272 1.667143752943022 0.6748821072057769 0.9133385040004609 2.244756768087529 3.0138890788495862 12.318491536704489 1.5172981007225053 1
rider 159 0 3.045042072782498 697.74615 748.53107 825.8481 1012.08875 1.6276123553487243 0.9363082093514634 0.7860651442766093 -1.388596894482287 2.523660591666975 10.292833911304815 -3.3722426820776534 1
rider 160 0 -2.5737544526669387 239.8277 734.9828 407.99274 980.1446 1.610007090604978 0.7263773671511794 0.8410640488874264 -4.51545633968182 2.424220681654287 10.632867678913662 -2.9753452688853117 1
rider 161 0 -2.680062010903591 360.95453 728.44183 506.12823 967.4737 1.7367537216094577 0.8741796460588953 0.7672402947708424 -4.132476306847018 2.5845755671382733 11.763637009067319 -3.0178877267841555 1
rider 428 2 -2.5309705986141244 0.0 766.3522 36.379993 998.96106 1.5659889919402574 0.7660324592354499 0.8667097833644273 -7.4313248316799525 2.6366041698961036 10.929666487538215 -3.128094176460473 1
bicycle_rack 152 2 0.20339931181597903 33.017353 844.46136 261.83728 1022.6864 1.4056202657154235 3.569894776642938 1.7971588039697464 -9.975937378430565 4.426385926391162 18.607639391841836 -0.28872546064790683 1
