bicycle_rack 153 2 0.3576250101239403 565.39343 892.1968 695.6591 975.5707 1.2154171741788211 4.015475418210696 1.9001850230756812 -8.219473873904443 8.302705320146526 37.529265981254724 0.1420143831621734 1
Pedestrian 425 0 -0.8618327453938812 1251.9443 667.48755 1569.4745 1188.5323 1.652700401886707 0.6436876285675762 0.9199538655194979 1.6047324224198585 1.8197909065455922 5.347603747430505 -0.5702985283096709 1
Pedestrian 426 2 -0.838969485488829 1193.7162 686.56995 1487.1125 1138.9169 1.6560291884696428 0.6655664140231203 1.0200474739779914 1.5695943401841017 1.9343420516245953 6.188098732615648 -0.5905610559715613 1
Cyclist 154 0 3.038992130466025 667.92975 745.15485 950.7039 1028.7756 1.7888367962816674 0.9391114701429544 1.9144493385461576 -1.106435779294514 2.697471337666229 10.643660793628024 -3.347773703360767 1
Cyclist 155 0 -2.5962138208187016 181.88712 729.4053 494.60956 999.1622 1.7638848419010817 0.9028476086487338 1.897445667166524 -4.479186115058985 2.561824253337704 10.827214719200471 -2.988471897981615 1
Cyclist 156 0 -2.697540813789206 296.7973 729.6358 595.2902 984.48956 1.8638638691198646 0.8741796460588953 2.0806501928241574 -4.08389791651352 2.7392123252351066 11.944968010629195 -3.026974958068422 1
Cyclist 427 1 -2.580640306220856 0.0 764.2511 149.26833 1007.93146 1.6798953264185756 0.7660324592354499 1.8978340337304962 -7.216712271063385 2.756447010208253 11.157362356021988 -3.1547709095213214 1
bicycle 157 1 0.2033843287879573 13.031795 884.06854 191.78635 1001.77606 1.0466129818211094 0.767428881460274 1.5990768047917403 -9.503539596775342 4.031783434776673 16.611565828972815 -0.31627064053558773 1
bicycle_rack 151 2 0.42422032416203886 436.5002 898.17676 628.32697 1015.11426 1.186556364409348 5.563004511268824 1.7272474131420525 -8.868437859481181 7.471060084639489 31.51128596496839 0.14987970470585577 1
rider 159 0 3.0380660555667927 761.56177 751.0453 885.4289 1004.631 1.6276123553487243 0.9363082093514634 0.7860651442766093 -0.9986478015174155 2.5726976631897385 10.667757759136247 -3.3384608746170503 1
rider 160 0 -2.596977819448089 265.17172 734.4329 428.91577 974.9613 1.610007090604978 0.7263773671511794 0.8410640488874264 -4.428257527921118 2.433643068196594 10.820625127189034 -2.9854262188827434 1
rider 161 0 -2.711116974447694 398.56836 730.1523 538.6718 965.46 1.7367537216094577 0.8741796460588953 0.7672402947708424 -3.9160491827329733 2.610964762287338 11.94290960245862 -3.0279672499854984 1
rider 428 1 -2.5876791402755 0.0 765.4016 76.72831 992.8838 1.5659889919402574 0.7660324592354499 0.8667097833644273 -7.265327109390307 2.652611834346763 11.172704146002191 -3.164247464499738 1
bicycle_rack 152 2 0.19388113488404346 34.128017 840.9205 259.0566 1017.3989 1.4056202657154235 3.569894776642938 1.7971588039697464 -10.041855258085077 4.3922859552194256 18.70534871493438 -0.2988054669811313 1
Pedestrian 158 0 1.3953886245511737 1165.7887 781.9385 1253.6521 992.14435 1.667143752943022 0.6305317099355467 0.6524513507039157 2.0976360018452467 3.0336736420071473 12.68322246139953 1.5592916475755065 1
