bicycle 157 1 0.2314679059910607 29.879135 901.70325 216.72043 1025.174 1.0466129818211094 0.767428881460274 1.5990768047917403 -8.873475551148433 4.098773038560369 15.90140549072762 -0.2775201441328139 1
bicycle_rack 152 2 0.22168672746157886 44.78194 855.63586 287.4498 1044.5118 1.4056202657154235 3.569894776642938 1.7971588039697464 -9.339964705197588 4.463752122988905 17.86434495610701 -0.2600553964232397 1
bicycle_rack 153 2 0.3613530634443094 618.4957 905.0264 751.43524 992.55194 1.2154171741788211 4.015475418210696 1.9001850230756812 -6.691050689741727 8.482316647212231 36.64830135662393 0.1807674027958206 1
rider 161 1 -2.601083431601978 260.07202 734.8458 421.23804 988.9442 1.7367537216094577 0.8741796460588953 0.7672402947708424 -4.600300443639617 2.5912960120341832 11.133845327867844 -2.9929013890384746 1
Cyclist 154 0 -3.0771065622444786 371.9592 730.6416 712.22095 1060.6884 1.7888367962816674 0.9391114701429544 1.9144493385461576 -2.516115496648605 2.483909434497848 9.176801120686182 -3.344712309757269 1
Cyclist 155 0 -2.521208996048163 70.35506 735.9972 414.67712 1032.4658 1.7638848419010817 0.9028476086487338 1.897445667166524 -4.756850267355703 2.549438376615825 9.964177214038 -2.966609777086159 1
Cyclist 156 1 -2.58327735684492 148.56528 736.5147 474.4168 1013.0282 1.8638638691198646 0.8741796460588953 2.0806501928241574 -4.811841346103468 2.7395120116283698 11.143621127619156 -2.9908954849544447 1
bicycle_rack 151 2 0.41758695833632276 509.86002 905.49896 699.99304 1025.6383 1.186556364409348 5.563004511268824 1.7272474131420525 -7.267088682034354 7.580689095427506 31.183308294753466 0.18862926079789832 1
Pedestrian 425 1 -1.0914815051854556 1581.8651 607.8627 1935.0 1215.0 1.7106381430453368 0.7838858156037913 0.8926493882316843 2.502229375912007 1.6655516943363773 4.531995261579217 -0.5870080280863977 1
Pedestrian 158 0 1.1798385917074368 1268.7712 785.9289 1381.7245 1029.0267 1.6687342440152466 0.6571419482976886 0.5195967598526959 2.664287098274862 2.883980990233316 10.978856103574516 1.4179107587463462 1
Pedestrian 426 1 -0.9956578241333567 1472.1951 648.2437 1775.3165 1194.3608 1.7106381430453368 0.5836529821595875 0.8744464033730971 2.307093244202581 1.799512735697738 5.2091392881741845 -0.5787294685720114 1
rider 159 0 -3.0883507394646497 496.68048 739.7607 637.29095 1034.7648 1.6276123553487243 0.9363082093514634 0.7860651442766093 -2.402174905642613 2.3760652395519406 9.206916033431115 -3.3435708298216564 1
rider 160 0 -2.522402013116648 163.73457 738.7624 347.1453 1001.3243 1.610007090604978 0.7263773671511794 0.8410640488874264 -4.691965805172983 2.4026462652724327 9.977675118134252 -2.961964699628756 1
