bicycle_rack 151 1 0.41977554312306836 541.84 904.8931 734.46814 1027.1093 1.186556364409348 5.563004511268824 1.7272474131420525 -6.472409902749563 7.4799616798013435 30.71219332479756 0.21207089790015954 1
bicycle_rack 152 2 0.23557947126762363 59.5507 860.8894 308.0506 1053.1797 1.4056202657154235 3.569894776642938 1.7971588039697464 -9.016256317595616 4.498550907034831 17.653759091066885 -0.2366130852242725 1
bicycle_rack 153 2 0.3565846280888099 661.52124 906.98505 795.1625 996.37787 1.2154171741788211 4.015475418210696 1.9001850230756812 -5.546051895809677 8.435081997027353 36.11566622616319 0.20421132751810434 1
rider 161 1 -2.5564379921268436 179.38985 731.8962 353.89853 998.8955 1.7367537216094577 0.8741796460588953 0.7672402947708424 -4.906676873954358 2.531006722582176 10.610582303650697 -2.989582458235528 1
Cyclist 154 0 -2.9693708710925235 174.54869 713.2374 567.9583 1073.5879 1.7888367962816674 0.9391114701429544 1.9144493385461576 -3.22378637933349 2.322402227952214 8.386392836538619 -3.336362981396162 1
Cyclist 155 1 -2.768024672863002 0.0 735.3425 354.30365 1046.4465 1.7638848419010817 0.9028476086487338 1.897445667166524 -4.942667000637548 2.500649044859362 9.423546409643029 -3.2510810362430576 1
Cyclist 156 1 -2.545357575382183 55.54338 735.4767 402.2367 1025.8981 1.8638638691198646 0.8741796460588953 2.0806501928241574 -5.168755527643301 2.692230182252275 10.621421590308346 -2.998256134182147 1
bicycle 157 2 0.24441991636251176 47.93018 916.47925 239.404 1043.9482 1.0466129818211094 0.767428881460274 1.5990768047917403 -8.421026840913141 4.174476491185959 15.469782429245164 -0.2540776681522059 1
Pedestrian 158 0 1.283218059590566 1356.8363 782.77563 1483.3137 1045.3535 1.588810611859556 0.5950513921193636 0.8246377094599766 3.038899300589662 2.6843645089031734 9.962481964472937 -4.70389819858927 1
rider 159 0 -2.9683902429376996 318.04572 715.074 495.64758 1035.4813 1.6276123553487243 0.9363082093514634 0.7860651442766093 -3.0922729709224934 2.167688681760077 8.4258472337689 -3.320127478906069 1
rider 160 0 -2.7755159446082645 98.30571 743.1989 284.4556 1019.9666 1.610007090604978 0.7263773671511794 0.8410640488874264 -4.841131390142248 2.3899146523333377 9.452702990569263 -3.248830337256143 1
