bicycle_rack 151 1 0.41989331127998275 567.7937 910.91925 762.4181 1036.3712 1.186556364409348 5.563004511268824 1.7272474131420525 -5.836500051876274 7.536647302248319 30.29629836232489 0.22957754872807157 1
bicycle_rack 152 2 0.242379394776917 76.08203 872.73645 330.55508 1072.2 1.4056202657154235 3.569894776642938 1.7971588039697464 -8.598913931584773 4.592363239845111 17.29120597499228 -0.2191057524568294 1
bicycle_rack 153 2 0.3573047129516074 686.6202 913.60693 821.3076 1004.9388 1.2154171741788211 4.015475418210696 1.9001850230756812 -4.880139897740217 8.539994512579012 35.77240316422895 0.22171978046213514 1
Cyclist 154 0 -2.9415646985869097 57.36382 710.47394 495.01154 1102.8928 1.7888367962816674 0.9391114701429544 1.9144493385461576 -3.463879112174231 2.271846763132183 7.774145351212995 -3.3607235061234277 1
Cyclist 155 1 -2.771566874971633 0.0 740.4024 321.57202 1075.4806 1.7638848419010817 0.9028476086487338 1.897445667166524 -4.908976915976259 2.4916564316650014 8.846095068779695 -3.2781883899220863 1
Cyclist 156 2 -2.512139071427055 13.683176 748.6319 376.6404 1055.4064 1.8638638691198646 0.8741796460588953 2.0806501928241574 -5.17370368074533 2.7540206175173667 10.162538986490262 -2.983036639994073 1
bicycle 157 2 0.25619527038757367 56.74068 920.7597 252.57205 1051.0879 1.0466129818211094 0.767428881460274 1.5990768047917403 -8.115591448050106 4.147713076145218 15.114360635536869 -0.23657025805833132 1
Pedestrian 158 0 1.2477208617736668 1434.9429 765.7011 1581.5018 1065.8862 1.701113879511317 0.6718095459702763 0.630321724777269 3.3131516551793894 2.5886127933683762 9.102189567283588 -4.68637671061343 1
rider 159 0 -2.948512490862036 208.91423 724.2358 408.60992 1074.5751 1.6276123553487243 0.9363082093514634 0.7860651442766093 -3.36528433086516 2.1813933459706263 7.795587100165235 -3.3560367478893194 1
rider 160 1 -2.7794285705797 44.446644 746.656 244.65584 1042.7086 1.610007090604978 0.7263773671511794 0.8410640488874264 -4.828299694062528 2.3679049473065663 8.891985614601237 -3.2768774089057096 1
rider 161 1 -2.5197771331632097 135.07675 748.0464 320.96844 1029.5527 1.7367537216094577 0.8741796460588953 0.7672402947708424 -4.956048387740769 2.6137231954423066 10.154406007203189 -2.9738342754503115 1
