bicycle_rack 151 1 0.4204630657017362 590.8775 916.621 788.06476 1045.5233 1.186556364409348 5.563004511268824 1.7272474131420525 -5.258847147311934 7.5741915126563235 29.83682165635121 0.24600131207589082 1
bicycle_rack 152 2 0.2514261614991339 84.97745 875.2351 347.58255 1080.4559 1.4056202657154235 3.569894776642938 1.7971588039697464 -8.2392205229883 4.5541200072253325 16.879118905142533 -0.2026812105696052 1
bicycle_rack 153 2 0.3581715053724731 709.4244 918.75134 845.7289 1012.1962 1.2154171741788211 4.015475418210696 1.9001850230756812 -4.258247622310603 8.580589291005497 35.30712036278214 0.23814530674018086 1
Cyclist 154 1 -2.860964726514647 0.0 702.9012 350.58823 1136.5793 1.7888367962816674 0.9391114701429544 1.9144493385461576 -3.995058882863722 2.193983553454529 7.089727566614719 -3.374113227696021 1
Cyclist 155 2 -2.7153766137225706 0.0 739.2778 276.4622 1091.6414 1.7638848419010817 0.9028476086487338 1.897445667166524 -4.992240019123003 2.4485068916088304 8.398046539188405 -3.251707107780903 1
Cyclist 156 2 -2.6520802288443375 0.0 749.0263 313.74323 1070.7128 1.8638638691198646 0.8741796460588953 2.0806501928241574 -5.334964719672141 2.6891204275677563 9.481421335124873 -3.164603095134184 1
bicycle 157 2 0.2696221306388602 59.630882 921.2426 260.9632 1054.704 1.0466129818211094 0.767428881460274 1.5990768047917403 -7.844375808907882 4.071369271120349 14.714920127301589 -0.22014567921165562 1
Pedestrian 158 0 1.2008889618863883 1516.3418 766.0148 1727.0748 1111.8191 1.667143752943022 0.7547128222922039 0.9296377261712112 3.5354781603891525 2.475154795001955 8.082262384170926 -4.669939038068472 1
rider 159 0 -2.867702176773483 22.597591 711.1025 264.636 1094.5343 1.6276123553487243 0.9363082093514634 0.7860651442766093 -3.8573596477141785 2.0702413095235617 7.135384882772868 -3.363296673165517 1
rider 160 1 -2.7245469619063862 0.0 751.34283 177.13525 1064.7156 1.610007090604978 0.7263773671511794 0.8410640488874264 -5.00736170691181 2.357106573916405 8.42521806217342 -3.260787076579867 1
rider 161 2 -2.661658816048168 37.513454 747.9288 232.59982 1046.7662 1.7367537216094577 0.8741796460588953 0.7672402947708424 -5.2215455688557695 2.5552879824297974 9.503718422326376 -3.164057638254145 1
