Cyclist 155 1 -2.419171539564992 0.0 784.37384 163.94853 1215.0 1.7638848419010817 0.9028476086487338 1.897445667166524 -4.644937715113892 2.5156103639599743 6.503282007969297 -3.03939417323054 1
bicycle_rack 152 2 0.28779885159042384 246.71875 909.0446 533.65875 1140.7465 1.4056202657154235 3.569894776642938 1.7971588039697464 -5.715320720748056 4.687035405007451 15.428948871233235 -0.06695782210285928 1
bicycle_rack 153 2 0.3261911282306692 951.43286 939.5738 1090.7964 1043.1544 1.2154171741788211 4.015475418210696 1.9001850230756812 1.4007535734630963 8.672221323302324 33.22239296454721 0.36832910466190727 1
Cyclist 156 2 -2.38259689506272 0.0 841.7936 0.0 1215.0 1.8638638691198646 0.8741796460588953 2.0806501928241574 -6.315999583536793 3.0559450298292687 7.7078551326145055 -3.0690698847981075 1
bicycle 157 1 0.31029428882587873 217.32144 972.91016 435.38293 1121.6833 1.0466129818211094 0.767428881460274 1.5990768047917403 -5.526452988792883 4.199393708874643 13.09465562383861 -0.08906554010860734 1
bicycle 1621 2 0.9718805672127553 0.0 990.4124 119.31237 1188.3655 1.1258905725846353 0.7135988727932832 1.713737501248499 -7.464900523311359 4.127037972067455 11.616077812949072 0.4007001437146185 1
bicycle_rack 1715 1 0.39429683643379554 825.0015 927.7634 1061.8137 1094.7571 1.26869929078459 7.6183755403583975 1.7841444956308041 -0.0972663492638321 7.970696915658009 29.230744315182307 0.3909693128776477 1
Pedestrian 1620 1 1.090268729747911 0.0 869.95953 60.79154 1203.5919 1.7060305777075746 0.6205577330228714 0.926284413683162 -5.925139649393227 3.240369115665032 8.868439180479347 0.501263916444572 1
Pedestrian 1624 1 2.436917213504709 129.99443 980.68335 208.81409 1139.3024 1.6557490344072465 0.5744978706105688 0.5942042102053141 -9.37217388393861 5.9596520426729365 17.708092245960593 -4.333048291448609 1
Pedestrian 1625 2 2.455713161534411 94.400795 980.0593 171.84038 1134.9124 1.6557490344072465 0.6108805553951182 0.557821525420801 -10.002693047412247 6.035543379762635 18.069590333907435 -4.333048291448609 1
rider 160 2 -2.4156202630865424 0.0 789.7199 44.286526 1215.0 1.7575446861843367 0.8114005054388498 0.8410640488874264 -4.6607764901950715 2.522148621293087 6.490481447089405 -3.038386984250572 1
rider 161 2 -2.399666011183408 0.0 837.13055 0.0 1215.0 1.7367537216094577 0.8741796460588953 0.7672402947708424 -6.039515808543899 2.896682072871629 7.7077989655286645 -3.064301291840214 1
ride_other 1628 2 2.4637716496443565 62.852913 1033.7325 170.93059 1157.1931 1.0795161008171195 0.638167568983503 0.8619837103946901 -9.604694649418544 5.8766594788011695 17.02877285232108 -4.332962648350974 1
