bicycle_rack 152 2 0.2752315586817128 515.33185 908.0304 787.5256 1142.1587 1.4056202657154235 3.569894776642938 1.7971588039697464 -3.016326486096374 4.654418618839388 15.308041977602315 0.08068188612410321 1
bicycle_rack 153 2 0.304360438777611 1206.9001 933.13776 1352.5146 1040.9688 1.2154171741788211 4.015475418210696 1.9001850230756812 6.819702205643401 8.213187261085562 31.735335400558476 0.5160343474485285 1
Pedestrian 1620 1 1.2866872569195393 270.3325 831.74615 393.80966 1166.5665 1.7060305777075746 0.5112676902946123 0.5436858790558767 -3.5581399394609883 2.926576827706329 8.45201449234386 0.8882254136505843 1
Pedestrian 1627 2 1.3416272193848549 234.27347 874.6412 355.61536 1157.1471 1.5625231799103485 0.5674485187463985 0.6561688124036307 -4.222932253964697 3.216230398332099 9.469508614298952 0.9221459455595138 1
rider 161 1 -2.1239660624394956 0.0 840.69183 33.800983 1212.6497 1.7367537216094577 0.8741796460588953 0.7672402947708424 -5.751478879032515 2.9964564627449546 8.176940713180215 -2.736955436410233 1
Cyclist 155 0 -2.3908942023189037 0.0 752.06683 408.2065 1215.0 1.7638848419010817 0.9028476086487338 1.897445667166524 -3.412322695832992 2.3513862632427376 6.236588825025299 -2.891543363490884 1
Cyclist 156 1 -2.115287916797882 0.0 839.5255 83.880806 1215.0 1.8638638691198646 0.8741796460588953 2.0806501928241574 -5.965489733528123 3.16343087971664 8.247179776193356 -2.741505158994029 1
bicycle 157 1 0.3036208956963729 480.0222 961.2044 689.14886 1109.334 1.0466129818211094 0.767428881460274 1.5990768047917403 -3.237908639155407 4.055098230854994 12.948020461183205 0.05857655755482227 1
bicycle 1621 2 0.9762229073732294 172.33394 966.60126 389.4367 1166.4757 1.1258905725846353 0.7135988727932832 1.713737501248499 -5.35338998323309 3.9809463279036157 11.743866888885785 0.5485184289299174 1
Cyclist 1622 2 -1.1671775084058758 0.0 916.76184 49.278374 1215.0 1.697117568457062 0.6892182212600695 1.9555717598595552 -7.368753456090897 4.007642003560794 10.812747705206348 -1.7653706932438344 1
bicycle 1617 2 1.2053903809822526 94.85741 978.3483 253.5202 1185.8673 1.1212996201790775 0.5506162917078085 1.4879483192117655 -5.885535778347425 3.9223904669320793 11.154017414462295 0.7198599230975602 1
bicycle_rack 1715 1 0.37127668854978474 1080.6014 916.5652 1322.9962 1084.451 1.26869929078459 7.6183755403583975 1.7841444956308041 4.728082271756188 7.452719776948877 27.979782809427093 0.5386773642112805 1
Pedestrian 1624 2 2.462223009346826 354.02274 931.84705 427.20422 1090.3054 1.6557490344072465 0.6381675689835054 0.5123431694401346 -6.671688740645461 5.323562006158414 17.487730577272483 -4.1854253514549535 1
Pedestrian 1625 2 2.4856690182556935 313.1197 934.35864 386.92798 1090.3779 1.6557490344072465 0.6108805553951182 0.557821525420801 -7.285967599332892 5.4272512717022225 17.830983357746867 -4.1854253514549535 1
Pedestrian 1626 2 -1.164619658305501 0.0 931.99927 9.641226 1201.1055 1.697117568457062 0.6892182212600695 0.6679078049368443 -7.349445441956003 3.980602184770916 10.725360784977921 -1.7653706932438344 1
rider 160 0 -2.3832812373177283 0.0 757.48755 282.56927 1215.0 1.7575446861843367 0.8114005054388498 0.8410640488874264 -3.4800449913583122 2.356660825841662 6.259872695521214 -2.8906650916801384 1
ride_other 1628 2 2.4903342838074978 290.12283 983.6521 392.98438 1105.8256 1.0795161008171195 0.638167568983503 0.8619837103946901 -6.986538854406915 5.256117590850204 16.87709364632365 -4.185338571786081 1
