bicycle_rack 152 2 0.2703119659070618 554.83527 912.62103 825.3661 1149.9899 1.4056202657154235 3.569894776642938 1.7971588039697464 -2.612082543040155 4.697978892287248 15.246044430794404 0.10063086857831505 1
bicycle_rack 153 2 0.2969601391233573 1249.5115 929.55566 1396.1173 1037.7593 1.2154171741788211 4.015475418210696 1.9001850230756812 7.667111501887839 8.075494483586684 31.462345601914347 0.5359927935213911 1
Pedestrian 1620 1 1.2744786487115456 323.05792 829.6166 453.68472 1170.3859 1.7060305777075746 0.5190741219180599 0.6451277976214946 -3.2214428738273155 2.912373908870571 8.398280907503429 0.9082039430231066 1
Pedestrian 1627 2 1.1734244964044973 280.48575 876.7758 426.25964 1158.6849 1.5625231799103485 0.6961444222204606 0.5656050284774727 -3.8724336321945136 3.24307604093761 9.531830839916696 0.7875303588931377 1
Cyclist 155 0 -2.393827499169405 0.0 752.47473 452.11664 1215.0 1.7638848419010817 0.9028476086487338 1.897445667166524 -3.2028183926471447 2.350310507537317 6.185908243207896 -2.8715822745585746 1
Cyclist 156 1 -2.0192837922026823 0.0 850.243 100.48871 1215.0 1.8638638691198646 0.8741796460588953 2.0806501928241574 -5.914303693658275 3.272296370020611 8.456067720159956 -2.629617276544141 1
bicycle 157 1 0.2892793424678757 534.891 958.01154 742.6524 1107.4875 1.0466129818211094 0.767428881460274 1.5990768047917403 -2.7598882027084217 4.019467738470661 12.900894985988536 0.07852615097395965 1
bicycle 1621 2 0.9649112584433778 229.18669 979.16486 444.35687 1181.0734 1.1258905725846353 0.7135988727932832 1.713737501248499 -4.928756850675553 4.095847668142791 11.775039383398068 0.5684937790353652 1
Cyclist 1622 2 -1.0444932683013914 0.0 920.33923 130.69458 1215.0 1.697117568457062 0.6892182212600695 1.9555717598595552 -7.01627317792299 4.083520764396883 11.089327738322208 -1.6086140855732562 1
bicycle 1617 2 1.1918758527598405 158.35762 987.6511 316.0973 1196.151 1.1212996201790775 0.5506162917078085 1.4879483192117655 -5.4384415251897575 4.009132012216347 11.200266934003864 0.7398439492502638 1
bicycle_rack 1715 1 0.3655024001891358 1119.088 910.6276 1363.9318 1078.6272 1.26869929078459 7.6183755403583975 1.7841444956308041 5.396255890042548 7.248113462286232 27.59224177550681 0.5586361755037657 1
Pedestrian 1624 2 2.468101905361831 375.46982 937.2729 453.5795 1098.009 1.6557490344072465 0.6381675689835214 0.5851085390092304 -6.372796225945602 5.384870253398303 17.43691546016564 -4.16547935153371 1
Pedestrian 1625 2 2.4918603859468913 337.18073 940.1687 410.6441 1096.87 1.6557490344072465 0.6108805553951182 0.557821525420801 -6.987747082650478 5.491264512851635 17.79636176055253 -4.16547935153371 1
Pedestrian 1626 1 -1.0334711048285503 0.0 934.96796 77.37729 1194.2858 1.697117568457062 0.6892182212600695 0.6679078049368443 -7.013448326453251 4.040376095474432 10.956640003897231 -1.6028619071167725 1
rider 160 0 -2.38123821861139 0.0 759.7501 316.96884 1215.0 1.7575446861843367 0.8114005054388498 0.8410640488874264 -3.3139364288423128 2.363923194015412 6.221013114240144 -2.8707026790651957 1
rider 161 1 -2.0264816610281913 0.0 853.2106 59.51902 1215.0 1.7367537216094577 0.8741796460588953 0.7672402947708424 -5.707450953639463 3.1005451547863867 8.363386710822603 -2.6253201304693943 1
ride_other 1628 2 2.4984650572648937 310.78418 989.81805 413.5744 1112.9634 1.0795161008171195 0.638167568983503 0.8619837103946901 -6.726795999078346 5.311524793478287 16.80890736971655 -4.165392427704483 1
