bicycle_rack 152 2 0.2617573858354132 611.0984 912.4965 878.6049 1152.0647 1.4056202657154235 3.569894776642938 1.7971588039697464 -2.049350686181891 4.688298994918174 15.184519775878616 0.12760484422095764 1
bicycle_rack 153 2 0.2996277782741653 1287.0216 927.94196 1436.2263 1036.7358 1.2154171741788211 4.015475418210696 1.9001850230756812 8.410812495513838 7.983833760461755 31.195759804989795 0.5629797726922701 1
Pedestrian 1620 0 1.2705237550796769 369.25186 838.71277 514.5874 1177.2639 1.621683592889074 0.5240915212056472 0.8887968648749468 -2.9008894369492926 2.8853064441671714 8.324795387259886 0.9352181856408825 1
Pedestrian 1627 2 1.3111643266998378 337.37985 874.84125 476.74188 1158.4187 1.5625231799103485 0.6961444222204606 0.6046675397392414 -3.5143066175730118 3.2213095607669606 9.477090489654694 0.9560622346360668 1
Cyclist 155 0 -2.3869753785047676 0.0 758.70935 488.69156 1215.0 1.7638848419010817 0.9028476086487338 1.897445667166524 -3.03616369342486 2.378993967032178 6.165014622688594 -2.844591167383967 1
Cyclist 156 1 -1.9447877385703005 0.0 860.8575 133.18835 1215.0 1.8638638691198646 0.8741796460588953 2.0806501928241574 -5.7831259192370545 3.385352113741905 8.688874082413603 -2.532036469275818 1
bicycle 157 1 0.2936070768586719 570.4741 955.9168 777.9321 1106.9758 1.0466129818211094 0.767428881460274 1.5990768047917403 -2.449598938484763 3.998140603435331 12.868479733199669 0.10550106088447797 1
bicycle 1621 2 0.9621533803143563 281.57663 975.1731 494.52344 1177.5775 1.1258905725846353 0.7135988727932832 1.713737501248499 -4.528440754859759 4.066745674329293 11.77980845089878 0.5951463031737934 1
Cyclist 1622 1 -0.9230534481804596 0.0 921.28125 221.51035 1215.0 1.697117568457062 0.6892182212600695 1.9555717598595552 -6.5613445350690265 4.157011698879997 11.398648256217852 -1.4453571492211241 1
bicycle 1617 2 1.1910636320556618 210.31503 983.90155 365.881 1192.3351 1.1212996201790775 0.5506162917078085 1.4879483192117655 -5.067500645910742 3.986509117112739 11.220798393835178 0.7668660184633347 1
bicycle_rack 1715 1 0.3691364975090389 1151.0973 911.7632 1404.1041 1083.462 1.26869929078459 7.6183755403583975 1.7841444956308041 5.93221984574527 7.146246795756866 26.972754028607206 0.58562364206005 1
Pedestrian 1624 2 2.4761819586432274 407.05078 939.03143 485.68225 1100.4916 1.6557490344072465 0.6563589113757883 0.5851085390092129 -5.992317104559408 5.4016787262986785 17.408959695896794 -4.138509681700814 1
Pedestrian 1625 2 2.4986344383865133 372.02063 941.49146 445.02777 1098.8281 1.6557490344072465 0.6108805553951182 0.557821525420801 -6.558173809074084 5.497698124264025 17.7477549296243 -4.138509681700814 1
Pedestrian 1626 1 -0.908959736477717 20.660519 936.79645 166.0583 1174.3818 1.5852424734051598 0.6892182212600695 0.6679078049368443 -6.572253209081074 4.030867554539753 11.348176833581167 -1.4339043941728447 1
rider 160 0 -2.3805578909009864 49.56511 764.3089 365.84888 1215.0 1.7575446861843367 0.8114005054388498 0.8410640488874264 -3.089948584818423 2.382032988939834 6.18756490355038 -2.8437096903694448 1
rider 161 1 -1.9458672159775647 0.0 865.3451 98.68317 1215.0 1.7367537216094577 0.8741796460588953 0.7672402947708424 -5.594018703742184 3.209835173439526 8.583275221548078 -2.5234609757560644 1
ride_other 1628 2 2.5066431340295288 343.5137 991.90735 445.66064 1115.3813 1.0795161008171195 0.638167568983503 0.8619837103946901 -6.356394678013827 5.331724430990164 16.791374585440046 -4.138422566811171 1
