bicycle_rack 152 2 0.28021572803755856 380.58063 910.6168 658.2176 1139.9395 1.4056202657154235 3.569894776642938 1.7971588039697464 -4.387229375939288 4.690953830433644 15.408022665244543 0.002820116979130871 1
bicycle_rack 153 2 0.3125497604455138 1076.4187 930.7933 1217.5994 1035.5334 1.2154171741788211 4.015475418210696 1.9001850230756812 4.109338705003197 8.327594415967301 32.54878656612061 0.4381369794283789 1
Pedestrian 1620 1 1.3017725872833987 88.41866 850.3521 234.62915 1186.0159 1.7060305777075746 0.5581062800353213 0.8091879393314517 -4.678071585189447 3.096620829471972 8.738425933648216 0.8102504860229294 1
Pedestrian 1627 2 1.43610707472836 25.827007 896.34186 165.01176 1178.6107 1.5625231799103485 0.6961444222204606 0.6561688124036307 -5.594989002956032 3.4016656778780168 9.659761629010216 0.9111178435191167 1
Cyclist 155 1 -2.4043298398859707 0.0 766.29425 283.5076 1215.0 1.7638848419010817 0.9028476086487338 1.897445667166524 -3.996023403800695 2.417150383533235 6.301861496466416 -2.9694477032792106 1
Cyclist 156 2 -2.24947630004431 0.0 846.8622 21.340979 1215.0 1.8638638691198646 0.8741796460588953 2.0806501928241574 -6.151811295721023 3.123247601966218 7.825916275768704 -2.9156728041417024 1
bicycle 157 1 0.30713471909128626 345.0709 974.5412 558.4036 1120.7821 1.0466129818211094 0.767428881460274 1.5990768047917403 -4.404303597103542 4.1816991432904675 13.010022753763884 -0.019286941464911056 1
bicycle 1621 2 0.9790310973344144 14.220348 982.14606 242.69905 1183.0165 1.1258905725846353 0.7135988727932832 1.713737501248499 -6.466302883705118 4.066196334386626 11.601770603112406 0.4705587258623565 1
bicycle 1617 2 1.2039574077335125 0.0 994.1265 105.227104 1203.9261 1.1212996201790775 0.5506162917078085 1.4879483192117655 -6.930170906078213 4.002252849829848 11.00259568263802 0.6418659473114694 1
bicycle_rack 1715 1 0.3802606260518734 950.5149 914.5285 1188.3142 1079.9777 1.26869929078459 7.6183755403583975 1.7841444956308041 2.3086554749673196 7.5474277411152535 28.610581331530266 0.460778535951901 1
Pedestrian 1624 2 2.4481506168406435 240.85773 959.74695 315.9546 1117.1462 1.6557490344072465 0.6472632401796438 0.5123431694401346 -8.07196041110602 5.6981676013804545 17.68245392291439 -4.2632771183378315 1
Pedestrian 1625 2 2.475617505322524 190.34033 963.2835 265.80087 1118.4939 1.6557490344072465 0.6108805553951182 0.557821525420801 -8.82746332645179 5.8180429048757585 18.010961682528855 -4.2632771183378315 1
rider 160 1 -2.3928863369658604 0.0 773.5899 146.79799 1215.0 1.7575446861843367 0.8114005054388498 0.8410640488874264 -4.117695053359687 2.435306668432459 6.344457166508407 -2.968574035983438 1
rider 161 2 -2.2644116248151263 0.0 845.41516 0.0 1215.0 1.7367537216094577 0.8741796460588953 0.7672402947708424 -5.963920306185614 2.962087309762528 7.798232516219957 -2.917304055308106 1
ride_other 1628 2 2.4745287494691697 177.4273 1011.7564 282.036 1134.0454 1.0795161008171195 0.638167568983503 0.8619837103946901 -8.337109063438005 5.629319582864207 17.061172167136057 -4.263190923442557 1
