bicycle 157 1 0.188126400979509 1313.6938 957.615 1559.3689 1157.2717 1.0466129818211094 0.767428881460274 1.5990768047917403 3.4761647071752253 3.6423434915996227 10.949257387492942 0.49554129585965434 1
bicycle 1617 1 1.138090009136305 938.7314 971.2597 1097.7878 1198.1165 1.1212996201790775 0.5506162917078085 1.4879483192117655 0.37328557364154025 3.760930829903147 10.604394719557426 1.1732765065395259 1
bicycle_rack 152 2 0.1680365872034168 1372.4247 914.4811 1668.8083 1213.4606 1.4056202657154235 3.569894776642938 1.7971588039697464 4.927211352078221 4.2872256323029445 12.88720939671012 0.5332210400463713 1
Pedestrian 1619 0 -2.5880173558957047 0.0 1019.26746 122.12357 1215.0 1.4714725202355488 0.6198242739165871 0.7816335461730672 -6.755551718182064 4.4629327176829 11.032185899851282 -3.1374678012146022 1
Pedestrian 1620 0 0.7349400736761176 1270.1558 753.4189 1554.8241 1215.0 1.7060305777075746 0.5049149595905296 0.955874622478262 1.7101063039357056 2.247002601619548 5.755140688086583 1.0237747538751982 1
Cyclist 155 0 -2.2143923184105607 613.4721 792.47345 1080.9423 1215.0 1.7638848419010817 0.9028476086487338 1.897445667166524 -0.5212663003472905 2.5494828123845337 6.002771143979789 -2.3010126366693204 1
Cyclist 156 1 -1.1959383884983583 773.82043 892.06415 981.50586 1213.5011 1.8638638691198646 0.9138465807942913 2.0806501928241574 -0.5948770501826781 4.153477014588966 11.684398054528037 -1.246806551627989 1
bicycle 1621 1 0.9002418367563132 1006.3243 962.4783 1230.8547 1192.9312 1.1258905725846353 0.7135988727932832 1.713737501248499 1.1067000599834393 3.7923361961042596 10.898142374090263 1.0014443340210168 1
Cyclist 1622 1 -0.694867790744736 1053.618 926.15717 1269.6368 1165.8114 1.697117568457062 0.6426035983217773 1.9555717598595552 1.8095067464305437 4.550595508159166 13.372885850244396 -0.560373040561293 1
Pedestrian 1623 0 -2.8354577277118107 49.555504 1011.76056 190.58519 1215.0 1.4714725202355488 0.6198242739165871 0.8220324104083205 -6.62698784126183 4.627729814490179 11.813747588529447 -3.3466732181266345 1
Pedestrian 1624 1 2.5011988500295796 998.2392 956.4306 1086.3804 1138.6329 1.6557490344072465 0.638167568983503 0.6760652509705725 0.8479381609943797 5.234659299328407 15.690723188388159 -3.7279982403893084 1
Pedestrian 1625 1 2.5272563986532024 965.01526 958.8866 1039.4628 1132.5829 1.6557490344072465 0.6108805553951182 0.557821525420801 0.4422914172071826 5.373197990313274 16.236363226597405 -3.728694850175898 1
Pedestrian 1626 1 -0.6827038912865744 1100.6322 932.80396 1211.6476 1139.6241 1.5852424734051598 0.660309765805757 0.7288662642396574 1.7351600415511854 4.429458874350332 13.341568752098196 -0.553373156715838 1
Pedestrian 1627 2 0.5718063715499322 1346.0634 838.135 1537.0509 1184.3871 1.4482752231173914 0.5502241496713847 0.69323716650697 2.320102771066281 2.5440823887043384 7.24255630796814 0.8818204940258441 1
rider 160 0 -2.2225953447177664 693.25604 803.7671 982.3129 1215.0 1.7575446861843367 0.8114005054388498 0.8410640488874264 -0.4991343491917988 2.5447889416608493 5.997810506249586 -2.305623454040532 1
rider 161 1 -1.1897517948724645 800.33307 904.4329 943.4593 1166.5049 1.7367537216094577 0.8741796460588953 0.7672402947708424 -0.6755725917871616 3.977335905543445 11.484368237605874 -1.2485094848899503 1
ride_other 1628 2 2.5403148889292697 930.98444 1010.56934 1036.2341 1146.6057 1.0795161008171195 0.638167568983503 0.8619837103946901 0.22653303867276298 5.137528396365109 15.230878684426067 -3.7279982403893084 1
