bicycle 1617 1 1.1707388940741232 650.6929 955.14716 797.9866 1165.3417 1.1212996201790775 0.5506162917078085 1.4879483192117655 -1.7975334957989746 3.76507014993293 11.195029080729386 1.0115324654916789 1
bicycle_rack 152 2 0.2131363235872403 1052.917 895.6252 1322.8452 1155.619 1.4056202657154235 3.569894776642938 1.7971588039697464 2.2750233843968424 4.339638151476575 14.21764849994878 0.37180527588239753 1
bicycle_rack 153 2 0.26401203089746617 1769.1879 924.1104 1935.0 1046.1512 1.2154171741788211 4.015475418210696 1.9001850230756812 16.390951871483153 7.060912272310077 27.141060908190003 0.807306804091124 1
Pedestrian 1620 0 1.1303705875475458 885.95496 786.73914 1068.143 1187.7733 1.6310554800911294 0.5303926746813838 0.8708768250122849 0.05650623228698498 2.44316081925547 6.997549041709245 1.1384455583378896 1
Pedestrian 1624 1 2.4876392118413317 765.8791 938.10724 859.8603 1110.5802 1.6557490344072465 0.638167568983503 0.8306916613048059 -1.6606307220001923 5.2722236807273255 16.75050818389752 -3.894362323737171 1
Cyclist 155 0 -2.3638017296072156 351.68597 757.2628 858.5619 1215.0 1.7638848419010817 0.9028476086487338 1.897445667166524 -1.4526398649887975 2.3748664839872182 6.027107434871613 -2.600308806925887 1
Cyclist 156 1 -1.2406362780277722 385.44904 867.2387 611.4911 1208.1473 1.8638638691198646 0.9138465807942913 2.0806501928241574 -3.2446874100825185 3.7745833502513726 10.734467372781753 -1.5341726271704446 1
bicycle 157 1 0.24183684851284704 1014.58795 946.27545 1230.3304 1118.2512 1.0466129818211094 0.767428881460274 1.5990768047917403 1.3111527417096365 3.784727181866917 12.106776360168865 0.34971548122098794 1
bicycle 1621 1 0.9363321208103554 716.49615 945.9936 923.3932 1156.1705 1.1258905725846353 0.7135988727932832 1.713737501248499 -1.1205102328388443 3.7969965963231593 11.564181329191388 0.8397387571450565 1
Cyclist 1622 1 -0.6433657742810343 631.1432 901.0685 858.43835 1150.8882 1.697117568457062 0.6892182212600695 1.9555717598595552 -1.871142612854323 4.300143269132176 13.160616183129648 -0.7845966489801152 1
bicycle_rack 1715 1 0.3154694775893133 1656.847 908.03296 1935.0 1077.635 1.26869929078459 7.6183755403583975 1.7841444956308041 14.243130936290209 6.650688756555111 25.19739260612806 0.829954670117671 1
Pedestrian 1625 2 2.516816556623558 733.30927 940.76685 804.4442 1104.1897 1.6557490344072465 0.6108805553951182 0.557821525420801 -2.208961308073858 5.368470945630381 17.16402938015746 -3.894362323737171 1
Pedestrian 1626 1 -0.6256414261354089 686.79285 909.9983 798.883 1119.9038 1.5852424734051598 0.6892182212600695 0.7027412102527527 -1.9168319652430459 4.180783729579639 13.122577219774582 -0.7706869314223183 1
Pedestrian 1627 2 0.6858111200859137 937.0159 835.6418 1088.3904 1142.1687 1.5289272206369453 0.5502241496713847 0.6561688124036344 0.29061273550856254 2.7813787341848997 8.464317715194772 0.7201315027998736 1
rider 160 0 -2.343422117944141 453.21463 760.1404 752.34064 1215.0 1.7575446861843367 0.8114005054388498 0.8410640488874264 -1.4277580913731491 2.3519609903276195 6.005000210871396 -2.576849478221487 1
rider 161 1 -1.2445235008598294 419.70465 879.15356 579.4175 1155.2566 1.7367537216094577 0.8741796460588953 0.7672402947708424 -3.23184267507189 3.594707041766011 10.532002586473379 -1.5422612674921938 1
ride_other 1628 2 2.5280380543618226 701.55615 993.54285 801.7815 1121.7361 1.0795161008171195 0.638167568983503 0.8619837103946901 -2.262173727536522 5.1918590209699484 16.154794328197507 -3.894273702852784 1
