bicycle 1617 1 1.0904527923505325 1275.1919 989.5817 1465.0657 1215.0 1.1212996201790775 0.5506162917078085 1.4879483192117655 2.592281781046586 3.6629353783156677 9.636636615081837 1.3532349065724776 1
bicycle_rack 152 2 0.10519417676983733 1806.8457 936.5297 1935.0 1215.0 1.4056202657154235 3.569894776642938 1.7971588039697464 7.593157220332958 4.0863249150584835 10.926034290336325 0.7125296021878547 1
Pedestrian 1618 1 -2.38814516926383 31.54996 997.4956 165.41557 1215.0 1.5586546264016587 0.6453745083887367 0.582976987140386 -6.438547313071832 4.438838072253176 11.179092769190584 -2.910689669234603 1
Pedestrian 1623 1 -2.828657269997956 303.65665 997.78754 428.30576 1205.0953 1.4714725202355488 0.6198242739165871 0.7883666902122816 -4.8241898983616025 4.585583817565293 12.154206153954197 -3.206501563293348 1
Pedestrian 1619 0 -2.5803422978459234 256.75876 1007.98755 389.477 1215.0 1.4714725202355488 0.6198242739165871 0.7143021057809826 -4.875574105044678 4.497837215831696 11.451501835527127 -2.982855215863202 1
Pedestrian 1624 1 2.5072823532980117 1257.9614 975.8661 1357.1069 1176.1317 1.6557490344072465 0.638167568983503 0.6760652509705725 3.3027893883300457 5.108974232174095 14.287189543679357 -3.5487223193111195 1
rider 1629 0 -2.66917422632545 0.0 975.0292 49.15117 1215.0 1.7327297005501476 0.8597638420720992 0.7148752353289168 -6.821090485337438 4.233996249580948 10.214794243038707 -3.257937398330494 1
Cyclist 155 1 -1.890612055138678 955.4993 829.3256 1315.4749 1215.0 1.7638848419010817 0.9028476086487338 1.897445667166524 0.6203420286605041 2.7487056468720894 6.179963187369779 -1.7905676079032289 1
Cyclist 156 1 -0.8920433166524813 1262.3967 915.69073 1524.5295 1215.0 1.8638638691198646 0.9138465807942913 2.0806501928241574 3.484604629249995 4.384055734079346 11.99055410802652 -0.6092210237677355 1
Cyclist 1630 1 -2.67645933489579 0.0 971.229 135.313 1215.0 1.7327297005501476 0.8551807660900722 1.8848980848764527 -6.826147926780555 4.224964868664869 10.220883702209756 -3.265289568172465 1
bicycle 157 1 0.20519198439383524 1714.1246 986.209 1935.0 1215.0 1.0466129818211094 0.767428881460274 1.5990768047917403 5.702268374673921 3.5126547274059745 9.380703351913077 0.7513797375279898 1
bicycle 1621 1 0.8513963096184771 1346.7659 981.6782 1617.4299 1215.0 1.1258905725846353 0.7135988727932832 1.713737501248499 3.3442347096433447 3.678972325830716 9.77317953489083 1.1810920309935407 1
Cyclist 1622 2 -0.7872214095690482 1599.0516 948.0759 1839.3401 1188.5629 1.697117568457062 0.6426035983217773 1.9555717598595552 6.490716576522767 4.596794357931029 12.806811975515018 -0.3181346776130076 1
Pedestrian 1625 1 2.533631145569664 1220.6063 973.85675 1309.5688 1164.675 1.6557490344072465 0.6108805553951182 0.6305868949898638 3.015244614721803 5.218960806405909 14.864674165119268 -3.5494232491852475 1
Pedestrian 1626 2 -0.7866624394319802 1651.4908 952.8971 1779.9489 1167.0835 1.5852424734051598 0.660309765805757 0.7288662642396574 6.452584345548014 4.4881374879817795 12.807260725759086 -0.31996161877807516 1
rider 160 0 -1.8919450459184137 992.72144 845.87646 1258.1147 1215.0 1.7575446861843367 0.8581558046833471 0.8410640488874264 0.645064174379603 2.7383236045139796 6.13449759374777 -1.7871765191790911 1
rider 161 1 -0.8730836042053051 1304.6954 922.21686 1456.3618 1181.7516 1.7367537216094577 0.8741796460588953 0.7672402947708424 3.3310145849505557 4.218952784336164 11.907623385937223 -0.6003178830766062 1
ride_other 1628 0 2.5500259232309546 1182.3289 1035.1869 1299.2227 1183.167 1.0795161008171195 0.638167568983503 0.8619837103946901 2.601398117604389 5.032410506109349 13.944234751490013 -3.5487223193111195 1
