bicycle 1617 1 1.0736953797287632 1378.8724 994.141 1583.2546 1215.0 1.1212996201790775 0.5506162917078085 1.4879483192117655 3.1792937603721105 3.605611582270869 9.282236862223648 1.4036854299636126 1
Pedestrian 1618 1 -3.008931433056121 110.816216 985.27783 221.10378 1215.0 1.5586546264016587 0.8692817386658375 0.6309040281866827 -6.036068041434454 4.427060438669138 11.385799945200999 -3.4963993083893294 1
Pedestrian 1619 0 -2.973829295981022 360.51056 998.6841 448.4841 1215.0 1.4714725202355488 0.6198242739165871 0.5459735048007592 -4.32661547987495 4.471983817461591 11.649140879451224 -3.32944946870311 1
rider 1629 0 -2.7343130585357986 0.0 968.45135 161.19008 1215.0 1.7327297005501476 0.8597638420720992 0.7148752353289168 -6.13297378371379 4.23681732635923 10.429205224723615 -3.265905128887307 1
Cyclist 155 1 -1.8535616460233764 1048.9174 838.0238 1390.1484 1215.0 1.7638848419010817 0.9028476086487338 1.897445667166524 0.990292506742915 2.8066037869771416 6.318161328696849 -1.6980891047663884 1
Cyclist 156 1 -0.9652075891489972 1415.0323 919.37805 1675.1997 1215.0 1.8638638691198646 0.9138465807942913 2.0806501928241574 4.684444280890561 4.40675401259867 11.954033355957169 -0.5917281710877837 1
Cyclist 1630 0 -2.7227917145888503 0.0 967.39014 236.43935 1215.0 1.7327297005501476 0.8551807660900722 1.8848980848764527 -6.195338077972693 4.241586049431854 10.419441036029689 -3.259226800592514 1
bicycle 1621 1 0.8333982422014661 1455.5281 983.29987 1746.2338 1215.0 1.1258905725846353 0.7135988727932832 1.713737501248499 3.9656486803642492 3.6076877560983616 9.428725739836214 1.231529543538072 1
Cyclist 1622 1 -0.8448382145243746 1743.4708 950.13904 1935.0 1197.7806 1.697117568457062 0.6426035983217773 1.9555717598595552 7.528801129661796 4.525221746515401 12.408176355719238 -0.29946200147561974 1
Pedestrian 1623 1 -2.986197816344188 369.78226 991.9579 486.43277 1198.7681 1.4714725202355488 0.5650212330742664 0.8220324104083205 -4.353406381548036 4.56491768852365 12.249512440787248 -3.3276701045769546 1
Pedestrian 1624 0 2.5044363746673137 1340.2832 971.96375 1444.8402 1179.5256 1.6557490344072465 0.638167568983503 0.6760652509705725 3.9566430836518656 4.941625905615037 13.741346567461806 -3.4983954542970936 1
Pedestrian 1625 1 2.5286937330369157 1302.289 971.31445 1402.3167 1169.6727 1.6557490344072465 0.6108805553951182 0.7033522645589205 3.739291407455436 5.068051620908234 14.321519532952106 -3.499097191864694 1
Pedestrian 1626 2 -0.8350072544661464 1790.9116 953.88165 1928.5284 1174.8475 1.5852424734051598 0.660309765805757 0.7288662642396574 7.443780733257654 4.407260925616741 12.406289274145752 -0.29458732931805853 1
rider 160 0 -1.8470654640551063 1074.5476 849.3094 1342.7057 1215.0 1.7575446861843367 0.914262163776737 0.8410640488874264 1.0068615927815503 2.771348133919455 6.284699147614014 -1.68820701068152 1
rider 161 1 -0.9454592744790902 1458.8129 927.9347 1614.8871 1188.3964 1.7367537216094577 0.8741796460588953 0.7672402947708424 4.567003342600495 4.2622135744091265 11.887182074927244 -0.5786511592663484 1
ride_other 1628 0 2.5483937493122246 1260.8772 1032.4935 1383.5404 1184.9971 1.0795161008171195 0.638167568983503 0.8619837103946901 3.23728629422405 4.864708121112838 13.438280769510268 -3.4983954542970936 1
