bicycle 1617 1 1.1174508283288547 1122.6189 983.31555 1296.1952 1215.0 1.1212996201790775 0.5506162917078085 1.4879483192117655 1.6305518275759094 3.7193843515972542 10.048480678873126 1.2783171746148145 1
bicycle_rack 152 2 0.1311119924851778 1615.6854 917.72455 1935.0 1215.0 1.4056202657154235 3.569894776642938 1.7971588039697464 6.564286815280009 4.105714904263506 11.820320370160186 0.6380451247576002 1
Pedestrian 1618 1 -2.56010361488263 0.0 1004.51465 40.18428 1215.0 1.5586546264016587 0.8692817386658375 0.7093568063316242 -7.380442891044548 4.456149402938115 10.976047595413831 -3.1520742692544337 1
Pedestrian 1619 0 -2.5730943276311415 154.13098 1017.63885 255.78723 1215.0 1.4714725202355488 0.6198242739165871 0.41804376805575766 -5.711151313844682 4.5287714391257206 11.312041854857785 -3.040633212501565 1
Pedestrian 1620 1 0.5180497497447606 1707.1677 725.2478 1935.0 1215.0 1.6865058127032915 0.5057190299891409 0.7699065104367705 2.7805263332202292 2.022181716826868 4.5431431497121455 1.0672657396165328 1
Cyclist 155 1 -2.218893529424201 784.10315 815.85925 1245.0326 1215.0 1.7638848419010817 0.9028476086487338 1.897445667166524 0.13938417265735648 2.6741568037749595 6.095044501360854 -2.196029072481159 1
Cyclist 156 1 -0.8341668116217988 1047.932 907.2364 1306.7812 1209.693 1.8638638691198646 0.9138465807942913 2.0806501928241574 1.7782647416589035 4.343946649249101 12.122372819464216 -0.6885128537751876 1
bicycle 157 1 0.1528572379874838 1542.1185 979.35706 1820.0358 1204.663 1.0466129818211094 0.767428881460274 1.5990768047917403 4.8646141890110695 3.630446774579532 10.132829598940553 0.6004458682778213 1
bicycle 1621 1 0.8743987118275915 1198.5421 971.6847 1445.3833 1215.0 1.1258905725846353 0.7135988727932832 1.713737501248499 2.4311044242540705 3.7261277059632953 10.287159336966397 1.106465174414288 1
Cyclist 1622 2 -0.722277713503172 1363.4622 937.7615 1589.9124 1173.3456 1.697117568457062 0.6426035983217773 1.9555717598595552 4.561508263326707 4.602546763537436 13.218769620184508 -0.3899943473053973 1
Pedestrian 1623 0 -2.8519341184452855 197.7964 1005.35333 329.97424 1215.0 1.4714725202355488 0.6198242739165871 0.8220324104083205 -5.602968713613265 4.630164778767562 12.049648796265629 -3.2871837410533526 1
Pedestrian 1624 2 2.5012894236479086 1153.9535 973.9215 1248.0962 1166.9458 1.6557490344072465 0.638167568983503 0.6760652509705725 2.3777785244432375 5.225586334147408 14.856306243655169 -3.6231901167811813 1
Pedestrian 1625 2 2.530757948780177 1115.5939 972.98505 1194.2487 1155.6648 1.6557490344072465 0.6108805553951182 0.557821525420801 2.0006196265163068 5.351690211857509 15.478628467075136 -3.6238895223164542 1
Pedestrian 1626 1 -0.7133866864667273 1401.1775 942.4244 1518.9083 1150.9543 1.5852424734051598 0.660309765805757 0.7288662642396574 4.384603857104513 4.475078758562725 13.165986784491498 -0.39191358196583703 1
Pedestrian 1627 2 0.4700938801381541 1666.4635 829.1558 1935.0 1215.0 1.4482752231173914 0.5343122753990794 0.9557830919998416 3.5612582788954987 2.37915894799078 6.269388647580427 0.9866811713164463 1
rider 160 0 -2.202367711765654 823.25775 838.3579 1108.43 1215.0 1.7575446861843367 0.8581558046833471 0.8410640488874264 0.010762067311640734 2.732458918455671 6.237463751420781 -2.2006423219179396 1
rider 161 1 -0.8144212085927118 1089.2943 917.08026 1235.3817 1174.1339 1.7367537216094577 0.8741796460588953 0.7672402947708424 1.609438405587543 4.196048566452236 12.006141224621162 -0.6811643524664273 1
ride_other 1628 1 2.543196958567683 1081.2661 1030.6497 1192.8538 1174.1395 1.0795161008171195 0.638167568983503 0.8619837103946901 1.696812807542385 5.134160910056262 14.46160510418576 -3.6231901167811813 1
