Cyclist 155 1 -1.636500742878063 1559.0125 834.232 1833.9678 1215.0 1.7638848419010817 0.9028476086487338 1.897445667166524 3.026122117791359 2.7997015132795338 6.351322414239235 -1.1918655677582137 1
Pedestrian 1618 2 -2.9744366677212026 385.07034 953.46234 506.90344 1193.9442 1.5586546264016587 0.8692817386658375 0.7521492307742996 -3.94992708048686 4.197654536164752 11.521452090170856 -3.3047118828274846 1
Pedestrian 1619 0 -2.9496820092272165 627.3403 968.91156 731.8951 1183.8853 1.4714725202355488 0.6198242739165871 0.6873695296241484 -2.1641267418841412 4.199706434435944 11.547700560160905 -3.1349406870067966 1
rider 1629 0 -2.735175542489477 356.29816 936.17334 505.78397 1215.0 1.7327297005501476 0.8597638420720992 0.7148752353289168 -3.73331806705128 4.030572919892354 10.586545581433139 -3.0742069223810415 1
Cyclist 1630 0 -2.729985373530508 276.16394 935.3034 586.1974 1215.0 1.7327297005501476 0.8551807660900722 1.8848980848764527 -3.7175067875571295 4.034235929575898 10.591950137433829 -3.0675282808322906 1
Pedestrian 1623 2 -2.9573358119270403 629.4246 963.88257 742.9436 1164.6185 1.4714725202355488 0.5258762039011803 0.8220324104083205 -2.219333251919997 4.278450223314312 12.118994801531958 -3.1384573996034995 1
Pedestrian 1624 1 2.48400040878363 1700.9126 951.47925 1829.3866 1188.0815 1.6557490344072465 0.638167568983503 0.6396825661860106 6.356808600374695 4.3230571476627375 11.84664721424641 -3.3066944744718674 1
Pedestrian 1625 2 2.524259574907385 1632.1055 950.35425 1743.1255 1173.9413 1.6557490344072465 0.6108805553951182 0.5851085390092051 6.0334681149109395 4.439490578484113 12.441649976838683 -3.3073976113036583 1
rider 160 0 -1.631958049610361 1556.1089 848.62854 1816.0868 1215.0 1.7575446861843367 0.914262163776737 0.8410640488874264 2.9689116996126628 2.7722029938606707 6.220963183366546 -1.186681143786727 1
ride_other 1628 2 2.528431115247883 1605.5483 1021.4496 1757.8104 1188.9996 1.0619508837659464 0.638167568983503 0.8619837103946901 5.618578149345485 4.263820451734459 11.689194490360565 -3.3066944744718674 1
