Cyclist 1344 1 2.655863770816187 881.54395 748.8282 994.09534 862.00464 1.7949986585602922 0.8440334007571196 1.7899486593012894 -0.40973999789548565 4.038446340996627 26.271088820893073 -3.6429168846133706 1
moped_scooter 1187 1 -1.633241815672359 593.1508 788.27893 626.7397 846.1562 1.2475204674255416 0.7334515295227376 1.696950930195932 -9.01435736854793 5.5362394428745825 38.33699241290226 -1.8641814266674717 1
bicycle 1191 0 -1.320086237835791 590.35455 789.05066 648.8537 857.4433 1.22724996907956 0.8019318056615724 1.8035906403665127 -7.3223171553337965 4.8537562007752815 32.12574751405583 -1.5441846488338051 1
bicycle 1183 2 1.6295847041827733 161.6685 807.46484 214.46342 908.0631 1.182428464209096 0.5823813253944536 1.8571046343303317 -11.38548502044375 3.992822429943944 22.05381934915848 1.1530145793116708 1
Cyclist 1415 1 -0.4253122459131548 865.297 747.54486 995.13293 879.1717 1.797043622210186 0.7766655425012987 1.7949801725758616 -0.4662758775001039 3.7052046731252437 22.52886660197671 -0.44600611059465023 1
bicycle 1184 1 -0.3369473933019957 542.3279 795.6652 610.1405 840.1166 1.0717351246445241 0.5264668722229664 1.7815695428962286 -10.872557116201584 5.978111730127187 42.252739930051135 -0.5888053360609591 1
bicycle 1194 2 1.6557474612376049 107.33552 808.7745 167.82083 915.51624 1.182428464209096 0.5823813253944536 1.8571046343303317 -11.472141526151978 3.866672171401091 20.863890106899 1.1530145793116708 1
bicycle 1195 1 -0.2590072839072661 542.542 794.3859 612.6528 841.14453 1.089361751367478 0.6410449482936995 1.7399499128891602 -10.426324868676769 5.776576705494715 40.652434126489304 -0.5100705304828441 1
bicycle_rack 1347 1 1.8001557019578325 0.0 767.85254 161.31703 1108.7482 1.3038628145497861 0.8303412626471127 9.24551536605635 -8.792124240615173 3.0735421680739767 14.006089028460991 1.239591450405971 1
Pedestrian 1189 0 -0.051488254270462164 535.5689 778.6861 560.41156 839.5766 1.6719067408903163 0.6941023543180249 0.6646787939086847 -12.075737182419067 6.20947702006175 43.6895148289476 -0.3211546167323551 1
Pedestrian 1345 0 1.766641745233548 133.90012 785.23395 221.68602 948.281 1.6353566556293422 0.7154118969122174 0.7741468552771424 -8.578480488567115 3.4444041722879595 16.40065856454158 1.2847190779145645 1
rider 1346 2 2.670599151677858 907.11865 750.2086 974.4831 856.02234 1.7226585932932135 0.8440334007571196 0.9000183472276762 -0.3638542856173125 3.976216615604338 26.310626597431998 -3.6264144500006257 1
rider 1416 0 -0.4230208578461641 897.35785 749.3748 959.82104 867.888 1.6628152924360127 0.7766655425012987 0.6817519586269494 -0.49651507776604437 3.5790614155131646 22.524209023203248 -0.44506090721280755 1
bicycle 1197 2 -0.052416907170794114 530.2269 792.1542 593.11273 838.25543 1.2148521130596417 0.7516245143402163 1.775783365741881 -11.924865992321564 6.2760198802611455 44.620914376495456 -0.31356229080677256 1
bicycle 1185 2 -0.050376966812748114 527.9305 796.50903 589.5918 841.07916 1.2112061402301757 0.5311603825321038 1.7759121062125285 -12.170451232710928 6.460731840739508 45.219044223232224 -0.31329113821624865 1
