Cyclist 1415 1 -0.5471907091631867 830.2619 744.80096 959.27325 878.02167 1.797043622210186 0.7766655425012987 1.7949801725758616 -0.9918701058442553 3.665133444189518 22.4763271415602 -0.5912916420857501 1
moped_scooter 1187 1 -1.6373179352657998 575.6594 787.01056 609.629 844.88025 1.2475204674255416 0.7334515295227376 1.696950930195932 -9.451538909514882 5.500323291589572 38.31133546605874 -1.8791915714119152 1
bicycle 1191 0 -1.3209740492323232 568.01465 787.24634 626.60114 855.4104 1.22724996907956 0.8019318056615724 1.8035906403665127 -7.806768293448661 4.815781626247565 32.14888830033513 -1.5591947548457064 1
bicycle 1183 2 1.6238204734985964 144.37701 804.7558 196.58707 905.0006 1.182428464209096 0.5823813253944536 1.8571046343303317 -11.652403926898845 3.9525881004474774 22.067790488850296 1.1380029529354685 1
Cyclist 1344 2 2.6421558159046103 880.30475 748.23706 991.3907 860.05707 1.7949986585602922 0.8440334007571196 1.7899486593012894 -0.4494397316361265 4.055530455945497 26.59932173528056 -3.6579245449224835 1
bicycle 1184 1 -0.33691216986007366 518.03577 795.13416 586.24457 839.732 1.0717351246445241 0.5264668722229664 1.7815695428962286 -11.531883897761094 5.955087210738835 42.175671147472535 -0.60381354936993 1
bicycle 1194 2 1.6495909262739197 90.34963 805.9756 150.1815 912.3356 1.182428464209096 0.5823813253944536 1.8571046343303317 -11.721080328818905 3.8271408488529697 20.876616817518755 1.1380029529354685 1
bicycle 1195 1 -0.26728402891815717 531.83154 794.2813 601.84393 840.9372 1.089361751367478 0.6410449482936995 1.7399499128891602 -10.760417707360327 5.792703876401852 40.811381906764936 -0.5250793047025175 1
bicycle_rack 1347 1 1.7972824648529029 0.0 767.6786 135.77322 1107.1438 1.3038628145497861 0.8303412626471127 9.24551536605635 -9.033408734426805 3.070108628781407 14.009863972303105 1.2245791114255282 1
Pedestrian 1189 0 -0.05649278949734532 519.3315 778.26 544.3453 839.12823 1.6719067408903163 0.6941023543180249 0.6646787939086847 -12.555650662009912 6.200105052130052 43.7176623482781 -0.33616418431409034 1
Pedestrian 1345 0 1.7611943476651046 118.1406 783.4956 201.42941 944.8522 1.6623075994962753 0.7154118969122174 0.5765066002529673 -8.852557911568313 3.4566132536659224 16.537506493992066 1.2697056878284183 1
rider 1346 2 2.6579437207082246 903.8616 748.86426 970.6687 853.37585 1.7226585932932135 0.8440334007571196 0.9000183472276762 -0.43089544790754875 3.978441479024495 26.626147758649033 -3.6414233428889444 1
rider 1416 0 -0.5370156901170718 854.11523 748.3096 919.82355 867.67664 1.6628152924360127 0.7766655425012987 0.6817519586269494 -1.116078403750007 3.553915307407837 22.403344886704687 -0.5867920290489195 1
bicycle 1197 2 -0.059316200802804586 517.0399 792.87573 580.2356 839.1033 1.2148521130596417 0.7516245143402163 1.775783365741881 -12.310490138010021 6.297883194019496 44.61031939403555 -0.32857108068751306 1
bicycle 1185 2 -0.05832958213445616 516.48517 793.87866 578.33746 838.4507 1.2112061402301757 0.5311603825321038 1.7759121062125285 -12.52271031437417 6.38537904869257 45.252861694374495 -0.3283011057312457 1
