Car 1186 1 1.8610508986689123 0.0 800.4529 63.28238 895.78973 1.4999025775655606 1.8537352481250642 4.738120617592561 -22.996941922211537 5.952582281380374 35.395519233607295 1.2848772050504493 1
moped_scooter 1187 1 -1.6259300253269546 731.7876 784.897 764.8881 843.45166 1.2475204674255416 0.7334515295227376 1.696950930195932 -5.377010143290066 5.37823087178853 37.704373304942656 -1.7675845977472224 1
Pedestrian 1345 0 1.8015024924182734 246.01418 774.19946 337.51587 947.1218 1.6353566556293422 0.6929627683697208 0.810081447099724 -6.882757827015953 3.219634985069596 15.40555501564174 1.3813369064740253 1
bicycle 1191 0 -1.3161185092158476 733.2202 784.7353 792.2398 854.74286 1.22724996907956 0.8019318056615724 1.8035906403665127 -4.161599721189186 4.691959881596453 31.471846467829728 -1.4475882431251337 1
bicycle 1183 2 1.6505770148169747 298.83966 799.9453 353.34778 901.43286 1.182428464209096 0.5823813253944536 1.8571046343303317 -9.221618377291758 3.8426004595924903 21.753182835803788 1.2496211376444433 1
Cyclist 1344 0 2.7174625652527147 929.48755 747.262 1051.2334 868.84 1.7949986585602922 0.8440334007571196 1.7899486593012894 0.4714032775068965 3.8447315082567903 24.309983870749466 -3.546333827191863 1
bicycle 1184 1 -0.3307970063453336 683.8784 794.167 751.318 838.59985 1.0717351246445241 0.5264668722229664 1.7815695428962286 -6.790262133317034 5.865534224289021 41.69909553369586 -0.4922197117527569 1
bicycle 1194 2 1.6793562973271392 243.0 800.6472 305.81247 908.83655 1.182428464209096 0.5823813253944536 1.8571046343303317 -9.385336523174029 3.7034696797003472 20.478564102642043 1.2496211376444433 1
bicycle 1195 1 -0.25791427418593293 691.9466 792.31323 761.4196 838.9161 1.089361751367478 0.6410449482936995 1.7399499128891602 -6.30797719916503 5.664039780044601 40.22061972807178 -0.4134814482444127 1
bicycle_rack 1347 0 1.8319506964703303 0.0 761.0851 302.1273 1119.1993 1.3038628145497861 0.8303412626471127 9.24551536605635 -7.31729042949974 2.9543102660174334 13.53063120157722 1.3362025377411269 1
Pedestrian 1189 0 -0.04231692067653814 673.5978 768.18494 697.90027 829.1082 1.6719067408903163 0.6941023543180249 0.6646787939086847 -7.996624807240233 5.869033768906755 43.39191747566576 -0.22456049812132894 1
rider 1346 0 2.7315718349355667 958.4966 748.61475 1029.8734 862.7373 1.7226585932932135 0.8440334007571196 0.9000183472276762 0.5306655001632801 3.783607199338398 24.35104545902962 -3.5298246123036483 1
bicycle 1197 2 -0.045121982656741694 670.81445 782.69183 732.866 828.3334 1.2148521130596417 0.7516245143402163 1.775783365741881 -7.675356427558451 5.939949821202676 44.22272646868678 -0.21697141543895482 1
bicycle 1185 2 -0.04335126147428836 669.04047 784.0526 729.8801 828.0767 1.2112061402301757 0.5311603825321038 1.7759121062125285 -7.853266912596909 6.032313827339312 44.84983636147877 -0.21669526501948844 1
