bicycle 1195 1 -0.25542703554828095 829.61053 795.32965 903.6137 844.95483 1.089361751367478 0.6410449482936995 1.7399499128891602 -2.3661205697694694 5.413841782059196 37.368148109206864 -0.31866179823498 1
Car 1186 1 1.901231519759686 12.144695 792.55145 179.60732 890.163 1.4999025775655606 1.8537352481250642 4.738120617592561 -19.579025108897042 5.600631836689088 34.07607036155172 1.379721838376863 1
moped_scooter 1187 1 -1.6192987697905803 864.1159 787.4805 899.19214 850.9148 1.2475204674255416 0.7334515295227376 1.696950930195932 -1.862735440541594 5.1278187346087485 34.80994211826779 -1.6727593733046273 1
Pedestrian 1345 0 1.9070435712919946 210.16759 763.0006 333.2412 991.01196 1.6353566556293422 0.6555475541322665 0.7561795593658666 -5.344379999665131 2.7466905318940817 11.62672884008913 1.4761828019432683 1
bicycle 1191 2 -1.310590867701031 864.72766 787.4588 929.7955 865.47437 1.22724996907956 0.8019318056615724 1.8035906403665127 -1.2036011681898235 4.4329171323731735 28.522797721426716 -1.3527637127642023 1
bicycle 1183 0 1.6922275152032986 384.64435 797.8072 450.39575 911.4899 1.182428464209096 0.5823813253944536 1.8571046343303317 -7.060205301257575 3.5465094559119663 19.476164350009515 1.3444561832457227 1
Cyclist 1192 0 2.628309794783263 1196.4738 751.8946 1348.2368 887.3224 1.7442031595696388 0.9116060574413746 1.920979964756554 4.433485570293423 3.6187637084017203 21.347891715405538 -3.450108363193726 1
Cyclist 1344 0 2.45058566933705 854.49164 747.66437 1003.9967 906.6416 1.7949986585602922 0.8440334007571196 1.7899486593012894 -0.39765338514760323 3.444246015156267 19.185718643374788 -3.853323201275032 1
bicycle 1193 2 1.5766933406400452 662.82263 801.35974 688.9341 852.8147 1.0945150279063423 0.6459511306589296 1.598457862621831 -7.3319955566809565 5.731019243194608 38.44815643335246 1.3882575739026546 1
bicycle 1184 1 -0.32242898554689003 813.1131 797.8136 884.5803 844.87726 1.0717351246445241 0.5264668722229664 1.7815695428962286 -2.926419187982691 5.644425396638237 38.95918573300544 -0.39740318778554506 1
bicycle 1194 1 1.7287154240868747 315.77182 798.6701 393.2108 921.4685 1.182428464209096 0.5823813253944536 1.8571046343303317 -7.325408476902064 3.4002634490091923 18.11606123270325 1.3444561832457227 1
bicycle_rack 1347 1 1.930607321428701 0.0 749.05554 363.9397 1215.0 1.3038628145497861 0.8303412626471127 9.24551536605635 -6.037897081450339 2.607274216223754 11.063721487990211 1.4310418994691538 1
Pedestrian 1189 0 -0.03448252572883541 805.77893 776.1708 831.192 841.1214 1.6719067408903163 0.6941023543180249 0.6646787939086847 -3.8872036897450783 5.826631135672727 40.68553386346661 -0.12973603979297033 1
rider 1190 0 2.6259885851543907 1246.5931 755.86115 1326.5995 871.7748 1.5309191621617426 0.8191567669374136 0.8230100746303561 4.653528478896832 3.452136252190773 21.42467921411079 -3.4433147879797157 1
rider 1346 0 2.44748940477223 883.48486 748.6977 979.447 895.48895 1.7226585932932135 0.8440334007571196 0.9000183472276762 -0.3834293367204118 3.362811279370735 19.198661916527925 -3.855664917508773 1
bicycle 1197 2 -0.014329931407595656 805.73035 780.9354 870.51215 828.6966 1.2148521130596417 0.7516245143402163 1.775783365741881 -3.421257622775646 5.593202865452167 41.50204861324451 -0.09657982671481125 1
bicycle 1185 2 0.036631602681180805 805.20306 781.92084 869.16895 827.56915 1.2112061402301757 0.5311603825321038 1.7759121062125285 -3.486043207888357 5.663040222664197 42.09210512519986 -0.04599922604937379 1
