Car 1186 1 1.8746224941984608 0.0 785.88794 133.69241 879.1731 1.4999025775655606 1.8537352481250642 4.738120617592561 -21.252791553323057 5.567962922055877 35.26758070171418 1.3322820349788973 1
moped_scooter 1187 1 -1.6251091066984762 802.2091 783.4528 835.8112 843.1743 1.2475204674255416 0.7334515295227376 1.696950930195932 -3.5169104876406383 5.252176838645362 36.877302088059764 -1.7201894394948682 1
Pedestrian 1345 0 1.8295087195303308 277.49634 765.0123 374.7484 950.63696 1.6353566556293422 0.6705136398272608 0.810081447099724 -6.0590811708254195 3.017242728551971 14.300511572064218 1.428742401207543 1
bicycle 1191 0 -1.3131588205770224 799.6624 784.16113 860.2828 856.34406 1.22724996907956 0.8019318056615724 1.8035906403665127 -2.670419623053607 4.588509462951935 30.604771561789075 -1.400193398981113 1
bicycle 1183 0 1.6629616404111567 358.44724 794.62885 415.35562 898.5055 1.182428464209096 0.5823813253944536 1.8571046343303317 -8.1140356032901 3.6960837369704245 21.174401468549135 1.297021176377569 1
Cyclist 1344 0 2.6263694413758376 933.83673 746.8648 1064.021 878.37585 1.7949986585602922 0.8440334007571196 1.7899486593012894 0.5731420765082292 3.7092429484060068 22.677146371654697 -3.6315472505367206 1
bicycle 1193 2 1.5633836220239712 610.486 796.803 635.6041 845.83575 1.0945150279063423 0.6459511306589296 1.598457862621831 -9.099031715841289 5.81426703682376 40.20666723984682 1.3408259453611202 1
bicycle 1184 1 -0.32856809380151664 752.2941 795.5717 820.70197 840.6767 1.0717351246445241 0.5264668722229664 1.7815695428962286 -4.771220532328141 5.80518508552041 40.853764701927076 -0.44482920716071006 1
bicycle 1194 2 1.6939355685365576 299.915 794.93164 365.7304 905.7908 1.182428464209096 0.5823813253944536 1.8571046343303317 -8.344353156500373 3.5564958119690595 19.907285443075043 1.297021176377569 1
bicycle 1195 1 -0.25717851876060344 762.56964 793.6484 832.9141 840.8713 1.089361751367478 0.6410449482936995 1.7399499128891602 -4.316192616940222 5.612586632934338 39.473701362323105 -0.36608934681995375 1
bicycle_rack 1347 1 1.8581307305412893 0.0 752.6198 357.28998 1131.9097 1.3038628145497861 0.8303412626471127 9.24551536605635 -6.611576258484137 2.7976737012845625 12.871180565779541 1.3836047526160535 1
Pedestrian 1189 0 -0.03785084636679595 739.4062 768.4227 763.9019 830.4414 1.6719067408903163 0.6941023543180249 0.6646787939086847 -5.968959877724898 5.795705793485128 42.56747485241314 -0.17716597476931106 1
rider 1346 0 2.6391134132393557 960.7612 746.95087 1039.5588 869.8782 1.7226585932932135 0.8440334007571196 0.9000183472276762 0.5856619312021571 3.6222424539106814 22.69305400996889 -3.618269639391556 1
bicycle 1197 2 0.011430837234292557 738.78845 783.9356 801.08356 829.8423 1.2148521130596417 0.7516245143402163 1.775783365741881 -5.53956479842769 5.8753807304493595 43.34771840126525 -0.11567391303653385 1
bicycle 1185 2 0.01854016181593543 737.0045 785.9624 798.30005 830.1929 1.2112061402301757 0.5311603825321038 1.7759121062125285 -5.682754496580931 5.98327016014522 43.94613110778165 -0.11005804648850659 1
