Car 1186 1 1.8847580269622157 0.0 785.604 156.75047 879.4185 1.4999025775655606 1.8537352481250642 4.738120617592561 -20.592948335102154 5.5347743402233585 35.03325796349325 1.3533489435413562 1
moped_scooter 1187 1 -1.6202272169821452 826.5146 781.58875 860.2956 842.1833 1.2475204674255416 0.7334515295227376 1.696950930195932 -2.867800322064596 5.14113048809706 36.2719944830696 -1.6991268490760743 1
Pedestrian 1345 0 1.8522346012725974 274.0889 762.7851 372.67087 958.3421 1.6353566556293422 0.6555475541322717 0.6529375473023709 -5.696280941481871 2.9028058235047673 13.382400116220653 1.4498095835188947 1
rider 1346 0 2.673598870791876 939.1523 745.9221 1021.1018 875.04895 1.7226585932932135 0.8440334007571196 0.9000183472276762 0.26748814171800145 3.5181649110728714 21.609329288410866 -3.5972087046429695 1
bicycle 1191 0 -1.3129350405504936 830.43665 782.43896 892.16705 856.0388 1.22724996907956 0.8019318056615724 1.8035906403665127 -1.9897788197147108 4.490548618532347 30.01501248488507 -1.3791309694512883 1
bicycle 1183 0 1.6718594744091524 377.99368 792.7075 437.1864 898.8922 1.182428464209096 0.5823813253944536 1.8571046343303317 -7.643484729999371 3.6139233745242434 20.69662188572881 1.3180859544813828 1
Cyclist 1192 2 2.5708108489843586 1252.4878 742.27386 1389.6718 863.8277 1.7442031595696388 0.9116060574413746 1.920979964756554 5.683927507799595 3.6587226155633203 23.646018140130277 -3.4764742956789965 1
Cyclist 1344 0 2.6611615612641013 909.98444 745.311 1046.8872 883.27026 1.7949986585602922 0.8440334007571196 1.7899486593012894 0.24920172983048922 3.5972499810449743 21.601761260785246 -3.610488081168692 1
bicycle 1193 2 1.5717182591416408 630.05054 795.47406 655.43176 845.0642 1.0945150279063423 0.6459511306589296 1.598457862621831 -8.45363483662339 5.719099729922547 39.69518838543673 1.361889226757143 1
bicycle 1184 1 -0.32663048975495795 780.8739 796.72186 850.0036 842.2938 1.0717351246445241 0.5264668722229664 1.7815695428962286 -3.9316440483471435 5.777220633458965 40.347445197696906 -0.4237684915676805 1
bicycle 1194 2 1.7046220761847755 316.39642 792.68945 385.34296 906.5426 1.182428464209096 0.5823813253944536 1.8571046343303317 -7.882896626141615 3.4645598511766824 19.36774914601562 1.3180859544813828 1
bicycle 1195 1 -0.25565516924047665 791.64105 795.24603 862.8951 843.0915 1.089361751367478 0.6410449482936995 1.7399499128891602 -3.48484724002302 5.587050537993968 38.88839668012891 -0.3450279435082635 1
bicycle_rack 1347 1 1.8804843598843246 0.0 751.1383 369.40726 1154.7839 1.3038628145497861 0.8303412626471127 9.24551536605635 -6.36561223389111 2.737336168503991 12.353176066344108 1.4046704860108528 1
Pedestrian 1189 0 -0.03693484360037498 769.93744 769.4639 794.6558 832.24524 1.6719067408903163 0.6941023543180249 0.6646787939086847 -5.03329930118367 5.773754661384339 42.036642260812144 -0.15610350686614494 1
bicycle 1197 2 0.01620510241382425 765.09894 783.6115 828.0204 829.9109 1.2148521130596417 0.7516245143402163 1.775783365741881 -4.709324811214508 5.808850385306799 42.82919718670386 -0.09331089494359013 1
bicycle 1185 2 0.01957018076103885 767.13293 785.6421 828.9426 830.1932 1.2112061402301757 0.5311603825321038 1.7759121062125285 -4.738960221896386 5.921630955326306 43.47902234784819 -0.08899543883402461 1
