Car 1186 1 1.8817152290158223 0.0 786.08875 152.1276 879.7916 1.4999025775655606 1.8537352481250642 4.738120617592561 -20.736939630269717 5.555098148914071 35.10690037096975 1.348176945730466 1
moped_scooter 1187 1 -1.6202271106991302 818.81256 781.85394 852.4179 842.127 1.2475204674255416 0.7334515295227376 1.696950930195932 -3.073861292121503 5.16933533669839 36.476642789889404 -1.704297785803273 1
Pedestrian 1345 0 1.8440836959861966 275.13846 763.27356 381.36758 956.0768 1.6353566556293422 0.7079288540647255 0.810081447099724 -5.8135675472014485 2.950966340454239 13.771639693596068 1.4446375197514518 1
rider 1346 0 2.6568414395491113 957.0654 747.3516 1037.8219 873.9967 1.7226585932932135 0.8440334007571196 0.9000183472276762 0.5282284072353434 3.574548767946562 22.037786947909677 -3.602379243436521 1
bicycle 1191 0 -1.3129753658566337 822.887 782.43134 884.30975 855.61365 1.22724996907956 0.8019318056615724 1.8035906403665127 -2.1558913952134175 4.507057544815179 30.174397380899652 -1.384301865499522 1
bicycle 1183 0 1.6696212281853247 373.33408 792.6486 431.91098 898.13544 1.182428464209096 0.5823813253944536 1.8571046343303317 -7.761145846942025 3.6277256334577292 20.827035165385546 1.3129144796858943 1
Cyclist 1344 0 2.6448761155330334 927.9814 747.0573 1062.1215 882.39734 1.7949986585602922 0.8440334007571196 1.7899486593012894 0.4991692816743186 3.658922254232568 22.03364155554323 -3.6156581964261973 1
bicycle 1193 2 1.5710980923004976 622.97766 794.70447 648.29987 844.10596 1.0945150279063423 0.6459511306589296 1.598457862621831 -8.67054173469203 5.712863991684303 39.82323405717582 1.356718119960472 1
bicycle 1184 1 -0.3266362108557461 773.18854 796.48486 842.08026 841.9018 1.0717351246445241 0.5264668722229664 1.7815695428962286 -4.158574762902235 5.789541922014962 40.507769329323054 -0.428938979359182 1
bicycle 1194 2 1.7013715924915704 313.7351 793.1401 381.40668 905.56824 1.182428464209096 0.5823813253944536 1.8571046343303317 -8.025313307168346 3.497934791629505 19.609687950229727 1.3129144796858943 1
bicycle 1195 1 -0.25681541252103873 785.72845 795.1775 856.7031 842.84406 1.089361751367478 0.6410449482936995 1.7399499128891602 -3.6582036116988137 5.605215862032598 39.06017643174756 -0.3501985988691636 1
bicycle_rack 1347 1 1.875546702030929 0.0 751.4781 365.49673 1148.3329 1.3038628145497861 0.8303412626471127 9.24551536605635 -6.439915080889803 2.75263145662965 12.490188647584667 1.3994987774033971 1
Pedestrian 1189 0 -0.037170666023254 762.4779 769.1355 787.1321 831.70526 1.6719067408903163 0.6941023543180249 0.6646787939086847 -5.261887160732091 5.778515419498141 42.18119932619139 -0.16127442288729088 1
bicycle 1185 2 0.02138504165255528 756.74725 786.3695 818.15643 830.6309 1.2112061402301757 0.5311603825321038 1.7759121062125285 -5.084912089211139 5.979122377200731 43.80958904548549 -0.09416638342196793 1
bicycle 1197 2 0.014824893837948772 759.6083 783.7603 822.0658 829.738 1.2148521130596417 0.7516245143402163 1.775783365741881 -4.911741417450923 5.849119273300609 43.16334283898307 -0.09848198577801415 1
