Cyclist 1344 0 2.1163200128342607 648.1428 724.3256 840.08026 963.7866 1.7949986585602922 0.8440334007571196 1.7899486593012894 -1.8485332579683542 2.7264105449910985 13.02003818186663 -4.307898746497738 1
bicycle 1184 1 -0.32368064764059773 879.42975 789.0123 956.91693 839.5865 1.0717351246445241 0.5264668722229664 1.7815695428962286 -1.0314699016904771 5.066267110150889 35.844605715530285 -0.35244886293354005 1
Car 1186 1 1.9378027153174968 18.266514 788.3112 204.50946 892.4047 1.4999025775655606 1.8537352481250642 4.738120617592561 -17.923481898781308 5.246760215609805 31.810004130833477 1.4246886632731783 1
moped_scooter 1187 1 -1.6196320940621263 930.31067 778.31006 968.80176 847.44965 1.2475204674255416 0.7334515295227376 1.696950930195932 -0.2590138328823984 4.588890422831526 31.703428113501932 -1.6278018121558404 1
Pedestrian 1189 0 0.1545489612199668 871.469 768.2608 901.7174 837.9853 1.6719067408903163 0.6941023543180249 0.6646787939086847 -1.884562243659012 5.3322231840309495 37.80162941185108 0.1047362074561462 1
Pedestrian 1345 1 2.0595027119400857 0.0 723.72473 110.10119 1079.9298 1.6353566556293422 0.6330984255897718 0.810081447099724 -4.8148378781911445 2.1615262788384695 7.532902418891787 1.4907754861292557 1
rider 1190 0 2.4753243770932043 1050.6835 733.1034 1157.5531 887.2818 1.5309191621617426 0.8191567669374136 0.8230100746303561 1.5442228339208353 2.7450195075988058 16.212288408492192 -3.712897281560177 1
rider 1346 0 2.1181134532758454 683.3124 728.45056 820.78326 944.4455 1.7226585932932135 0.8440334007571196 0.9000183472276762 -1.8165629321000412 2.667544445842589 13.064669966629324 -4.3032299719688005 1
bicycle 1191 0 -1.3148448310800303 934.5486 775.412 1006.8741 862.19244 1.22724996907956 0.8019318056615724 1.8035906403665127 0.179522410073618 3.8925353921707586 25.506214647322732 -1.3078065681231985 1
bicycle 1183 0 1.7422134462261847 365.2216 786.53735 451.0652 919.69775 1.182428464209096 0.5823813253944536 1.8571046343303317 -6.108440315619058 3.080000076969749 16.590045350612712 1.3894184699354497 1
Cyclist 1192 0 2.4882399558168626 998.3376 731.7932 1191.1991 914.9313 1.7442031595696388 0.9116060574413746 1.920979964756554 1.453518682811754 2.965730707751187 16.190337919532364 -3.7054084684953237 1
bicycle 1193 2 1.5874897356271085 714.13556 793.12286 742.6261 848.06696 1.0945150279063423 0.6459511306589296 1.598457862621831 -5.558755645832988 5.209616915884155 35.74560759810874 1.433216635443257 1
bicycle 1194 1 1.788334149794808 275.89362 786.5588 379.3769 932.06213 1.182428464209096 0.5823813253944536 1.8571046343303317 -6.434415909058742 2.937006833826444 15.264951136543733 1.3894184699354497 1
bicycle 1195 1 -0.25300452014078245 890.34814 786.6444 970.4415 839.8687 1.089361751367478 0.6410449482936995 1.7399499128891602 -0.7134157243701086 4.875009346390953 34.45699189413294 -0.2737060895357697 1
bicycle_rack 1347 1 2.0712847481492 0.0 731.8161 308.86862 1215.0 1.3038628145497861 0.8303412626471127 9.24551536605635 -5.622314969694827 2.2292556249157975 8.301955182261736 1.4760061750928393 1
bicycle 1197 2 0.022809325185812364 865.2245 788.0913 934.7648 839.00476 1.2148521130596417 0.7516245143402163 1.775783365741881 -1.5720502524280746 5.468349254522463 38.585988420946755 -0.01790963481078167 1
bicycle 1185 2 0.04935109704535697 864.9029 789.78156 933.54333 838.5591 1.2112061402301757 0.5311603825321038 1.7759121062125285 -1.6226417832797653 5.568928484161756 39.25068938909892 0.00803415785629813 1
Pedestrian 1188 0 2.688450801933897 1490.3938 730.1312 1554.8242 864.20294 1.75268098032568 0.6853697338821859 0.5857424459237222 7.6871382399679975 3.2210248351775883 20.497464748179887 -3.2359386443919806 1
Car 1198 1 1.8634536965236879 253.4154 782.2835 356.57327 845.9171 1.4414884405180202 1.8741511549779348 3.759351634425231 -19.960536245905338 6.452932741000652 45.639772195376494 1.4511694968441193 1
