Cyclist 1344 0 2.053679177344968 226.99445 678.95386 589.85583 1139.03 1.7949986585602922 0.8440334007571196 1.7899486593012894 -2.488356591406953 2.0822963257320755 7.002331160708724 -4.570949040189111 1
bicycle 1184 1 -0.3246928363437323 935.98846 789.2403 1019.9419 843.7896 1.0717351246445241 0.5264668722229664 1.7815695428962286 0.36982643498937895 4.763766721607162 33.070900652645484 -0.3135104671752582 1
Car 1186 1 1.977298068006823 4.6677246 781.703 213.20177 892.4939 1.4999025775655606 1.8537352481250642 4.738120617592561 -16.727033147196217 4.866085361560127 29.648680483897945 1.4636374005124422 1
moped_scooter 1187 1 -1.6230022310681351 991.7228 780.22186 1034.2117 856.11224 1.2475204674255416 0.7334515295227376 1.696950930195932 0.9883559728736729 4.341936502505621 28.93788844624773 -1.5888611108435888 1
Pedestrian 1189 2 0.13010661725598505 925.5618 766.18695 957.62225 841.6581 1.6719067408903163 0.6941023543180249 0.6646787939086847 -0.4566442976071444 5.01003962093583 34.94836431023346 0.11704110411678381 1
rider 1190 0 2.4575002285544914 788.09204 722.146 945.04736 951.991 1.5309191621617426 0.8191567669374136 0.8230100746303561 -0.6996925107894251 2.286043472062302 11.03184211192057 -3.8890250487277553 1
rider 1346 0 2.0583184795727574 288.73782 681.7684 555.8101 1090.0084 1.7226585932932135 0.8440334007571196 0.9000183472276762 -2.473611907210488 2.006544349662282 6.958212749954519 -4.56642882147044 1
bicycle 1191 0 -1.3218131374218178 998.7452 776.7791 1079.6571 875.2821 1.22724996907956 0.8019318056615724 1.8035906403665127 1.1995825391265191 3.6256840775630907 22.635169677923344 -1.2688662680881042 1
bicycle 1183 1 1.8014582773831207 314.45807 784.4647 429.41675 944.5912 1.182428464209096 0.5823813253944536 1.8571046343303317 -5.447821597309942 2.7699654577983526 13.91781119559081 1.428363290122543 1
Cyclist 1192 0 2.44548101252941 716.46893 718.0826 997.007 997.0051 1.7442031595696388 0.9116060574413746 1.920979964756554 -0.7381460312378687 2.492072946436953 11.008636157327508 -3.904655621106729 1
bicycle 1193 1 1.59813339939645 755.7757 799.1761 787.19556 858.8353 1.0945150279063423 0.6459511306589296 1.598457862621831 -4.191430670624909 5.047854209085676 33.09579901955192 1.4721586491575889 1
bicycle 1194 1 1.8583802386069557 199.76126 784.0373 340.43085 959.73627 1.182428464209096 0.5823813253944536 1.8571046343303317 -5.854428646739175 2.6430056979565233 12.764715305890581 1.428363290122543 1
bicycle 1195 1 -0.254442551353586 947.3059 785.6398 1034.3967 843.1918 1.089361751367478 0.6410449482936995 1.7399499128891602 0.6236634714203869 4.551168666958223 31.6925641444756 -0.23476654837227384 1
bicycle_rack 1347 2 2.2592734113325665 0.0 714.08215 224.5406 1215.0 1.3038628145497861 0.8303412626471127 9.24551536605635 -5.249636215730769 1.9204193351554188 5.69965830307175 1.51495268377426 1
bicycle 1197 2 0.056822952993266715 916.89233 787.6844 993.07465 843.16815 1.2148521130596417 0.7516245143402163 1.775783365741881 -0.14152978165998753 5.140802336732866 35.64384863047874 0.05285230887625314 1
bicycle 1185 2 0.05163434657153446 916.9535 788.45026 991.1991 841.59827 1.2112061402301757 0.5311603825321038 1.7759121062125285 -0.16901374371013156 5.2122791530361585 36.27706155971852 0.046975410219235236 1
Pedestrian 1188 0 2.674949164273787 1563.8542 724.31665 1664.9121 883.24274 1.75268098032568 0.6853697338821859 0.8553308123786945 7.551600308431881 2.9281942219893353 17.316013211644666 -3.196997168329969 1
Car 1198 2 1.8889618631572125 273.33194 781.33875 383.77512 847.85785 1.4414884405180202 1.8741511549779348 3.759351634425231 -18.34272025288668 6.198504891306767 43.524215407377696 1.4901128683187146 1
