Cyclist 1344 0 2.1077531555468187 373.05753 701.7206 675.29364 1077.9697 1.7949986585602922 0.8440334007571196 1.7899486593012894 -2.4096616676946256 2.2819602394501217 8.505651010971606 -4.451499482969802 1
bicycle 1184 2 -0.3243273026815546 925.1938 791.7757 1007.50336 845.3884 1.0717351246445241 0.5264668722229664 1.7815695428962286 0.11534741548441571 4.894894725169462 33.72991391215682 -0.32090757957936167 1
bicycle_rack 1347 1 2.2034161138460613 0.0 720.8464 257.47403 1215.0 1.3038628145497861 0.8303412626471127 9.24551536605635 -5.281820875671627 2.007288247910538 6.323721804534129 1.5075540678268764 1
Car 1186 1 1.967701831476206 12.242798 783.42487 215.00467 892.58356 1.4999025775655606 1.8537352481250642 4.738120617592561 -16.923644604325315 4.9568987603187304 30.151786357873757 1.4562383599212896 1
moped_scooter 1187 1 -1.622181296424852 979.866 778.37305 1021.4091 852.5964 1.2475204674255416 0.7334515295227376 1.696950930195932 0.7659084835517289 4.367088254495779 29.539274432587426 -1.5962586246285466 1
Pedestrian 1189 2 0.08110289871337294 915.3398 766.4427 945.5736 840.4326 1.6719067408903163 0.6941023543180249 0.6646787939086847 -0.7294799231043132 5.0724844976490315 35.561206583741416 0.06059241277213756 1
rider 1190 0 2.4121513670706074 876.40894 729.49255 1016.8628 934.37305 1.5309191621617426 0.8191567669374136 0.8230100746303561 -0.12203112432151776 2.435027492297823 12.346559189150195 -3.880917434688466 1
rider 1346 0 2.112909995830507 427.56506 704.88947 645.9002 1041.4174 1.7226585932932135 0.8440334007571196 0.9000183472276762 -2.37823874289573 2.2043979695993583 8.460337128752675 -4.444307912504189 1
bicycle 1191 0 -1.3219208110850944 989.2489 778.9822 1067.454 874.27765 1.22724996907956 0.8019318056615724 1.8035906403665127 1.0693785936992664 3.7397729918525586 23.40567478117536 -1.2762637029258121 1
bicycle 1183 0 1.7819277871704318 340.83118 787.8026 445.7494 939.6695 1.182428464209096 0.5823813253944536 1.8571046343303317 -5.537321821218827 2.8850512523219 14.668306853159688 1.4209649923640368 1
Cyclist 1192 0 2.427126565810018 805.30493 726.13025 1054.8187 974.41974 1.7442031595696388 0.9116060574413746 1.920979964756554 -0.23106209275422923 2.642428074556844 12.287378638431296 -3.874861357382232 1
bicycle 1193 1 1.5946211321403312 750.299 799.04626 780.8921 857.5668 1.0945150279063423 0.6459511306589296 1.598457862621831 -4.405291069156359 5.119253306963227 33.732417305347056 1.4647608852519576 1
bicycle 1194 1 1.8373460698058035 230.6678 787.55963 359.87518 955.28033 1.182428464209096 0.5823813253944536 1.8571046343303317 -5.912680185118297 2.741279474590934 13.369878179241988 1.4209649923640368 1
bicycle 1195 2 -0.25408873501056245 936.58826 790.44507 1021.8953 847.03296 1.089361751367478 0.6410449482936995 1.7399499128891602 0.38578890915334496 4.7280784853222 32.35011611793954 -0.2421638744974277 1
bicycle 1197 2 0.05850861222741726 903.9527 784.3463 978.8526 838.7021 1.2148521130596417 0.7516245143402163 1.775783365741881 -0.4736325300971752 5.127309223135421 36.27876649799301 0.04545398910979781 1
bicycle 1185 2 0.052490127603905416 905.27435 785.6851 978.1939 837.74884 1.2112061402301757 0.5311603825321038 1.7759121062125285 -0.47710063339182307 5.215981070020433 36.94711690584187 0.0395777772615975 1
Pedestrian 1188 0 2.6773326048707355 1557.417 729.9955 1636.2279 882.77356 1.75268098032568 0.6853697338821859 0.633883225647817 7.647994552316615 3.044250723782426 18.015937628869935 -3.204394864095982 1
Car 1198 1 1.8828609165388177 271.9951 780.6762 380.6578 846.4533 1.4414884405180202 1.8741511549779348 3.759351634425231 -18.60489567109802 6.2271419090262645 43.98680189206073 1.4827148470235736 1
