Cyclist 1344 2 2.132013984007336 0.0 568.6891 277.7644 1215.0 1.7949986585602922 0.8440334007571196 1.7899486593012894 -2.5447773031522924 1.686436787148029 3.795453666156144 1.541375746869765 1
bicycle 1184 1 -0.32663743283092744 953.7406 788.91254 1041.3939 845.7802 1.0717351246445241 0.5264668722229664 1.7815695428962286 0.7692766748110867 4.6029032763997115 31.67990995564985 -0.30235941161803814 1
Car 1186 1 2.000609494693169 0.0 774.6735 196.4236 889.9168 1.4999025775655606 1.8537352481250642 4.738120617592561 -16.406161691035003 4.576463536538075 28.27121645064913 1.4747913295677333 1
moped_scooter 1187 1 -1.6222658067143254 1006.2851 780.18835 1050.9896 860.1832 1.2475204674255416 0.7334515295227376 1.696950930195932 1.225079476137598 4.189142489857676 27.476878053296186 -1.5777094832635787 1
Pedestrian 1189 0 0.11784529716308502 941.38904 763.09485 974.48004 841.7407 1.6719067408903163 0.6941023543180249 0.6646787939086847 -0.07143043605488432 4.805059237481993 33.521162825932976 0.11571439471468348 1
rider 1190 0 2.295450709824583 561.83765 699.605 779.56586 1014.1198 1.5309191621617426 0.8191567669374136 0.8230100746303561 -1.5650300682144862 1.9641443427309193 8.109280818215485 -4.178383149619039 1
rider 1346 2 2.1125822888539703 0.0 568.765 221.81216 1215.0 1.7226585932932135 0.8440334007571196 0.9000183472276762 -2.4972840867574897 1.5987413867837879 3.7693391883071294 1.5274519896340184 1
bicycle 1191 0 -1.329622155617336 1024.799 775.12506 1110.2352 880.2176 1.22724996907956 0.8019318056615724 1.8035906403665127 1.5307576463345236 3.460657115952085 21.251199723181983 -1.2577147618183644 1
bicycle 1183 0 1.832593379374044 269.16827 779.3363 403.0481 955.3526 1.182428464209096 0.5823813253944536 1.8571046343303317 -5.2608122213419755 2.59166360894506 12.687150608409631 1.4395161006816584 1
Cyclist 1192 0 2.3111995915567385 457.4014 696.23615 830.8518 1088.774 1.7442031595696388 0.9116060574413746 1.920979964756554 -1.641590272030135 2.1805012284373433 8.087735815322386 -4.172238082704446 1
bicycle 1193 1 1.5996412217687792 769.6623 796.37177 802.51355 858.4869 1.0945150279063423 0.6459511306589296 1.598457862621831 -3.707601709165146 4.827016366216986 31.727360575118347 1.4833106544382022 1
bicycle 1194 1 1.900212022021457 127.007904 778.8689 296.8143 976.39844 1.182428464209096 0.5823813253944536 1.8571046343303317 -5.660607270446869 2.4554147078724755 11.405252616424477 1.4395161006816584 1
bicycle 1195 1 -0.25581586592180977 964.18787 783.6088 1055.0582 843.4942 1.089361751367478 0.6410449482936995 1.7399499128891602 0.9788680168204917 4.368110848676209 30.38846726083793 -0.22361517410485776 1
bicycle_rack 1347 2 2.3856682827429556 3.8291516 0.0 1935.0 908.8265 1.3038628145497861 0.8303412626471127 9.24551536605635 -5.182613013511019 1.7211493188034754 4.4657365584465945 1.5261059716476235 1
bicycle_rack 1196 1 -3.090580505498627 751.9567 771.5457 814.35864 838.99316 1.2333539732356307 8.433609140548654 1.6349943051729467 -5.882774367172075 6.5679898862184025 50.13881672967487 -3.207376252440124 1
bicycle 1197 2 0.053365216107713456 937.22327 780.7943 1016.4106 838.49695 1.2148521130596417 0.7516245143402163 1.775783365741881 0.3644371045562988 4.830368961122931 34.25033396300533 0.0640052102248041 1
bicycle 1185 2 0.04921004072517958 935.75995 784.3943 1012.9834 839.75775 1.2112061402301757 0.5311603825321038 1.7759121062125285 0.31084774061658915 4.96279276398943 34.8584587557095 0.05812723077077164 1
Pedestrian 1188 0 2.7460419799408817 1614.2567 724.13104 1710.7462 899.78076 1.75268098032568 0.6179726422684331 0.7301647850960447 7.310354876112641 2.810204030692272 15.612655220871428 -3.0992310068496796 1
Car 1198 1 1.8995488594742784 272.2156 775.4373 386.60187 843.0487 1.4414884405180202 1.8741511549779348 3.759351634425231 -17.867669080082027 5.9114484701901455 42.46406997332822 1.5012652610698214 1
