Cyclist 1344 0 2.136476030164599 545.0398 720.9376 779.9935 1011.3218 1.7949986585602922 0.8440334007571196 1.7899486593012894 -2.1210552196300636 2.5574205055810175 10.884459559283426 -4.339167365393248 1
bicycle 1184 1 -0.3220581078129551 902.8942 794.5532 982.33136 846.46094 1.0717351246445241 0.5264668722229664 1.7815695428962286 -0.43498567407330924 5.098667761258085 34.95490514463623 -0.3345016610335616 1
bicycle 1195 1 -0.253235083037543 916.3025 792.1818 998.918 847.14276 1.089361751367478 0.6410449482936995 1.7399499128891602 -0.08427439813680716 4.88472159137075 33.39880581267076 -0.2557583534728405 1
bicycle_rack 1347 1 2.1353148992591464 0.0 727.7704 286.13513 1215.0 1.3038628145497861 0.8303412626471127 9.24551536605635 -5.448866454642798 2.125133969530982 7.297690039662159 1.4939571767309072 1
Car 1186 1 1.953542397516045 18.2385 785.8827 212.31454 892.28253 1.4999025775655606 1.8537352481250642 4.738120617592561 -17.386975764801868 5.10467874159611 31.018086281479544 1.4426406899556805 1
moped_scooter 1187 1 -1.6205803320151544 957.97516 786.72345 997.73175 858.46643 1.2475204674255416 0.7334515295227376 1.696950930195932 0.32992673405015793 4.668973700298255 30.75593375817033 -1.6098534887923452 1
Pedestrian 1189 0 0.0897484265356414 893.9208 773.8599 923.4514 845.6604 1.6719067408903163 0.6941023543180249 0.6646787939086847 -1.2872903385603276 5.363990030071523 36.70061011069329 0.054687352296884706 1
rider 1190 0 2.5938340548730134 971.8894 740.6389 1089.1703 915.145 1.5309191621617426 0.8191567669374136 0.8230100746303561 0.6612873752993333 2.6897308587530118 14.415508833574043 -3.643510061059503 1
bicycle 1191 2 -1.317845446815778 964.46747 785.32477 1039.4944 876.6624 1.22724996907956 0.8019318056615724 1.8035906403665127 0.6860166058778434 3.9609969369970193 24.50555457073143 -1.2898584252734875 1
bicycle 1183 0 1.763795373618263 354.3073 790.9916 448.83234 932.4994 1.182428464209096 0.5823813253944536 1.8571046343303317 -5.853580451673004 3.0355741035794486 15.721538288395687 1.407368689204247 1
Cyclist 1192 0 2.5889448772586547 911.5943 737.90485 1131.6893 945.56824 1.7442031595696388 0.9116060574413746 1.920979964756554 0.5856009435691885 2.895932373598936 14.373177498856519 -3.6535203288165703 1
bicycle 1193 1 1.589579789945634 737.8914 800.5867 767.2965 857.5075 1.0945150279063423 0.6459511306589296 1.598457862621831 -4.837289913590429 5.27176874149877 34.724455231131316 1.4511655623788227 1
bicycle 1194 1 1.815528514174598 252.67015 791.69464 368.6558 948.1173 1.182428464209096 0.5823813253944536 1.8571046343303317 -6.193927317193392 2.8874353733323135 14.323035406281967 1.407368689204247 1
rider 1346 0 2.123290652900172 584.275 723.18665 751.06036 983.79297 1.7226585932932135 0.8440334007571196 0.9000183472276762 -2.1218498068024916 2.4755340499236125 10.884990293007895 -4.352413915784585 1
bicycle 1197 2 0.05764138932135787 886.1393 792.64636 958.6001 845.2775 1.2148521130596417 0.7516245143402163 1.775783365741881 -0.9670399102114485 5.466358204218432 37.49760221596389 0.03185772454330493 1
bicycle 1185 2 0.052159356708258345 886.58435 794.51935 957.2014 844.93414 1.2112061402301757 0.5311603825321038 1.7759121062125285 -0.9990946172953372 5.572083723041916 38.158687677256935 0.02598271204642355 1
Pedestrian 1188 0 2.6802109117866535 1524.4304 742.01886 1611.4596 885.7015 1.75268098032568 0.6853697338821859 0.8168181885994263 7.789183304461967 3.28739103394809 19.222876613066944 -3.2179900198924862 1
Car 1198 1 1.8753365169375182 262.91913 787.90283 368.49313 852.8247 1.4414884405180202 1.8741511549779348 3.759351634425231 -19.372517525593423 6.5648005145904955 45.03754646984144 1.4691190504372793 1
