bicycle 1184 1 -0.3258387086789087 964.83044 789.93823 1061.2745 852.50977 1.0717351246445241 0.5264668722229664 1.7815695428962286 0.9973734060783952 4.306420979707604 28.801970606877077 -0.2912238886841989 1
bicycle_rack 1196 1 -3.0772604176143483 744.509 787.37054 814.0999 862.12006 1.2333539732356307 8.433609140548654 1.6349943051729467 -5.672033704799102 6.848469975986169 47.42816833019551 -3.196287203300667 1
Car 1186 1 2.0484472557628535 0.0 766.7391 139.59827 894.22455 1.4999025775655606 1.8537352481250642 4.738120617592561 -16.052389961767894 4.146218017652666 25.461303013017112 1.4859296814525793 1
moped_scooter 1187 0 -1.6292999609883685 1030.6986 778.96454 1081.4598 868.6514 1.2475204674255416 0.7334515295227376 1.696950930195932 1.5433403317220369 3.866587770139409 24.571988995714552 -1.5665734291883422 1
Pedestrian 1189 0 0.061953325226601436 957.3862 760.7768 991.9235 846.8349 1.6719067408903163 0.6941023543180249 0.6646787939086847 0.2774720865966332 4.485046258907056 30.59088926684262 0.07102349233146743 1
bicycle 1191 0 -1.337537789306045 1046.3325 774.4588 1145.0801 897.883 1.22724996907956 0.8019318056615724 1.8035906403665127 1.6631141075842921 3.1490874615520994 18.23377276524375 -1.2465788315603181 1
bicycle 1183 0 1.9355712079791334 56.693775 764.42786 269.04504 997.2437 1.182428464209096 0.5823813253944536 1.8571046343303317 -5.1100746107040225 2.176624527643723 9.698786515592738 1.4506533373282267 1
bicycle 1193 1 1.612756568787013 764.3055 794.42224 801.6556 863.00397 1.0945150279063423 0.6459511306589296 1.598457862621831 -3.4173103148799573 4.446699202959909 28.749607940374457 1.4944470864159607 1
bicycle 1194 1 2.0273533385978557 0.0 764.1427 115.00633 1033.7465 1.182428464209096 0.5823813253944536 1.8571046343303317 -5.531461498912653 2.063333627654108 8.503895177303699 1.4506533373282267 1
bicycle 1195 1 -0.25781542328170703 978.88947 786.4984 1079.8245 853.0759 1.089361751367478 0.6410449482936995 1.7399499128891602 1.2420500373875307 4.1015206506071635 27.377726479170992 -0.21247933709894173 1
bicycle 1197 2 0.05328921874005626 950.28784 779.0563 1036.78 842.2121 1.2148521130596417 0.7516245143402163 1.775783365741881 0.6854939589085336 4.493395756780609 31.36286341396995 0.07514260701241593 1
bicycle 1185 2 0.05457302648841372 949.7758 783.1443 1034.0841 843.69977 1.2112061402301757 0.5311603825321038 1.7759121062125285 0.6611073652789953 4.629987623759629 31.976374155670843 0.0752449509968034 1
Pedestrian 1188 0 2.843925203989221 1682.8497 712.4048 1783.9193 933.95526 1.75268098032568 0.6853697338821859 0.5761142899788851 6.453891719132321 2.5083546977948377 12.525664214542145 -2.9634843298366773 1
Car 1198 1 1.929528949225974 231.73328 772.44476 359.21017 844.9022 1.4414884405180202 1.8741511549779348 3.759351634425231 -17.5247131008361 5.533935874514268 39.547491183957305 1.512402079287532 1
Car 1754 2 1.8599291237844928 326.7559 772.75793 422.4884 835.7692 1.502257331246926 1.7402345929378116 4.110331704532584 -18.654449567112206 6.43078346823823 47.726294330863716 1.4873240749414784 1
