bicycle 1183 1 1.8568622595566389 228.64668 776.44684 378.0797 964.61316 1.182428464209096 0.5823813253944536 1.8571046343303317 -5.186335750566543 2.485178920103934 11.897616629786596 1.445783927462502 1
bicycle 1184 1 -0.32490362757018637 959.44476 786.62085 1049.2725 844.77344 1.0717351246445241 0.5264668722229664 1.7815695428962286 0.8910513880857401 4.47073651795416 30.91883500706984 -0.29609255409778124 1
bicycle 1185 2 0.05075091413470875 945.98846 783.06323 1025.0173 839.76776 1.2112061402301757 0.5311603825321038 1.7759121062125285 0.5575817605854001 4.849782114453103 34.07813214827117 0.06711131819978089 1
Car 1186 1 2.0110846385255847 0.0 774.09094 191.58847 892.16754 1.4999025775655606 1.8537352481250642 4.738120617592561 -16.179181021671987 4.498276955387814 27.61186104715171 1.4810597842009599 1
moped_scooter 1187 0 -1.623600694865199 1017.0129 777.20874 1063.1409 859.33856 1.2475204674255416 0.7334515295227376 1.696950930195932 1.3945318718880602 4.054591030065723 26.71224112944752 -1.5714423218686357 1
Pedestrian 1188 0 2.7410615740925457 1636.1837 717.6378 1730.324 903.62085 1.75268098032568 0.6853697338821859 0.6210813782190368 7.137216990129993 2.6930971477020638 14.806900235108587 -3.092963586981501 1
Pedestrian 1189 0 0.05872797500751333 956.0861 761.09485 988.35046 841.66046 1.6719067408903163 0.6941023543180249 0.6646787939086847 0.24245748231406397 4.678799010438692 32.647511970046715 0.06615436098282812 1
rider 1190 0 2.316939979705428 310.81268 670.65857 605.54065 1083.3549 1.5309191621617426 0.8191567669374136 0.8230100746303561 -2.069403103955051 1.737642471322483 6.211783316826046 -4.287823264263819 1
bicycle 1191 0 -1.330195098650587 1033.2399 772.45544 1122.1421 881.78644 1.22724996907956 0.8019318056615724 1.8035906403665127 1.611339471157397 3.3389978307577817 20.419807899602688 -1.2514476697823602 1
Cyclist 1192 0 2.325185493856185 162.9868 665.4192 675.6835 1191.7557 1.7442031595696388 0.9116060574413746 1.920979964756554 -2.1224529180611467 1.9405333528959912 6.18239796748188 -4.288698553998969 1
bicycle 1193 1 1.6038989725078037 772.06525 792.64685 806.14716 856.30347 1.0945150279063423 0.6459511306589296 1.598457862621831 -3.5448326457045187 4.649868386435019 30.87252647107244 1.489578028423383 1
bicycle 1194 1 1.931597631484261 66.275894 775.53015 259.5164 989.0 1.182428464209096 0.5823813253944536 1.8571046343303317 -5.593146117532508 2.3458499783746882 10.592622633569182 1.445783927462502 1
bicycle 1195 1 -0.2562820739511295 972.952 783.5055 1066.4979 845.0993 1.089361751367478 0.6410449482936995 1.7399499128891602 1.1502159609547193 4.27417776016243 29.52783291654377 -0.2173481393131742 1
bicycle_rack 1196 1 -3.089805740791643 759.6254 771.1645 823.15857 839.64703 1.2333539732356307 8.433609140548654 1.6349943051729467 -5.518935329191947 6.479542789511582 49.379753493742 -3.201108973766122 1
bicycle 1197 2 0.050966238958770935 949.16327 778.5686 1030.3739 837.8111 1.2148521130596417 0.7516245143402163 1.775783365741881 0.6443946893235591 4.689079983054736 33.372281450529314 0.07027311856320795 1
Car 1198 1 1.9058480313585109 270.59454 774.8034 387.89105 843.65546 1.4414884405180202 1.8741511549779348 3.759351634425231 -17.53548753755277 5.8126114384739385 41.670930304559064 1.5075328525113272 1
