bicycle 1184 1 -0.32603133413960167 957.0081 785.7649 1046.3436 843.5984 1.0717351246445241 0.5264668722229664 1.7815695428962286 0.8401884196525717 4.471002818560294 31.086288501794353 -0.2990102915502084 1
bicycle 1185 2 -0.04636090909818097 943.41766 778.34076 1021.51685 834.0222 1.2112061402301757 0.5311603825321038 1.7759121062125285 0.48200602557736605 4.775732583768861 34.445583434318856 -0.0323685617354732 1
Car 1186 1 2.0052614771468225 0.0 772.32074 195.7907 888.9631 1.4999025775655606 1.8537352481250642 4.738120617592561 -16.212850138815366 4.486822606390911 27.85449615407488 1.478141304766306 1
moped_scooter 1187 0 -1.6231382156433458 1012.1395 774.9968 1057.8516 856.3277 1.2475204674255416 0.7334515295227376 1.696950930195932 1.3143974843435375 4.035301442983648 26.925139002005338 -1.574360199215974 1
Pedestrian 1189 0 0.05885324961414185 951.67303 761.39685 983.6654 841.2651 1.6719067408903163 0.6941023543180249 0.6646787939086847 0.1443282837328082 4.711003996228006 32.92819193486329 0.06323634358304964 1
rider 1190 0 2.3208670632974 394.39282 680.1857 660.9703 1057.7339 1.5309191621617426 0.8191567669374136 0.8230100746303561 -1.9490701100141812 1.8019406058647922 6.778152397215205 -4.242315936588339 1
bicycle 1191 0 -1.3312875213449296 1031.1686 772.2493 1118.7979 880.0892 1.22724996907956 0.8019318056615724 1.8035906403665127 1.5941815514852906 3.3620277407800305 20.68375651849389 -1.2543655147330997 1
bicycle 1183 0 1.8489986646197645 240.26831 774.7332 384.65424 958.55853 1.182428464209096 0.5823813253944536 1.8571046343303317 -5.220451438626019 2.4947252263017474 12.139418414649445 1.4428657402762615 1
Cyclist 1192 0 2.330310895206768 266.81696 675.8745 726.8781 1150.496 1.7442031595696388 0.9116060574413746 1.920979964756554 -2.0079312289123488 2.011781331065259 6.786754975465902 -4.240528984562608 1
bicycle 1193 1 1.6016041718083176 771.3813 786.40466 804.9637 849.1055 1.0945150279063423 0.6459511306589296 1.598457862621831 -3.5988230131454877 4.549919581224489 31.17131738545138 1.4866600520697597 1
bicycle 1194 1 1.9207689616333923 86.01764 772.83307 271.05048 980.04956 1.182428464209096 0.5823813253944536 1.8571046343303317 -5.624755118847044 2.351487274468951 10.859676815140764 1.4428657402762615 1
bicycle 1195 1 -0.2571980104630482 970.277 782.022 1063.1628 843.1517 1.089361751367478 0.6410449482936995 1.7399499128891602 1.0987831190070998 4.266706265702625 29.737950171907972 -0.22026595913451308 1
bicycle_rack 1196 1 -3.09064453772879 756.7522 769.38824 819.7983 837.21484 1.2333539732356307 8.433609140548654 1.6349943051729467 -5.648181080990622 6.437436292862055 49.6016870908362 -3.204026906933003 1
bicycle 1197 2 -0.056013290039276575 941.97894 778.4666 1022.5343 836.8518 1.2148521130596417 0.7516245143402163 1.775783365741881 0.4638060218673277 4.7182005396418685 33.702561428587615 -0.04225241471877239 1
Pedestrian 1188 0 2.734580085673141 1634.4655 717.3724 1745.5933 900.60516 1.75268098032568 0.6853697338821859 0.7975618767097674 7.310447694891216 2.7043445415514324 15.029126316033036 -3.0958815858857562 1
Car 1198 1 1.9023107347715809 272.1774 774.848 388.54663 843.4238 1.4414884405180202 1.8741511549779348 3.759351634425231 -17.578779860588792 5.831732453168877 41.84627101044786 1.5046147749416376 1
