bicycle 1184 1 -0.3203079648883373 889.6142 798.67474 992.6961 866.5042 1.0717351246445241 0.5264668722229664 1.7815695428962286 -0.3609033570424178 4.264947997010483 26.93898272221963 -0.3337042304888129 1
bicycle_rack 1196 1 -3.062919745616321 653.34375 785.58264 730.50635 863.59955 1.2333539732356307 8.433609140548654 1.6349943051729467 -8.090543743622959 6.585287215492976 45.53278462933385 -3.2387705180615596 1
Car 1754 1 1.8798756351109058 210.40205 768.6135 317.08682 835.3663 1.502257331246926 1.7402345929378116 4.110331704532584 -20.937560371302954 6.038432654635746 45.05346551832446 1.4448424780812088 1
moped_scooter 1187 0 -1.6205633090173668 952.52356 786.38654 1006.4202 884.5623 1.2475204674255416 0.7334515295227376 1.696950930195932 0.2612301385484922 3.791915881686031 22.700255220613066 -1.6090560107340925 1
Pedestrian 1189 0 0.06849109592360797 879.4638 769.23364 923.0127 861.35016 1.6719067408903163 0.6941023543180249 0.787083405634498 -1.1441606024347555 4.469080832111819 28.62309907651748 0.028539035616985897 1
bicycle 1191 0 -1.3357826884867585 974.1492 780.7159 1083.2485 918.5872 1.22724996907956 0.8019318056615724 1.8035906403665127 0.7714469185173591 3.048284705834396 16.499505699079094 -1.2890609554150954 1
bicycle 1193 1 1.6324996831490024 666.4245 799.0018 708.87714 873.6418 1.0945150279063423 0.6459511306589296 1.598457862621831 -4.862844598766547 4.293112958327421 26.64222486763434 1.4519630673096993 1
bicycle 1195 1 -0.2504925755273736 900.5092 797.13025 1009.0587 869.9318 1.089361751367478 0.6410449482936995 1.7399499128891602 -0.11355269071915262 4.077147063508908 25.41264626399234 -0.2549608994402246 1
bicycle 1197 2 0.0619165096438417 870.5712 788.36316 963.3343 855.72266 1.2148521130596417 0.7516245143402163 1.775783365741881 -0.8587595261088538 4.466148393837694 29.33965803194999 0.0326552818665522 1
bicycle 1185 2 0.06056349732153517 874.3282 789.5881 964.3326 853.8273 1.2112061402301757 0.5311603825321038 1.7759121062125285 -0.8343051706690112 4.547600921996082 30.001227323017815 0.032761627965684825 1
Pedestrian 1188 0 2.986959467225451 1624.393 712.8696 1719.342 964.2926 1.75268098032568 0.6853697338821859 0.5376016661996007 5.267785668394895 2.4302593809871293 11.113266363362017 -2.8535865726449843 1
Car 1198 2 1.9531060237290987 100.44696 771.81433 245.11098 850.3194 1.4414884405180202 1.8741511549779348 3.759351634425231 -19.295730223240852 5.247523892606516 36.77678409355177 1.4699165831798808 1
