bicycle 1184 1 -0.3189840089892205 867.3894 800.7184 971.7616 869.6339 1.0717351246445241 0.5264668722229664 1.7815695428962286 -0.7401592294690029 4.265566978773526 26.615020413868418 -0.34678667442709266 1
bicycle_rack 1196 1 -3.064536820824144 635.4068 783.73486 712.8956 862.08875 1.2333539732356307 8.433609140548654 1.6349943051729467 -8.563097743198318 6.486637193167073 45.17852716815955 -3.251853896320948 1
moped_scooter 1187 0 -1.6269269214443456 941.7801 788.96344 997.1331 888.8582 1.2475204674255416 0.7334515295227376 1.696950930195932 0.10718389602172881 3.79866007363064 22.38735101374671 -1.6221392591162487 1
Pedestrian 1189 0 0.06777252265956621 861.6883 771.15515 903.72906 864.3421 1.6719067408903163 0.6941023543180249 0.7488319644701762 -1.4814623586426166 4.473323345648034 28.29107654667765 0.015455302534945536 1
bicycle 1191 0 -1.3405631435700225 960.7672 782.0499 1071.511 923.2194 1.22724996907956 0.8019318056615724 1.8035906403665127 0.6207504234425186 3.0268902677017975 16.14940029926256 -1.3021440711908 1
bicycle 1193 1 1.6309954237013802 648.2116 802.39343 691.1867 878.32574 1.0945150279063423 0.6459511306589296 1.598457862621831 -5.114509312877217 4.314391881084589 26.29364379874319 1.4388793786445055 1
bicycle 1195 1 -0.2500707789064537 879.6026 799.58746 989.5251 873.5986 1.089361751367478 0.6410449482936995 1.7399499128891602 -0.4511315502827764 4.0841621565585395 25.09787829314573 -0.26804373136380955 1
bicycle 1197 2 0.05929500989323257 854.34576 792.1796 948.1643 860.3009 1.2148521130596417 0.7516245143402163 1.775783365741881 -1.1523530691046342 4.502057565933873 28.993559279843698 0.019570778352699936 1
bicycle 1185 2 0.06062813943727316 853.98755 792.6341 945.2454 857.64935 1.2112061402301757 0.5311603825321038 1.7759121062125285 -1.2129270792852413 4.5633691887046375 29.603192474442384 0.019678197311105317 1
Pedestrian 1188 0 2.988135415201028 1581.4755 715.35175 1712.1228 973.428 1.75268098032568 0.6853697338821859 0.7686774088753136 4.975201154755433 2.4379254837598587 10.894715764394022 -2.866669791488425 1
Car 1754 1 1.8801322363885533 184.86136 768.0735 293.62384 835.7258 1.502257331246926 1.7402345929378116 4.110331704532584 -21.401459430749924 5.96809310145935 44.48908894482112 1.43175953661504 1
Car 1198 2 1.9559450967860719 68.00434 770.5932 215.9925 850.0293 1.4414884405180202 1.8741511549779348 3.759351634425231 -19.8178390977618 5.1755263571670955 36.352943228880264 1.4568324378938846 1
