bicycle 1193 1 1.678145200372427 330.6179 799.6796 386.98434 885.9791 1.0945150279063423 0.6459511306589296 1.598457862621831 -9.368409661498903 3.9172325562222627 23.294573689310017 1.295768390466968 1
bicycle 1195 1 -0.21443116720242414 601.60535 797.4103 724.5889 881.0288 1.089361751367478 0.6410449482936995 1.7399499128891602 -4.53801356409027 3.7901894520297437 22.771070287240963 -0.411142546362363 1
bicycle 1184 1 -0.28681867447390746 594.25934 797.36163 711.5452 875.0121 1.0717351246445241 0.5264668722229664 1.7815695428962286 -4.979806371527256 3.9360692623669307 24.18554943556236 -0.4898808902556142 1
moped_scooter 1187 1 -1.6458469085243015 673.48236 785.7161 738.10004 897.71704 1.2475204674255416 0.7334515295227376 1.696950930195932 -3.464830756998548 3.5166599743346048 20.188662065155643 -1.815813669680886 1
Pedestrian 1188 1 3.0184397552360043 1282.4717 708.78625 1425.5072 992.49005 1.6977048914891812 0.6853697338821859 0.806531929601633 2.495386388219497 2.2567989721662363 9.573962419325397 -3.009775292349088 1
Pedestrian 1189 0 0.10036492737643285 589.63416 770.8362 638.2831 866.09814 1.5685639759720176 0.5095989133251346 0.7718948123993613 -5.998791041647021 4.120759011319256 25.85081376021919 -0.1276536172380205 1
bicycle 1191 0 -1.2994532737541005 669.9533 775.17474 805.2906 936.5444 1.22724996907956 0.8019318056615724 1.8035906403665127 -2.067210117964977 2.736912340194432 14.078186542655045 -1.4452491921733077 1
bicycle_rack 1870 2 -3.0576104355899965 320.6255 789.3421 405.57605 853.1958 1.1748380401460192 1.4738258286649812 1.6385909547075994 -13.300735932962482 4.942551744212238 33.31972829796211 -3.4374140340838597 1
bicycle_rack 1196 1 -3.0325196088704236 339.7171 777.53503 438.5153 862.0105 1.2333539732356307 8.433609140548654 1.6349943051729467 -15.779585306162245 5.918364538250978 41.61389900560313 -3.394958863927952 1
bicycle 1197 2 0.09625928063437766 576.292 790.10443 682.4245 865.85846 1.2148521130596417 0.7516245143402163 1.775783365741881 -5.877805787958782 4.202090595796123 26.559822197575663 -0.12153487462405566 1
bicycle 1185 2 0.0928197685050354 580.89685 793.7471 683.18604 865.9309 1.2112061402301757 0.5311603825321038 1.7759121062125285 -5.97772174543399 4.325614910917279 27.210577868208116 -0.12342886491333172 1
