bicycle 1191 0 -1.2459029196111935 278.84485 779.6165 459.85516 972.3363 1.22724996907956 0.8019318056615724 1.8035906403665127 -4.662534446340419 2.555707861417818 11.920374084162596 -1.618748059910844 1
Pedestrian 1188 0 1.7829530005639507 895.9813 709.76807 1095.6501 1055.6208 1.6980282215451439 0.9394066561630985 0.7258530424858203 0.20172496717202076 2.18019596757571 8.032757229873877 -4.475124791060187 1
Pedestrian 1660 0 1.623703736757312 173.8879 776.57684 205.59375 833.337 1.6093084154912929 0.8209960322356799 0.514552229900717 -23.190559504180378 6.210240247441493 44.95881173442581 1.1474820391581764 1
bicycle 1184 1 -0.2523581403564714 237.47618 800.9786 379.28983 891.6763 1.0717351246445241 0.5264668722229664 1.7815695428962286 -9.310174368496526 3.67603295358746 21.362360222456562 -0.6633588153536362 1
bicycle_rack 1196 1 -3.011662888409398 0.0 776.40436 89.97488 874.3697 1.2333539732356307 8.433609140548654 1.6349943051729467 -22.362078176449437 5.296035403208738 35.92393428901526 -3.5684509766374077 1
moped_scooter 1187 1 -1.5939119737902487 302.83136 792.5704 373.8587 922.6719 1.2475204674255416 0.7334515295227376 1.696950930195932 -7.365399851399178 3.3297075041770334 17.646495026020144 -1.9893158541338725 1
Pedestrian 1189 1 0.13373886866997037 239.1643 775.80035 293.0546 885.09576 1.5685639759720176 0.5711000603227647 0.6769790233082078 -10.622335986177886 3.9135445323710205 22.86574969191664 -0.30115061249408104 1
bicycle 1195 1 -0.254024752461492 244.3753 804.2543 394.18796 903.4923 1.089361751367478 0.6410449482936995 1.7399499128891602 -8.590588070701477 3.5875718086947215 20.043699355131697 -0.658934713554195 1
bicycle 1197 2 0.13793055708267055 220.81038 796.44653 349.87 884.2586 1.2148521130596417 0.7516245143402163 1.775783365741881 -10.679649145495782 4.0020844175716475 23.686535934284553 -0.2856501589091378 1
bicycle 1185 2 0.12464657724269318 215.94948 798.58624 339.8371 882.447 1.2112061402301757 0.5311603825321038 1.7759121062125285 -11.067309018587608 4.08981189728301 24.266089158864443 -0.3032530213386748 1
