bicycle 1193 1 1.6664602702089142 401.77963 801.13885 454.65262 885.15656 1.0945150279063423 0.6459511306589296 1.598457862621831 -8.510354388011203 4.013887653732544 23.91781086592337 1.3246130424797564 1
bicycle 1184 1 -0.2972673194447021 656.72723 798.16254 770.81476 873.9139 1.0717351246445241 0.5264668722229664 1.7815695428962286 -4.078664657288708 4.004572281605819 24.68136060543954 -0.4610400561767818 1
bicycle_rack 1196 1 -3.04088536667525 404.47546 777.79205 499.65994 862.70544 1.2333539732356307 8.433609140548654 1.6349943051729467 -13.98533969194068 5.912588024513633 41.47437406863985 -3.366115788244897 1
moped_scooter 1187 1 -1.6004072719609201 729.01605 785.4174 786.4115 894.55835 1.2475204674255416 0.7334515295227376 1.696950930195932 -2.8230708767287966 3.5582941749304204 20.63057507151608 -1.7364018137950699 1
Pedestrian 1188 1 3.0059407557493762 1368.1016 719.44916 1477.0 994.0258 1.683960869280055 0.6853697338821859 0.5955908138215324 3.016136894001985 2.329517600167743 9.823941185075546 -2.97936078439969 1
Pedestrian 1189 0 0.09292627461594488 649.88214 773.4754 691.6056 866.7833 1.5685639759720176 0.5095989133251346 0.6769790233082078 -5.113240327846972 4.214085680971202 26.340525964746593 -0.09880973669393756 1
bicycle 1191 0 -1.3093243064364375 731.8359 778.2399 861.73236 936.2592 1.22724996907956 0.8019318056615724 1.8035906403665127 -1.5496450584008843 2.803177460969451 14.416306307004746 -1.4164056582510987 1
bicycle 1195 1 -0.22698459712253716 667.0781 798.6114 787.0138 880.2743 1.089361751367478 0.6410449482936995 1.7399499128891602 -3.6352660131352215 3.858531278889542 23.217082647491473 -0.38230073444335444 1
bicycle_rack 1870 2 -3.0727085357813584 397.912 790.7767 478.3526 852.80035 1.1748380401460192 1.4738258286649812 1.6385909547075994 -11.942986513520207 5.072522788067459 34.21194721807265 -3.4085708157839467 1
bicycle 1197 2 0.09570309041024919 636.8523 791.8546 740.40735 865.9082 1.2148521130596417 0.7516245143402163 1.775783365741881 -4.908179817331984 4.280136718947315 27.007074668448656 -0.08407164820755408 1
bicycle 1185 2 0.08345049671435353 641.76776 790.4535 741.3331 860.9229 1.2112061402301757 0.5311603825321038 1.7759121062125285 -4.982249143975729 4.315021658893669 27.68826110793141 -0.09458514392471051 1
