bicycle 1184 1 -0.30401565980275336 712.06635 795.1446 823.4403 868.9627 1.0717351246445241 0.5264668722229664 1.7815695428962286 -3.249384247656292 4.004501051114321 25.14911839275872 -0.43250849974900474 1
bicycle_rack 1196 1 -3.048442171248041 467.94724 781.6816 556.08716 863.8565 1.2333539732356307 8.433609140548654 1.6349943051729467 -12.83042916922283 6.205539920100103 43.130927309657736 -3.3375820500380327 1
moped_scooter 1187 1 -1.6134078592134362 791.90924 781.9284 849.42847 888.32184 1.2475204674255416 0.7334515295227376 1.696950930195932 -1.994774874586107 3.55192002895793 21.054874858945297 -1.7078676204527197 1
Pedestrian 1188 1 2.9954106624525796 1433.7272 704.32874 1535.2333 979.6241 1.72519293590743 0.6853697338821859 0.5448815937313826 3.4796006371121115 2.276058934150674 9.983254395763355 -2.9523977669948245 1
Pedestrian 1189 0 0.08166297511113188 708.3084 762.8749 755.61017 859.1125 1.632574899608889 0.6941023543180249 0.7842038199238893 -4.105788068113156 4.141086334722213 26.81449118204494 -0.07027520568541767 1
bicycle 1191 0 -1.3176016884050263 790.1022 773.88696 915.04407 927.36163 1.22724996907956 0.8019318056615724 1.8035906403665127 -1.0404022814639866 2.795509201342065 14.781407358834386 -1.3878716725110747 1
bicycle 1193 1 1.6560892157844826 467.9874 794.4423 517.9691 875.93195 1.0945150279063423 0.6459511306589296 1.598457862621831 -7.649560932355673 3.9655701644188257 24.473765491718524 1.353148168063071 1
bicycle 1195 1 -0.23878844538611932 730.0481 791.6614 847.07245 870.8916 1.089361751367478 0.6410449482936995 1.7399499128891602 -2.7368876091033343 3.799179185552406 23.698217679772046 -0.3537682354258742 1
bicycle 1197 2 0.07741254462268848 694.12573 786.32275 794.43805 858.4827 1.2148521130596417 0.7516245143402163 1.775783365741881 -3.9830872973128257 4.235644021618652 27.551126389178325 -0.0661634509971043 1
bicycle 1185 2 0.07776115558965363 695.5309 787.2385 792.7736 856.08923 1.2112061402301757 0.5311603825321038 1.7759121062125285 -4.077552923838878 4.303022467828638 28.157612960673767 -0.06605087773852714 1
Car 1754 1 1.90004163450662 0.0 760.15375 96.43346 833.0205 1.502257331246926 1.7402345929378116 4.110331704532584 -25.47940023802576 5.426125097267393 41.186550574904444 1.3460332249871612 1
