bicycle 1193 1 1.7056599697535664 216.01093 794.7806 279.1944 884.1252 1.0945150279063423 0.6459511306589296 1.598457862621831 -10.694984025046752 3.7423673758434344 22.44899495434106 1.2610597106969252 1
bicycle 1195 1 -0.20033204438480712 522.62335 793.5657 649.9874 879.6799 1.089361751367478 0.6410449482936995 1.7399499128891602 -5.558851550784459 3.666450317922897 22.18478067214822 -0.445847575101183 1
bicycle 1184 1 -0.2658332626133199 503.60205 793.6122 626.1455 873.9736 1.0717351246445241 0.5264668722229664 1.7815695428962286 -6.206403905894815 3.7931661103011507 23.448257908148673 -0.5245847097241918 1
moped_scooter 1187 1 -1.622675569746154 583.44794 781.7058 647.93555 897.2134 1.2475204674255416 0.7334515295227376 1.696950930195932 -4.534825043167351 3.394370103199135 19.557393520713987 -1.8505218110333466 1
Pedestrian 1189 0 0.12370166484537282 498.2711 767.61255 543.9907 865.9339 1.5685639759720176 0.5095989133251346 0.6769790233082078 -7.36879433734938 3.9886433903125313 25.05284792800007 -0.16236115273699014 1
bicycle 1191 0 -1.2770551910994088 576.6314 771.0915 721.4413 936.8746 1.22724996907956 0.8019318056615724 1.8035906403665127 -2.8088894917341203 2.653317480115935 13.653119936279928 -1.4799565741031318 1
bicycle_rack 1870 2 -3.0408564999258143 226.24037 787.9272 317.2937 854.2593 1.1748380401460192 1.4738258286649812 1.6385909547075994 -14.809165642362776 4.788321802633433 32.183185523935464 -3.472120904212879 1
bicycle_rack 1196 1 -3.0166697109121885 245.80284 772.3999 354.64523 858.017 1.2333539732356307 8.433609140548654 1.6349943051729467 -17.7686702315111 5.6545962737957405 40.54945794586696 -3.4296654272226577 1
bicycle 1197 2 0.09922829649345044 491.3614 788.8704 602.12933 867.4826 1.2148521130596417 0.7516245143402163 1.775783365741881 -7.133575084802635 4.101439570679664 25.805051714667247 -0.17047713467946046 1
bicycle 1185 2 0.11514253838793109 487.6548 790.4104 594.9243 865.11035 1.2112061402301757 0.5311603825321038 1.7759121062125285 -7.408645933707606 4.181126025538793 26.431942341987074 -0.15813635271641058 1
Pedestrian 1188 0 3.0261486884487057 1216.2426 695.7094 1357.5908 998.01654 1.75268098032568 0.6853697338821859 0.7772279596125289 1.9911949623827967 2.2075060747781956 9.226442501651587 -3.0444826054224943 1
