Cyclist 932 0 1.5742850302223186 1555.6667 796.8265 1584.2153 876.58215 1.9136943291397297 0.7147397458559374 1.9148054332119553 16.81501897538263 6.78018783527202 41.30787543798109 -4.322317663867567 1
Cyclist 162 0 -1.5421974642708212 1587.795 783.621 1639.1962 899.16046 1.8457012608019623 0.8245904955409696 2.082823529759795 12.259179439175083 4.944532147127795 28.07861557980683 -1.1305410106899283 1
bicycle_rack 933 2 0.07983937559758203 1714.0773 809.5246 1908.3226 927.18744 1.3085020914901175 1.4383340147038648 2.3586609105562406 12.4049134997157 4.159402032796661 21.83446803494965 0.5964987058343132 1
rider 1678 1 2.4516515859991186 161.36557 636.5633 600.60864 1215.0 1.6760585135127433 0.7772322188166233 0.7116363207345546 -1.4605958711546712 1.7096839849570038 3.8089586884550304 -4.197703548345663 1
Car 1538 1 -1.7185530273449605 1789.9689 724.68835 1935.0 1113.8041 1.8097167307414699 1.833788210890055 4.056473728764386 6.9134949390792855 2.6470231213548265 10.322197644864085 -1.1284052642882887 1
moped_scooter 936 1 -2.3594648040418695 1726.2589 801.9735 1904.4513 935.56555 1.3855342568052917 0.7411976126351466 2.119527898960119 11.139247722487305 3.83908445961902 19.600540827684377 -1.842670288821426 1
Pedestrian 1677 0 1.9319618286362008 1022.4405 756.2878 1121.0593 982.5941 1.596754695554683 0.5147574387497277 0.7871429442508909 0.8619901798808297 2.6530861408178703 11.557473507246488 -4.276778385777249 1
Pedestrian 949 1 1.7368715875756342 1397.8925 789.5044 1435.5715 885.373 1.8304954840948795 0.6303896297331363 0.6936067059267905 9.307517476958381 5.243200130730733 30.553532030494342 -4.250614799483426 1
Cyclist 1676 1 2.489210406192066 0.0 627.30975 700.44934 1215.0 1.765886350227278 0.7793149515899309 1.9135015728995732 -1.5589412102110993 1.7734339774248729 3.6516513782471143 -4.1974656323566375 1
bicycle 939 2 -1.4438946245702027 1386.8846 814.70264 1424.0591 887.30255 1.1129716239208811 0.46235729343425847 1.7224961204762665 8.44870459113802 4.831267073010485 28.41486070162531 -1.1548854798576214 1
bicycle 942 2 3.047608617093606 1800.658 818.6564 1935.0 917.30884 1.1446714008632353 0.4659641536926679 1.7820492756414652 12.437361416189496 3.8545964244229514 20.314437770376713 -2.6862039763541867 1
bicycle_rack 943 2 0.018453496077941223 1730.888 815.7929 1855.5343 910.1038 1.4199711688185384 1.359722369914018 1.9981492153565714 15.579055375583708 5.135363038420038 28.01648018786937 0.5259431531388419 1
Pedestrian 179 1 -1.5495868748674735 1745.4221 810.57806 1776.4435 893.62976 1.7757240019499958 0.6143382910664777 0.6358751071529317 18.350099992668056 6.089437556323514 34.31461660642463 -1.058519126128779 1
Pedestrian 881 2 -1.6248161422774778 1798.3832 810.8648 1828.6947 887.90265 1.6645335085544821 0.5794416516093471 0.4550556910803655 19.517670884072896 5.965548379117484 34.253506286011884 -1.1068980746571133 1
Pedestrian 938 2 0.296801498003718 1420.0663 818.73596 1455.5997 871.24243 1.2451325887385452 0.7094338928835724 0.7211990992237831 12.629563162553849 6.446168956402285 39.62892042402389 0.6053207718696254 1
Pedestrian 934 1 0.13208160306635652 1282.7202 800.4156 1342.1344 890.2463 1.3296034864529738 0.8016480147130499 0.8579312149392511 5.809249700766407 4.292916263881221 24.721121628705497 0.36288536445199804 1
rider 935 0 1.5765270454132168 1557.5245 799.36414 1582.3066 868.5254 1.7774090974336707 0.6277840350072046 0.7472793771634756 16.787849327382713 6.643561608323361 41.245376827410134 -4.320111602063669 1
rider 167 0 -1.5408451240978545 1589.654 789.99 1638.8539 890.7187 1.7176770836104824 0.8197954708568972 0.9901013567622003 12.302754655360303 4.895816464634692 28.165705997418417 -1.1290231414666043 1
Cyclist 185 0 -1.5564023679502497 1658.2739 796.5784 1721.1848 904.39545 1.678316452617704 1.0237764359986181 1.9856577022394382 13.627696537031676 5.015632884569402 27.95325296629557 -1.1027906324921932 1
rider 182 1 -1.5575278169901454 1660.2529 800.2463 1720.6648 889.58826 1.4982537804801916 1.0036553139409685 0.8257432276488589 13.657864113253687 4.8519588991170055 28.007361557951228 -1.103806789470481 1
