Cyclist 932 0 1.6211520246219502 1232.4141 784.8292 1264.7463 870.5673 1.9136943291397297 0.7147397458559374 1.9148054332119553 7.344371378718515 6.105488280222603 38.18072716495387 -4.471996404185277 1
bicycle 942 2 3.0205779213618147 1472.2346 819.09235 1618.3085 915.19336 1.1446714008632353 0.4659641536926679 1.7820492756414652 7.8132504964908795 3.808026629980695 20.06352276189447 -2.891249928819914 1
bicycle_rack 933 2 0.04878812136764299 1403.8107 803.95154 1584.3158 920.1874 1.3085020914901175 1.4383340147038648 2.3586609105562406 7.628910281131239 4.002331287122277 21.38406875136561 0.3914695656460223 1
Pedestrian 948 2 1.3671026197149931 1485.2585 791.5811 1518.3696 875.55005 1.752519257316557 0.5492611117790164 0.7677031595916908 12.029891811710643 5.510281044351824 33.29486909377264 -4.569364630185998 1
Car 1538 0 -1.7985281494379135 1513.6405 707.4159 1935.0 1142.8468 1.8097167307414699 1.833788210890055 4.056473728764386 4.6318047009352314 2.4397727094772956 9.231252196562421 -1.3334794513634611 1
moped_scooter 936 1 -2.409660354669104 1443.1217 795.03687 1619.0936 933.0913 1.3855342568052917 0.7411976126351466 2.119527898960119 7.141190781524541 3.657767510168329 18.860361951934543 -2.0477067595159126 1
Pedestrian 1677 0 2.024757790464103 547.2712 724.12476 690.61444 1042.0056 1.596754695554683 0.5001446217074723 0.7140410042295301 -1.8561282586306092 2.1656671177879607 8.169310676566463 -4.481842047205143 1
Pedestrian 947 1 -2.8696105551475175 1513.3699 791.6275 1547.4598 876.03986 1.7410193122968463 0.5027612700013262 0.5830885269431004 12.44619955527752 5.428915822261069 32.702541654564705 -2.5059497154631694 1
Pedestrian 881 1 -1.7176424123703677 1466.3046 806.2592 1498.068 879.6695 1.6645335085544821 0.6460555543828017 0.5490315436943768 12.491063168070808 6.054724620148936 35.87010960631172 -1.3825449293570262 1
Pedestrian 938 1 0.28521587963389017 1117.2664 812.02606 1150.7913 863.49695 1.2451325887385452 0.7094338928835724 0.7211990992237831 4.627647382923981 6.314013946320722 40.04125157853616 0.40027740016929414 1
bicycle 939 2 -1.453850207289274 1083.285 804.76764 1119.8369 880.3426 1.1129716239208811 0.46235729343425847 1.7224961204762665 2.556904671292965 4.485997447580971 27.153059474184744 -1.3599607133878524 1
Cyclist 162 0 -1.5676574861346468 1293.5278 783.4981 1335.5334 886.99207 1.8457012608019623 0.8245904955409696 2.082823529759795 7.366754461118639 5.269811712485263 31.177317667759375 -1.3356274579585576 1
bicycle_rack 943 2 -0.009280556505121773 1416.8119 811.56195 1532.754 903.7152 1.4199711688185384 1.359722369914018 1.9981492153565714 9.558790496159576 5.02157096916924 27.893843173519294 0.32086239661947213 1
bicycle_rack 944 2 0.024248431454975572 1445.6956 815.37836 1572.3857 906.2207 1.2181607301315422 1.0671093847647672 1.90569260989456 8.953157943351195 4.4396372674626585 24.44596285138491 0.37531954275181323 1
Pedestrian 179 1 -1.6747074442182852 1425.1875 803.0875 1454.772 881.5132 1.7757240019499958 0.6143382910664777 0.6358751071529317 11.498998602223882 6.1019938449268984 35.9341155736698 -1.3650024393165707 1
Pedestrian 934 1 0.12932964704547917 972.74304 789.7397 1034.3334 883.985 1.3296034864529738 0.8016480147130499 0.8579312149392511 0.661940164773343 3.935977931249328 23.181845225131095 0.15787613862468097 1
rider 935 0 1.6227578577595194 1234.7102 787.1475 1261.3411 861.5578 1.7774090974336707 0.6277840350072046 0.7472793771634756 7.302226555483397 5.955234325175902 38.06904150711644 -4.4709139876796495 1
rider 167 0 -1.5602744625126403 1294.1061 786.03876 1335.2356 876.2935 1.7176770836104824 0.8197954708568972 0.9901013567622003 7.355201026502992 5.132050387587322 31.107670658975504 -1.3280951553482367 1
Cyclist 185 0 -1.5816202633218504 1354.2922 790.8178 1408.9624 890.0104 1.678316452617704 1.0237764359986181 1.9856577022394382 8.431738280866648 5.133147360919438 30.04698937221413 -1.3080382040991658 1
Pedestrian 949 0 1.6373449425698663 1064.5343 767.65515 1100.0774 868.9845 1.8304954840948795 0.6303896297331363 0.6936067059267905 2.3102694724791815 4.588471522407255 28.501730174440944 -4.564960024441342 1
rider 182 1 -1.5831237649043752 1354.8033 793.0854 1407.4781 875.16266 1.4982537804801916 1.0036553139409685 0.8257432276488589 8.413090057603014 4.93084515241717 29.99270095049642 -1.309647223958963 1
