Cyclist 932 0 1.618758411010484 1203.8165 786.4841 1236.5253 874.1061 1.9136943291397297 0.7147397458559374 1.9148054332119553 6.485398483333906 6.065001517255562 37.40733078329888 -4.492760906896718 1
bicycle_rack 933 2 0.044924913208810036 1375.0258 808.3365 1556.727 926.07745 1.3085020914901175 1.4383340147038648 2.3586609105562406 7.140586108983866 4.035922932076049 21.13728683947342 0.37070750277212294 1
Car 1538 0 -1.808908381614954 1489.5508 711.64014 1935.0 1159.401 1.8097167307414699 1.833788210890055 4.056473728764386 4.4315987216473465 2.46191096342782 9.06594610240002 -1.3542462262925812 1
moped_scooter 936 1 -2.4175435825170792 1419.9417 796.02893 1598.501 936.5028 1.3855342568052917 0.7411976126351466 2.119527898960119 6.754848847198859 3.6360502132707877 18.558313989881245 -2.0684694075365693 1
Pedestrian 1677 0 2.0404477027697077 470.15933 717.8954 646.7925 1066.059 1.596754695554683 0.4636125791018435 1.0217047636521543 -2.047079824256253 2.1096221724232005 7.699191468083264 -4.5026076927823 1
Pedestrian 949 0 1.63629755538516 1034.7949 774.3853 1070.5747 876.92316 1.8304954840948795 0.6303896297331363 0.6377380654231108 1.720433623822977 4.674163980643403 28.09149080739789 -4.585720209957477 1
Pedestrian 947 1 -2.8766950595064884 1490.0941 800.54425 1524.1268 885.72095 1.7410193122968463 0.5027612700013262 0.5830885269431004 11.856017361676281 5.599970313657639 32.4815603871529 -2.526713471575427 1
Pedestrian 881 2 -1.6509845289150833 1439.0332 807.87805 1469.1603 881.29517 1.6645335085544821 0.6460555543828017 0.5490315436943768 11.846377016099407 6.106253904713215 35.95815506898763 -1.3327339691885234 1
Pedestrian 938 1 0.2842480128480882 1087.2919 811.6268 1120.8881 863.2908 1.2451325887385452 0.7094338928835724 0.7211990992237831 3.8080815504076666 6.279063747238789 39.85210025738954 0.37951411683044145 1
rider 182 1 -1.588598818704148 1330.4457 797.29224 1382.8423 879.20123 1.4982537804801916 1.0036553139409685 0.8257432276488589 7.939721639103038 5.024234453847649 30.065999178586903 -1.3304162562097408 1
bicycle 939 2 -1.4536427564970857 1051.5692 805.92554 1088.3529 882.15045 1.1129716239208811 0.46235729343425847 1.7224961204762665 1.968522678257174 4.482938942423184 26.949573614716133 -1.3807275839371573 1
Cyclist 162 0 -1.5346673566238962 1268.4781 783.9519 1312.4824 887.01886 1.8457012608019623 0.8245904955409696 2.082823529759795 6.908575520090702 5.295346974835718 31.32260273565725 -1.3175810716746432 1
bicycle 942 2 3.01617138794891 1443.8837 816.70776 1590.5917 913.2701 1.1446714008632353 0.4659641536926679 1.7820492756414652 7.3637414985893255 3.7475889202714106 19.864118515939946 -2.9120134400878084 1
bicycle_rack 943 2 -0.015709373734716314 1392.9191 811.27704 1509.4061 904.0188 1.4199711688185384 1.359722369914018 1.9981492153565714 9.030946296264178 4.9824499147831505 27.63950272928283 0.3000959860670336 1
bicycle_rack 944 2 0.020019902813586843 1417.7616 818.13696 1544.7794 909.641 1.2181607301315422 1.0671093847647672 1.90569260989456 8.429446961345212 4.4591428666542665 24.250395170219868 0.35455539284411697 1
Pedestrian 179 1 -1.6914494463231207 1398.307 804.53516 1428.093 882.73834 1.7757240019499958 0.6143382910664777 0.6358751071529317 10.876805921380432 6.144620146567312 36.00438264461552 -1.3980701668311475 1
Pedestrian 948 2 1.3636647618549196 1456.1375 801.0345 1489.2576 885.4563 1.752519257316557 0.5492611117790164 0.7677031595916908 11.34535212149809 5.710341714526735 33.18860109532408 -4.590129291717627 1
Pedestrian 934 1 0.131141961320359 938.43915 792.3879 1001.0439 888.0907 1.3296034864529738 0.8016480147130499 0.8579312149392511 0.13635905200422294 3.9372985800334734 22.827363848370734 0.13711538125018996 1
rider 935 0 1.6197947282475864 1207.038 788.855 1233.9816 864.6312 1.7774090974336707 0.6277840350072046 0.7472793771634756 6.483490345205236 5.923821882565732 37.38608689563568 -4.4916784988042995 1
rider 167 0 -1.533346891327931 1269.7573 785.8346 1311.6725 875.5915 1.7176770836104824 0.8197954708568972 0.9901013567622003 6.898082563047909 5.147606158960633 31.289186860638935 -1.3163557793182963 1
Cyclist 185 0 -1.5868117365123033 1329.717 793.74927 1384.0054 892.7959 1.678316452617704 1.0237764359986181 1.9856577022394382 7.951265601580149 5.203155785499149 30.131575788840284 -1.3288082940423198 1
