Cyclist 932 0 1.6179491976380582 1045.4755 780.08105 1084.5343 886.09875 1.9136943291397297 0.7147397458559374 1.9148054332119553 2.1547123558649277 5.222407149507916 30.89245620546132 -4.595600067860808 1
Cyclist 162 0 -1.5473341970619543 1131.2834 787.6682 1171.689 886.514 1.8457012608019623 0.8245904955409696 2.082823529759795 4.16087387967196 5.513905589076128 32.61017025624451 -1.4204255743827932 1
bicycle_rack 933 2 0.00414431864682463 1265.272 810.48883 1467.8986 941.9579 1.3085020914901175 1.4383340147038648 2.3586609105562406 5.057410472708454 3.757687687522383 18.72935232824288 0.26788030576544597 1
bicycle 941 2 -2.044879594161981 1354.7222 823.20105 1428.9578 894.68933 1.16390892187325 0.6068567781286347 2.1059316815934643 9.044140937194777 5.485249471614259 31.496568462560813 -1.7652559755276214 1
Car 1538 1 -1.9537497594528959 1453.7081 686.2845 1935.0 1215.0 1.8097167307414699 1.833788210890055 4.056473728764386 3.5132290839338447 2.1628083713533353 6.482399069836322 -1.457096893213498 1
Pedestrian 947 1 -2.6693807637126272 1357.9747 799.7506 1394.6049 892.6592 1.7829637861923868 0.5027612700013262 0.5506943919366131 8.45540624246877 5.388818060056261 30.468166286106943 -2.3986768761057164 1
Pedestrian 179 1 -1.5868635493400798 1273.4375 802.9783 1300.3969 882.44934 1.7757240019499958 0.6143382910664777 0.6358751071529317 7.717232258775824 6.0421336624383555 35.455500191360684 -1.372546630491611 1
Pedestrian 938 1 0.28012329148747633 938.0347 809.5482 973.9802 864.9256 1.2451325887385452 0.7094338928835724 0.7211990992237831 -0.1273360208859969 5.867623494603088 36.99706319124011 0.27668151781403294 1
bicycle 939 2 -1.454486997706272 896.5044 803.37836 937.5732 888.7694 1.1129716239208811 0.46235729343425847 1.7224961204762665 -0.6995791433520557 4.086990439369311 24.040602044043894 -1.4835786890656315 1
bicycle 942 2 2.9820665804157827 1321.7229 821.82117 1484.4069 929.0183 1.1446714008632353 0.4659641536926679 1.7820492756414652 5.173494242175263 3.5043115370376086 17.57558345663254 -3.014847096207995 1
bicycle_rack 943 2 -0.04887556144597835 1276.34 811.5109 1401.8522 911.3191 1.4199711688185384 1.359722369914018 1.9981492153565714 6.371833396009892 4.69265387665337 25.363691200834253 0.1972497791341199 1
bicycle_rack 944 2 -0.009967155895840296 1294.3268 821.45435 1431.5547 921.06116 1.2181607301315422 1.0671093847647672 1.90569260989456 5.897362068921871 4.211390509455077 22.019231357144378 0.2517189583301327 1
moped_scooter 936 0 -2.4600471675297735 1308.7299 797.79724 1510.4697 957.89746 1.3855342568052917 0.7411976126351466 2.119527898960119 4.8617153720544595 3.4030962715623607 16.36665280646159 -2.1712989227494126 1
Pedestrian 881 2 -1.6123214349241497 1299.6726 807.1738 1328.8887 882.126 1.6645335085544821 0.6460555543828017 0.5490315436943768 8.294010973006543 5.989163587895157 35.150071238976736 -1.3805999062436851 1
Pedestrian 948 2 0.9129000017009745 1327.939 799.5518 1374.9083 889.694 1.752519257316557 0.7677031595916908 0.5492611117790164 8.09630240483177 5.424723537456529 31.039680674692043 1.1680520591728212 1
Pedestrian 934 1 0.13528158076969138 772.6151 788.1053 845.4273 897.737 1.3296034864529738 0.8016480147130499 0.8579312149392511 -2.005263601850194 3.5345874533180535 19.788719062381 0.03429263430449203 1
rider 935 0 1.619691237497773 1048.3682 782.5097 1080.4625 873.61163 1.7774090974336707 0.6277840350072046 0.7472793771634756 2.141412617539128 5.087242069498648 30.996347878039295 -4.594517703366204 1
rider 167 0 -1.5459628712934392 1132.181 792.6441 1171.0497 878.17615 1.7176770836104824 0.8197954708568972 0.9901013567622003 4.173462819566126 5.452668825207373 32.74603046732993 -1.4191968647555295 1
Cyclist 185 0 -1.60610933424746 1198.14 796.08936 1253.4194 895.03564 1.678316452617704 1.0237764359986181 1.9856577022394382 5.298742366929009 5.241041184313059 30.068141021599647 -1.4316758255357784 1
Pedestrian 949 0 1.6540927694833112 848.67615 761.49994 895.3097 881.3255 1.8304954840948795 0.6955697103207495 0.581869424919456 -1.4180368803741126 4.03425854923549 23.826492004160464 -4.6885375527752675 1
rider 182 1 -1.607301278231107 1198.5824 799.1433 1250.5963 880.22046 1.4982537804801916 1.0036553139409685 0.8257432276488589 5.303334810266548 5.068848790573798 30.166674919750804 -1.4332784166628718 1
