Cyclist 932 0 1.5920869921778156 954.1533 768.4388 1001.18506 904.43964 1.9136943291397297 0.7147397458559374 1.9148054332119553 0.27862306078635984 4.315724245367056 24.056369263577363 -4.679516741734352 1
Cyclist 162 0 -1.560836145988174 1082.2449 791.55286 1120.3674 887.70746 1.8457012608019623 0.8245904955409696 2.082823529759795 3.149206334124324 5.701695454183941 33.522668293833796 -1.4671684546820147 1
bicycle_rack 933 1 -0.03602827745463233 1239.0569 810.71185 1479.4769 965.8709 1.3085020914901175 1.4383340147038648 2.3586609105562406 4.174352101177669 3.3999923101197953 15.87222408931966 0.22114523927699659 1
Cyclist 185 0 -1.6141633645742726 1138.2852 801.2367 1194.7113 901.54846 1.678316452617704 1.0237764359986181 1.9856577022394382 4.056000141099466 5.302376783972889 29.69825087890806 -1.4784294231241089 1
bicycle 941 2 -2.0695499294650506 1315.0171 827.36554 1398.0525 906.4304 1.16390892187325 0.6068567781286347 2.1059316815934643 7.563896819021816 5.200204058744483 28.71766589359183 -1.8120107564685923 1
Car 1538 1 -2.232518657481558 1604.3616 632.133 1935.0 1215.0 1.8097167307414699 1.833788210890055 4.056473728764386 3.233820050297001 1.8373407487352824 3.6231813592656024 -1.503842612002873 1
moped_scooter 936 0 -2.505799077783257 1285.9816 799.9008 1533.1521 995.6337 1.3855342568052917 0.7411976126351466 2.119527898960119 4.015338451333134 3.098190622757587 13.566261973203018 -2.218034680349932 1
Pedestrian 949 0 1.6356087755672581 748.5523 745.52515 807.67334 897.8698 1.8304954840948795 0.6955697103207495 0.8891035515066255 -2.3382610877409853 3.4138996974020728 19.166324971421847 1.5142102806440887 1
Pedestrian 179 1 -1.6587875286058384 1224.0289 809.2338 1258.0083 892.46313 1.7757240019499958 0.6984377812465274 0.7578808596559822 6.381173879678925 6.034308180899713 34.13747436647605 -1.4739943585057618 1
Pedestrian 881 1 -1.6866375955748825 1255.325 815.2353 1287.2333 893.0821 1.6645335085544821 0.6460555543828017 0.5490315436943768 6.9941092067469235 5.999224362959635 33.75505151822335 -1.4823268652218635 1
Pedestrian 938 1 0.2857189536664525 857.918 807.0712 897.32935 867.35754 1.2451325887385452 0.7094338928835724 0.7211990992237831 -1.8926436144409975 5.426685648870605 33.89860046278084 0.22994436023416953 1
rider 182 1 -1.6160631433832526 1139.974 804.54663 1192.7784 886.6776 1.4982537804801916 1.0036553139409685 0.8257432276488589 4.070118757836804 5.1251983060682 29.73515881794922 -1.4800295104898096 1
bicycle 939 2 -1.4435209433787513 805.86676 801.56586 854.4286 899.666 1.1129716239208811 0.46235729343425847 1.7224961204762665 -1.8248231778932653 3.693020350416325 20.969599351755644 -1.5303245858098833 1
bicycle 942 2 2.936277457603513 1304.565 826.10345 1499.3138 953.24493 1.1446714008632353 0.4659641536926679 1.7820492756414652 4.320052319984721 3.1670469965329127 14.727792981240267 -3.061584699340392 1
bicycle_rack 943 2 -0.0766032619108313 1238.0262 815.7788 1380.9274 927.9709 1.4199711688185384 1.359722369914018 1.9981492153565714 5.210457619534768 4.40274945828553 22.546550679630165 0.15050749290514198 1
bicycle_rack 944 2 -0.04162572572955331 1261.7399 825.20416 1419.013 939.2961 1.2181607301315422 1.0671093847647672 1.90569260989456 4.832902983017923 3.8856583856626696 19.198772283615124 0.20498031457199928 1
bicycle_rack 946 2 -1.9944009629875388 1642.1621 820.0494 1848.908 1009.3367 1.1611542970744075 0.6268048951567892 2.4473251295602303 6.714619361184025 3.0149727021378814 12.967041509153127 -1.5165976201692444 1
Pedestrian 947 2 -1.1140596575076018 1299.831 801.8817 1353.1072 905.6738 1.7829637861923868 0.8211377159039703 0.5027612700013262 6.763490970617851 5.115359596448586 27.701415965103937 -0.8745879280539768 1
Pedestrian 948 2 1.7954261204358222 1289.9125 802.3967 1336.9689 901.2146 1.752519257316557 0.7677031595916908 0.5492611117790164 6.6963210688127095 5.176330516619332 28.43049079972087 -4.256442104830056 1
Pedestrian 934 1 0.16385384835189745 649.0725 778.1356 738.46735 908.48883 1.3296034864529738 0.8016480147130499 0.8579312149392511 -2.9598390380769057 3.0737265577658306 16.614793040067966 -0.012441535671843917 1
rider 935 0 1.60161033298822 956.79297 769.1871 997.19464 886.05054 1.7774090974336707 0.6277840350072046 0.7472793771634756 0.2580684735055349 4.138580396940291 24.08540211652378 -4.670860658646317 1
rider 167 0 -1.5598884515817004 1083.3379 797.6808 1120.5825 881.08234 1.7176770836104824 0.8197954708568972 0.9901013567622003 3.1614471602154404 5.656136705077939 33.55249436339824 -1.4659419115282541 1
