Cyclist 932 0 1.5990313179863351 912.08093 765.86584 965.2408 917.2178 1.9136943291397297 0.7147397458559374 1.9148054332119553 -0.31062752036444274 4.046509233460783 21.66353045110042 -4.698491736931835 1
bicycle_rack 933 1 -0.05430838541269101 1231.4359 810.9922 1488.2968 976.3719 1.3085020914901175 1.4383340147038648 2.3586609105562406 3.9055564460168704 3.2788190859396416 14.892128497421274 0.2021720623994543 1
rider 935 0 1.6070857295260321 917.8298 769.7306 962.8694 899.34106 1.7774090974336707 0.6277840350072046 0.7472793771634756 -0.29863350197980726 3.919704583971869 21.739336703421763 -4.689835724417781 1
bicycle 941 2 -2.078139601771716 1296.9147 825.86945 1383.1754 907.5095 1.16390892187325 0.6068567781286347 2.1059316815934643 7.016597919251861 5.048467496405273 27.809883956112234 -1.8309918560738936 1
Car 1538 2 -2.4034908916148714 1704.699 282.80597 1935.0 1215.0 1.8097167307414699 1.833788210890055 4.056473728764386 3.133532346456593 1.6914516458622098 2.586878745909363 -1.522820094612002 1
moped_scooter 936 0 -2.5236780860561754 1274.7341 798.0767 1542.344 1009.62787 1.3855342568052917 0.7411976126351466 2.119527898960119 3.7130802584296214 2.967166640228159 12.595685203985742 -2.237008065598567 1
Pedestrian 179 1 -1.6576125760632072 1192.5215 811.7948 1227.433 897.4593 1.7757240019499958 0.6984377812465274 0.8472595320134426 5.551057801835303 6.007402362674332 33.410209203602705 -1.4929680548432607 1
Pedestrian 881 1 -1.6870521565812373 1226.0269 816.9428 1258.9003 896.7906 1.6645335085544821 0.6460555543828017 0.6471411794596273 6.235162349735585 5.96992620955845 33.18086373333502 -1.501303903344076 1
Pedestrian 938 1 0.283643515937342 831.82214 810.4004 872.64014 872.8864 1.2451325887385452 0.7094338928835724 0.7211990992237831 -2.382764269291117 5.357456571082179 32.7296832419793 0.21097040109091036 1
rider 182 1 -1.5997590890147304 1114.4861 804.65344 1166.715 887.0876 1.4982537804801916 1.0036553139409685 0.8257432276488589 3.5447372088541083 5.114321671949844 29.62703896923429 -1.480679801109372 1
bicycle 939 2 -1.4384447567165723 767.5533 802.9528 819.79846 907.23755 1.1129716239208811 0.46235729343425847 1.7224961204762665 -2.2021853497016584 3.5716021848113026 19.78358864154599 -1.5493021366030941 1
bicycle 940 2 -1.8269600496493863 1270.4597 835.66473 1305.5221 894.7405 1.1873306499505007 0.4017662080175627 1.8772490063104592 8.237274724976361 6.641640582865893 37.75385881402922 -1.6121429004826466 1
Cyclist 162 0 -1.5641533841257853 1059.0427 794.5757 1096.7034 889.8028 1.8457012608019623 0.8245904955409696 2.082823529759795 2.648310024660834 5.811513553772416 33.88005643704699 -1.4861447807053463 1
bicycle 942 2 2.9190318153003134 1295.0726 827.26666 1503.5271 962.91394 1.1446714008632353 0.4659641536926679 1.7820492756414652 4.011107898929829 3.0458837256635842 13.762581261581216 -3.0805588338527325 1
bicycle_rack 943 2 -0.0860179275581866 1219.7897 815.8748 1369.4756 932.8092 1.4199711688185384 1.359722369914018 1.9981492153565714 4.773419945592576 4.280503871286795 21.594508620223753 0.1315316434967142 1
bicycle_rack 944 2 -0.0536488987874546 1247.0792 818.91254 1412.6592 938.19806 1.2181607301315422 1.0671093847647672 1.90569260989456 4.459751954827142 3.6769235816143646 18.25143532513303 0.18600579889638436 1
bicycle_rack 946 1 -2.0264077070905206 1655.8667 820.6695 1889.1058 1025.9374 1.1611542970744075 0.6268048951567892 2.4473251295602303 6.438754958808427 2.8998042236727803 12.047203529176551 -1.5355732050139166 1
Pedestrian 947 2 -1.1208431270251982 1279.6033 798.33136 1334.8097 906.16296 1.7829637861923868 0.8211377159039703 0.5027612700013262 6.16083642204332 4.924849919203046 26.638115834375437 -0.8935603518640215 1
Pedestrian 948 2 1.5479099912959278 1272.6362 799.4359 1316.2922 900.8178 1.752519257316557 0.7677031595916908 0.5492611117790164 6.095354080641894 4.988325995364768 27.38040074084943 -4.516229804468325 1
Pedestrian 934 1 0.17847951791599093 592.72314 777.6507 690.05853 917.7501 1.3296034864529738 0.8016480147130499 0.8579312149392511 -3.3040675152277967 2.956146115026538 15.509745498175535 -0.03141455178606911 1
rider 167 0 -1.5627394478532721 1059.3245 797.42664 1096.0914 879.771 1.7176770836104824 0.8197954708568972 0.9901013567622003 2.6459593563481425 5.693974930990062 33.937534899943 -1.4849312757712017 1
Cyclist 185 0 -1.5976608238673267 1114.0067 801.2052 1168.8733 901.8793 1.678316452617704 1.0237764359986181 1.9856577022394382 3.546417973733287 5.2895018414868655 29.59452268050877 -1.4783959462385208 1
Pedestrian 949 0 1.6059011174353863 708.5284 741.8731 770.2184 905.6492 1.8304954840948795 0.6955697103207495 0.6749838257588839 -2.6072410071397423 3.2382756134126347 17.62327444639402 1.4590234594485958 1
