Cyclist 932 0 1.739917373175869 802.0669 745.899 894.264 942.59143 1.9136943291397297 0.7147397458559374 1.9148054332119553 -1.2386395744295906 3.348978609433158 16.75151168274948 -4.617075575338415 1
bicycle_rack 933 1 -0.0908397289270772 1213.4703 803.20215 1513.6305 994.2354 1.3085020914901175 1.4383340147038648 2.3586609105562406 3.3614808846513986 2.946357792838467 12.833366770679053 0.16533797875153144 1
rider 935 0 1.738435723447374 819.09576 750.09283 885.4005 918.0771 1.7774090974336707 0.6277840350072046 0.7472793771634756 -1.21894041652082 3.219513502174852 16.824024146789064 -4.617075575338415 1
bicycle 941 2 -2.0932119277997048 1259.0901 815.6288 1352.4794 902.52576 1.16390892187325 0.6068567781286347 2.1059316815934643 5.946226275899602 4.611537946472376 25.93597356973181 -1.8678411634940084 1
moped_scooter 936 0 -2.5725203339892895 1267.4497 795.8922 1593.6198 1052.6941 1.3855342568052917 0.7411976126351466 2.119527898960119 3.236647486540977 2.707394536725679 10.512410311618693 -2.273842427402611 1
Pedestrian 179 1 -1.6691350571174082 1153.1876 798.82477 1189.248 886.5338 1.7757240019499958 0.6984377812465274 0.7578808596559822 4.519677409221987 5.569665282960335 32.22800303554998 -1.5298030594819478 1
Pedestrian 938 1 0.2928912635749339 760.4757 806.07874 804.7796 873.0628 1.2451325887385452 0.7094338928835724 0.7211990992237831 -3.631821013381405 4.982756332840678 30.438217070577387 0.17413491020732108 1
bicycle 939 2 -1.423256664325832 683.25385 796.59503 744.7218 914.06287 1.1129716239208811 0.46235729343425847 1.7224961204762665 -2.886143879150877 3.228547590928078 17.561595757927876 -1.5861446568578366 1
bicycle 940 2 -1.8330413329972832 1221.3629 831.0873 1258.9412 893.96277 1.1873306499505007 0.4017662080175627 1.8772490063104592 6.59588609933664 6.203769895738089 35.43188479603644 -1.6489912851781905 1
Cyclist 162 0 -1.5709675409152482 1014.6134 793.56116 1051.5927 887.0021 1.8457012608019623 0.8245904955409696 2.082823529759795 1.653107637382946 5.847927946076197 34.42577610713635 -1.5229849254971939 1
bicycle 942 2 2.875520584745444 1287.8961 819.7775 1533.395 977.7961 1.1446714008632353 0.4659641536926679 1.7820492756414652 3.4994049394694016 2.704492973964676 11.715178463295482 -3.117394656704647 1
bicycle_rack 943 2 -0.10409415712283854 1182.7126 809.4378 1348.8986 937.5409 1.4199711688185384 1.359722369914018 1.9981492153565714 3.942349756696412 3.930113029727064 19.570114080067547 0.09469280216616593 1
bicycle_rack 944 2 -0.08186449291668235 1222.6318 815.4673 1411.2734 949.1356 1.2181607301315422 1.0671093847647672 1.90569260989456 3.8122428203490424 3.3686353565476956 16.2061656809405 0.1491693056209169 1
bicycle_rack 946 0 -2.108665919014128 1712.2476 817.1603 1935.0 1066.2709 1.1611542970744075 0.6268048951567892 2.4473251295602303 5.993699229295456 2.6150457169781296 10.084476898555334 -1.5724118923732577 1
Pedestrian 947 1 -1.1305786716715147 1235.1979 789.2117 1294.3235 905.2002 1.7829637861923868 0.8211377159039703 0.5027612700013262 5.01197373938739 4.546135839829005 24.701263909336827 -0.9303928175548616 1
Pedestrian 881 1 -1.6982001112548195 1187.4283 806.5372 1218.294 889.1587 1.6645335085544821 0.5709005092335475 0.673490687773959 5.165159858064931 5.592715298232101 31.9951802685412 -1.538145435970504 1
Pedestrian 948 2 0.9876196493648199 1238.6609 786.33575 1295.4603 896.52014 1.752519257316557 0.7677031595916908 0.5492611117790164 5.181250913183197 4.53201180951495 25.34950440829057 1.189235265538438 1
Pedestrian 934 1 0.21948977455619895 456.83597 768.3151 576.6379 933.82135 1.3296034864529738 0.8016480147130499 0.8579312149392511 -3.9026601838771184 2.6354088060141754 13.186824125842902 -0.06824865993449425 1
rider 167 0 -1.5696906144863914 1014.89044 795.76776 1051.1077 876.8018 1.7176770836104824 0.8197954708568972 0.9901013567622003 1.649455143935716 5.705175036301373 34.38398906877294 -1.521755757317981 1
Cyclist 185 0 -1.6060592255811945 1070.3784 799.63916 1126.9174 901.82367 1.678316452617704 1.0237764359986181 1.9856577022394382 2.6510979391678253 5.194226702020684 29.069706523881077 -1.5151128443206654 1
Pedestrian 949 0 1.6299230882989282 590.58203 723.78424 669.3325 926.3815 1.8304954840948795 0.6955697103207495 0.6191151852552362 -3.1418247888194513 2.794913798251275 14.224204955144263 1.4125347440888416 1
rider 182 1 -1.6084790524919947 1071.6042 803.65393 1125.0869 887.47955 1.4982537804801916 1.0036553139409685 0.8257432276488589 2.6540171344947376 5.022103884760379 29.04102184888847 -1.5173436480016185 1
