Cyclist 932 0 1.6873933287992813 875.4289 760.55865 945.56244 925.61206 1.9136943291397297 0.7147397458559374 1.9148054332119553 -0.6553827052079392 3.8118677763839264 19.9404491106192 -4.628647149510117 1
bicycle_rack 933 1 -0.06496980961689214 1222.3175 811.0865 1491.962 984.4942 1.3085020914901175 1.4383340147038648 2.3586609105562406 3.688525447877228 3.192653667688279 14.205358807219493 0.18907724383747326 1
rider 935 0 1.6861578981016523 888.35785 764.50055 941.34015 905.4635 1.7774090974336707 0.6277840350072046 0.7472793771634756 -0.6161354692531915 3.685901263560277 20.045262214552984 -4.627754946381903 1
bicycle 941 2 -2.0854330946732054 1286.408 824.9233 1375.3792 908.65314 1.16390892187325 0.6068567781286347 2.1059316815934643 6.675151929410989 4.93786203949189 27.11949990195385 -1.8440921117228923 1
Car 1538 2 -2.5580664270959845 0.0 0.0 1935.0 1215.0 1.8097167307414699 1.833788210890055 4.056473728764386 3.0971149426274307 1.5988469572538315 1.8930998341595149 -1.535917875910249 1
Pedestrian 179 1 -1.6628334424689726 1182.5895 814.9324 1212.9968 899.5363 1.7757240019499958 0.6147807227901985 0.55181050319143 5.217689511547263 6.007887968242635 33.00929324249686 -1.5060632145209671 1
Pedestrian 938 1 0.28632949149249937 807.50653 810.2158 849.42145 874.1711 1.2451325887385452 0.7094338928835724 0.7211990992237831 -2.8344056874865973 5.257538483178233 31.960068544520418 0.1978750653246315 1
bicycle 939 2 -1.4363704904295358 743.2129 804.5377 797.9074 913.23126 1.1129716239208811 0.46235729343425847 1.7224961204762665 -2.411021483287868 3.502525785523162 19.029222220786146 -1.562399963553994 1
bicycle 940 2 -1.830215116234056 1254.7079 835.8347 1290.5223 895.9781 1.1873306499505007 0.4017662080175627 1.8772490063104592 7.717393012813504 6.557221751120217 37.12213961468489 -1.6252428125669123 1
Cyclist 162 0 -1.565065669212489 1040.9532 795.05695 1078.245 889.40375 1.8457012608019623 0.8245904955409696 2.082823529759795 2.252935075568811 5.856087189498314 34.177252996929596 -1.4992417626953152 1
bicycle 942 2 2.906095386143802 1289.4567 828.2237 1508.9033 970.6893 1.1446714008632353 0.4659641536926679 1.7820492756414652 3.8091062065877517 2.960131335757274 13.077230943022732 -3.09365428889401 1
bicycle_rack 943 2 -0.09197497296560553 1206.1947 815.9812 1360.9977 936.5566 1.4199711688185384 1.359722369914018 1.9981492153565714 4.467621420517764 4.194222201865761 20.91865590292823 0.11843506820544825 1
bicycle_rack 944 2 -0.06504690485332257 1240.8845 822.6675 1413.9154 946.8453 1.2181607301315422 1.0671093847647672 1.90569260989456 4.258295066610715 3.631106596100776 17.556183620060708 0.17291009493052 1
bicycle_rack 946 0 -2.051016370328621 1668.8367 821.19904 1924.3846 1039.5835 1.1611542970744075 0.6268048951567892 2.4473251295602303 6.259075070295205 2.8182244996378256 11.39352970295116 -1.548669671621036 1
moped_scooter 936 0 -2.545396957496993 1279.7062 798.75464 1567.0056 1025.0925 1.3855342568052917 0.7411976126351466 2.119527898960119 3.600436976226989 2.884503636631332 11.83624837207914 -2.2501030024983915 1
Pedestrian 947 1 -1.1215908189016104 1259.6656 797.7015 1315.945 907.92395 1.7829637861923868 0.8211377159039703 0.5027612700013262 5.688232539450203 4.845916411955684 26.055952407300992 -0.9066546189185231 1
Pedestrian 881 1 -1.69146121915228 1212.9424 819.03735 1245.1176 900.2243 1.6645335085544821 0.6175721117412876 0.6471411794596273 5.838518895891376 5.944688529549012 32.629522712089724 -1.5144013779726433 1
Pedestrian 948 2 1.3643373719438223 1254.4568 801.07806 1303.7079 903.4635 1.752519257316557 0.7677031595916908 0.5492611117790164 5.69560195364698 4.9449500522271315 26.822279219151586 -4.709609955693217 1
Pedestrian 934 1 0.19058695768819978 549.6461 775.83527 653.5342 923.6396 1.3296034864529738 0.8016480147130499 0.8579312149392511 -3.5280027381919408 2.858573149717329 14.729131435954251 -0.044509328096021594 1
rider 167 0 -1.56364708033267 1041.1907 797.8068 1077.6608 879.5055 1.7176770836104824 0.8197954708568972 0.9901013567622003 2.246675283249526 5.7303555718832655 34.181235210814165 -1.4980131657427702 1
Cyclist 185 0 -1.6000083547914998 1097.4731 804.20575 1152.8451 905.6515 1.678316452617704 1.0237764359986181 1.9856577022394382 3.204296266714497 5.3285638763797785 29.41331094346741 -1.4914959338544103 1
Pedestrian 949 0 1.6159526134089923 669.5198 737.1842 737.5849 915.9999 1.8304954840948795 0.6955697103207495 0.8621047148814771 -2.810618034424035 3.0951141171540213 16.371330345275215 1.4459308086629679 1
rider 182 1 -1.6021299444204111 1098.0863 807.88464 1150.7605 890.98865 1.4982537804801916 1.0036553139409685 0.8257432276488589 3.1989238105604403 5.150132283258413 29.394559179339833 -1.493729470050798 1
