Cyclist 932 0 1.6417275400567162 845.55054 757.824 915.47986 938.48 1.9136943291397297 0.7147397458559374 1.9148054332119553 -0.9618676532217562 3.6192018352693163 18.223567028013186 -4.694190359094305 1
Cyclist 162 0 -1.5700490268797158 1027.0576 796.6685 1064.2783 890.92285 1.8457012608019623 0.8245904955409696 2.082823529759795 1.9318560662409072 5.898770602897828 34.22315761533157 -1.513660073223508 1
bicycle_rack 933 1 -0.07998666666367976 1216.4949 810.0033 1503.2206 993.8933 1.3085020914901175 1.4383340147038648 2.3586609105562406 3.4861428661945704 3.0792828886733696 13.392847426738353 0.17466130423865645 1
bicycle 941 2 -2.090651434814933 1270.5806 814.2238 1362.2247 899.39014 1.16390892187325 0.6068567781286347 2.1059316815934643 6.24218279161099 4.645571954263351 26.405272583035345 -1.8585140055892047 1
bicycle 942 2 2.892189917154675 1281.5848 830.3849 1515.5043 981.95764 1.1446714008632353 0.4659641536926679 1.7820492756414652 3.5668155618871906 2.8665933727193273 12.268763933279358 -3.1080709060097735 1
moped_scooter 936 0 -2.5562387403208686 1264.9302 800.65826 1571.7155 1043.5151 1.3855342568052917 0.7411976126351466 2.119527898960119 3.335002298816238 2.8144455358080442 11.106065016336888 -2.2645190476835118 1
Pedestrian 949 0 1.5865275415735844 628.2634 731.36786 699.68256 923.6343 1.8304954840948795 0.6955697103207495 0.8788566277959847 -3.0289127145705685 2.9535977525484753 15.280138510904232 1.3908388365662128 1
Pedestrian 179 1 -1.6654110229437604 1161.9344 817.0431 1197.5865 904.4604 1.7757240019499958 0.6984377812465274 0.7578808596559822 4.745686685345094 6.004306699977278 32.51475196945387 -1.5204795123521715 1
Pedestrian 938 1 0.2901998152058217 779.1905 808.6089 822.48553 874.3387 1.2451325887385452 0.7094338928835724 0.7211990992237831 -3.3281205224665102 5.111769801700618 31.060826491150817 0.1834585779037936 1
bicycle 939 2 -1.4292692260688193 708.505 804.2144 766.741 917.84955 1.1129716239208811 0.46235729343425847 1.7224961204762665 -2.7098399604396914 3.4025797535384426 18.23210071892042 -1.5768192037420294 1
bicycle 940 2 -1.8303394778748379 1232.2048 835.6325 1268.571 896.90784 1.1873306499505007 0.4017662080175627 1.8772490063104592 7.03825993755172 6.459605661522278 36.463883870791086 -1.6396643480034483 1
bicycle_rack 943 2 -0.09901357278157025 1191.5995 816.15 1352.936 941.3783 1.4199711688185384 1.359722369914018 1.9981492153565714 4.141924652329924 4.0927635091618395 20.119383183156888 0.10401727792403381 1
bicycle_rack 944 2 -0.07483301816300894 1229.3722 823.2415 1411.3387 953.26575 1.2181607301315422 1.0671093847647672 1.90569260989456 3.9816986911089582 3.530104820939253 16.754134007373942 0.15849321725580423 1
bicycle_rack 946 0 -2.084741833849668 1693.5355 816.8013 1935.0 1051.6053 1.1611542970744075 0.6268048951567892 2.4473251295602303 6.107135272523018 2.6820011857526165 10.625526847383556 -1.5630874112454427 1
Pedestrian 947 1 -1.3286944370856073 1245.9983 797.425 1301.4987 910.30255 1.7829637861923868 0.8211377159039703 0.5027612700013262 5.279484175791091 4.744116369536368 25.26258516205873 -1.1226752219255787 1
Pedestrian 881 1 -1.6973778670916257 1199.5679 817.62634 1232.2937 899.846 1.6645335085544821 0.6175721117412876 0.6471411794596273 5.477560412769391 5.8561769008106985 32.18831541686595 -1.5288202318198714 1
Pedestrian 948 2 1.1840663808460241 1229.6213 796.53204 1283.4447 903.2488 1.752519257316557 0.7677031595916908 0.5492611117790164 5.130682232679289 4.776403882239583 26.004350556577723 1.37886532743906 1
Pedestrian 934 1 0.20686101522051348 496.04913 772.41437 608.81036 930.2664 1.3296034864529738 0.8016480147130499 0.8579312149392511 -3.7613481224303844 2.734520439960269 13.816957418657791 -0.058925286178327596 1
rider 935 0 1.63968589131707 854.59424 763.28326 910.18756 917.7665 1.7774090974336707 0.6277840350072046 0.7472793771634756 -0.9565025957318469 3.502531150592179 18.263569209648068 -4.695823773105835 1
rider 167 0 -1.5686996244679283 1027.245 802.90063 1063.7068 884.712 1.7176770836104824 0.8197954708568972 0.9901013567622003 1.924783513129922 5.846704592499922 34.17101724201362 -1.5124311297275796 1
Cyclist 185 0 -1.6045865010388467 1082.1296 804.5568 1138.4707 906.9951 1.678316452617704 1.0237764359986181 1.9856577022394382 2.8822844427244974 5.299328771965071 29.116811422935548 -1.5059175645796463 1
rider 182 1 -1.6068046707145731 1083.0731 807.77124 1136.3081 891.44476 1.4982537804801916 1.0036553139409685 0.8257432276488589 2.8860770053824742 5.118327501571118 29.159790445602056 -1.5081514224825001 1
