Cyclist 932 0 1.780176913383916 673.1314 704.66986 815.0981 985.01013 1.9136943291397297 0.7147397458559374 1.9148054332119553 -1.6614532312994466 2.5925245259608447 11.745861776447262 -4.6435262679537646 1
bicycle_rack 933 1 -0.1425137038997843 1218.9244 795.814 1600.2029 1031.6998 1.3085020914901175 1.4383340147038648 2.3586609105562406 3.0179263851252407 2.601749740212231 10.439912727302227 0.138891026214091 1
Pedestrian 934 1 0.2794938300477143 291.93384 742.38354 449.6037 946.748 1.3296034864529738 0.8016480147130499 0.8579312149392511 -4.191821345377273 2.202760937590547 10.67460331982797 -0.09469590479616685 1
bicycle 940 2 -1.855035126290298 1211.0062 816.62854 1255.8431 888.0383 1.1873306499505007 0.4017662080175627 1.8772490063104592 5.61784322858406 5.277136977490214 30.945048816348823 -1.6754484461366717 1
bicycle_rack 945 2 1.7541203109176662 709.01886 784.41394 780.8972 871.37286 1.428879312449662 0.9240528547551692 3.64664793348987 -4.754161785184401 5.163062347818295 33.16696488693943 -4.671435485867086 1
moped_scooter 936 0 -2.6506293634374134 1305.48 779.0974 1738.7239 1113.5084 1.3855342568052917 0.7411976126351466 2.119527898960119 2.9925616884742743 2.3369101120444866 8.189516429641424 -2.3002894721257188 1
Pedestrian 937 1 1.6680425233826508 809.416 795.31494 830.6349 849.21875 1.6893004787497679 0.6422331591285944 0.5052846831033161 -4.600211403249882 7.270661005426851 48.72416336024067 -4.709277093156965 1
Pedestrian 179 1 -1.6750205161193876 1121.6621 795.3206 1158.1318 884.6487 1.7757240019499958 0.6984377812465274 0.5628728472397178 3.712118191415079 5.353417232050099 31.107598568584084 -1.556250595553504 1
Pedestrian 938 2 0.3017114729620622 704.4342 792.6687 753.23444 865.3285 1.2451325887385452 0.7094338928835724 0.7211990992237831 -4.3310098420534535 4.4200572683055706 27.896266179061644 0.14768703891018542 1
bicycle 939 2 -1.3965934945843508 592.6807 783.17474 669.1741 919.11847 1.1129716239208811 0.46235729343425847 1.7224961204762665 -3.322088058626206 2.8074486193610424 15.13980197461793 -1.6125976109210418 1
Cyclist 162 0 -1.578563031673176 986.8476 790.84485 1023.5685 883.4027 1.8457012608019623 0.8245904955409696 2.082823529759795 1.0091308488302304 5.805726588273469 34.636265641420465 -1.549436177473669 1
bicycle 941 2 -2.112227335861567 1242.3917 813.3105 1346.4476 908.7061 1.16390892187325 0.6068567781286347 2.1059316815934643 5.240605623423606 4.283462689461049 23.665466702351086 -1.8942989030715744 1
bicycle 942 2 2.8082286711912525 1323.3844 823.12134 1635.0773 1021.7381 1.1446714008632353 0.4659641536926679 1.7820492756414652 3.2048787583762426 2.4115553554620814 9.32274388048858 -3.1438427597863594 1
bicycle_rack 943 2 -0.133026791407757 1174.7639 799.1858 1366.317 943.6239 1.4199711688185384 1.359722369914018 1.9981492153565714 3.5194925613110914 3.5173327103199763 17.249698239170385 0.06824278691815033 1
bicycle_rack 944 2 -0.11621187624814677 1218.6426 817.0282 1442.8992 973.555 1.2181607301315422 1.0671093847647672 1.90569260989456 3.378758856182884 3.083264719449218 13.870922613585439 0.12272077865752395 1
bicycle_rack 946 2 -2.228717495168018 1847.2484 806.1648 1935.0 1137.5376 1.1611542970744075 0.6268048951567892 2.4473251295602303 5.699976121141453 2.258367868528848 7.8200418678420665 -1.598862083602576 1
Pedestrian 947 1 -1.1486101432941467 1219.2574 782.34607 1284.0906 909.8772 1.7829637861923868 0.8211377159039703 0.5027612700013262 4.357084261190915 4.1921917761333045 22.440960189118595 -0.9568384798904536 1
Pedestrian 881 0 -1.7083733462235935 1161.9125 802.61835 1193.9608 888.4677 1.6645335085544821 0.5709005092335475 0.6002274706883133 4.422485490723732 5.330679605959309 30.547384836823074 -1.5645976878871508 1
Pedestrian 948 2 0.9660290481801675 1228.3575 783.7429 1290.6509 904.85614 1.752519257316557 0.7677031595916908 0.5492611117790164 4.605547267642353 4.249629705067866 23.104716398182585 1.162783797180016 1
rider 935 0 1.7785812221363066 701.7088 709.1228 799.72974 946.98883 1.7774090974336707 0.6277840350072046 0.7472793771634756 -1.6566544288161753 2.4669291606077 11.848239014509124 -4.6435262679537646 1
rider 167 0 -1.5774006376837029 987.1729 793.71344 1023.01154 874.0158 1.7176770836104824 0.8172793301789639 0.9901013567622003 1.010763207238487 5.681814928167819 34.61213801904296 -1.5482063697434099 1
Cyclist 185 0 -1.6147507481544916 1042.1144 793.3524 1100.8135 897.39886 1.678316452617704 1.0237764359986181 1.9856577022394382 2.0721998189318698 4.989890436084865 28.391223456614853 -1.5418926024693158 1
Pedestrian 949 0 1.948216746426315 419.7913 682.3159 568.20996 955.53516 1.8304954840948795 0.7141925904886292 0.9543270282772531 -3.3315897316719334 2.261942773744773 10.733730924317802 -4.635925493841095 1
rider 182 1 -1.6165185849255992 1043.6263 796.79224 1098.4923 882.0118 1.4982537804801916 1.0036553139409685 0.8257432276488589 2.079942322461127 4.816137380487415 28.438619576333995 -1.543510627326471 1
