Cyclist 932 0 1.8482680753630891 494.7014 675.0631 718.338 1072.6947 1.9136943291397297 0.7147397458559374 1.9148054332119553 -1.9268395297785266 2.2287901674021953 8.418089862913774 -4.6599337228853805 1
bicycle_rack 933 1 -0.18825022702852012 1234.0104 792.50287 1693.1526 1070.5631 1.3085020914901175 1.4383340147038648 2.3586609105562406 2.867606956259735 2.4054341119559894 8.929479410202045 0.12248586709981413 1
Pedestrian 934 1 0.33216565094806655 148.1628 735.7663 344.67578 978.17426 1.3296034864529738 0.8016480147130499 0.8579312149392511 -4.299789823085543 2.03408356027758 9.05642592405748 -0.11110136081594857 1
rider 935 0 1.8455036805102507 547.1397 679.67804 693.34576 1013.618 1.7774090974336707 0.6277840350072046 0.7472793771634756 -1.9156998742797897 2.102214127191984 8.47709834892892 -4.6599337228853805 1
bicycle 940 2 -1.863313636147054 1196.358 821.0454 1245.646 899.0017 1.1873306499505007 0.4017662080175627 1.8772490063104592 4.942505110359088 5.056631458505982 28.544023783410072 -1.6918599062823523 1
Cyclist 185 0 -1.615078397016138 1017.8119 794.5312 1077.1517 899.76184 1.678316452617704 1.0237764359986181 1.9856577022394382 1.59843225355014 4.975921826893291 28.07179313925548 -1.5581989491577624 1
Car 1224 0 1.5474380624047743 827.8617 797.8828 882.8023 857.0849 1.478874213731491 1.7917247061171275 3.977304798932038 -3.6821447179908904 7.673307317437721 51.486253810095164 1.4760425739501573 1
moped_scooter 936 0 -2.715198710862369 1335.6515 774.35547 1890.6007 1203.0822 1.3855342568052917 0.7411976126351466 2.119527898960119 2.7707620155015213 2.1461671384137557 6.580897916460056 -2.3166946414129734 1
Pedestrian 937 1 1.6689048010754537 784.09827 799.87335 803.7335 857.00757 1.6893004787497679 0.5477079206826806 0.6255895320344691 -5.198483298262052 7.163699483499875 46.47129347402806 1.5575035404638298 1
Pedestrian 179 1 -1.685970523772071 1112.1721 790.2704 1151.2385 883.874 1.7757240019499958 0.6984377812465274 0.7578808596559822 3.4244037231751188 5.1452641929230705 30.090908561199463 -1.5726560812790569 1
Pedestrian 938 1 0.3115715265654747 662.22943 790.8406 714.55286 867.9455 1.2451325887385452 0.7094338928835724 0.7211990992237831 -4.787375364913012 4.20393075380067 26.265391601216333 0.1312813487230251 1
rider 182 1 -1.6170064258534138 1019.3684 797.9717 1074.9204 884.2418 1.4982537804801916 1.0036553139409685 0.8257432276488589 1.603963976133704 4.79513113905436 28.068514112021706 -1.5599239075194338 1
bicycle 939 2 -1.3633084966767908 504.7199 782.5514 597.8651 936.30865 1.1129716239208811 0.46235729343425847 1.7224961204762665 -3.670771915383898 2.627062364332076 13.488935472198138 -1.629006464626928 1
bicycle 1695 0 1.7163805939796017 699.68726 794.0117 746.3697 872.45685 1.234696306383615 0.6062799023439478 1.9832858687227826 -4.576462172479529 4.606830393450629 28.82416382016286 1.5589231780967898 1
Cyclist 162 0 -1.5829302978871855 969.086 790.5909 1005.71326 882.78406 1.8457012608019623 0.8245904955409696 2.082823529759795 0.5940436750677376 5.8096909192288315 34.733290149958286 -1.5658289590600805 1
bicycle 941 2 -2.12530925639805 1233.3359 817.0864 1345.6096 919.5473 1.16390892187325 0.6068567781286347 2.1059316815934643 4.835414331083227 4.1556528063861755 22.185412180915783 -1.910710686733055 1
bicycle 942 1 2.7503480760916843 1362.8004 825.72705 1739.1847 1065.9855 1.1446714008632353 0.4659641536926679 1.7820492756414652 3.0453385812888327 2.2245568197420393 7.79169382952806 -3.1602485911136946 1
bicycle_rack 943 2 -0.14980420843652198 1166.0503 801.442 1377.7197 960.0596 1.4199711688185384 1.359722369914018 1.9981492153565714 3.2185648333936125 3.364996558414634 15.745010270458195 0.05183587739303652 1
bicycle_rack 944 2 -0.14169723685703886 1219.1733 810.43964 1473.7434 985.48224 1.2181607301315422 1.0671093847647672 1.90569260989456 3.1344340400395234 2.8322818068062268 12.378043629406612 0.10631470885648509 1
bicycle_rack 945 1 1.7507478806011525 687.9416 788.19714 761.8372 878.6061 1.428879312449662 0.9240528547551692 3.64664793348987 -5.028406804649762 5.133865492523105 32.095161310346185 -4.687845892931495 1
Pedestrian 947 1 -1.1604810974031725 1210.0066 780.36475 1279.2705 916.9874 1.7829637861923868 0.8211377159039703 0.5027612700013262 3.9698545401368484 4.0069384841580025 20.95379792508189 -0.9732427840103096 1
Pedestrian 881 0 -1.7179627404639966 1144.6017 801.7316 1190.703 891.43304 1.6645335085544821 0.805864077397026 0.7138415505761991 4.070483453904408 5.199657270645206 29.53490719095092 -1.5810061092689602 1
Pedestrian 948 2 0.9541864665642483 1219.162 781.8538 1285.6766 911.4439 1.752519257316557 0.7677031595916908 0.5492611117790164 4.207358937855981 4.064677983150043 21.62152639586989 1.1463758965912918 1
rider 167 0 -1.581853220861551 969.43475 793.4877 1005.1585 873.47076 1.7176770836104824 0.8172793301789639 0.9901013567622003 0.5984593610840638 5.686926812202731 34.711089806953005 -1.5646137715633524 1
Pedestrian 949 0 2.014989031164074 274.21558 657.86554 434.09164 994.01666 1.8304954840948795 0.6490125099010192 0.6004923050873459 -3.446056096414615 2.0254839519635226 8.525298483826445 -4.65233124337626 1
