Cyclist 162 0 -1.59189173223512 980.3215 798.5546 1017.738 891.1941 1.8457012608019623 0.8245904955409696 2.082823529759795 0.8642649266338934 6.001872071800639 34.74808175577403 -1.5670245531403224 1
bicycle 941 2 -2.1670025369714807 1283.8707 820.72534 1425.6906 946.04193 1.16390892187325 0.6068567781286347 2.1059316815934643 4.799918253048223 3.7168433896431843 18.40189678662059 -1.9118494818245715 1
bicycle 169 2 -2.770681166227216 954.9653 813.9532 1015.30963 857.5529 1.2698303054983857 0.6481748618279563 1.9099563046762298 0.7957860846889905 7.667116971969845 49.94299394501397 -2.754748626244417 1
bicycle 172 2 -1.720904813040479 1071.3726 828.57086 1097.1366 870.478 1.109410523477321 0.5870575887990299 1.779701292814588 4.0485318831527 7.950338662163709 49.32125288233078 -1.6390034963789761 1
bicycle_rack 933 1 -0.3902349242272698 1411.6788 776.8356 1935.0 1215.0 1.3085020914901175 1.4383340147038648 2.3586609105562406 2.894168636564996 1.9192765026481209 5.15491995241246 0.12134752968477058 1
moped_scooter 1221 0 1.5487233841173476 791.5249 796.8882 817.95184 853.06213 1.547973048471694 0.793459757458194 1.5719973281918094 -4.938734281947463 7.06276699979661 47.12123997268905 1.44429555838048 1
Pedestrian 881 0 -1.7362159954787333 1174.393 809.4857 1213.0153 905.77814 1.6645335085544821 0.6150748145294981 0.5186735346843903 4.212015675942891 5.044645345328707 27.12142979511663 -1.5821446722711214 1
Pedestrian 948 2 0.9034019863296834 1289.2092 780.4628 1371.5164 939.8757 1.752519257316557 0.7677031595916908 0.5492611117790164 4.352775924958394 3.63072772424087 17.646659948520753 1.1452373707073678 1
Pedestrian 165 0 -2.795592565917277 957.4963 812.05444 981.9239 858.22565 1.404676785254034 0.47175754552580734 0.673248221443211 0.2748982368484367 7.525430260093392 48.56977521038332 -2.7899327641095266 1
Pedestrian 166 0 -2.7740793596342073 968.7653 804.9758 994.4885 858.6163 1.6456560447416453 0.6008048590628271 0.6716446155976292 0.6681799081608139 7.594090416979316 48.99485564831405 -2.7604424485877095 1
rider 1222 0 1.5590448397333498 792.52765 798.3608 817.6274 845.5081 1.3816366567175382 0.7790003706758517 0.7150167407728755 -4.9291623777412275 6.899324014031663 47.16872887072324 1.4549221217911383 1
bicycle 170 1 -3.000942811454147 1013.00256 832.4439 1058.9731 864.73224 0.9723615483833729 0.3888162492201843 1.483809006862832 2.4802590871199475 7.905992855290375 49.62823470266551 -2.9510075834897913 1
bicycle_rack 943 1 -0.22013617670130003 1237.9948 799.0162 1533.1608 1012.64453 1.4199711688185384 1.359722369914018 1.9981492153565714 3.2927869849746174 2.885715488014001 11.859241106196205 0.050697422777288725 1
bicycle_rack 177 1 -1.698575439711317 1111.0857 834.86346 1142.1708 878.76965 1.1276578239205794 0.7658547886680843 1.9135542787587008 5.362456096336386 8.084671182629222 48.58702979078817 -1.5886522702804449 1
Car 1224 0 1.5853485316598146 825.7443 802.93243 891.288 874.6673 1.478874213731491 1.7917247061171275 3.977304798932038 -2.9202131270477167 6.835151527144029 42.95801663229343 1.517474648362502 1
Pedestrian 947 1 -1.2031722140832306 1268.7653 775.24005 1350.3241 943.29047 1.7829637861923868 0.7771491176381184 0.5027612700013262 3.9716575571778723 3.5404429646170374 17.055358686273667 -0.9743810605330032 1
Pedestrian 937 0 1.6772645587594632 766.77136 790.4593 792.18665 861.4568 1.8595684086355497 0.6250467521384216 0.6786004324445598 -4.99531751925611 6.449634720724561 41.116488257853845 1.55636523787136 1
Pedestrian 179 1 -1.7021107764352954 1132.7225 803.6364 1176.3306 907.0247 1.7757240019499958 0.6984377812465274 0.7578808596559822 3.5325774479425047 5.093512607519365 27.37896186575029 -1.5737944403099575 1
bicycle 939 1 -1.277082277306613 322.10867 771.796 481.21478 994.20465 1.1129716239208811 0.46235729343425847 1.7224961204762665 -3.512639501374853 2.133063813988662 9.511142522162608 -1.6308624980200095 1
bicycle 940 1 -1.9149994378651 1234.0908 828.30096 1297.4485 920.67126 1.1873306499505007 0.4017662080175627 1.8772490063104592 4.94880568155187 4.6361508181184705 24.398568979793033 -1.7148824814242503 1
bicycle 1695 0 1.738846195882023 657.9344 788.75464 714.7955 879.6784 1.234696306383615 0.6062799023439478 1.9832858687227826 -4.556769633267965 4.071119248503278 24.891309653816048 1.557784407617774 1
bicycle 942 2 2.4711771422408897 1725.552 844.18585 1935.0 1215.0 1.1446714008632353 0.4659641536926679 1.7820492756414652 3.0599795895398483 1.770895209698554 4.020020630677767 -3.1613869739913696 1
bicycle_rack 945 1 1.7520162624602582 681.433 782.1145 760.39136 877.9559 1.428879312449662 0.9240528547551692 3.64664793348987 -4.797258747973502 4.790803769364133 30.145103227280458 -4.6889845940371195 1
bicycle_rack 944 1 -0.24989743748095533 1333.3373 816.7397 1727.1085 1075.8749 1.2181607301315422 1.0671093847647672 1.90569260989456 3.1867072012892734 2.4015791404492868 8.594394821041872 0.10517631013080897 1
Pedestrian 938 1 0.3424806903519732 606.9871 791.51556 669.8895 882.51636 1.2451325887385452 0.7094338928835724 0.7211990992237831 -4.81187891628387 3.7763265157743815 22.319833243973406 0.13014297556572574 1
rider 167 0 -1.5907308304145737 980.7168 802.0652 1016.8234 882.3673 1.7176770836104824 0.8172793301789639 0.9901013567622003 0.863539912888936 5.884984852732319 34.67877727883448 -1.5658348691564659 1
Cyclist 185 0 -1.6241484115396003 1027.9089 801.8015 1090.7498 912.1634 1.678316452617704 1.0237764359986181 1.9856577022394382 1.7455955961818923 4.983542775130464 26.942100312832718 -1.5594482158943765 1
rider 182 1 -1.6262280889889251 1030.2186 806.0267 1088.3365 895.917 1.4982537804801916 1.0036553139409685 0.8257432276488589 1.7630912332133122 4.822353477798902 27.027019060129188 -1.5610859941342616 1
