bicycle 172 2 -1.7187825938545296 1056.0155 827.7984 1081.0294 868.66064 1.109410523477321 0.5870575887990299 1.779701292814588 3.61774919587251 8.090810764067738 50.54589586470614 -1.647330888095784 1
bicycle_rack 933 1 -0.30417294620792173 1320.8146 775.27356 1935.0 1174.8027 1.3085020914901175 1.4383340147038648 2.3586609105562406 2.8291914339386044 2.0356218294048283 6.383445081317471 0.11301808836964211 1
moped_scooter 1221 0 1.537235185251423 775.5345 787.6012 801.1617 840.5512 1.547973048471694 0.793459757458194 1.5719973281918094 -5.752397052442089 7.04560379523566 49.69410972213081 1.421991977304101 1
Pedestrian 947 1 -1.1878657806357678 1234.5194 776.994 1310.4161 933.4846 1.7829637861923868 0.7771491176381173 0.5027612700013262 3.805599132730766 3.6862429882285976 18.288826642949648 -0.9827100500769499 1
Pedestrian 937 1 1.6730379797159205 760.972 783.78406 785.5249 852.16095 1.8595684086355497 0.6250467521384216 0.7373011774705396 -5.377135057835305 6.445992079078657 42.792133936438304 1.5480360559076396 1
Pedestrian 881 0 -1.7293286229597418 1148.6006 799.1775 1192.4896 895.00073 1.6645335085544821 0.7000394304955473 0.7138415505761991 3.8661671323894278 4.93093275214437 27.664452606939122 -1.5904757610167852 1
Pedestrian 165 0 -2.8889892653391174 948.9927 807.4595 969.1607 852.2699 1.404676785254034 0.4717575455258054 0.5692812817693558 -0.07178686547762818 7.498212720875763 49.61596800430505 -2.8904361143732666 1
rider 167 0 -1.5883387176346602 964.8038 794.7838 1000.63684 874.49347 1.7176770836104824 0.8172793301789639 0.9901013567622003 0.4937381366411458 5.731803241008752 34.838647445705874 -1.5741675278459066 1
bicycle 942 1 2.5950687353254915 1535.9867 826.9764 1935.0 1190.8137 1.1446714008632353 0.4659641536926679 1.7820492756414652 2.994453400101129 1.88886863763558 5.249383864624474 -3.1697167432921467 1
bicycle 170 1 -2.9991543705121875 998.3646 828.1382 1043.2955 859.5927 0.9723615483833729 0.3888162492201843 1.483809006862832 2.022542533241652 7.915704051006312 50.76387261222242 -2.959333268338169 1
bicycle_rack 177 1 -1.6957199913645638 1094.6483 829.23883 1124.7577 871.8215 1.1276578239205794 0.7658547886680843 1.9135542787587008 4.937727207845068 8.070556505255146 49.844630339253285 -1.5969797714380176 1
Car 1224 0 1.5835028887437503 818.21954 795.2403 880.2231 862.4029 1.478874213731491 1.7917247061171275 3.977304798932038 -3.3677749441339135 6.8731518231117725 45.31692186088165 1.5093231930483562 1
moped_scooter 936 1 -2.9513384705115984 1577.8715 756.86475 1935.0 1215.0 1.3855342568052917 0.7411976126351466 2.119527898960119 2.821523509104884 1.821015302599738 3.9092691020295955 -2.326162409223254 1
Pedestrian 179 1 -1.7002854296711762 1118.095 793.47754 1160.0721 892.9985 1.7757240019499958 0.6984377812465274 0.7578808596559822 3.3671228692515784 5.016221488136523 28.363219387610734 -1.5821240355561612 1
Pedestrian 166 1 -2.9153836766516803 955.828 800.02673 979.37897 852.0924 1.6456560447416453 0.6008048590628271 0.6716446155976292 0.21388321819337314 7.558383366580043 50.120498893124434 -2.9111163224827896 1
rider 182 1 -1.6238996780690662 1014.5193 796.21295 1072.0118 884.962 1.4982537804801916 1.0036553139409685 0.8257432276488589 1.4864660428655074 4.668073096259406 27.2565776125021 -1.569417599821352 1
rider 1222 1 1.5538922437894287 776.3259 789.6431 800.28436 834.2673 1.3816366567175382 0.7790003706758517 0.7150167407728755 -5.751171400202606 6.9018695557743985 49.70341250804724 1.4386947484813475 1
bicycle 939 1 -1.3125116990504402 384.37955 770.82733 516.352 966.5929 1.1129716239208811 0.46235729343425847 1.7224961204762665 -3.610542388700495 2.2406612043263134 10.681373560111137 -1.6384763646913945 1
bicycle 940 1 -1.8821129918309814 1207.3903 820.3091 1263.805 906.71765 1.1873306499505007 0.4017662080175627 1.8772490063104592 4.721760697028906 4.688012407960979 25.83342136862861 -1.7013313091482665 1
bicycle 1695 0 1.731390377257679 658.3736 785.7249 711.8713 872.1976 1.234696306383615 0.6062799023439478 1.9832858687227826 -4.794849348178808 4.144915369010917 26.06278717551691 1.5494517997076978 1
Cyclist 162 0 -1.5894923382626802 964.4552 791.81525 1001.47253 883.5886 1.8457012608019623 0.8245904955409696 2.082823529759795 0.49355954938343716 5.859190386223707 34.91449070771856 -1.5753570418058525 1
bicycle 941 2 -2.150939635687206 1250.4749 818.325 1380.6317 934.8833 1.16390892187325 0.6068567781286347 2.1059316815934643 4.61775433790663 3.847533402866723 19.654836200760652 -1.9201822639445494 1
bicycle_rack 943 1 -0.1944294462201291 1197.8726 795.7062 1461.0223 988.1494 1.4199711688185384 1.359722369914018 1.9981492153565714 3.1461449416177145 2.991455913547362 13.037011133163835 0.04236714072953074 1
bicycle_rack 944 1 -0.20804670975430273 1275.4868 810.83826 1609.5082 1033.9786 1.2181607301315422 1.0671093847647672 1.90569260989456 3.0922388212667866 2.517359322568602 9.825808911019518 0.09684642763902307 1
bicycle_rack 945 1 1.7454107161409391 680.2563 777.03326 756.5161 870.12665 1.428879312449662 0.9240528547551692 3.64664793348987 -4.950455684537417 4.744892145125439 30.76543236223958 -4.69731669453272 1
Pedestrian 948 2 0.9190370013575533 1254.266 778.4316 1330.7788 927.09314 1.752519257316557 0.7677031595916908 0.5492611117790164 4.181525065957902 3.733864861540535 18.88815095990791 1.1369065574209065 1
Pedestrian 938 1 0.33233144433808376 611.59503 787.05475 671.0535 873.24146 1.2451325887385452 0.7094338928835724 0.7211990992237831 -5.01957574341342 3.8352317026215137 23.49062527325474 0.12181327710543366 1
Cyclist 185 0 -1.6217898775287196 1012.3222 792.494 1074.1783 900.8147 1.678316452617704 1.0237764359986181 1.9856577022394382 1.4727815457513538 4.84280034514169 27.242154437390038 -1.5677798616981253 1
