bicycle 941 2 -2.1718479509388415 1292.5687 824.81165 1437.945 953.2109 1.16390892187325 0.6068567781286347 2.1059316815934643 4.834388256740309 3.7239412868563164 18.056399375904206 -1.910245412018952 1
bicycle 169 2 -2.7710397332895074 957.68585 815.3648 1018.4594 859.3254 1.2698303054983857 0.6481748618279563 1.9099563046762298 0.8874920263554673 7.67042171728332 49.59267629527604 -2.753146016514161 1
bicycle 172 2 -1.721552908250948 1074.6583 828.1511 1100.6377 870.3326 1.109410523477321 0.5870575887990299 1.779701292814588 4.1319277726516175 7.890429453896415 48.98454988859392 -1.6374004647876998 1
bicycle_rack 933 1 -0.41947961231271813 1441.4735 769.25714 1935.0 1215.0 1.3085020914901175 1.4383340147038648 2.3586609105562406 2.9060072944274147 1.856778539145298 4.821341220948083 0.1229509547463874 1
moped_scooter 1221 0 1.5781193046002109 795.3791 794.8883 821.54083 851.8255 1.547973048471694 0.793459757458194 1.5719973281918094 -4.732396026409875 6.912519046508059 46.3734775487879 1.476421734249095 1
Pedestrian 947 1 -1.2085078396847428 1280.0896 779.6898 1360.8792 951.3601 1.7829637861923868 0.7478233854608831 0.5027612700013262 4.012342626784344 3.555314401688162 16.704465493323895 -0.9727777211837576 1
Pedestrian 881 0 -1.7377966116722454 1175.8353 808.625 1221.5986 907.4514 1.6645335085544821 0.7000394304955473 0.7512212087935688 4.277513917317496 5.025345447198353 26.976421730634783 -1.5805409294248218 1
Pedestrian 165 0 -2.8067392369268345 956.82446 817.6962 981.9382 864.4986 1.404676785254034 0.5295169564557425 0.673248221443211 0.2626527887771051 7.6689454095608705 48.22729419325568 -2.801293146773656 1
Pedestrian 166 0 -2.773306085659204 969.9182 809.8745 995.81964 863.95795 1.6456560447416453 0.6008048590628271 0.6716446155976292 0.7042202276587457 7.716082100829448 48.67257029946398 -2.7588385716274004 1
rider 1222 0 1.5859434231345793 796.09503 796.83307 821.66736 844.6262 1.3816366567175382 0.7790003706758517 0.7150167407728755 -4.727581868847236 6.764155204570322 46.42611459261832 1.4844629932684676 1
bicycle 170 1 -3.001359578003363 1015.87286 832.666 1062.1592 865.1889 0.9723615483833729 0.3888162492201843 1.483809006862832 2.5632737825791385 7.866895531549671 49.29231968002658 -2.949404891253982 1
bicycle_rack 943 1 -0.22772893623317336 1248.2927 796.14014 1553.7867 1016.0715 1.4199711688185384 1.359722369914018 1.9981492153565714 3.31447869740138 2.823424765918822 11.525143898268341 0.052301013083214665 1
bicycle_rack 177 1 -1.6994078789906941 1114.641 835.11316 1146.0007 879.3399 1.1276578239205794 0.7658547886680843 1.9135542787587008 5.443842606142879 8.044994920192654 48.2465231693623 -1.5870492175596123 1
Car 1224 0 1.58524538449228 827.68604 802.57355 894.4498 875.6035 1.478874213731491 1.7917247061171275 3.977304798932038 -2.796654963631639 6.734728373025285 42.2049065046533 1.5190783749385313 1
Pedestrian 937 0 1.6784407210253065 766.96826 789.78046 793.2355 862.2928 1.8595684086355497 0.6250467521384216 0.8062352517217664 -4.916123638526164 6.381900967802987 40.60954256296578 1.55796861392573 1
Pedestrian 179 1 -1.7011138031974828 1133.6576 803.0858 1177.2406 906.4676 1.7757240019499958 0.6984377812465274 0.7578808596559822 3.5488314591133907 5.082647927772641 27.37411314204224 -1.5721909847612532 1
bicycle 939 1 -1.2669326841852842 302.87027 772.84265 470.10632 1002.9245 1.1129716239208811 0.46235729343425847 1.7224961204762665 -3.4988681360279954 2.1125260022906938 9.230368348072293 -1.6292584928996694 1
bicycle 940 1 -1.9163134748884387 1238.1221 828.77155 1302.5868 922.5904 1.1873306499505007 0.4017662080175627 1.8772490063104592 4.950326291690768 4.596004990359102 24.045679276188377 -1.71327842069665 1
bicycle 1695 0 1.7377785028041015 661.7488 788.87836 719.18475 881.00916 1.234696306383615 0.6062799023439478 1.9832858687227826 -4.4317141171187835 4.03893475467007 24.578745651579354 1.5593884426993996 1
Cyclist 162 0 -1.5912894765002745 981.91144 798.5712 1019.137 890.86743 1.8457012608019623 0.8245904955409696 2.082823529759795 0.9024304374049503 6.017311255634701 34.87693289953568 -1.565420541054457 1
bicycle_rack 945 1 1.753846675816905 680.7108 782.29156 760.3575 878.63885 1.428879312449662 0.9240528547551692 3.64664793348987 -4.78209524724653 4.780024117955064 30.006032903705684 -4.68738065667445 1
bicycle_rack 944 1 -0.2632774849473773 1350.3447 817.2023 1764.1459 1087.9814 1.2181607301315422 1.0671093847647672 1.90569260989456 3.2033434461832115 2.361300175325736 8.257548924321803 0.10677982162293342 1
Pedestrian 948 2 0.8987648790799725 1298.275 779.87085 1382.3041 942.4376 1.752519257316557 0.7677031595916908 0.5492611117790164 4.384042666803164 3.5884596196438414 17.30814109157659 1.146841061306664 1
Pedestrian 938 1 0.3454360709006867 604.34155 791.3596 668.2773 883.7304 1.2451325887385452 0.7094338928835724 0.7211990992237831 -4.773119958524988 3.7379303315254417 21.995667190966365 0.13174645101417726 1
rider 167 0 -1.5899227754388305 982.02454 801.56885 1017.8922 881.4006 1.7176770836104824 0.8172793301789639 0.9901013567622003 0.8962700893679771 5.896873816917759 34.87757220553289 -1.564230824371269 1
Cyclist 185 0 -1.6249337373717612 1031.4194 801.86456 1094.427 912.3772 1.678316452617704 1.0237764359986181 1.9856577022394382 1.8081711108619842 4.981162827425045 26.91122913548448 -1.5578443659502585 1
rider 182 1 -1.6269118373708753 1033.5605 806.0747 1091.874 896.22736 1.4982537804801916 1.0036553139409685 0.8257432276488589 1.8202615671912799 4.814489162610782 26.95403296475287 -1.559482151901979 1
