bicycle 1696 1 1.7721968468348512 661.34314 801.2249 711.1492 885.72656 1.2316196259381886 0.5376480618541665 1.6244356963972477 -4.772831751666793 4.396645046245659 26.025542750448857 -4.6923633357296755 1
bicycle 172 2 -1.72406430926674 1083.3171 837.0051 1110.1483 880.6889 1.109410523477321 0.5870575887990299 1.779701292814588 4.311996432989383 8.002111475638733 47.69016146336756 -1.633892602890907 1
bicycle_rack 945 1 1.7623772604666517 670.0036 785.6043 755.0867 887.3308 1.428879312449662 0.9240528547551692 3.64664793348987 -4.712251904622266 4.704105095790054 28.641806795380102 -4.683870813488431 1
bicycle_rack 933 2 -0.5598386244127824 1584.1698 761.8864 1935.0 1215.0 1.3085020914901175 1.4383340147038648 2.3586609105562406 2.926352261355743 1.7147341273776409 3.5725047222475297 0.12645967644725076 1
moped_scooter 1221 0 1.5768923841032954 802.04364 806.84265 829.7723 867.66614 1.547973048471694 0.793459757458194 1.5719973281918094 -4.250005306368951 6.973695829494238 43.776771157852345 1.4801121102787618 1
Pedestrian 947 1 -1.2258327280000674 1311.9639 780.5313 1395.1956 966.0347 1.7829637861923868 0.7038347871950196 0.5027612700013262 4.0563897285378365 3.4344130390462153 15.462029015415986 -0.9692691856356059 1
Pedestrian 937 0 1.6849338265352292 762.3861 793.20056 788.83057 867.486 1.8595684086355497 0.6250467521384216 0.5539481119742513 -4.837402960497983 6.278417634975122 38.98375289546915 1.561477229409765 1
Pedestrian 881 0 -1.741938038285489 1188.7627 811.829 1232.1094 914.23676 1.6645335085544821 0.6315948773168234 0.700788755591707 4.317883124858972 4.951824604030786 25.94604144722476 -1.5770315116102414 1
Pedestrian 165 0 -2.769054009653643 951.74835 815.3375 975.7262 863.43005 1.404676785254034 0.6219320139436164 0.5692812817693546 0.07926430505860638 7.464136090465029 47.18924938293352 -2.767374300153089 1
Pedestrian 166 0 -2.7665920638443553 964.8143 807.7543 991.33514 862.9743 1.6456560447416453 0.6008048590628271 0.6716446155976292 0.5367525901937809 7.521966756944638 47.65337723621151 -2.7553288559946765 1
rider 167 0 -1.5916941200636245 989.9129 809.44434 1025.8142 889.41907 1.7176770836104824 0.8172793301789639 0.9901013567622003 1.082000834990496 6.088836149918509 34.92208534291322 -1.560720746153006 1
rider 1222 0 1.585197482154502 801.8726 808.6451 828.9285 859.491 1.3816366567175382 0.7790003706758517 0.7150167407728755 -4.27203745873612 6.815114156202202 43.83265259186043 1.48804188721711 1
bicycle 939 1 -1.2119447964784582 185.28055 773.553 400.25522 1044.2124 1.1129716239208811 0.46235729343425847 1.7224961204762665 -3.5048152216573154 1.9930390007668586 7.98070769852692 -1.6257485011940898 1
Cyclist 185 0 -1.6247648619150392 1036.1392 806.28485 1099.7998 918.36725 1.678316452617704 1.0237764359986181 1.9856577022394382 1.8789824400609183 5.0303112822303255 26.634539717549533 -1.5543347139332677 1
bicycle 169 1 -2.7716960437447926 963.1315 818.64417 1025.4794 863.8695 1.2698303054983857 0.6481748618279563 1.9099563046762298 1.0665352139513011 7.61943340239904 48.34584363965101 -2.7496390856226722 1
bicycle 170 1 -3.0029531017614435 1022.91614 836.4514 1070.4171 869.90674 0.9723615483833729 0.3888162492201843 1.483809006862832 2.7437005274793695 7.815160721639519 48.03623561576018 -2.9458977840807865 1
bicycle_rack 177 1 -1.7025802150261167 1124.2571 838.9186 1156.674 884.51276 1.1276578239205794 0.7658547886680843 1.9135542787587008 5.618508777231379 7.988170748998254 46.97577705864447 -1.5835413093561521 1
Car 1224 0 1.5859339262986627 829.2854 805.5922 901.047 884.40546 1.478874213731491 1.7917247061171275 3.977304798932038 -2.498997432834377 6.484414668436989 39.39707750955051 1.5225877572563027 1
Pedestrian 179 1 -1.705460813499413 1145.0476 804.1797 1189.7437 910.45935 1.7757240019499958 0.6984377812465274 0.6856182496973542 3.6458852969150954 4.992526905289024 26.48894048051418 -1.5686821953952257 1
Pedestrian 948 2 0.8934358394920054 1309.1552 785.4009 1399.6991 960.8022 1.752519257316557 0.7677031595916908 0.5492611117790164 4.228463187692458 3.523670341085733 16.09491662058011 1.150350365670295 1
bicycle 940 0 -1.9245788330953475 1254.7867 829.36725 1322.9733 927.2613 1.1873306499505007 0.4017662080175627 1.8772490063104592 5.03878782933744 4.475946995469669 23.09498473284166 -1.7097683069938046 1
bicycle 1695 0 1.7512144722868248 643.8782 796.4686 706.0281 894.2325 1.234696306383615 0.6062799023439478 1.9832858687227826 -4.45366549806949 4.029907311741887 23.36973285282699 1.5628984997643642 1
Cyclist 162 0 -1.5925146447530714 988.93384 806.3615 1026.2948 899.21295 1.8457012608019623 0.8245904955409696 2.082823529759795 1.067092406739423 6.202151244259843 34.85673073740209 -1.561910534355971 1
bicycle 941 2 -2.1908112445020436 1322.2771 830.32886 1482.0442 969.8146 1.16390892187325 0.6068567781286347 2.1059316815934643 4.903852334237377 3.6214251443649936 16.795595069684953 -1.9067352776308844 1
bicycle_rack 943 1 -0.26037499438190204 1287.4459 802.8039 1638.7461 1052.9514 1.4199711688185384 1.359722369914018 1.9981492153565714 3.359428436341996 2.7289352500472828 10.268429633268006 0.05581010021102917 1
bicycle_rack 944 1 -0.3185223630550711 1414.453 819.14514 1921.4242 1143.5428 1.2181607301315422 1.0671093847647672 1.90569260989456 3.2055797246854576 2.2114153345919125 7.011592420751918 0.11028873414815532 1
Pedestrian 1227 2 2.9632451740251837 1137.9647 822.5611 1166.5565 888.07904 1.7810140143047164 0.6988931556384683 0.7071299457623317 5.5183976944889395 7.544137781837268 43.23472244169921 -3.192988476712766 1
Pedestrian 938 1 0.3575898777769997 588.5722 796.90674 656.8101 895.11 1.2451325887385452 0.7094338928835724 0.7211990992237831 -4.693930326094546 3.679339428738079 20.76298450000454 0.13525528397157816 1
rider 182 1 -1.6265591829887138 1037.9603 810.1068 1096.9879 901.54376 1.4982537804801916 1.0036553139409685 0.8257432276488589 1.882641323331104 4.848009674898825 26.627033759181167 -1.5559725167483487 1
