bicycle 1695 0 1.7750040079545952 590.9554 788.5732 665.19617 899.41364 1.234696306383615 0.6062799023439478 1.9832858687227826 -4.5639839880475535 3.597801222005419 20.595216654960698 1.5569241946750574 1
Cyclist 162 0 -1.6453410128322201 970.0907 797.6167 1011.9351 889.85046 1.8457012608019623 0.8245904955409696 2.082823529759795 0.6811787851185342 6.007085280127493 34.967994743477234 -1.6258634120500295 1
bicycle 1696 1 1.7930028860017089 613.96027 791.17883 671.7985 884.9423 1.2316196259381886 0.5376480618541665 1.6244356963972477 -4.956177349114291 3.9188770496441663 23.352244085261198 -4.69931481639998 1
bicycle_rack 945 1 1.7752064184892289 632.89795 778.67786 729.821 890.70544 1.428879312449662 0.9240528547551692 3.64664793348987 -4.796383132142714 4.284726334005375 25.939127578252993 -4.690822850944983 1
moped_scooter 1221 1 1.561092411982932 787.7808 799.2687 819.82623 869.27106 1.547973048471694 0.793459757458194 1.5719973281918094 -4.00991807519831 6.076567032179148 38.01220143165385 1.4559908375949742 1
Pedestrian 947 0 -1.2777632745339664 1370.762 754.3039 1482.1713 980.72046 1.7829637861923868 0.7918119837267326 0.5027612700013262 3.9494305019855376 2.918969057621787 12.697928653363114 -0.9762186317234635 1
Pedestrian 937 0 1.671801123392972 735.6567 782.3997 764.93176 864.7252 1.8595684086355497 0.6258363801526392 0.6143298947752496 -4.979764562495524 5.613109575029474 35.3200104861697 1.5317344483373052 1
Pedestrian 165 0 -2.6669661568657137 927.2494 799.10455 953.7613 849.04266 1.404676785254034 0.5526207208277334 0.6154888105132925 -0.6257368613221986 6.706789776995039 45.13088490986123 -2.6808302051934714 1
Pedestrian 166 0 -2.6609793361176233 945.0358 791.8285 972.4965 849.38605 1.6456560447416453 0.6008048590628271 0.6301841827839699 -0.07523756455042008 6.777082786517194 45.558175921743896 -2.6626307959188384 1
rider 167 0 -1.6453794240728254 973.9632 800.99335 1011.95984 880.769 1.7176770836104824 0.8172793301789639 0.9901013567622003 0.7355374185013743 5.899229494772104 34.994694864204625 -1.6243639777302088 1
rider 1222 1 1.5570836804750714 788.53973 801.4965 819.72656 860.1669 1.3816366567175382 0.7790003706758517 0.7150167407728755 -3.9995473120893013 5.920257452435255 38.03237327252347 1.4523071334651583 1
bicycle 939 1 -1.0312235918853347 0.0 755.0435 127.56787 1196.5005 1.1129716239208811 0.46235729343425847 1.7224961204762665 -3.540969288226625 1.6380414317204457 5.159448904422058 -1.6327008324965913 1
bicycle 169 1 -2.772307614399428 951.919 806.3036 1017.7378 853.67676 1.2698303054983857 0.6481748618279563 1.9099563046762298 0.720013960512275 6.904578021285971 45.79208560356554 -2.7565853640695384 1
bicycle 170 1 -3.0054464017111657 1014.8987 822.7386 1065.0636 857.85394 0.9723615483833729 0.3888162492201843 1.483809006862832 2.3935301830271243 7.030251063418922 45.46068362615487 -2.952844417376415 1
bicycle 172 1 -1.7302163680622338 1081.1788 829.3302 1109.9515 875.374 1.109410523477321 0.5870575887990299 1.779701292814588 4.0331819616693245 7.385992448853726 45.00596155572814 -1.6408407149200637 1
bicycle_rack 177 1 -1.708951774218929 1122.2952 827.5248 1156.9708 875.33246 1.1276578239205794 0.7658547886680843 1.9135542787587008 5.2857865866875136 7.275782201203946 44.41108654144388 -1.590489513013318 1
Car 1224 0 1.576977742935902 800.8015 796.3443 886.5226 889.4684 1.478874213731491 1.7917247061171275 3.977304798932038 -2.6067267891992447 5.535612247023067 33.33731185520063 1.4989440478053289 1
Pedestrian 1227 0 2.9689421109443175 1117.9042 812.9554 1148.2611 882.78937 1.7810140143047164 0.6988931556384683 0.7071299457623317 4.649496879159079 6.920353209870651 40.49910756231188 -3.199938705632304 1
Pedestrian 179 1 -1.715304960270602 1147.8906 794.0782 1195.8011 906.9577 1.7757240019499958 0.6984377812465274 0.6856182496973542 3.50100866794621 4.631923132637841 24.902573361998105 -1.5756321448352557 1
Pedestrian 948 1 0.850431302470126 1355.9786 759.01697 1469.8162 968.1094 1.752519257316557 0.7677031595916908 0.6214334968277099 4.0852502036440885 3.006761538172606 13.543100951717726 1.1433993970209517 1
bicycle 940 0 -1.9540443390353153 1284.2074 817.65686 1365.367 927.9144 1.1873306499505007 0.4017662080175627 1.8772490063104592 4.937126865322681 3.941747819333786 20.41132656367504 -1.7167208795208875 1
bicycle 941 2 -2.238873571293497 1372.2639 813.24414 1571.1615 977.64545 1.16390892187325 0.6068567781286347 2.1059316815934643 4.783250381206287 3.088463560364702 14.187115804331539 -1.9136878900363514 1
bicycle_rack 943 0 -0.3613128590718382 1381.3545 777.7084 1890.5555 1119.3265 1.4199711688185384 1.359722369914018 1.9981492153565714 3.3026128786198177 2.2704373073255466 7.595073181860128 0.04885956482084053 1
bicycle_rack 944 2 -0.5459972430168462 1679.2336 795.7816 1935.0 1215.0 1.2181607301315422 1.0671093847647672 1.90569260989456 3.250006958737765 1.779229943399324 4.281074371977899 0.10333854174841628 1
moped_scooter 178 1 -1.8957850022323033 854.9491 781.8901 902.192 843.81134 1.7830556059977891 0.910191769885523 2.2899202878572535 -2.8092044914534235 7.218342875236849 50.54247953517925 -1.951308931515023 1
Pedestrian 881 0 -1.756090688977052 1192.3826 799.7222 1250.9718 909.1572 1.6645335085544821 0.8140044348509812 0.7607169471112702 4.2352173210101585 4.5579252740183644 24.364454763004506 -1.583982706147008 1
Pedestrian 938 1 0.38989254090287306 520.11536 788.4117 600.3343 901.0614 1.2451325887385452 0.7094338928835724 0.7211990992237831 -4.84116696870974 3.2658342296290854 18.082821337956062 0.1283052482476097 1
rider 183 1 -1.9138545600411496 861.5468 784.337 896.48724 839.05225 1.69349458757481 0.9113497920292088 0.9494850446454557 -2.7796350727019115 7.141022346940777 50.48053114541017 -1.9688625172519483 1
Cyclist 185 0 -1.6266551748649505 1027.7666 800.24005 1093.0735 914.4391 1.678316452617704 1.0237764359986181 1.9856577022394382 1.7045864871461387 4.848405433702888 26.03929994782243 -1.561286372568626 1
rider 182 1 -1.6286486092927233 1029.9055 804.5944 1090.4723 898.0972 1.4982537804801916 1.0036553139409685 0.8257432276488589 1.7100985012239716 4.670355511755206 25.981730811072325 -1.5629241419657882 1
