bicycle 1695 0 1.8168422137583882 490.257 787.7823 586.5143 920.6929 1.234696306383615 0.6062799023439478 1.9832858687227826 -4.8718965274541945 3.232518573477974 17.34242337175919 1.5429772343577857 1
Cyclist 162 0 -1.703223720174251 921.0721 795.3122 967.834 887.7598 1.8457012608019623 0.8245904955409696 2.082823529759795 -0.40843129483903207 5.954275341310284 34.96451177553353 -1.7149044987235622 1
bicycle 171 2 -2.2873532260417546 911.3613 825.6202 952.85187 854.4056 0.6528177192593315 0.3302317877975606 1.4658786677784366 -0.8580790388328962 6.604768822406895 43.690206149570514 -2.3069907789460236 1
bicycle 1696 1 1.8270311068536995 530.7691 791.6168 602.4778 901.0116 1.2316196259381886 0.5376480618541665 1.6244356963972477 -5.291588085563075 3.5658741351774843 20.12556399779283 1.5699217681131188 1
bicycle_rack 945 1 1.8040805858416213 553.97375 777.3995 672.4255 906.3956 1.428879312449662 0.9240528547551692 3.64664793348987 -5.2140390655573485 3.931209220814391 22.711361955045742 -4.704772693314718 1
moped_scooter 1221 2 1.5666084296119207 754.7591 794.2859 793.5341 878.6097 1.547973048471694 0.793459757458194 1.5719973281918094 -3.9592733740810244 5.223580847238695 31.619866966734403 1.4420420058118846 1
Pedestrian 947 0 -1.3705544903073277 1484.3759 728.6325 1634.3766 1025.7244 1.7829637861923868 0.8211377159039703 0.5027612700013262 3.884444909420428 2.4870246778000826 9.714355967412441 -0.9901632589277646 1
Pedestrian 937 0 1.6912442113499215 679.2074 776.3986 718.7663 871.39526 1.8595684086355497 0.7196400465194146 0.7656791657848647 -5.423884769371518 5.036267105062918 30.95552344678926 1.5177895422929097 1
Pedestrian 165 0 -2.6295945487284165 892.81366 802.8558 919.6034 855.8261 1.404676785254034 0.5179650742697817 0.5808331639553386 -1.5625428905490812 6.5006579204468915 42.46042271824802 -2.666377934550887 1
rider 167 0 -1.693012345001486 924.2734 798.3922 964.201 878.64246 1.7176770836104824 0.8172793301789639 0.9901013567622003 -0.4035058858069156 5.8311351108304414 34.91124611073592 -1.704569879156895 1
rider 1222 2 1.5622889610367001 756.319 797.29144 793.8778 867.9911 1.3816366567175382 0.7790003706758517 0.7150167407728755 -3.9376226681362145 5.0723559319040925 31.60983633126019 1.4383578296715451 1
Cyclist 1219 1 1.533964046831431 700.2248 773.61383 725.3958 840.84283 1.8693520724700052 0.7112809939966999 1.95279239472843 -7.842418223183461 6.661213266918497 47.157871505960074 1.3691708227951498 1
bicycle 169 1 -2.771763823765346 927.7472 808.6161 998.5803 859.62854 1.2698303054983857 0.6481748618279563 1.9099563046762298 0.05275727598137345 6.576085951541407 42.54420378476867 -2.770523766501473 1
bicycle 941 1 -2.311048079788452 1440.0796 814.3507 1710.1036 1026.9507 1.16390892187325 0.6068567781286347 2.1059316815934643 4.528703222139854 2.7246490655773883 11.227135274444683 -1.9276388635699102 1
bicycle 170 1 -3.009243623564288 997.92395 827.06226 1051.6136 864.6663 0.9723615483833729 0.3888162492201843 1.483809006862832 1.802915010092449 6.752426682293921 42.43595058828359 -2.966783601083688 1
bicycle 172 1 -1.7320104185550707 1061.8336 826.79395 1092.7914 876.2081 1.109410523477321 0.5870575887990299 1.779701292814588 3.2448880298104337 6.893749415206303 41.93355996183295 -1.6547826684353055 1
bicycle_rack 943 1 -0.5819333791519741 1596.7437 745.32715 1935.0 1215.0 1.4199711688185384 1.359722369914018 1.9981492153565714 3.189339116605593 1.8396716115859415 4.497357514014975 0.03491279114881185 1
bicycle_rack 177 1 -1.7165005690934996 1111.1421 829.1147 1148.8652 880.69916 1.1276578239205794 0.7658547886680843 1.9135542787587008 4.651739805818063 6.904492622940917 41.3339315383333 -1.6044316492488062 1
Car 1224 0 1.5919276971156728 744.2587 790.4566 852.90985 907.4699 1.478874213731491 1.7917247061171275 3.977304798932038 -2.8648668013597183 4.671638778098431 26.781603357384665 1.4853614946154319 1
moped_scooter 178 0 -1.8708230472110823 830.92523 773.65826 879.6064 839.01587 1.7830556059977891 0.910191769885523 2.2899202878572535 -3.3916110641734862 6.644560674922753 47.63937691576511 -1.9418965690138936 1
Pedestrian 1227 1 2.9879983078625063 1065.4689 811.0311 1101.0803 887.00433 1.7810140143047164 0.6807736842418162 0.7886675670471891 3.033470313634992 6.460545262635069 37.22884152395851 -3.2138848834878395 1
Pedestrian 179 1 -1.7221973840401605 1134.9225 789.2017 1187.3938 912.4286 1.7757240019499958 0.6984377812465274 0.6856182496973542 3.0456900752400315 4.322503129526159 22.830813859086884 -1.58957778929569 1
Pedestrian 948 1 0.7643895287190456 1462.7002 746.0471 1604.0964 1015.5992 1.752519257316557 0.7677031595916908 0.54929168034532 4.015262141919614 2.6370208972443088 10.505840434551077 1.1294517180193573 1
Pedestrian 166 1 -2.646631439124414 901.7904 794.97064 931.0641 856.1304 1.6456560447416453 0.6008048590628271 0.6301841827839699 -1.2860632512467793 6.5743531813545175 42.92829017226765 -2.6765808897830405 1
rider 1225 1 1.5150365590293444 700.33997 775.4087 725.0382 834.18036 1.7438556127878742 0.7264689052962755 0.7736643191549611 -7.843331585414015 6.537349479878538 47.17039020320549 1.3502674406199286 1
bicycle 940 0 -2.019506510787295 1310.956 819.5979 1415.7811 950.20795 1.1873306499505007 0.4017662080175627 1.8772490063104592 4.651601085111001 3.5796685364222034 17.415464397346565 -1.7585033209608607 1
Pedestrian 881 0 -1.7723991787118474 1196.953 799.3843 1253.6361 918.3422 1.6645335085544821 0.7081797879494992 0.6975608356682351 3.9367361356779176 4.3123116538687185 22.33477695190126 -1.5979308526519322 1
Pedestrian 938 1 0.4477620542123556 391.39075 788.35565 493.172 925.6707 1.2451325887385452 0.7094338928835724 0.7211990992237831 -5.157211378213444 2.915783081134361 14.890983391555391 0.11435943114285818 1
rider 183 1 -1.8738006949384254 837.41095 775.51526 873.74097 833.3237 1.69349458757481 0.9113497920292088 0.9494850446454557 -3.366750704383311 6.547667235832274 47.58779116185166 -1.9444312122085312 1
Cyclist 185 0 -1.628069558059005 1007.98126 801.2793 1075.3755 919.10254 1.678316452617704 1.0237764359986181 1.9856577022394382 1.336701263995605 4.776915883015352 25.276424215456565 -1.575235452803317 1
rider 182 1 -1.6294562433572868 1009.4881 805.1814 1071.5114 900.99176 1.4982537804801916 1.0036553139409685 0.8257432276488589 1.3353907851049944 4.6064777331405775 25.3668241430563 -1.5768615932600587 1
