bicycle 1695 0 1.7957898604487825 535.65076 786.8231 621.94073 910.5629 1.234696306383615 0.6062799023439478 1.9832858687227826 -4.711455178397184 3.349686625372568 18.53424843580942 1.5468596845101654 1
Cyclist 162 0 -1.6372863938377689 943.3234 794.047 984.4736 886.1253 1.8457012608019623 0.8245904955409696 2.082823529759795 0.047460395501537786 5.920493920509563 34.95929880929362 -1.6359288046423115 1
bicycle 171 2 -2.28796562680451 918.59705 823.08105 959.03955 851.0568 0.6528177192593315 0.3302317877975606 1.4658786677784366 -0.6791230687303531 6.681888925638255 44.83883458933458 -2.3031103367958874 1
bicycle 1696 1 1.813474879766476 561.5398 793.7902 627.6006 897.1496 1.2316196259381886 0.5376480618541665 1.6244356963972477 -5.20255648310345 3.7278679645144774 21.28991766249717 -4.709380597828203 1
bicycle_rack 945 1 1.7898485454651514 587.6954 777.6194 696.7078 899.7803 1.428879312449662 0.9240528547551692 3.64664793348987 -5.031414565284771 4.055619137949136 23.89252845246655 -4.7008894400600925 1
moped_scooter 1221 2 1.5610606146327761 770.5933 802.8751 806.701 881.89874 1.547973048471694 0.793459757458194 1.5719973281918094 -3.9157092603510666 5.6763209508217445 33.8591206381924 1.4459249766798146 1
Pedestrian 947 0 -1.3364115521829392 1439.754 743.6063 1575.222 1011.9459 1.7829637861923868 0.8211377159039703 0.5027612700013262 3.9288077739990532 2.6716131916768093 10.758671268187113 -0.9862814594362956 1
Pedestrian 937 0 1.6800035039702363 706.4127 782.1898 738.24384 872.0801 1.8595684086355497 0.6155874227003292 0.642707883089582 -5.181113822477791 5.307934400724701 32.44917877810016 1.5216714201872286 1
Pedestrian 881 0 -1.7671875734070963 1196.741 796.27325 1249.5819 910.58795 1.6645335085544821 0.6944908773137576 0.6192440657613011 4.030426970796537 4.341884587817328 23.045419835751765 -1.594048072066509 1
Pedestrian 165 0 -2.6345201377625576 904.1903 797.3137 934.5854 849.71124 1.404676785254034 0.598828249571661 0.673248221443211 -1.211090561450602 6.443268074920924 43.2814304537141 -2.6624945972726213 1
Pedestrian 166 0 -2.6522055531789017 916.2517 790.5084 944.9121 850.4032 1.6456560447416453 0.6008048590628271 0.6301841827839699 -0.8970402304596414 6.5382027995665695 43.7689652021355 -2.6726975766979786 1
rider 1225 2 1.5110679621209293 712.8479 779.9659 736.6197 836.4478 1.7438556127878742 0.7264689052962755 0.7736643191549611 -7.773438746933521 6.885672505591371 49.13096564134954 1.3541499934591705 1
rider 167 0 -1.636015553398025 945.0406 796.44885 982.7534 876.3439 1.7176770836104824 0.8172793301789639 0.9901013567622003 0.055356083348303095 5.781424124258425 34.90464188860083 -1.6344296314706384 1
rider 1222 2 1.5572502902562115 771.1839 804.50104 806.1645 870.44324 1.3816366567175382 0.7790003706758517 0.7150167407728755 -3.9208709110486573 5.506552178604792 33.941310389277895 1.4422409319328278 1
bicycle 169 1 -2.773245991034923 936.659 809.08936 1005.70953 858.8378 1.2698303054983857 0.6481748618279563 1.9099563046762298 0.28816911793655897 6.7258388474862985 43.646084360592155 -2.766643682145081 1
bicycle 170 1 -3.0072073214894988 1001.336 826.1826 1053.7346 862.8779 0.9723615483833729 0.3888162492201843 1.483809006862832 1.9283088264776669 6.870320156834747 43.495973983753345 -2.962903289959198 1
bicycle 172 1 -1.7309153776870505 1066.4451 827.78644 1096.5312 875.9068 1.109410523477321 0.5870575887990299 1.779701292814588 3.453261047313873 7.075735657297247 43.0661950746457 -1.650901612789338 1
bicycle_rack 943 1 -0.4804500366092166 1490.2622 761.2595 1935.0 1215.0 1.4199711688185384 1.359722369914018 1.9981492153565714 3.2167643864156408 1.9986411966826887 5.628042782949679 0.03879518288787809 1
bicycle_rack 177 1 -1.7137259249279992 1113.3701 835.03326 1149.9424 885.509 1.1276578239205794 0.7658547886680843 1.9135542787587008 4.823226901771508 7.226463380150816 42.43516720135284 -1.6005505428923184 1
Car 1224 0 1.5838822842440545 768.0036 791.88776 866.741 898.4844 1.478874213731491 1.7917247061171275 3.977304798932038 -2.7831446642437534 4.973673045147546 29.24192254406312 1.4889915919295067 1
moped_scooter 178 0 -1.8717262471371219 838.59863 777.86414 886.2812 842.01324 1.7830556059977891 0.910191769885523 2.2899202878572535 -3.231260393901816 6.887925670608535 48.67492280733988 -1.9380134871248793 1
Pedestrian 1227 1 2.9762003898500637 1089.5072 810.2127 1124.3015 883.74585 1.7810140143047164 0.6807736842418162 0.7886675670471891 3.7392597938108225 6.589276858169345 38.43516403585306 -3.2100026550355407 1
Pedestrian 179 1 -1.722057518854282 1141.5796 791.5505 1192.0801 910.077 1.7757240019499958 0.6984377812465274 0.6856182496973542 3.256224671141943 4.459088421633668 23.73110815407982 -1.5856957056807321 1
Pedestrian 948 1 0.8007081608230406 1411.9857 751.1847 1545.0988 996.6929 1.752519257316557 0.7677031595916908 0.6054257576054166 3.994012834734782 2.7657379620311398 11.561372072524444 1.1333343665608893 1
bicycle 940 0 -2.0044100666847453 1296.822 819.34326 1393.399 942.0339 1.1873306499505007 0.4017662080175627 1.8772490063104592 4.712874964461183 3.714068115874967 18.473269194341736 -1.754619710090204 1
Cyclist 1219 2 1.529744905829276 713.04675 778.9418 737.4099 843.59607 1.8693520724700052 0.7112809939966999 1.95279239472843 -7.766743509860081 7.039136935016475 49.160767336205645 1.3730533811245924 1
bicycle 941 1 -2.2863555045906105 1416.3247 815.46405 1658.4031 1009.3568 1.16390892187325 0.6068567781286347 2.1059316815934643 4.6353531779200825 2.860179666922793 12.21841424508614 -1.9237552984582709 1
Pedestrian 938 1 0.4224666364945674 444.4377 786.9943 537.2443 914.28674 1.2451325887385452 0.7094338928835724 0.7211990992237831 -5.032464936114952 3.0252908835673153 16.028402890388307 0.11824156278066966 1
rider 183 1 -1.8739965609289542 843.9877 779.9011 879.4801 836.47345 1.69349458757481 0.9113497920292088 0.9494850446454557 -3.244933086261934 6.804437286319722 48.70234422848601 -1.9405260919663354 1
Cyclist 185 0 -1.627376421639249 1013.1501 798.503 1079.7194 914.68823 1.678316452617704 1.0237764359986181 1.9856577022394382 1.4336590360841968 4.761217505631842 25.563303905119557 -1.571352411968218 1
rider 182 1 -1.6290292554317156 1014.9025 802.3065 1076.4548 897.25934 1.4982537804801916 1.0036553139409685 0.8257432276488589 1.4340387400946577 4.579334750731475 25.557767601904043 -1.572978325187729 1
