bicycle 1695 0 1.8508491104258318 403.974 786.8855 521.81305 940.02203 1.234696306383615 0.6062799023439478 1.9832858687227826 -5.019982170415443 2.987818459333811 15.181838857545976 1.5315091346495642 1
Cyclist 162 0 -2.1246688759683177 853.0956 785.9973 931.12476 879.1899 1.8457012608019623 0.8245904955409696 2.082823529759795 -1.6112598429395493 5.678448133172508 34.48637463857344 -2.1713565600337805 1
bicycle 1696 1 1.8573997245617715 455.87488 791.0412 541.04364 914.3462 1.2316196259381886 0.5376480618541665 1.6244356963972477 -5.532017396546499 3.3164926911903794 17.950405530061865 1.5584522156769411 1
bicycle_rack 945 1 1.8294127597699519 484.00018 774.72656 622.6606 918.0268 1.428879312449662 0.9240528547551692 3.64664793348987 -5.5220218952859454 3.670961578701869 20.553272152954975 1.5669421383949649 1
moped_scooter 1221 2 1.5896340966856433 697.8576 783.9353 743.49835 881.2968 1.547973048471694 0.793459757458194 1.5719973281918094 -4.384887448977673 4.543576494838283 27.3343239133846 1.4305723692240662 1
Pedestrian 937 0 1.7086469397903663 632.5105 770.15247 675.7534 876.2479 1.8595684086355497 0.6723433993289123 0.9288566502751865 -5.748790975838281 4.628792720335766 28.025046100237187 1.5063231346540689 1
Pedestrian 165 1 -2.283724860666484 863.27747 790.8597 893.5382 846.3766 1.404676785254034 0.5064131920837843 0.673248221443211 -2.258940824426361 5.974003268001292 40.755334658277995 -2.3390950800099275 1
Pedestrian 166 2 -2.2688100680190413 880.09235 780.9643 911.6247 844.8603 1.6456560447416453 0.6008048590628271 0.6301841827839699 -1.7971066419819095 5.977986009528561 41.077721741271446 -2.3125311251998797 1
rider 1225 0 1.5247738192797655 666.73035 760.888 693.25073 824.11646 1.7438556127878742 0.7264689052962755 0.7736643191549611 -8.219100662538406 5.758136640933573 43.684012144225115 1.3387990406900778 1
rider 1222 2 1.5862485318005426 698.6354 786.37195 742.5356 868.247 1.3816366567175382 0.7790003706758517 0.7150167407728755 -4.381569637588003 4.369483637092897 27.26151894154189 1.426887805001631 1
bicycle 169 0 -2.7711271122610195 907.82086 797.9481 982.30786 851.1965 1.2698303054983857 0.6481748618279563 1.9099563046762298 -0.43930899945673063 6.025585998440025 40.4584805341799 -2.7819849529348586 1
Cyclist 185 0 -1.618910439385797 983.7223 795.325 1050.9952 914.52277 1.678316452617704 1.0237764359986181 1.9856577022394382 0.9120614984136663 4.631051593000318 24.91078492980204 -1.5823136688389323 1
bicycle 170 1 -3.0022436998608732 968.72565 819.65845 1025.5095 859.2322 0.9723615483833729 0.3888162492201843 1.483809006862832 0.9633057821692765 6.239785452438369 40.13304415067658 -2.978245499164359 1
bicycle 171 1 -2.285276783223035 890.0832 812.55206 933.64307 842.3716 0.6528177192593315 0.3302317877975606 1.4658786677784366 -1.3795195233226165 5.950224543083929 41.56636495200932 -2.318452966919571 1
bicycle 172 1 -1.7352904268427602 1048.673 818.8711 1081.4105 870.5444 1.109410523477321 0.5870575887990299 1.779701292814588 2.7579514994666554 6.4009053817713095 39.88147293028092 -1.666246645892029 1
bicycle_rack 177 1 -1.7217293199191162 1100.6064 822.41144 1140.623 876.4541 1.1276578239205794 0.7658547886680843 1.9135542787587008 4.17382763905217 6.445481817045902 39.29030919885085 -1.6158957757956258 1
Car 1224 0 1.6094055907640286 686.6106 782.4709 816.45374 920.5477 1.478874213731491 1.7917247061171275 3.977304798932038 -3.108576264534935 4.098827079290774 22.79872347576244 1.4738925423531057 1
moped_scooter 178 0 -1.8695348977460615 802.3766 774.1974 853.3171 842.71045 1.7830556059977891 0.910191769885523 2.2899202878572535 -4.076521987969691 6.4507125556205365 45.52126777540907 -1.9588486846952533 1
Pedestrian 947 0 -1.458495299638249 1600.9218 692.2163 1791.9133 1071.5157 1.7829637861923868 0.8211377159039703 0.516742761299841 3.7477939043809254 2.1459444117450763 7.624420034122982 -1.0016294315740937 1
Pedestrian 1227 0 3.001603224946501 1026.8909 798.9102 1064.3384 879.4768 1.7810140143047164 0.6807736842418162 0.7886675670471891 1.9723100864595735 5.901487972360673 35.03892926316509 -3.2253523110984945 1
Pedestrian 179 1 -1.7296630638317767 1125.962 778.3449 1184.6354 911.6425 1.7757240019499958 0.6984377812465274 0.9204717320629995 2.777531539460987 4.027642819002628 21.47594545904526 -1.6010448053083801 1
Pedestrian 948 1 0.6938472702622451 1550.4998 710.8114 1723.9125 1046.6876 1.752519257316557 0.7677031595916908 0.5172150647681104 3.796724064473368 2.258590914257819 8.408346246615935 1.117983039863843 1
rider 182 1 -1.621101374480437 985.43524 799.4292 1048.4713 897.3814 1.4982537804801916 1.0036553139409685 0.8257432276488589 0.9144153863854869 4.44031411859265 24.78913382936629 -1.5842303413596994 1
bicycle 940 0 -2.05134206658858 1334.7129 806.64154 1459.487 954.56696 1.1873306499505007 0.4017662080175627 1.8772490063104592 4.42853441229538 3.166047537233594 15.321783280600329 -1.7699748459385674 1
Cyclist 1219 0 1.5174407076506506 665.4225 760.0625 693.8004 832.1419 1.8693520724700052 0.7112809939966999 1.95279239472843 -8.237145161345229 5.911708217978145 43.69128774435373 1.3310973349648139 1
bicycle 941 1 -2.363247987923366 1532.2377 794.2634 1889.6187 1059.3013 1.16390892187325 0.6068567781286347 2.1059316815934643 4.434730347270573 2.313854135211997 9.05964778901381 -1.9080326910694279 1
Pedestrian 881 0 -1.778525537675948 1187.0874 785.80585 1247.091 911.7599 1.6645335085544821 0.7081797879494992 0.6649994058523934 3.584695722127991 3.9605645832148784 20.992989519815996 -1.6093999293807317 1
Pedestrian 938 1 0.500627956100766 269.0629 789.1146 393.79877 951.258 1.2451325887385452 0.7094338928835724 0.7211990992237831 -5.320328911790407 2.6785492169626837 12.663629781447854 0.10289227324475947 1
rider 183 1 -1.8660410500771023 808.1971 776.27356 846.04565 836.74426 1.69349458757481 0.9113497920292088 0.9494850446454557 -4.089587568639747 6.366243708647034 45.55131826020458 -1.9555807745760996 1
rider 167 0 -2.1393842320112793 867.1557 789.1787 920.314 871.47614 1.7176770836104824 0.8172793301789639 0.9901013567622003 -1.5569355861244265 5.567857933963509 34.4082063657873 -2.184602348901188 1
