bicycle 1695 0 1.8620075979073303 377.61063 778.0747 501.37827 934.48193 1.234696306383615 0.6062799023439478 1.9832858687227826 -5.1133639119309215 2.8508067579122827 14.77443512696476 1.5288154975180435 1
Cyclist 162 0 -1.9068751784396392 850.03973 778.76776 913.7267 871.84735 1.8457012608019623 0.8245904955409696 2.082823529759795 -1.8474383874617952 5.508337638863604 34.47691088447025 -1.9604087804320478 1
bicycle 1696 1 1.8642586144765845 438.45792 783.656 526.8346 909.407 1.2316196259381886 0.5376480618541665 1.6244356963972477 -5.584388141598394 3.1786030687743683 17.523783336048446 1.555758236877233 1
bicycle 163 2 -1.9661371119666196 877.9352 785.47687 917.1698 837.3305 1.2432495054898953 0.49431865981076334 1.6785738343865795 -1.801448792533498 5.854299615866531 42.07720033026593 -2.008923926042383 1
bicycle_rack 945 1 1.8363880640363073 465.43546 767.82184 609.3749 913.2598 1.428879312449662 0.9240528547551692 3.64664793348987 -5.611497261404607 3.5252287528297246 20.108313243123156 1.5642479425001907 1
moped_scooter 1221 2 1.5874225454546018 696.6543 780.09894 743.1609 879.5497 1.547973048471694 0.793459757458194 1.5719973281918094 -4.298986044651137 4.407265850266927 26.716412964126302 1.4278783713904892 1
Pedestrian 947 0 -1.4805837287896753 1632.0942 685.2454 1833.6088 1086.5245 1.7829637861923868 0.8211377159039703 0.5027612700013262 3.7179587961080904 2.0912607991766015 7.207193043033048 -1.004322615000765 1
Pedestrian 937 0 1.7147992862611443 619.2885 764.3655 661.5739 870.65735 1.8595684086355497 0.6723433993289123 0.6427078830896169 -5.875091597898524 4.447583154273694 27.406919573494857 1.50362989531239 1
Pedestrian 881 0 -1.7800846261723644 1185.0753 781.7646 1245.6238 908.6677 1.6645335085544821 0.7081797879494992 0.6649994058523934 3.53079991502809 3.8848205469503414 20.81972640297839 -1.6120937961977038 1
Pedestrian 938 1 0.5156329296147741 234.18224 778.10297 365.61435 946.40155 1.2451325887385452 0.7094338928835724 0.7211990992237831 -5.36442509591645 2.5308783262328687 12.161274274033111 0.10019885749534407 1
Pedestrian 165 2 -2.215771757323361 854.39325 784.639 884.187 840.45544 1.404676785254034 0.5757244851996688 0.5692812817693629 -2.481946264540302 5.757573946238415 40.34720686814534 -2.2772090397525035 1
Pedestrian 166 2 -2.15481999053655 872.7811 776.6015 904.0728 841.1169 1.6456560447416453 0.6008048590628271 0.6301841827839699 -1.978872883064147 5.808919564286771 40.60849725370895 -2.203511985057016 1
rider 1225 0 1.5280100175910547 657.34515 759.9792 684.2563 824.26624 1.7438556127878742 0.7264689052962755 0.7736643191549611 -8.347525320732073 5.666247904937235 42.96299657343653 1.3361053337169277 1
rider 1222 2 1.5840461188968589 697.4359 782.5313 742.2444 866.0911 1.3816366567175382 0.7790003706758517 0.7150167407728755 -4.302659739807217 4.237935159210075 26.686798311894183 1.4241937160257359 1
bicycle 169 0 -2.7709114307668616 903.0774 795.66766 978.34937 849.3897 1.2698303054983857 0.6481748618279563 1.9099563046762298 -0.5511741789084518 5.914608896277246 40.037578686806874 -2.784676982592683 1
bicycle 170 1 -3.002847510668008 965.3227 815.94684 1022.65796 855.83374 0.9723615483833729 0.3888162492201843 1.483809006862832 0.8708857503045272 6.089247756436492 39.74231479527185 -2.9809377050333987 1
bicycle 171 1 -2.284753897258403 885.0535 811.6564 929.0522 841.75055 0.6528177192593315 0.3302317877975606 1.4658786677784366 -1.4978254767999284 5.871653466209069 41.14069259768283 -2.3211452198062714 1
bicycle 172 1 -1.7359082900696958 1045.3762 816.49603 1078.4874 868.61115 1.109410523477321 0.5870575887990299 1.779701292814588 2.6473859691488135 6.2837778810542915 39.47241308306089 -1.6689393141512008 1
bicycle_rack 177 1 -1.7227438979601972 1097.8391 820.06793 1138.3358 874.57886 1.1276578239205794 0.7658547886680843 1.9135542787587008 4.064790207667196 6.3296065291923265 38.884974455697154 -1.6185884789203264 1
Car 1224 0 1.6136043507521838 672.87445 778.0681 808.1719 920.2173 1.478874213731491 1.7917247061171275 3.977304798932038 -3.166131245186673 3.952475890520369 22.082691026240873 1.4711987050725166 1
moped_scooter 178 0 -1.836679730447751 797.9821 766.5623 847.2841 835.29944 1.7830556059977891 0.910191769885523 2.2899202878572535 -4.196304629550143 6.172307918110507 45.10228618831196 -1.9294523856663268 1
Pedestrian 1227 1 3.0071859438856716 1014.763 795.9698 1051.5514 876.50006 1.7810140143047164 0.5086387059737834 0.7886675670471891 1.6596255896975394 5.76994818265862 34.58247295278448 -3.2280457866741488 1
Pedestrian 179 1 -1.780300815187084 1124.8861 775.4945 1185.9967 910.1139 1.7757240019499958 0.6984377812465274 0.8391762958594842 2.7408906817074588 3.952709501123083 21.17143430899217 -1.6515551640599582 1
Pedestrian 948 1 0.6758199152265767 1574.0787 708.7531 1756.0396 1061.2786 1.752519257316557 0.7677031595916908 0.5172150647681206 3.7734675006884615 2.225084324521501 8.026392643269235 1.1152892685079152 1
rider 182 1 -1.619875355266132 979.47675 797.43884 1042.6937 895.7371 1.4982537804801916 1.0036553139409685 0.8257432276488589 0.8139274200393043 4.395751885260626 24.692365108279756 -1.5869245698677839 1
bicycle 940 0 -2.0582586193783348 1339.3416 806.6331 1469.0527 959.2252 1.1873306499505007 0.4017662080175627 1.8772490063104592 4.369743912651263 3.1125787322452996 14.882531609396352 -1.7726692868514082 1
Cyclist 1219 0 1.5203418778012714 656.59827 758.5801 685.2923 831.8427 1.8693520724700052 0.7112809939966999 1.95279239472843 -8.34880831971613 5.802198770727344 42.9618980842629 1.328403629655054 1
bicycle 941 1 -2.3776289186344592 1543.6056 794.0373 1920.0825 1070.8883 1.16390892187325 0.6068567781286347 2.1059316815934643 4.379705289046638 2.273579532493723 8.717393785752988 -1.912055216707706 1
rider 183 1 -1.8331676053249408 803.04846 768.9856 840.52734 829.7518 1.69349458757481 0.9113497920292088 0.9494850446454557 -4.2142084156761195 6.101288540497665 45.14368887464846 -1.9262488462653504 1
rider 167 0 -1.899381903051188 859.7664 780.71576 907.3946 862.45087 1.7176770836104824 0.8172793301789639 0.9901013567622003 -1.7904898253621306 5.362579745444394 34.370240381059816 -1.9514290449354859 1
Cyclist 185 0 -1.6189328444377693 978.8549 792.7341 1046.9319 913.2308 1.678316452617704 1.0237764359986181 1.9856577022394382 0.8272661655786503 4.553221867325514 24.61576295387153 -1.5853383168861732 1
