bicycle 1695 0 1.900301406371884 275.4771 780.8033 425.48953 958.7485 1.234696306383615 0.6062799023439478 1.9832858687227826 -5.319301274934958 2.7103292728431185 13.147523322911876 1.5158480132030356 1
Cyclist 162 0 -1.9088298014683112 795.42896 778.2646 860.17773 872.42926 1.8457012608019623 0.8245904955409696 2.082823529759795 -3.0579602546811286 5.454985790518385 34.074833070282416 -1.9983325256201137 1
bicycle 1696 0 1.891554927885803 363.97293 790.9869 465.77023 930.0303 1.2316196259381886 0.5376480618541665 1.6244356963972477 -5.82668691474029 3.102258732157863 16.023647511885606 1.5427891054494367 1
bicycle 163 2 -1.9637912001815245 854.3506 785.22107 894.8915 838.9264 1.2432495054898953 0.49431865981076334 1.6785738343865795 -2.3633046735247367 5.6921943382999185 40.63545002044396 -2.02188445356592 1
bicycle_rack 945 1 1.8594707844200653 395.19174 769.1042 559.08936 928.0192 1.428879312449662 0.9240528547551692 3.64664793348987 -5.922122173446647 3.399462714917597 18.603354016316192 1.5512777644696092 1
moped_scooter 1221 2 1.605199104948621 645.55743 782.611 699.01715 893.2056 1.547973048471694 0.793459757458194 1.5719973281918094 -4.653738251740615 4.184332659563101 24.160136074454684 1.4149091522392876 1
Pedestrian 947 1 -1.5791789141544286 1776.6029 651.517 1935.0 1160.0776 1.7829637861923868 0.8211377159039703 0.5027612700013262 3.5997396873841416 1.8923927217343461 5.717621114213534 -1.0172879096800647 1
Pedestrian 937 0 1.7314335831305436 569.72284 764.146 617.66785 880.4905 1.8595684086355497 0.6723433993289123 0.7751384952229967 -6.213174434731847 4.254305946295791 25.30492925666117 1.4906643277607627 1
Pedestrian 938 1 0.5665051874275917 103.06685 782.7228 260.35458 976.70544 1.2451325887385452 0.7094338928835724 0.7211990992237831 -5.5138812571415174 2.405486799752717 10.610007667924464 0.08723243950357462 1
Pedestrian 165 2 -2.167751768582809 817.9706 787.6097 848.0415 844.9673 1.404676785254034 0.587276367385669 0.5346256352114092 -3.366194892674838 5.717336960005322 39.244131566895675 -2.2533180798293193 1
Pedestrian 166 0 -2.1432034139081084 835.4804 775.15045 867.54663 841.33704 1.6456560447416453 0.6008048590628271 0.6301841827839699 -2.9056284285946345 5.665723176032904 39.578913894502854 -2.2164854964581227 1
rider 1222 2 1.6011329816390867 648.1147 785.0466 698.6279 877.7555 1.3816366567175382 0.7790003706758517 0.7150167407728755 -4.639370103208409 4.010700982209272 24.135053159857495 1.41122405819306 1
rider 167 0 -1.9115370904860174 804.1746 780.5152 852.80896 863.26306 1.7176770836104824 0.8172793301789639 0.9901013567622003 -3.0230142078874014 5.31986377427108 33.99602168549724 -2.000226406543213 1
Cyclist 1219 1 1.5260677068784676 626.6713 763.6722 657.0481 842.4093 1.8693520724700052 0.7112809939966999 1.95279239472843 -8.59198355289141 5.694572120766483 40.18642627159587 1.3154358208904662 1
bicycle 169 0 -2.7700181739151994 880.92786 795.2536 959.02466 850.89136 1.2698303054983857 0.6481748618279563 1.9099563046762298 -1.0663224191693572 5.738309252739279 38.598975132887354 -2.797636815996619 1
bicycle 170 1 -3.0044973927739376 947.22675 817.2843 1006.89026 858.7394 0.9723615483833729 0.3888162492201843 1.483809006862832 0.4046519967518435 5.922528389192927 38.17704068504573 -2.993898434950296 1
bicycle 941 1 -2.460651825473267 1634.9562 787.5283 1935.0 1125.9407 1.16390892187325 0.6068567781286347 2.1059316815934643 4.329553474754456 2.0751891615332547 7.286699618962933 -1.924528579819769 1
bicycle 172 1 -1.7379602417927549 1028.3514 819.2641 1062.8069 873.53357 1.109410523477321 0.5870575887990299 1.779701292814588 2.1355897629019895 6.174785696080067 38.056085569685315 -1.6819021311513027 1
bicycle 171 0 -2.2825472676852994 861.564 810.64813 907.1116 841.76495 0.6528177192593315 0.3302317877975606 1.4658786677784366 -2.048882776869453 5.664355188907711 39.70354414533162 -2.3341060636977407 1
bicycle_rack 177 1 -1.7275927802178552 1084.728 821.4607 1127.0068 878.13043 1.1276578239205794 0.7658547886680843 1.9135542787587008 3.614841489972733 6.18821999842807 37.522603790232715 -1.6315514629438248 1
Car 1224 0 1.6877849772404758 602.53595 776.45435 782.7018 942.0138 1.478874213731491 1.7917247061171275 3.977304798932038 -3.3118813824234254 3.622569161638964 19.11789622684303 1.5162527498680878 1
moped_scooter 178 1 -1.8233801689724933 768.8978 768.7445 819.0419 839.9766 1.7830556059977891 0.910191769885523 2.2899202878572535 -4.8975530639451 6.099445351326931 43.64176308828804 -1.9351343060813826 1
Pedestrian 179 1 -1.779892549565387 1103.4111 778.49994 1166.9326 919.26843 1.7757240019499958 0.6984377812465274 0.8301434696146179 2.3505923002338616 3.904926331148848 20.283704946941445 -1.6645214249774671 1
Pedestrian 881 1 -1.7877578260645133 1175.7695 778.77637 1238.9691 913.6102 1.6645335085544821 0.6674780006796962 0.8183308000943471 3.2603066933199503 3.7522127466202164 19.862199356663538 -1.6250623872425451 1
Pedestrian 948 1 0.5901648634100017 1683.806 680.75073 1923.4957 1116.3953 1.752519257316557 0.7677031595916908 0.5893874498168162 3.6903084090588916 2.013979219109374 6.564129850829751 1.102321146786954 1
rider 1225 1 1.5335886203290565 627.5424 764.7474 656.3011 833.7576 1.7438556127878742 0.7264689052962755 0.7736643191549611 -8.573350320118948 5.540528276186876 40.134761001406005 1.3231375167940755 1
rider 182 1 -1.6271157568938208 951.9524 799.6628 1016.0968 899.2421 1.4982537804801916 1.0036553139409685 0.8257432276488589 0.36365594910039173 4.406787792183337 24.454828650483563 -1.612246335705188 1
bicycle 940 0 -2.088894093070813 1359.3829 803.4989 1508.731 972.7999 1.1873306499505007 0.4017662080175627 1.8772490063104592 4.215767022190309 2.9110407809016623 13.47300940833957 -1.785640636398976 1
Pedestrian 1227 2 3.021674370073749 972.83234 796.11755 1011.2813 881.0503 1.7810140143047164 0.5086387059737834 0.7886675670471891 0.67305603823626 5.573279430473066 32.8298643378529 -3.2410124739117077 1
rider 183 1 -1.827893835522351 774.82074 770.1568 813.6224 833.24347 1.69349458757481 0.9113497920292088 0.9494850446454557 -4.867975919402796 5.982309495409927 43.546586621546915 -1.9392194164026264 1
Cyclist 185 0 -1.6502540930340432 947.38324 795.04504 1019.53815 917.0232 1.678316452617704 1.0237764359986181 1.9856577022394382 0.3397925262481806 4.577599748863076 24.45804920498084 -1.636362115607644 1
