bicycle 1695 0 1.9430092762322406 158.29675 777.82855 343.21335 981.75037 1.234696306383615 0.6062799023439478 1.9832858687227826 -5.438841471262231 2.522050673828618 11.578845195075177 1.5038758914210257 1
Cyclist 162 0 -1.9161886695232164 752.84814 779.74097 819.04614 875.0392 1.8457012608019623 0.8245904955409696 2.082823529759795 -3.9681906280917185 5.451283961047044 33.706183762075135 -2.03337809889722 1
bicycle 1696 0 1.927460524554604 270.9801 789.14795 391.92383 944.6463 1.2316196259381886 0.5376480618541665 1.6244356963972477 -6.033173352677389 2.90401107107255 14.404339140361648 1.5308154598011159 1
bicycle 163 1 -1.9605083102527359 830.7074 787.59393 872.77264 843.6283 1.2432495054898953 0.49431865981076334 1.6785738343865795 -2.8686535116593035 5.584629894419535 39.04330066212224 -2.033850166480948 1
bicycle_rack 945 0 1.8805791999767005 326.12582 767.4473 513.8716 942.51697 1.428879312449662 0.9240528547551692 3.64664793348987 -6.050081628374594 3.2277182812344263 17.034170379241225 1.5393031504856949 1
moped_scooter 1221 2 1.6377608249457791 569.4389 778.8868 634.9438 906.02716 1.547973048471694 0.793459757458194 1.5719973281918094 -5.0447917190474 3.805940944045865 21.08681985963465 1.4029354313632214 1
Pedestrian 937 1 1.7490003195936825 521.2277 764.13947 571.6776 891.91785 1.8595684086355497 0.6250467521384242 0.7562198363467748 -6.387471114251358 4.043693260111178 23.0521416036782 1.4786939779957926 1
Pedestrian 1227 2 3.0408868846398427 925.3813 802.3013 965.4716 891.94806 1.7810140143047164 0.5086387059737834 0.7886675670471891 -0.333193255827106 5.515141206278983 31.180890120075205 -3.2529838318830095 1
Pedestrian 165 0 -2.164456191189702 793.1666 793.7139 826.773 853.6483 1.404676785254034 0.6219320139436164 0.5923850461413132 -3.8326970517591445 5.728861202732594 37.879030741415114 -2.265295551051581 1
Pedestrian 166 0 -2.1425530581196637 816.35443 776.5514 848.66736 845.01514 1.6456560447416453 0.5737375294862552 0.6301841827839699 -3.294409928015843 5.567944138163492 38.25280288369904 -2.2284631313022873 1
rider 1225 1 1.5394431130350783 598.4446 773.10736 629.457 847.9752 1.7438556127878742 0.7264689052962755 0.7736643191549611 -8.630902994785304 5.471944155026599 37.14969285314686 1.3111650932907084 1
rider 1222 2 1.6339955364429646 573.0422 782.3976 633.0156 888.6888 1.3816366567175382 0.7790003706758517 0.7150167407728755 -5.04587342346523 3.6478477932491966 21.09878064656615 1.399249932484393 1
bicycle 169 0 -2.769429527192808 860.47296 800.63916 941.86456 858.7198 1.2698303054983857 0.6481748618279563 1.9099563046762298 -1.489239772715211 5.696565117396654 37.05120206744992 -2.8096020041406105 1
bicycle 170 2 -3.0039916632349346 927.45654 822.5841 989.3317 865.5742 0.9723615483833729 0.3888162492201843 1.483809006862832 -0.06894499164363772 5.877415167979816 36.81266601311261 -3.005864521642109 1
bicycle 171 0 -2.2795839705415086 838.2645 814.58563 885.63184 847.0941 0.6528177192593315 0.3302317877975606 1.4658786677784366 -2.538806378299355 5.570155334156231 38.12807785227441 -2.346072090137139 1
bicycle 172 0 -1.743537020353492 1017.8749 824.6409 1054.1866 881.62067 1.109410523477321 0.5870575887990299 1.779701292814588 1.8133747641625788 6.10477166891573 36.48057048233307 -1.6938699398803558 1
bicycle_rack 177 1 -1.7305459053053671 1070.1913 828.6773 1114.4421 888.26544 1.1276578239205794 0.7658547886680843 1.9135542787587008 3.1408555048991667 6.16700337416944 35.999643692286604 -1.6435194246509253 1
Car 1224 0 1.7079644351004915 529.3296 772.974 748.2136 968.7676 1.478874213731491 1.7917247061171275 3.977304798932038 -3.3937787651985483 3.308195374416206 16.430861597862712 1.5042797207546634 1
moped_scooter 178 1 -1.8193638352948276 743.9171 777.2731 795.5551 851.47565 1.7830556059977891 0.910191769885523 2.2899202878572535 -5.423937598009824 6.211292981354882 42.22777258439567 -1.9471091776967242 1
Pedestrian 179 1 -1.739871037300851 1098.4752 780.37964 1160.8568 925.98096 1.7757240019499958 0.6984377812465274 0.6765854234524789 2.173378171097129 3.8257935075874623 19.3601807200139 -1.6280788631546395 1
Pedestrian 938 1 0.6365641121985217 0.0 780.94257 115.898735 1010.9403 1.2451325887385452 0.7094338928835724 0.7211990992237831 -5.654847116082243 2.2233157735297526 8.993564923633153 0.0752613025192177 1
rider 182 1 -1.6494921795214603 929.4781 802.096 995.3582 903.2035 1.4982537804801916 1.0036553139409685 0.8257432276488589 0.01033073823026507 4.418174145660513 24.191632735085864 -1.649065141887605 1
rider 183 1 -1.8237662725167696 749.79333 779.1734 789.8032 844.58295 1.69349458757481 0.9113497920292088 0.9494850446454557 -5.407544337121752 6.110542624584754 42.20610333282102 -1.9511943714699753 1
bicycle 940 0 -2.1227980896527265 1384.0659 809.2347 1559.6035 1002.30695 1.1873306499505007 0.4017662080175627 1.8772490063104592 4.04212347651904 2.7834691383070065 11.989089060821952 -1.797616320040734 1
Cyclist 1219 2 1.5316763130410351 598.0542 770.45276 630.5592 856.10046 1.8693520724700052 0.7112809939966999 1.95279239472843 -8.639119666993338 5.590518636160063 37.1960466085821 1.303463405138975 1
bicycle 941 2 -2.5711319204890275 1769.6886 793.41614 1935.0 1215.0 1.16390892187325 0.6068567781286347 2.1059316815934643 4.249010625351632 1.936598753121062 5.765051428145404 -1.9359840063628693 1
Pedestrian 881 1 -1.79475540846153 1167.4978 788.4236 1231.7512 928.49786 1.6645335085544821 0.6756183581336547 0.648718690944477 3.0098284864330203 3.771781106177272 18.92488134144898 -1.6370355321523664 1
rider 167 0 -1.9142446455770292 762.31213 781.62885 811.6327 865.28625 1.7176770836104824 0.8172793301789639 0.9901013567622003 -3.9288689848699825 5.312173572735179 33.67198282013334 -2.0304000721741553 1
Cyclist 185 0 -1.6483116319979676 926.35016 797.8075 998.9698 921.37054 1.678316452617704 1.0237764359986181 1.9856577022394382 -0.0005961168268373215 4.5981376736225785 24.22329498726064 -1.6483362412357707 1
