bicycle 1695 1 2.035676529518419 0.0 764.54224 178.02538 1025.8749 1.234696306383615 0.6062799023439478 1.9832858687227826 -5.551152300155983 2.184662035897064 9.16047509975171 1.4908645741853142 1
Cyclist 162 0 -2.0627234263296272 676.7145 758.209 755.1831 853.52313 1.8457012608019623 0.8245904955409696 2.082823529759795 -5.436552315232723 4.887834768753489 33.048765390794436 -2.2257641536812818 1
bicycle 163 1 -1.9547756008908794 801.33704 774.79333 845.7901 833.7906 1.2432495054898953 0.49431865981076334 1.6785738343865795 -3.392524237846023 5.011932959550433 36.73946683547807 -2.0468545348687526 1
bicycle_rack 945 0 1.9308050490991597 184.30504 752.0469 427.16174 955.77734 1.428879312449662 0.9240528547551692 3.64664793348987 -6.263485536493474 2.82940202493763 14.62998423643939 1.5262891194277142 1
moped_scooter 1221 2 1.683147235445292 487.7073 765.27484 574.75055 920.45026 1.547973048471694 0.793459757458194 1.5719973281918094 -4.944761150976312 3.249006421948031 17.280412956782328 1.4044463447070497 1
Pedestrian 881 1 -1.7406822846636905 1159.4491 769.8471 1226.3375 919.9448 1.6645335085544821 0.6756183581336547 0.648718690944477 2.71126619496767 3.397717109242074 17.55141281089217 -1.5874180569065515 1
Pedestrian 165 0 -1.8309026763166678 754.7486 774.8096 784.4089 837.1767 1.404676785254034 0.5757244851996858 0.5808331639553397 -4.600203180821382 5.038876268109329 35.875388634097774 -1.9584340192057037 1
rider 1225 2 1.4799540680083223 558.1544 769.73267 595.88086 855.6354 1.7438556127878742 0.7264689052962755 0.7736643191549611 -8.349925998445029 4.937134209180987 32.48490049904687 1.228360369278807 1
rider 1222 2 1.6831203806364397 493.90338 768.63855 570.849 898.28613 1.3816366567175382 0.7790003706758517 0.7150167407728755 -4.944826091674977 3.082558232959779 17.27895303413438 1.4043936689117054 1
bicycle 169 1 -2.7690467097346287 837.68756 785.8458 924.4912 847.16766 1.2698303054983857 0.6481748618279563 1.9099563046762298 -1.8636271601027399 5.07648284206671 34.76235925724479 -2.8226059291011563 1
bicycle 170 1 -3.0058659756697077 908.73975 812.6822 974.7151 858.2686 0.9723615483833729 0.3888162492201843 1.483809006862832 -0.44890800761589617 5.342687282841743 34.52007979475938 -3.018869500221239 1
bicycle 171 0 -2.274065288928234 808.9659 804.1013 859.26196 838.3132 0.6528177192593315 0.3302317877975606 1.4658786677784366 -3.0516432837181298 5.020003262165346 35.81029814725271 -2.359076822705971 1
bicycle 172 0 -1.745741740753567 1000.44257 812.224 1039.3633 872.5227 1.109410523477321 0.5870575887990299 1.779701292814588 1.328350248418265 5.503996296300096 34.16120902050147 -1.7068765660721736 1
bicycle_rack 177 1 -1.7361492562717216 1057.476 811.8246 1105.0156 874.44446 1.1276578239205794 0.7658547886680843 1.9135542787587008 2.6972297810564365 5.476221208772586 33.8033735102272 -1.6565262157438745 1
Car 1224 0 1.7597857270628816 360.62433 752.79236 684.92316 1019.054 1.478874213731491 1.7917247061171275 3.977304798932038 -3.3934529166765186 2.709205304088619 12.33249166119685 1.4912674162927924 1
moped_scooter 178 1 -1.8145630136204423 715.4862 758.0622 769.7998 835.34625 1.7830556059977891 0.910191769885523 2.2899202878572535 -5.861014939058251 5.452876950057379 39.980380278756556 -1.960123466454401 1
Pedestrian 937 1 1.791601906729237 424.6439 745.92004 485.86038 894.43744 1.8595684086355497 0.6250467521384242 0.708923189156286 -6.670781750329917 3.4880765865558194 19.73781961648009 1.4656845888813521 1
Pedestrian 179 1 -1.7379140387278442 1083.8348 762.53687 1153.0345 921.36066 1.7757240019499958 0.6984377812465274 0.8030449908801626 1.869794843102405 3.459847064374898 17.875318655308792 -1.6336910151283928 1
Pedestrian 166 0 -1.8271369114121747 773.4009 763.7131 806.16614 835.94366 1.6456560447416453 0.6212626834643551 0.7460868836765632 -4.165295365469268 5.058019414870838 36.30096877817109 -1.941380647003493 1
rider 1226 2 1.5953618209306824 574.3526 754.5408 602.02673 829.1076 1.7656381664824323 0.6529032821594821 0.7680591173624631 -9.328097884385583 5.047212838017813 37.40737527692023 1.3509806990895155 1
rider 182 1 -1.6117223827712217 892.9039 786.52203 958.3399 889.03534 1.4982537804801916 1.0036553139409685 0.8257432276488589 -0.5733647018796799 4.108103542858502 23.703355871404177 -1.635906844915715 1
bicycle 940 0 -2.1934401862413395 1454.465 790.862 1693.8961 1031.9246 1.1873306499505007 0.4017662080175627 1.8772490063104592 3.884355792093957 2.364365820890746 9.646423766470953 -1.8106315004174243 1
Cyclist 1219 2 1.494561764377157 555.8818 767.99554 596.69214 866.3464 1.8693520724700052 0.7112809939966999 1.95279239472843 -8.374204592005869 5.077363860892605 32.4865290878231 1.2422792480767932 1
Cyclist 1223 2 1.5973089470101265 572.0413 752.918 603.30005 832.79004 1.7656381664824323 0.7067924093602216 1.9948408905322144 -9.351277500797742 5.063709076498764 37.47561580557608 1.3527730100475486 1
bicycle 1696 0 1.9956284624142218 99.63074 771.8364 262.84793 958.04065 1.2316196259381886 0.5376480618541665 1.6244356963972477 -6.224277208938298 2.4937091949677983 12.0194433228903 1.5178024832181345 1
Pedestrian 1227 0 3.0657871890719735 869.54974 780.40265 907.9219 877.287 1.745497734236876 0.6684619662790698 0.6821187268436778 -1.3869236903502542 4.7497653606768315 28.517302940553893 -3.2659942893722658 1
rider 183 1 -1.819092144036583 721.7411 760.3989 763.97534 828.97974 1.69349458757481 0.9113497920292088 0.9494850446454557 -5.8405421813949285 5.370180365859464 39.96431783770164 -1.9642087503952435 1
rider 167 0 -2.058481952309138 690.7013 760.2118 745.2092 845.04755 1.7176770836104824 0.8172793301789639 0.9901013567622003 -5.3664038976508275 4.758633544864546 32.966312072073436 -2.219851003485044 1
Cyclist 185 0 -1.608300039167747 891.6624 783.0568 961.10535 908.1019 1.678316452617704 1.0237764359986181 1.9856577022394382 -0.574738355312506 4.290956338291244 23.680918682430367 -1.632565379348123 1
