bicycle 1695 1 2.0563739885711216 0.0 764.67456 143.50508 1039.8711 1.234696306383615 0.6062799023439478 1.9832858687227826 -5.561653751023746 2.147326390030932 8.75125745770565 1.490241026010294 1
Cyclist 162 0 -2.0577332821325993 668.11365 758.51074 746.526 854.09796 1.8457012608019623 0.8245904955409696 2.082823529759795 -5.6127421554565435 4.887085214959102 32.96350127426467 -2.226387223298876 1
bicycle 163 1 -1.9536367560361052 798.4479 774.4231 843.38043 834.13055 1.2432495054898953 0.49431865981076334 1.6785738343865795 -3.416592243682147 4.958811163963908 36.301377490112515 -2.0474777504775634 1
bicycle_rack 945 0 1.944439250512712 147.501 751.81195 409.2071 966.9253 1.428879312449662 0.9240528547551692 3.64664793348987 -6.2090926686266 2.7691093582468764 13.949800178610696 1.5256654410657924 1
moped_scooter 1221 2 1.7282835520595816 464.43387 769.2349 561.6043 931.4085 1.547973048471694 0.793459757458194 1.5719973281918094 -4.9444792561775035 3.229057707596952 16.58595392286247 1.4385593589187824 1
Pedestrian 881 1 -1.741298530254208 1159.1073 769.6634 1226.6326 921.7288 1.6645335085544821 0.6756183581336547 0.621340869672981 2.670543191505134 3.3687772317870373 17.288632761203054 -1.5880416398721335 1
Pedestrian 165 0 -1.8259054555333938 750.82196 774.54376 781.2703 837.5502 1.404676785254034 0.5872763673856737 0.5923850461412936 -4.642921739214091 5.000859997859635 35.55280140605904 -1.9557628617282106 1
rider 1225 2 1.48364396268304 550.84454 768.8796 589.43494 856.9486 1.7438556127878742 0.7264689052962755 0.7736643191549611 -8.2912150104424 4.84170343782628 31.68894173462312 1.2277368098695227 1
rider 1222 2 1.7331398713615254 472.5475 773.2817 555.9017 908.5437 1.3816366567175382 0.7790003706758517 0.7150167407728755 -4.940992945328843 3.0655073460818594 16.566330787454795 1.4432846537524098 1
bicycle 169 1 -2.7663457184016895 832.18823 784.1476 920.0155 846.13525 1.2698303054983857 0.6481748618279563 1.9099563046762298 -1.9565778221635783 4.993330145737978 34.35917622026806 -2.8232291267873313 1
bicycle 170 1 -3.002968072896001 903.05994 810.9886 969.8553 857.094 0.9723615483833729 0.3888162492201843 1.483809006862832 -0.5637062789235897 5.252174907254727 34.10989218136313 -3.0194927504151705 1
bicycle 171 0 -2.272968935885084 806.08765 802.96246 856.9719 837.56134 0.6528177192593315 0.3302317877975606 1.4658786677784366 -3.0756007519395685 4.940076668271619 35.37236707425355 -2.359700056382499 1
bicycle 172 0 -1.7455222643025676 998.9558 810.936 1038.3491 871.9431 1.109410523477321 0.5870575887990299 1.779701292814588 1.2833812685187767 5.421027566398404 33.73704953439974 -1.7074998893543514 1
bicycle_rack 177 1 -1.7390468876753495 1060.4946 812.01013 1108.8833 875.4716 1.1276578239205794 0.7658547886680843 1.9135542787587008 2.7394722688886985 5.426994644751485 33.37525731940702 -1.6571495468928432 1
Car 1224 0 1.772203172771913 322.7689 751.1412 673.13763 1034.2979 1.478874213731491 1.7917247061171275 3.977304798932038 -3.3830180317973553 2.639636745272909 11.696095122077754 1.4906438207794253 1
moped_scooter 178 1 -1.811287698673823 709.3645 757.6359 764.0218 835.7185 1.7830556059977891 0.910191769885523 2.2899202878572535 -5.958632077581655 5.40475228064524 39.57058130753834 -1.9607471565827392 1
Pedestrian 937 1 1.801109355492117 406.3128 748.62994 470.2179 902.29297 1.8595684086355497 0.6250467521384242 0.708923189156286 -6.672899659810118 3.4720972936904073 19.103809941214397 1.465061133163283 1
Pedestrian 179 1 -1.7748314651282928 1082.2097 762.4847 1154.4674 923.9048 1.7757240019499958 0.6984377812465274 0.8030449908801626 1.8424020017754312 3.437334980401093 17.625897727214298 -1.6706815618390736 1
Pedestrian 166 0 -1.8265969160697875 772.3452 762.31305 803.69086 835.0695 1.6456560447416453 0.5806616890995074 0.7400833895410279 -4.170448567147623 4.992828866470816 35.976112873658224 -1.942004515514115 1
rider 1226 2 1.600523656962546 564.7786 756.32306 593.2148 832.45605 1.7656381664824323 0.6529032821594821 0.7680591173624631 -9.369067090775173 5.0274056612536295 36.66852819423351 1.3503686512669022 1
rider 182 1 -1.5948866160782844 886.6907 787.61945 951.6297 890.60986 1.4982537804801916 1.0036553139409685 0.8257432276488589 -0.6723962853699731 4.1117780013881084 23.580243438005695 -1.6233941304286477 1
bicycle 940 0 -2.20534623609583 1468.0736 790.5699 1721.9622 1043.2732 1.1873306499505007 0.4017662080175627 1.8772490063104592 3.8440709013068766 2.317709790166742 9.243993974070506 -1.811255233510526 1
Cyclist 1219 2 1.4980521357522858 548.9525 767.11816 590.5302 868.011 1.8693520724700052 0.7112809939966999 1.95279239472843 -8.304433536003698 4.98062651125347 31.676162492050175 1.2416556878219116 1
Cyclist 1223 2 1.602180933763719 562.7215 753.9673 595.08527 835.6248 1.7656381664824323 0.7067924093602216 1.9948408905322144 -9.373937714357073 5.024365825509604 36.70648574397378 1.3521493961218178 1
bicycle 1696 0 2.01845793868933 45.535583 769.7298 225.0229 967.5427 1.2316196259381886 0.5376480618541665 1.6244356963972477 -6.2168120313288355 2.4103376031580184 11.345283017552385 1.5171788554420251 1
Pedestrian 1227 0 3.0712398824721503 860.2395 779.9075 899.0197 878.25256 1.745497734236876 0.6684619662790698 0.6821187268436778 -1.5376214394538097 4.696574113447255 28.096259427707682 -3.2666177955835254 1
rider 183 1 -1.8158515021906168 715.6356 759.95386 758.27454 829.2919 1.69349458757481 0.9113497920292088 0.9494850446454557 -5.932799119600003 5.318665476288709 39.52747558303477 -1.9648324448306844 1
rider 167 0 -2.0632450932898347 682.2509 761.2415 737.07025 846.36725 1.7176770836104824 0.8172793301789639 0.9901013567622003 -5.533399717426149 4.773260351851015 32.87269680111498 -2.230009896837834 1
Cyclist 185 0 -1.5986666827578337 884.9396 783.4894 953.47516 909.05096 1.678316452617704 1.0237764359986181 1.9856577022394382 -0.6855109777314846 4.287914081846205 23.58704876687204 -1.627721528681904 1
