Cyclist 162 0 -1.751440693286989 659.5351 750.22015 715.4172 847.83044 1.8457012608019623 0.8245904955409696 2.082823529759795 -5.924208011802217 4.6441509555200655 32.2733995954463 -1.9329828356757164 1
bicycle 1696 2 2.1890735736582094 0.0 768.52075 52.60832 1035.167 1.2316196259381886 0.5376480618541665 1.6244356963972477 -5.993939218617656 2.13580643196761 8.599931494237133 -4.702804763879438 1
bicycle 163 2 -1.9466505249559583 799.73083 777.0993 847.92175 842.00226 1.2432495054898953 0.49431865981076334 1.6785738343865795 -3.093179155480382 4.744740856861974 33.54321890594125 -2.0386052044390994 1
bicycle_rack 945 2 2.029081528133964 0.0 744.8956 313.92715 1020.1938 1.428879312449662 0.9240528547551692 3.64664793348987 -6.041475539632811 2.4754596903300845 11.203892558051892 1.534544577962241 1
moped_scooter 1221 2 1.9049436163909292 307.33084 757.0117 478.13904 984.67035 1.547973048471694 0.793459757458194 1.5719973281918094 -4.474162961917556 2.6685541490019156 11.888308301835513 1.5449900476984513 1
Pedestrian 937 2 1.8620456883736667 306.52032 737.6977 391.0814 929.427 1.8595684086355497 0.6250467521384242 0.708923189156286 -6.270939439902858 3.045402205433004 15.33815932570732 1.4739371019187981 1
Pedestrian 165 0 -1.769790947530734 749.7597 773.06604 781.2537 840.4372 1.404676785254034 0.575724485199682 0.673248221443211 -4.3749479882313 4.754948881195764 33.40240071342516 -1.9000266459108663 1
Pedestrian 166 0 -1.8192744029151102 774.6438 759.5526 806.05896 836.5778 1.6456560447416453 0.5806616890995074 0.5625158588425844 -3.841480179238196 4.703710475770907 33.59619852327417 -1.9331226645342543 1
rider 1225 0 1.4963276026050223 540.301 769.0525 587.97064 879.388 1.7438556127878742 0.7264689052962755 0.7736643191549611 -6.745617796634735 4.237731562417007 25.38670115114585 1.2366142561827949 1
rider 1222 2 1.9234551289055928 331.71518 762.2691 463.60522 950.59595 1.3816366567175382 0.7790003706758517 0.7150167407728755 -4.452668491219791 2.503861792317817 11.856680744302402 1.5642103342024432 1
Cyclist 1223 1 1.5900693560852288 551.85046 758.6591 588.06256 853.5721 1.7656381664824323 0.7067924093602216 1.9948408905322144 -8.318406386030093 4.7076039522113495 31.83865340165833 1.3345143923961347 1
bicycle 169 1 -2.767411450052481 843.11365 790.89246 938.9174 859.00995 1.2698303054983857 0.6481748618279563 1.9099563046762298 -1.4791076027650294 4.832661425349729 31.48381730788514 -2.814356864603499 1
bicycle 170 1 -3.0104211719175784 924.5111 817.7471 997.2172 868.23474 0.9723615483833729 0.3888162492201843 1.483809006862832 -0.006216567729997832 5.046599651320005 31.304137298348145 -3.0106197580529837 1
bicycle 171 1 -2.2663792013604778 807.57227 810.2488 862.47327 848.16473 0.6528177192593315 0.3302317877975606 1.4658786677784366 -2.760838014607986 4.77418875491054 32.614982980610044 -2.3508272584207637 1
bicycle 172 0 -1.757183108402273 1027.5879 815.17316 1071.4976 882.06665 1.109410523477321 0.5870575887990299 1.779701292814588 1.8147662191807457 5.165163509241994 30.955857136955153 -1.698625805832774 1
bicycle_rack 176 1 1.8367051550614233 445.78848 772.1371 537.5187 836.2311 1.1973227379556777 1.444334835741865 2.5005940580079598 -10.97609619393408 4.77663760816129 35.077270520061674 1.5334450550935128 1
bicycle_rack 177 1 -1.7507941820894004 1088.9641 815.75354 1142.9185 885.44574 1.1276578239205794 0.7658547886680843 1.9135542787587008 3.1448295193706794 5.154402035621484 30.568084501936006 -1.6482753510642965 1
Car 1224 1 1.910557496522781 0.0 723.2339 585.80206 1215.0 1.478874213731491 1.7917247061171275 3.977304798932038 -2.9861210001792746 2.064012143857903 6.851052096053609 1.4995217790722428 1
moped_scooter 178 0 -1.7400614670558212 716.1609 755.81726 768.9172 839.878 1.7830556059977891 0.910191769885523 2.2899202878572535 -5.396442365810882 5.1106986086469774 36.780900922906234 -1.885740688975889 1
Pedestrian 179 1 -1.7317579514551367 1114.4968 764.08704 1192.9219 939.3007 1.7757240019499958 0.7345690862258522 0.6946510759421171 2.0612357614259773 3.3064376161784184 16.086536591409924 -1.6043181589283508 1
Pedestrian 881 0 -2.03654380239848 1184.6527 770.18854 1280.7809 943.4977 1.6645335085544821 0.7058853565788658 0.8001830364037739 2.8328866552250345 3.2327237926429158 15.65750185270814 -1.857551752465093 1
rider 1226 1 1.6151523667406016 553.075 761.1777 586.45074 849.26526 1.7656381664824323 0.6529032821594821 0.7680591173624631 -8.318438026978235 4.703417193717593 31.793276890444197 1.3592474403112615 1
rider 182 1 -1.6423696311045906 882.8329 787.81885 951.07855 892.7559 1.4982537804801916 1.0036553139409685 0.8257432276488589 -0.697107240019777 4.0811529748972815 23.246793239265177 -1.6723478905214004 1
bicycle 940 1 -2.314069840737523 1713.468 785.01685 1935.0 1166.3877 1.1873306499505007 0.4017662080175627 1.8772490063104592 4.042699258285234 1.9775634820707984 6.421012708125758 -1.7521661892022387 1
Cyclist 1219 0 1.5098323140449033 540.13257 766.60913 590.6204 893.29865 1.8693520724700052 0.7112809939966999 1.95279239472843 -6.745500723806198 4.377448939999869 25.428690967705034 1.2505331460852664 1
Pedestrian 1227 0 3.1135388575486598 802.256 778.5218 856.7327 889.6333 1.745497734236876 0.6684619662790698 0.8863373372337717 -2.2024552509250905 4.34652154927511 24.936301317302682 -3.2577411018895197 1
rider 183 1 -1.736476635555002 720.5191 757.7039 763.91797 832.0663 1.69349458757481 0.9113497920292088 0.9494850446454557 -5.389269811249578 5.01067883084792 36.76129359762263 -1.8820414615649264 1
rider 167 0 -1.7590499220556945 664.81946 751.5658 711.4948 837.7982 1.7176770836104824 0.8172793301789639 0.9901013567622003 -5.883197509130925 4.49560129446907 32.18713947754402 -1.9398352707174131 1
Cyclist 185 0 -1.6421526189173654 879.5635 783.67285 954.64514 911.78674 1.678316452617704 1.0237764359986181 1.9856577022394382 -0.7089234546516938 4.252734681805936 23.207869908714926 -1.6726898066046332 1
bicycle_rack 175 2 1.9106692455182461 406.11563 776.3045 519.26385 848.49945 1.1973227379556777 1.444334835741865 2.8603871491199877 -10.716013419267691 4.614005695896031 32.302685196545895 -4.69282971784612 1
