Cyclist 1219 0 1.4969166201893145 530.81396 765.6688 593.20044 918.76404 1.8693520724700052 0.7112809939966999 1.95279239472843 -5.679540176967713 3.963732796257875 21.210128016071547 1.2352798447157851 1
Cyclist 162 0 -1.5642435698288386 659.89923 748.77856 700.73535 847.70514 1.8457012608019623 0.8245904955409696 2.082823529759795 -5.956676442918069 4.566791263409707 31.749911283691866 -1.7497000816103445 1
bicycle 1220 2 1.4473392970292966 1168.0858 823.5722 1223.4624 927.6431 1.1425793619853126 0.544062739333385 1.738246551434594 3.2210689451597507 4.001857814794593 20.64503817990963 -4.681072371910075 1
bicycle 163 1 -1.9425790827806335 811.98206 776.84094 862.57587 845.49927 1.2432495054898953 0.49431865981076334 1.6785738343865795 -2.644219871550695 4.557808386513131 31.759904549017314 -2.0256440538396725 1
bicycle_rack 945 2 2.111264010484648 0.0 748.4773 230.3857 1101.4628 1.428879312449662 0.9240528547551692 3.64664793348987 -5.797825673442416 2.338276030018324 9.171105181377206 1.5475153665350758 1
moped_scooter 1221 2 1.9486594962322237 165.74449 751.91437 408.40393 1060.8248 1.547973048471694 0.793459757458194 1.5719973281918094 -3.9716222149622777 2.3765099372478513 8.953795971128377 1.5311668289290905 1
Pedestrian 937 2 1.92114022036676 212.96483 725.7258 319.37027 954.38513 1.8595684086355497 0.6250467521384242 0.708923189156286 -5.971307592113466 2.753287028844464 12.87588059846977 1.4869032688756305 1
Pedestrian 166 1 -1.8128346680196463 785.45154 757.75836 815.0515 838.25287 1.6456560447416453 0.5115140644183382 0.5625158588425844 -3.456640721701886 4.5276293945948956 32.0870215272491 -1.9201478844618225 1
rider 1222 2 1.9442447187830105 205.19525 757.6305 385.21555 1009.396 1.3816366567175382 0.7790003706758517 0.7150167407728755 -3.9750293553142035 2.2114758256409597 8.97537902781255 1.5273262824914529 1
Cyclist 1223 1 1.5996230443347244 555.80005 764.76294 597.1321 871.3619 1.7656381664824323 0.7067924093602216 1.9948408905322144 -7.339118179029815 4.536773241151568 28.57836514891631 1.3482483231519433 1
bicycle 169 1 -2.7672275984894554 859.3561 790.54584 960.99786 863.0696 1.2698303054983857 0.6481748618279563 1.9099563046762298 -1.013831144576955 4.624325626159294 29.659844234525462 -2.801396239359904 1
bicycle 170 0 -3.0104896322744894 941.5854 818.5268 1019.1128 872.5467 0.9723615483833729 0.3888162492201843 1.483809006862832 0.3767474969446559 4.812477141137743 29.359533200606773 -2.9976581333090264 1
bicycle 171 0 -2.26260897999083 819.9661 810.8561 877.84 851.11145 0.6528177192593315 0.3302317877975606 1.4658786677784366 -2.3244141460661414 4.566130464698707 30.82811022849455 -2.337865760258226 1
bicycle 172 0 -1.7582195189918068 1047.195 819.1429 1094.1189 890.7854 1.109410523477321 0.5870575887990299 1.779701292814588 2.11160057820145 5.002111194184284 29.051505008483552 -1.6856623917969198 1
bicycle 184 1 2.1284468243408163 389.50845 802.53503 465.4687 880.4876 1.1584528986113063 0.3765821837920181 1.8864148170871773 -9.817820249582391 4.5474240513442385 27.568661149051415 -4.496857189791918 1
bicycle_rack 176 1 1.8519987158203648 438.68024 774.7498 536.57574 842.3156 1.1973227379556777 1.444334835741865 2.5005940580079598 -10.534116664698784 4.6702961234302895 33.39104334579865 1.546403722912788 1
bicycle_rack 177 1 -1.7585870020382999 1118.3468 819.6189 1176.6763 894.22345 1.1276578239205794 0.7658547886680843 1.9135542787587008 3.555619160482604 4.991749765017315 28.69667779590173 -1.6353117717824375 1
Car 1224 1 2.149370172207036 0.0 686.869 448.64792 1215.0 1.478874213731491 1.7917247061171275 3.977304798932038 -2.752322937939456 1.7175022439660734 3.7208414455939502 1.5124908494873472 1
moped_scooter 178 0 -1.7326291155860303 723.69745 753.54944 778.4276 841.8761 1.7830556059977891 0.910191769885523 2.2899202878572535 -4.9367803569388675 4.89944315440734 34.99639355298296 -1.8727698262796153 1
Pedestrian 179 1 -1.7002854752446477 1149.4996 765.8294 1232.7987 955.85944 1.7757240019499958 0.7345690862258522 0.6856182496972697 2.272257095307954 3.2078712430240746 14.845808516780284 -1.5484070020948753 1
Pedestrian 881 0 -1.7634258668603726 1222.1166 771.98737 1323.3817 961.48987 1.6809750371913004 0.7880188203933166 0.9903276542776618 3.0116727840940904 3.160344056518027 14.540939745943712 -1.5591966974503098 1
Pedestrian 165 1 -1.7849829970798765 754.42145 768.7538 789.6813 839.2328 1.404676785254034 0.6219320139436164 0.6501444570712407 -4.037424463033887 4.511823874394685 31.8900356653853 -1.9109175691694538 1
rider 1225 0 1.510829385330874 533.64404 769.37415 589.92206 901.8075 1.7438556127878742 0.7264689052962755 0.7736643191549611 -5.67461245895638 3.8409428549089757 21.22484954723865 1.2495825865815635 1
rider 1226 1 1.6038858151352233 558.97925 767.80505 595.6328 866.24066 1.7656381664824323 0.6529032821594821 0.7680591173624631 -7.328309523411471 4.537784490295596 28.563492932459816 1.352740664175832 1
rider 182 1 -1.7299723974249426 875.42664 790.228 948.9646 897.9917 1.4982537804801916 1.0036553139409685 0.8257432276488589 -0.756841908370847 4.077717414345534 22.83069797118756 -1.7631104491825975 1
Pedestrian 1227 0 3.0983994969702033 771.1234 779.4993 821.3166 900.7742 1.745497734236876 0.6595828962621064 0.735393146945436 -2.529796631964931 4.150398855516393 22.880371549424737 -3.294904772038305 1
rider 183 1 -1.7290259179608518 728.0113 755.8809 773.3231 833.9824 1.69349458757481 0.9113497920292088 0.9494850446454557 -4.931821186502893 4.809280548717867 34.98553944582084 -1.8690705549030473 1
rider 167 0 -1.5620517294356553 661.14014 751.7353 701.0799 839.00085 1.7176770836104824 0.8172793301789639 0.9901013567622003 -5.918273307264633 4.4469680526791935 31.619992182715922 -1.7470796264903914 1
Cyclist 185 0 -1.744388852861717 869.1721 784.78973 957.9077 916.05853 1.678316452617704 1.0237764359986181 1.9856577022394382 -0.7540803839006515 4.233313641230369 22.819866196722803 -1.7774217409772992 1
bicycle_rack 175 1 1.9278688858579356 394.46017 783.37195 516.17017 860.68445 1.1973227379556777 1.444334835741865 2.8603871491199877 -10.28520865176254 4.590743055109927 30.56931405312132 -4.679874136275925 1
