Cyclist 1223 0 1.5905298723922037 579.4277 759.2713 631.6975 898.86597 1.7656381664824323 0.7067924093602216 1.9948408905322144 -5.21107920277573 3.835450421176003 21.985434645475397 1.357800551662069 1
Cyclist 162 0 -1.555206635408719 704.3495 739.3047 746.4223 840.3426 1.8457012608019623 0.8245904955409696 2.082823529759795 -4.854431039531721 4.290908526846905 30.873119891326 -1.7111677933973957 1
bicycle 173 2 2.3110798515934134 332.31345 807.04395 438.27216 890.1246 1.0574884786204048 0.43755248386248696 1.8925219804476388 -9.295680244270704 4.123161683196203 24.208910806000716 -4.338723602711046 1
bicycle 163 1 -1.937876991718243 865.1636 766.90137 921.1731 843.24615 1.2432495054898953 0.49431865981076334 1.6785738343865795 -1.3081527378759628 4.027179169098817 28.449836058364692 -1.9838256565929022 1
bicycle_rack 164 1 -1.8505721268739022 1275.0804 787.50635 1550.644 890.37823 1.3949171508112037 3.948226364319396 2.2900086086695732 7.478753248688142 4.25306367261842 25.121467983859137 -1.5612233851257433 1
Pedestrian 937 1 2.08374735398982 0.0 681.4321 129.84744 1033.5035 1.8595684086355497 0.6628840698908178 0.7845978246610533 -5.2298591296728825 2.193798095102331 8.434999514380358 1.5287379738496205 1
Pedestrian 881 0 -1.1703240740422072 1341.4441 741.47363 1456.8134 962.3366 1.6809750371913004 0.6829973883469191 0.7449918420550641 3.638950500535063 2.68842250674047 12.419082932272403 -0.8852898001421338 1
Pedestrian 165 0 -1.7749136551719265 801.5829 754.11725 838.8116 829.41064 1.404676785254034 0.6219320139436164 0.6154888105132905 -2.79563548369667 3.9964092785821945 29.608391582315694 -1.869054930785658 1
rider 167 0 -1.5727723587035423 704.9117 741.26526 745.7292 830.4414 1.7176770836104824 0.8172793301789639 0.9901013567622003 -4.860088084567849 4.157629724752409 30.802632119562862 -1.7292638332026506 1
bicycle 169 0 -2.770353817208922 920.1261 771.794 1034.8842 853.50024 1.2698303054983857 0.6481748618279563 1.9099563046762298 0.28291918526670673 3.9138204271844925 26.259908116212547 -2.7595804269072595 1
bicycle 170 0 -3.0213456050212115 1015.6719 798.8892 1102.8975 859.71466 0.9723615483833729 0.3888162492201843 1.483809006862832 1.7129257690594373 4.048555346964362 26.111744210676758 -2.955839640298165 1
bicycle 171 2 -2.2607373827610484 876.62115 801.999 941.3059 847.0809 0.6528177192593315 0.3302317877975606 1.4658786677784366 -0.9708176489126048 3.985513228163508 27.483461130433668 -2.2960464059783137 1
bicycle 172 0 -1.7775928788655047 1135.6595 799.2052 1191.2285 879.3823 1.109410523477321 0.5870575887990299 1.779701292814588 3.4384933395107846 4.19383946345643 25.55365609647986 -1.6438365552680367 1
bicycle 1220 1 1.4104318242985876 1282.2467 803.1667 1355.5394 927.81036 1.1425793619853126 0.544062739333385 1.738246551434594 4.075065906309418 3.290494523727816 17.131639130010125 -4.639225516590468 1
bicycle 184 1 2.1675248691816025 387.2783 798.139 476.1048 885.796 1.1584528986113063 0.3765821837920181 1.8864148170871773 -8.656993022916904 4.110051170827882 24.518716181074268 -4.455073763022014 1
bicycle_rack 176 2 1.8787149134040693 457.66718 767.96625 567.4188 841.82117 1.1973227379556777 1.444334835741865 2.5005940580079598 -9.076498343392661 4.226522199301633 30.400310011088063 -4.6946110546541675 1
bicycle_rack 177 1 -1.7850578107647652 1217.5592 799.845 1287.7289 883.66064 1.1276578239205794 0.7658547886680843 1.9135542787587008 4.871017134576559 4.178644465600361 25.11469091959724 -1.5934853927528851 1
moped_scooter 178 0 -1.7192316790958035 765.187 742.4711 823.72644 838.8454 1.7830556059977891 0.910191769885523 2.2899202878572535 -3.5751631921129152 4.385448744140316 31.876993746214335 -1.8309199080449694 1
Pedestrian 179 1 -2.0586859048255186 1257.417 735.6763 1362.071 956.1015 1.7757240019499958 0.6713393025120143 0.5952899872489075 2.974855517333029 2.7513729828071427 12.796880846555764 -1.830275506870751 1
Pedestrian 166 0 -1.7203586168175007 831.3407 742.16486 870.81696 830.7144 1.6456560447416453 0.6651873249154417 0.7916424033656255 -2.1755986675530705 3.992598796766859 29.46969824946334 -1.7940498741232176 1
rider 1225 0 1.7049107608774174 489.48718 732.01483 587.04584 944.785 1.7438556127878742 0.7264689052962755 0.7736643191549611 -3.699098816556922 2.7152519057251006 13.127595453059893 1.4302518775836384 1
rider 1226 0 1.6053174335745455 581.88477 762.921 629.4507 891.33356 1.7656381664824323 0.6529032821594821 0.7680591173624631 -5.212673939350948 3.832309634989707 21.950991727582355 1.3721672416170523 1
rider 182 1 -1.8203223319850983 879.0555 768.7452 958.93085 880.0939 1.4982537804801916 1.0036553139409685 0.8257432276488589 -0.6299956981464777 3.6696062975376966 22.038795854731706 -1.8489003081585127 1
Cyclist 1219 0 1.7056063097855712 478.92386 726.5122 589.9827 975.152 1.8693520724700052 0.673244604462067 1.95279239472843 -3.6972278730586683 2.8274394483456327 13.086082333393897 1.4302518775836384 1
Pedestrian 1227 0 3.1212641168496402 747.73615 772.4782 799.5915 906.0044 1.6446374923779978 0.6012539301300253 0.6596531707301847 -2.454146082851839 3.605854675249039 19.528013398809865 -3.2869388796470504 1
rider 183 1 -1.7155024181753882 769.2378 745.18176 818.29736 830.5364 1.69349458757481 0.9113497920292088 0.9494850446454557 -3.5748900965898307 4.302820037314014 31.865971269482365 -1.8272204959667977 1
Cyclist 185 0 -1.8312372560376706 867.78784 763.7737 969.702 898.0643 1.678316452617704 1.0237764359986181 1.9856577022394382 -0.6547076970930266 3.8287086520243485 22.058157314077558 -1.8609095234046373 1
bicycle_rack 175 1 1.9602469282465798 401.0453 774.4432 539.56226 860.02563 1.1973227379556777 1.444334835741865 2.8603871491199877 -8.98900880306492 4.102691056723412 27.57374762410549 -4.638073398504598 1
