Cyclist 1223 0 1.594018976629925 581.5596 765.41345 636.4976 911.7695 1.7656381664824323 0.7067924093602216 1.9948408905322144 -4.951596549662319 3.84716613347655 21.104031209152716 1.3635595806832042 1
Cyclist 162 0 -1.5537337628454568 710.574 741.95636 752.8111 843.2751 1.8457012608019623 0.8245904955409696 2.082823529759795 -4.719511536613349 4.345076775012604 30.84261489298131 -1.7055751346616388 1
bicycle 173 2 2.316076591102848 332.5327 814.46857 440.31906 899.3685 1.0574884786204048 0.43755248386248696 1.8925219804476388 -9.148326312921464 4.205596952504535 23.874266409851572 -4.333038290067023 1
bicycle 163 2 -1.937820250057257 873.2601 771.32166 929.99347 848.99866 1.2432495054898953 0.49431865981076334 1.6785738343865795 -1.1326518960872753 4.077541281720756 28.078526153075128 -1.9781371147633278 1
bicycle_rack 164 1 -1.855291472168365 1289.3604 793.9377 1571.011 899.55115 1.3949171508112037 3.948226364319396 2.2900086086695732 7.6304736085501625 4.318385876291707 24.688164159646217 -1.5555306902822945 1
Pedestrian 165 0 -1.7613224254312083 811.7374 761.429 846.61176 837.80927 1.404676785254034 0.5641726030136999 0.673248221443211 -2.5943765658335756 4.119826778344581 29.33824135347161 -1.8495228581380088 1
rider 167 0 -1.5366245545537691 710.6717 743.75195 752.5903 833.143 1.7176770836104824 0.8172793301789639 0.9901013567622003 -4.708329391847305 4.201385837941977 30.71078742542694 -1.688751946968224 1
bicycle 169 0 -2.7709635540287008 928.6825 778.49603 1045.2012 861.8949 1.2698303054983857 0.6481748618279563 1.9099563046762298 0.44160880991779766 3.9944461487119343 25.86611198884255 -2.753892340911512 1
bicycle 170 0 -3.021393551337041 1023.4414 809.1148 1112.3735 871.45386 0.9723615483833729 0.3888162492201843 1.483809006862832 1.8283633191970705 4.169325189641626 25.620580380144393 -2.9501512539216 1
bicycle 171 2 -2.26271195042838 887.6517 807.21094 953.255 853.1789 0.6528177192593315 0.3302317877975606 1.4658786677784366 -0.7503269789878044 4.041212704440852 27.133804686805917 -2.290357753219415 1
bicycle 172 0 -1.7780230653225797 1144.5088 807.6312 1201.1014 889.8109 1.109410523477321 0.5870575887990299 1.779701292814588 3.538526128005229 4.291303106489169 25.132378053629107 -1.6381469859234812 1
bicycle 1220 1 1.4044405586624942 1299.4335 808.07684 1375.631 936.5017 1.1425793619853126 0.544062739333385 1.738246551434594 4.185552483189273 3.300068363732113 16.725647382774063 -4.633533099280111 1
bicycle 184 1 2.1720581280816535 388.36694 805.8632 478.79324 895.41956 1.1584528986113063 0.3765821837920181 1.8864148170871773 -8.50715991860046 4.200977901535739 24.182948271322854 -4.449389894880058 1
bicycle_rack 175 1 1.9639962382735892 403.13254 783.9953 543.7156 871.8368 1.1973227379556777 1.444334835741865 2.8603871491199877 -8.822058129995932 4.253189638101137 27.24055970565435 -4.632387221351033 1
bicycle_rack 176 2 1.8858414427165942 453.6882 774.55725 565.4191 849.88 1.1973227379556777 1.444334835741865 2.5005940580079598 -9.03741719914376 4.3335820882508855 30.07196330376157 -4.689283473686076 1
bicycle_rack 177 1 -1.788428154208351 1230.8607 808.0773 1302.711 894.00555 1.1276578239205794 0.7658547886680843 1.9135542787587008 5.0221877902608645 4.270549090291757 24.695011723713428 -1.587795748537772 1
moped_scooter 178 0 -1.7206692432428254 775.6369 745.03925 834.9046 842.68384 1.7830556059977891 0.910191769885523 2.2899202878572535 -3.3097828281229162 4.415116545968778 31.53961084077468 -1.8252270586501809 1
Pedestrian 937 1 2.107414096623964 0.0 681.4306 105.03831 1060.2788 1.8595684086355497 0.6628840698908178 0.8886504484801672 -5.118071928468785 2.1766968631778996 7.932677034944051 1.5344287473763103 1
Pedestrian 179 1 -1.8472903757449304 1273.0869 742.1177 1372.68 966.10187 1.7757240019499958 0.6713393025120143 0.5952899872489075 3.01118142596021 2.779273070427525 12.492067937504912 -1.6107552048791713 1
Pedestrian 166 0 -1.7947795880090003 839.17206 748.31805 885.0982 837.94293 1.6456560447416453 0.7594585641023465 0.6789759459806832 -1.9316493335886171 4.082160287219182 29.088419193141128 -1.8610883630160076 1
rider 1225 0 1.718012105882715 473.36526 735.372 578.72253 962.9292 1.7438556127878742 0.7264689052962755 0.7736643191549611 -3.567986940368963 2.68532363141129 12.312100955022196 1.4359436680257343 1
rider 1226 0 1.6083341117696743 585.1402 769.4628 634.7705 903.4511 1.7656381664824323 0.6529032821594821 0.7680591173624631 -4.9482440796504195 3.8473255736318883 21.094472230453217 1.3779245761967776 1
rider 182 1 -1.7989828089921158 884.69916 773.43494 963.95624 885.1369 1.4982537804801916 1.0036553139409685 0.8257432276488589 -0.5503014045832298 3.7337749528218764 21.981472529698195 -1.8240123642997392 1
Cyclist 1219 0 1.7191310047813673 459.7858 730.31146 582.2274 998.6878 1.8693520724700052 0.673244604462067 1.95279239472843 -3.5575682998521403 2.8024807569066805 12.22496803333706 1.4359436680257343 1
Pedestrian 1227 0 3.132723581118567 738.3137 780.5274 791.1112 917.0521 1.6446374923779978 0.6012539301300253 0.6596531707301847 -2.5178898107197507 3.6724905332342366 19.142101313469606 -3.2812476434812323 1
Pedestrian 881 0 -1.8303759514316744 1370.2953 745.3673 1485.1033 972.1058 1.6809750371913004 0.6553491410190377 0.9938260680059307 3.76648289846082 2.6999451692495207 12.138954376667487 -1.5295142392133878 1
rider 183 1 -1.7175621938188836 780.64874 747.3593 830.3648 833.87115 1.69349458757481 0.9113497920292088 0.9494850446454557 -3.28355497877274 4.317419501800524 31.469267088473053 -1.8215276275781422 1
Cyclist 185 0 -1.800305570433448 874.94446 768.68066 973.6791 903.8261 1.678316452617704 1.0237764359986181 1.9856577022394382 -0.5707006828440861 3.8965048568383187 21.980858265049022 -1.8262632691924416 1
