Cyclist 162 0 -1.6211656349128307 789.1211 731.1886 835.4308 834.11725 1.8457012608019623 0.8245904955409696 2.082823529759795 -3.0200850932269745 4.067077992754483 30.1619573159272 -1.720961958293444 1
bicycle 163 1 -1.9402238277940358 960.29724 739.6821 1026.1744 827.79474 1.2432495054898953 0.49431865981076334 1.6785738343865795 0.5027740482075409 3.171541308172161 24.249118143916323 -1.9194930936476386 1
bicycle 1220 1 1.32079168474435 1514.5314 783.46436 1637.636 953.4869 1.1425793619853126 0.544062739333385 1.738246551434594 5.152718260263199 2.5763127237995977 12.623412649970053 -4.5748491102793025 1
bicycle 173 1 2.3691266907767616 330.85922 796.0867 459.84885 893.0913 1.0574884786204048 0.43755248386248696 1.8925219804476388 -7.764276451626978 3.524875328634576 20.60458962215527 -4.274426284577187 1
bicycle_rack 164 1 -1.9158609147058363 1457.7711 767.09326 1819.7869 895.49426 1.3949171508112037 3.948226364319396 2.2900086086695732 9.079951036327238 3.4558053879214343 20.386328034272836 -1.4968438202279721 1
Pedestrian 165 2 -2.0531922349218643 903.1597 736.3301 951.9476 820.8603 1.404676785254034 0.6219320139436164 0.673248221443211 -0.5991640758770997 3.410192836566391 26.469357827192123 -2.0758245093824224 1
Pedestrian 166 1 -2.081104476961244 926.33356 720.5214 984.3315 820.7406 1.6456560447416453 0.7741337144420458 0.6789759459806832 -0.10519007862027786 3.337333453966683 25.969846069691148 -2.0851549246644554 1
rider 183 1 -1.6411409023721508 864.547 722.9929 916.548 818.56683 1.69349458757481 0.9113497920292088 0.9494850446454557 -1.336257237027817 3.5712733065259634 28.101334985619168 -1.6886564901481669 1
Cyclist 1223 0 1.773157008423208 536.72144 730.3402 678.0825 990.78076 1.7656381664824323 0.7067924093602216 1.9948408905322144 -2.7824291287041354 2.6798590468705523 11.95964244205484 1.5445717709103528 1
bicycle 169 0 -2.7867341815838365 1029.9333 752.00934 1167.7395 849.72284 1.2698303054983857 0.6481748618279563 1.9099563046762298 2.015616241376387 3.197315207002214 21.971977622623836 -2.6952544546397226 1
bicycle 170 0 -3.0463918044989886 1141.8754 783.405 1247.6246 857.2154 0.9723615483833729 0.3888162492201843 1.483809006862832 3.3834491229893673 3.3087146954368545 21.670570083566027 -2.8915111680476597 1
bicycle 171 0 -2.268157061633302 978.2748 779.7722 1054.8871 832.14514 0.6528177192593315 0.3302317877975606 1.4658786677784366 0.8510642080113282 3.1406395440656576 23.342183613776264 -2.2317128540208646 1
bicycle 172 0 -1.8167639183896862 1287.823 782.6635 1361.0934 878.73114 1.109410523477321 0.5870575887990299 1.779701292814588 5.100946371656208 3.428842549502427 21.093370762257504 -1.5794921680317369 1
bicycle_rack 176 1 1.916066786702599 490.81848 755.13947 619.04987 839.0588 1.1973227379556777 1.444334835741865 2.5005940580079598 -7.201876930337518 3.635715841687164 26.692774927610646 -4.630649740727488 1
bicycle_rack 177 1 -1.828905788057279 1379.249 784.08594 1472.0775 884.906 1.1276578239205794 0.7658547886680843 1.9135542787587008 6.418842248087073 3.44178869913219 20.767610041321923 -1.5291401444356825 1
moped_scooter 178 1 -1.6392440052219133 864.4202 719.55963 921.0743 826.71466 1.7830556059977891 0.910191769885523 2.2899202878572535 -1.3116327799664735 3.641908282695054 28.17599158134192 -1.6857618555130827 1
Pedestrian 179 1 -1.9957783429204035 1388.3798 705.89496 1535.0718 987.5614 1.7757240019499958 0.6442408237774996 0.8662747745938996 3.380214861520935 2.3511123987452254 10.159101965982499 -1.6745729371104634 1
Pedestrian 881 0 -2.5667549655732715 1585.8777 703.11816 1762.2323 990.4518 1.6809750371913004 0.681001700903633 0.7676656197191511 4.533241208343252 2.2058560750266447 9.529408807400833 -2.1227269664892834 1
rider 1226 0 1.773937174055778 559.40155 735.62366 661.4882 971.3304 1.7656381664824323 0.6529032821594821 0.7680591173624631 -2.793163182175166 2.680498694514149 11.963483272421147 1.5445717709103528 1
rider 182 1 -1.7851122868681248 890.145 734.7757 973.1058 850.56586 1.4982537804801916 1.0036553139409685 0.8257432276488589 -0.42128789448871734 3.068436986711143 20.85208695999669 -1.8053131707389967 1
bicycle 184 0 2.2245892103039244 387.45932 785.275 497.54633 887.89844 1.1584528986113063 0.3765821837920181 1.8864148170871773 -7.191220405707341 3.493500942902238 20.81894202877036 -4.391182413192398 1
Pedestrian 1227 0 -3.043334498323574 653.5737 749.67456 725.47894 922.5201 1.6864675422282946 0.6250752630815571 0.6710656200093518 -2.7936938524285875 3.0012530600302125 15.419013999055847 -3.222574997386092 1
rider 167 0 -1.6212762083496937 791.48334 732.63306 834.6698 823.42706 1.7176770836104824 0.8172793301789639 0.9901013567622003 -2.993797873915808 3.929293549867258 30.148434073148646 -1.7202536608044952 1
Cyclist 185 0 -1.8143698041946508 880.1632 730.1032 985.83307 868.5855 1.678316452617704 1.0237764359986181 1.9856577022394382 -0.4238275386482386 3.223729084368815 20.8752864811773 -1.8346698522343188 1
bicycle_rack 175 1 2.0026171187961177 422.85257 763.88464 587.6345 862.89856 1.1973227379556777 1.444334835741865 2.8603871491199877 -7.202430263927253 3.5555132999379975 23.857020543207778 -4.573767026495936 1
