Cyclist 162 0 -1.614666010955088 794.8254 722.6531 840.60425 825.25476 1.8457012608019623 0.8245904955409696 2.082823529759795 -2.9010430566498377 3.8822223090154866 30.065496603033015 -1.7108589892495971 1
bicycle 163 1 -1.9419202350607647 976.60065 732.4242 1045.2194 823.5418 1.2432495054898953 0.49431865981076334 1.6785738343865795 0.7584463568200371 2.984335023829361 23.34073842644658 -1.909437133391152 1
bicycle 1220 1 1.2921242217930935 1574.9403 785.4529 1716.7919 971.058 1.1425793619853126 0.544062739333385 1.738246551434594 5.296067899054469 2.491258817686256 11.66226674751194 -4.564786299584624 1
bicycle 173 1 2.3824030891367305 321.91406 781.5629 457.3619 881.1755 1.0574884786204048 0.43755248386248696 1.8925219804476388 -7.535789745773171 3.2314961434297342 19.80439984159105 -4.264375575497468 1
bicycle_rack 164 1 -1.9340718931200238 1498.156 767.0547 1885.2904 902.9841 1.3949171508112037 3.948226364319396 2.2900086086695732 9.299953362878002 3.361976783198179 19.386261237165364 -1.4867805123555722 1
rider 183 1 -1.587074063760585 878.8963 715.21387 929.59827 812.8152 1.69349458757481 0.9113497920292088 0.9494850446454557 -1.0511285153668475 3.3766476117275515 27.370418112296168 -1.6254590169777772 1
bicycle 169 0 -2.7948720700421577 1054.2946 743.52936 1198.4852 845.24426 1.2698303054983857 0.6481748618279563 1.9099563046762298 2.3170096062267516 2.9955199647954776 21.041897083376973 -2.6851998065830354 1
bicycle 170 0 -3.0567372910407267 1170.6705 779.86786 1281.5806 857.21405 0.9723615483833729 0.3888162492201843 1.483809006862832 3.6653313325131034 3.1563433221568333 20.696580781864824 -2.8814563069531074 1
bicycle 171 0 -2.2696636993221277 993.8455 775.21484 1074.1338 829.85004 0.6528177192593315 0.3302317877975606 1.4658786677784366 1.0719098172757897 2.964111702214377 22.311085489395513 -2.221656791387053 1
bicycle 172 0 -1.8293898152690566 1321.2853 782.5372 1400.2738 883.6518 1.109410523477321 0.5870575887990299 1.779701292814588 5.339184043895935 3.3193154291443716 20.074091099480345 -1.5694343207145172 1
bicycle_rack 176 2 1.925914412435243 488.37003 745.8954 621.78485 831.72833 1.1973227379556777 1.444334835741865 2.5005940580079598 -6.97391277604788 3.3965034244972783 25.869110711469407 -4.62059547461223 1
bicycle_rack 177 1 -1.849092643654036 1424.9564 784.2288 1527.1907 891.67377 1.1276578239205794 0.7658547886680843 1.9135542787587008 6.701080749714149 3.315896061025959 19.563109787374866 -1.51908215975065 1
moped_scooter 178 1 -1.597675188987646 879.2858 712.8773 932.35443 822.24414 1.7830556059977891 0.910191769885523 2.2899202878572535 -1.0371918779665532 3.466290806998648 27.438891061506126 -1.6354572663776699 1
Pedestrian 179 1 -1.9655465453643124 1436.1844 701.39886 1567.3229 991.7176 1.7757240019499958 0.6442408237774996 0.5018342545415458 3.4425371001521667 2.2780846680193365 9.553719756299639 -1.6196946636634044 1
Pedestrian 881 0 -2.582818095255896 1626.1223 705.65375 1821.6542 1009.38904 1.6809750371913004 0.681001700903633 0.8224070213865081 4.621349051577123 2.20008727369291 9.085016591311911 -2.112252125864602 1
Pedestrian 165 2 -2.0602016929094455 928.02246 728.6087 978.19257 815.09436 1.404676785254034 0.6219320139436164 0.673248221443211 -0.14334066340296903 3.2245644894199 25.797636383674934 -2.0657579844308547 1
Pedestrian 166 1 -2.0783482441634877 936.55865 711.6493 995.9948 814.09796 1.6456560447416453 0.7741337144420458 0.6789759459806832 0.08255991906979715 3.1429548881826506 25.326429277632293 -2.0750884231391575 1
rider 1226 0 1.815940812690962 493.34338 705.71704 624.1281 995.47833 1.7656381664824323 0.6529032821594821 0.7680591173624631 -2.599030091585873 2.3119239531074802 9.718919747991281 1.554635562559866 1
rider 182 1 -1.7778171713357147 893.4723 722.82837 978.0169 840.6636 1.4982537804801916 1.0036553139409685 0.8257432276488589 -0.3561702657369413 2.8667692087951275 20.383574493323596 -1.7952887891772953 1
Cyclist 1223 0 1.8165291632177154 456.3116 700.8611 645.0191 1021.6257 1.7656381664824323 0.7067924093602216 1.9948408905322144 -2.602721816628154 2.309816507412822 9.709830801568968 1.554635562559866 1
bicycle 184 0 2.238955255753508 376.6954 776.03516 493.37927 882.56696 1.1584528986113063 0.3765821837920181 1.8864148170871773 -6.9771065957216 3.267977260304667 19.919819066878524 -4.381136065115055 1
Pedestrian 1227 0 -3.0159932941839127 615.98737 742.75995 708.74255 928.0024 1.6864675422282946 0.6765480198605334 0.7997475119568116 -2.876081086009501 2.8538521797774 14.446114688466857 -3.2125139749426253 1
rider 167 0 -1.6150570218003726 797.332 723.80566 840.442 814.7414 1.7176770836104824 0.8172793301789639 0.9901013567622003 -2.8611381859634832 3.7370399409593853 29.98479329138396 -1.7101886381102485 1
Cyclist 185 0 -1.7803257896097424 885.02295 717.97955 988.8282 858.23016 1.678316452617704 1.0237764359986181 1.9856577022394382 -0.36193981811306464 3.016429596581915 20.415314531236433 -1.7980527711885306 1
bicycle_rack 175 1 2.01243181459583 419.27496 752.4836 591.3141 853.78076 1.1973227379556777 1.444334835741865 2.8603871491199877 -6.946843271585721 3.2919674605903095 23.03017450601459 -4.563715047312632 1
