Cyclist 162 0 -1.623833839556724 786.33606 725.8092 832.8033 828.0681 1.8457012608019623 0.8245904955409696 2.082823529759795 -3.082684479824424 3.960057449829329 30.24088386237308 -1.7254205819880624 1
bicycle 163 1 -1.9395817572012164 953.1524 739.88965 1018.006 826.68085 1.2432495054898953 0.49431865981076334 1.6785738343865795 0.3847508145781962 3.2026233561237207 24.60826587734859 -1.9239480075576352 1
bicycle 173 1 2.3638930911736917 333.48215 793.1264 460.03925 888.30414 1.0574884786204048 0.43755248386248696 1.8925219804476388 -7.86704760198931 3.5185612603820404 20.92683962426674 -4.278878849457151 1
bicycle_rack 164 1 -1.9089646989417037 1441.6422 761.5055 1794.2465 886.30396 1.3949171508112037 3.948226364319396 2.2900086086695732 8.980646735752707 3.4114305616582 20.7955042316647 -1.5013019896375845 1
Pedestrian 165 2 -2.0505142290793796 892.67773 732.08215 941.059 815.8232 1.404676785254034 0.6219320139436164 0.673248221443211 -0.7942315140657281 3.348239000155724 26.671161851902912 -2.08028409350275 1
rider 1225 2 2.0663690104777057 0.0 568.59796 186.20952 1215.0 1.7438556127878742 0.7264689052962755 0.7736643191549611 -2.697662200261386 1.6031750912982685 4.151794560898353 1.4901638521299199 1
rider 183 1 -1.655926647950027 860.4101 716.884 912.79596 811.72 1.69349458757481 0.9113497920292088 0.9494850446454557 -1.418614025672297 3.4650290919710023 28.268343181945497 -1.7060684240414945 1
Cyclist 1219 1 2.0804778276570977 0.0 545.54944 233.97182 1215.0 1.8693520724700052 0.673244604462067 1.95279239472843 -2.711734756894525 1.7076863548459487 4.047302040663158 1.4901638521299199 1
bicycle 169 0 -2.7850254081120687 1021.791 749.52057 1157.2513 845.3624 1.2698303054983857 0.6481748618279563 1.9099563046762298 1.9105332745192012 3.1899019579197447 22.339094105204225 -2.6997088113939602 1
bicycle 170 0 -3.0460784991753576 1135.3989 780.3633 1239.4886 852.88824 0.9723615483833729 0.3888162492201843 1.483809006862832 3.3276732180629467 3.297926041504104 22.001048843809805 -2.895965634525713 1
bicycle 171 0 -2.2676612384801786 971.4186 777.42084 1046.864 828.8413 0.6528177192593315 0.3302317877975606 1.4658786677784366 0.7463220895698692 3.1381857982621364 23.68987913666008 -2.236167817765666 1
bicycle 172 0 -1.8155810361101365 1279.526 780.0318 1351.4569 874.3856 1.109410523477321 0.5870575887990299 1.779701292814588 5.0513085919447605 3.423746458674408 21.41594842880356 -1.5839479147058377 1
bicycle 1220 0 1.3312314959226468 1491.5409 779.8854 1608.2474 943.9501 1.1425793619853126 0.544062739333385 1.738246551434594 5.084991406629557 2.5837449455909938 13.008046670981368 -4.579307059693512 1
bicycle_rack 176 1 1.9140325492686934 487.85703 748.6589 614.37006 830.7996 1.1973227379556777 1.444334835741865 2.5005940580079598 -7.361846730455791 3.5416920912266696 27.025471417272385 -4.63510389745836 1
bicycle_rack 177 1 -1.8275082205465236 1370.1531 781.171 1461.9406 880.87897 1.1276578239205794 0.7658547886680843 1.9135542787587008 6.33362487026462 3.41572979114155 20.92525901703264 -1.533595951731573 1
moped_scooter 178 1 -1.65108876865347 858.60486 716.15894 916.20844 822.1923 1.7830556059977891 0.910191769885523 2.2899202878572535 -1.4234002136319976 3.5889854899713405 28.398219222242663 -1.7011697259264826 1
Pedestrian 179 1 -1.9715922668686399 1387.6797 702.15717 1511.7424 971.6134 1.7757240019499958 0.6442408237774996 0.5700485909994478 3.3683528454815326 2.3263124233773427 10.345546624354412 -1.6568315169264318 1
Pedestrian 881 0 -2.563872044812888 1575.943 700.60675 1745.004 985.4234 1.6963586028319462 0.6724508476087752 0.7429119817596721 4.509668507514748 2.210476469089026 9.662057522449139 -2.1271846864536785 1
Pedestrian 166 1 -2.0794865799196725 917.5312 721.7452 974.9459 821.0232 1.6456560447416453 0.7741337144420458 0.6789759459806832 -0.26562038323252857 3.375599476647581 26.225656000901672 -2.0896144982139444 1
rider 1226 0 1.6694921137384857 573.5753 732.3374 660.71735 953.24603 1.7656381664824323 0.6529032821594821 0.7680591173624631 -2.9298104129497053 2.714540747622231 12.785526459205823 1.4442306476093028 1
rider 182 1 -1.779209285440003 892.33093 733.4548 974.87744 848.90216 1.4982537804801916 1.0036553139409685 0.8257432276488589 -0.39451990189970726 3.0522826214045002 20.89242124068975 -1.798090439251378 1
Cyclist 1223 0 1.6532578327207506 565.108 727.18195 670.15875 970.4111 1.7656381664824323 0.7067924093602216 1.9948408905322144 -2.8968612147619766 2.709683582082225 12.765252219488533 1.430103981194772 1
bicycle 184 0 2.220286284729978 388.20218 781.16406 496.42996 881.9926 1.1584528986113063 0.3765821837920181 1.8864148170871773 -7.290701015115208 3.4627396675485347 21.09684519441384 -4.395633043745292 1
Pedestrian 1227 0 -3.0570423258785615 668.9977 749.3208 738.6573 918.7811 1.6864675422282946 0.6250752630815571 0.6710656200093518 -2.6986662092653475 3.0228691334408726 15.722247705871991 -3.2270321396392614 1
rider 167 0 -1.6234965111277024 788.04694 727.27356 831.3415 817.8692 1.7176770836104824 0.8172793301789639 0.9901013567622003 -3.0624243857251274 3.8196805814996777 30.152911308023473 -1.7247125873488336 1
Cyclist 185 0 -1.8090710751265893 880.9208 729.2352 986.10596 867.8123 1.678316452617704 1.0237764359986181 1.9856577022394382 -0.41608346114920675 3.2087523853094524 20.844706881802153 -1.8290295333803475 1
bicycle_rack 175 0 1.9987799199068919 423.33627 756.2601 585.3863 852.7718 1.1973227379556777 1.444334835741865 2.8603871491199877 -7.3186202550987955 3.455021364643972 24.188026592260734 -4.578220166720228 1
