bicycle 184 0 2.2612009504955353 332.73236 789.1848 468.72165 912.46277 1.1584528986113063 0.3765821837920181 1.8864148170871773 -6.538877059228836 3.1906486712004796 17.545567806820596 -4.378719246810555 1
Cyclist 162 1 -2.0827836485622973 739.9747 746.3313 827.6792 851.3353 1.8457012608019623 0.8245904955409696 2.082823529759795 -3.562773770890243 4.3599371471759305 29.878444731023777 -2.201465540680845 1
bicycle 163 1 -1.9494693348664158 1012.2732 742.0202 1090.2773 845.79865 1.2432495054898953 0.49431865981076334 1.6785738343865795 1.2308809621385874 2.9379395394726675 20.763726349752933 -1.8902582791806308 1
bicycle 173 1 2.4277777368125832 263.7428 800.26587 423.2385 916.2143 1.0574884786204048 0.43755248386248696 1.8925219804476388 -7.163170786994414 3.2128268490495007 17.43627850564941 -4.245206537644323 1
bicycle 1220 2 1.180613416691961 1788.577 795.99615 1935.0 1046.364 1.1425793619853126 0.544062739333385 1.738246551434594 5.579876324825898 2.2709522452288664 8.960102239301296 -4.545594388085296 1
bicycle_rack 164 1 -1.9947113879284268 1613.2028 774.8902 1935.0 937.6262 1.3949171508112037 3.948226364319396 2.2900086086695732 9.68275603140542 3.198057486794734 16.635327951343566 -1.4675876505618926 1
Pedestrian 881 1 -2.644699964390937 1784.3107 703.5257 1935.0 1066.7316 1.6809750371913004 0.681001700903633 0.5902785179345578 4.634475536203512 2.099336759146832 7.531217190798608 -2.09305650606586 1
Pedestrian 165 0 -2.0545259340076596 948.58075 735.45844 998.7508 829.4888 1.404676785254034 0.6219320139436164 0.517616976781812 0.19401181818239488 3.176150705460927 23.58849476867822 -2.0463012700171954 1
Pedestrian 166 0 -2.0882778676240235 977.997 719.1013 1041.9792 830.9331 1.6456560447416453 0.6951076727834639 0.8007789290751991 0.7579137729856879 3.1517631504127657 23.392531020058605 -2.0558893786219126 1
rider 183 1 -1.8436497846786746 877.31055 738.77466 943.3086 844.975 1.69349458757481 0.9113497920292088 0.9494850446454557 -0.8828695272126394 3.6957360698861637 25.703364416835566 -1.8779846893063898 1
rider 167 0 -2.0867679572056765 755.8919 748.3247 816.5686 841.9608 1.7176770836104824 0.8172793301789639 0.9901013567622003 -3.48696856071313 4.227106268314756 29.763501771407956 -2.203392178307707 1
bicycle 169 0 -2.8135789859725833 1101.5757 755.3899 1266.8649 873.20776 1.2698303054983857 0.6481748618279563 1.9099563046762298 2.742351773336211 2.9430779127992848 18.45016564088369 -2.6660236635670067 1
bicycle 170 0 -3.0867120705082103 1238.851 794.4154 1366.5839 884.2863 0.9723615483833729 0.3888162492201843 1.483809006862832 4.120030131965646 3.0626046388051726 18.048310581860378 -2.862279890615648 1
bicycle 171 0 -2.2837282152561627 1038.4126 788.3068 1129.9656 851.11163 0.6528177192593315 0.3302317877975606 1.4658786677784366 1.613850325356535 2.8937348466630652 19.81893905490536 -2.2024777806251885 1
bicycle 172 0 -1.8695274407275395 1409.0791 792.5969 1507.2672 910.9779 1.109410523477321 0.5870575887990299 1.779701292814588 5.768134767948662 3.1664876576799803 17.448231160133933 -1.5502518400882275 1
bicycle 840 1 -2.735145810884336 89.23208 803.90607 269.6183 924.35913 1.257832455627407 0.5139758014382781 1.744802664554849 -8.811946040835032 3.318268383658346 16.891982009783145 -3.215974366439842 1
bicycle 174 1 2.59023902540445 593.47797 803.3314 660.60266 854.6836 1.324112658709453 0.6098286561509388 1.9791239174442443 -10.22129792820092 6.894941483925978 45.78085900994648 -3.9126094304081147 1
bicycle_rack 176 1 1.947358441518146 475.74545 750.0342 625.76373 845.98816 1.1973227379556777 1.444334835741865 2.5005940580079598 -6.374192832467029 3.2688164167585416 23.43287384369057 -4.601419793224409 1
bicycle_rack 177 1 -1.8949062924642175 1524.1514 795.4543 1652.8649 922.6904 1.1276578239205794 0.7658547886680843 1.9135542787587008 7.032100308100763 3.163256774141745 16.866789577369055 -1.4998994151321514 1
moped_scooter 178 1 -1.8423654117109105 866.8534 736.835 953.3512 856.4044 1.7830556059977891 0.910191769885523 2.2899202878572535 -0.9114404809658398 3.8085410621349616 25.83086083074886 -1.8776357231867742 1
Pedestrian 179 1 -1.9983278658904757 1530.4517 707.70184 1750.0343 1060.2837 1.733254631725967 0.7052407689631787 1.0707892540089206 3.6570859424309137 2.2137916626951597 8.14119438262218 -1.5761331413416535 1
Pedestrian 180 1 -1.3761594380641056 830.4197 802.00055 850.8505 857.57074 1.7799435577134672 0.5849810112949221 0.569140589825668 -4.050372637507136 7.7661196747435195 50.231149578486686 -1.4566200350685428 1
rider 1226 1 2.1295428247576167 0.0 585.98425 230.88469 1215.0 1.7656381664824323 0.6529032821594821 0.7680591173624631 -2.410525182672014 1.6746549117316971 3.8817200378995382 -4.709355951984789 1
rider 181 1 1.267761594413954 560.0377 772.5772 602.49084 848.8446 1.4169383149902561 0.665175791970435 0.6336305973840615 -7.611313514816619 4.4182330007421715 29.947922890341793 1.0188793448487945 1
rider 182 1 -1.679182862607129 895.12695 725.71875 978.9001 849.02826 1.4982537804801916 1.0036553139409685 0.8257432276488589 -0.3246636956138711 2.839032061183858 19.415020728664413 -1.6959035987200808 1
Cyclist 1223 1 2.132756309077525 0.0 574.55615 325.29034 1215.0 1.7656381664824323 0.7067924093602216 1.9948408905322144 -2.4374793198635367 1.6680654945655764 3.897125341989982 -4.709355951984789 1
Cyclist 168 2 1.2699742018110898 552.0582 770.058 612.4046 857.68854 1.5155054193856312 0.665175791970435 1.8054192092008294 -7.598706066825322 4.512574540802753 29.93248083820522 1.0213644511649962 1
Pedestrian 1227 0 -2.9252075724493647 459.2074 747.6685 556.7904 978.4243 1.729361506210786 0.6765480198605334 0.6150107726651753 -3.611015004904721 2.7402529693227833 11.952539274759708 -3.2186015787656275 1
Cyclist 185 0 -1.6879415696584514 891.52844 721.7597 987.9078 869.47205 1.678316452617704 1.0237764359986181 1.9856577022394382 -0.3094703234559694 3.0045274282332564 19.423244362170884 -1.7038732098254372 1
bicycle_rack 175 1 2.0437532873149635 385.19727 758.53754 582.9848 873.87866 1.1973227379556777 1.444334835741865 2.8603871491199877 -6.488518116754662 3.1752018948797764 20.602003462059084 -4.54454369763941 1
