Cyclist 162 0 -2.1397743479565436 751.73975 748.73145 843.3879 853.89264 1.8457012608019623 0.8245904955409696 2.082823529759795 -3.282998577024278 4.404855335811298 29.835503106039468 -2.2493700786132615 1
bicycle 163 1 -1.9464439421854594 997.3026 745.0557 1071.6691 844.51495 1.2432495054898953 0.49431865981076334 1.6785738343865795 1.043598785960332 3.055455985358135 21.67993505371683 -1.8983444506799918 1
bicycle 1220 1 1.2289356640475244 1693.3295 793.10315 1882.4908 1015.3924 1.1425793619853126 0.544062739333385 1.738246551434594 5.444010010935179 2.363308095311469 9.951858750502847 -4.553686063305533 1
bicycle 184 1 2.2740831778533543 349.04535 792.2356 479.54 909.6207 1.1584528986113063 0.3765821837920181 1.8864148170871773 -6.700369175807148 3.3255548208173664 18.416854884927304 -4.358032869133012 1
bicycle 173 2 2.4114415383810472 282.795 803.0939 433.55417 914.13293 1.0574884786204048 0.43755248386248696 1.8925219804476388 -7.310462509317988 3.3413394612639293 18.22125969462347 -4.253288602367531 1
bicycle_rack 164 1 -1.9713792387419125 1566.7461 776.3716 1935.0 929.0886 1.3949171508112037 3.948226364319396 2.2900086086695732 9.527676463199505 3.3140830434728317 17.619973815079348 -1.4756797267566852 1
Pedestrian 1227 0 2.884825139615207 503.3998 750.5424 631.9895 971.0541 1.729361506210786 0.7145482320010731 0.9193900109021411 -3.39278189135566 2.856449757304819 12.877610733284637 -3.655969781833424 1
Pedestrian 166 0 -2.0844659508938466 963.2362 721.3001 1020.9094 829.61145 1.6456560447416453 0.6793980609240862 0.6789759459806832 0.4916386755492069 3.222456551028405 24.00024075772765 -2.063984076152045 1
rider 183 1 -1.8050248785704937 875.1943 738.0878 938.01624 841.3706 1.69349458757481 0.9113497920292088 0.9494850446454557 -0.9710116556520262 3.7333022671728844 26.370123935997658 -1.841830665033207 1
rider 167 0 -2.140820504669976 767.2636 750.6748 828.8989 844.1955 1.7176770836104824 0.8172793301789639 0.9901013567622003 -3.2584090737366433 4.28102221447737 29.835438076506644 -2.249602088261144 1
bicycle 169 0 -2.806986882830674 1083.1592 757.64886 1240.3167 869.7515 1.2698303054983857 0.6481748618279563 1.9099563046762298 2.5882920007347114 3.052651103157514 19.36389922438038 -2.6741086587174623 1
bicycle 170 0 -3.075921545782498 1212.5066 794.68243 1333.7264 879.93616 0.9723615483833729 0.3888162492201843 1.483809006862832 3.957442391359602 3.171114684752253 18.9804014637922 -2.8703649797409625 1
bicycle 171 0 -2.275333964025387 1016.0585 788.59076 1102.5118 848.2137 0.6528177192593315 0.3302317877975606 1.4658786677784366 1.3510820810970894 3.0080906084982955 20.83052681302189 -2.210564011953532 1
bicycle 172 0 -1.8563303019835469 1377.3586 792.9511 1468.2306 905.06085 1.109410523477321 0.5870575887990299 1.779701292814588 5.64233640795444 3.274253770699744 18.370801230139282 -1.5583395448755495 1
Cyclist 168 2 0.9065764344569869 517.3915 773.15765 597.7558 854.6622 1.5155054193856312 0.665175791970435 1.8054192092008294 -8.524558966799963 4.723541304488923 31.551163440850477 0.6426948994478834 1
bicycle 174 1 2.5863944910867893 587.4042 803.145 653.33887 853.599 1.324112658709453 0.6098286561509388 1.9791239174442443 -10.613380498222964 6.987848275695763 46.60517098217728 -3.9207018797902413 1
bicycle_rack 176 1 1.9383731859254834 480.64294 751.6937 624.28455 844.19324 1.1973227379556777 1.444334835741865 2.5005940580079598 -6.583416339832463 3.3684208179615407 24.288348282680104 -4.609504636377828 1
bicycle_rack 177 1 -1.8760171487057407 1482.2999 795.761 1600.0083 915.6873 1.1276578239205794 0.7658547886680843 1.9135542787587008 6.875271421846761 3.2766899446065594 17.830133271909904 -1.507987231541475 1
moped_scooter 178 1 -1.7997224274371675 865.52686 735.5555 945.17255 851.9698 1.7830556059977891 0.910191769885523 2.2899202878572535 -1.015587341215328 3.831445737706222 26.45773184798195 -1.8380888674931635 1
Pedestrian 179 1 -2.0509466814544997 1498.6165 714.214 1668.4023 1034.8154 1.733254631725967 0.6787903950718991 0.6564000630455619 3.5781531606124104 2.2705961818935743 8.640201892031852 -1.6583202752492892 1
Pedestrian 881 1 -2.6184837931799954 1701.678 709.7851 1928.0673 1053.941 1.6809750371913004 0.681001700903633 0.8369713680031946 4.6095014506082075 2.1710723308110556 8.100668693513608 -2.101149757750675 1
Pedestrian 165 1 -2.0539557520438367 934.5252 738.6657 987.2804 830.2488 1.404676785254034 0.6219320139436164 0.673248221443211 -0.008758039023910931 3.300646402215289 24.479336887129524 -2.0543135247519215 1
rider 1226 0 1.9597793699176655 210.3226 663.49927 453.02472 1139.1093 1.7656381664824323 0.6529032821594821 0.7680591173624631 -2.494734073885267 1.9304752696371996 6.00000978707056 1.565736885250753 1
rider 181 2 0.9298387072883889 536.1799 774.7781 580.9861 847.39624 1.4169383149902561 0.665175791970435 0.6336305973840615 -8.487802715871311 4.622317585875441 31.524803134813528 0.666833454511965 1
rider 182 1 -1.6366168065499027 892.2947 730.8917 972.192 851.8612 1.4982537804801916 1.0036553139409685 0.8257432276488589 -0.39365148271755457 2.9318866701768598 19.772455076754827 -1.656523261403004 1
Cyclist 1223 0 1.9587614188557059 112.943634 663.4912 504.33273 1207.5427 1.7656381664824323 0.7067924093602216 1.9948408905322144 -2.485199892948224 1.9461270204360406 5.994284701660278 1.565736885250753 1
Cyclist 185 0 -1.6452471422995283 889.1758 727.13525 977.56995 872.04504 1.678316452617704 1.0237764359986181 1.9856577022394382 -0.3975439612720423 3.1041931072058064 19.819791063191 -1.6653023820095132 1
bicycle_rack 175 1 2.032170920878981 396.318 762.0172 584.36646 872.8785 1.1973227379556777 1.444334835741865 2.8603871491199877 -6.6748168638051135 3.3045814885401343 21.455276268367236 -4.55262671932496 1
