Cyclist 168 1 1.3672349412342286 578.10626 762.28217 633.43567 854.954 1.5155054193856312 0.665175791970435 1.8054192092008294 -6.729738695887343 4.199489769991301 28.256950040851848 1.1334283479597183 1
bicycle 184 1 2.2810833111147497 304.3693 787.94196 451.79752 919.0903 1.1584528986113063 0.3765821837920181 1.8864148170871773 -6.404920922323164 3.0642893229145796 16.528526574992725 -4.371792432774329 1
Cyclist 162 1 -2.322664227368238 708.63654 761.8116 811.9495 867.68286 1.8457012608019623 0.8245904955409696 2.082823529759795 -3.986946520603743 4.643339079316157 29.579219384781826 -2.456645497691752 1
bicycle 163 1 -1.9532120258367118 1026.2909 736.98016 1108.6292 845.6908 1.2432495054898953 0.49431865981076334 1.6785738343865795 1.3846669877970643 2.791358222316368 19.78081118134663 -1.8833255108084999 1
bicycle 173 1 2.4488302980620107 232.08656 801.2382 404.2812 924.813 1.0574884786204048 0.43755248386248696 1.8925219804476388 -7.02131601776683 3.1055793572081165 16.427040520805438 -4.238277252856193 1
bicycle 840 1 -2.7112301603194244 50.739315 803.1508 242.56879 930.41986 1.257832455627407 0.5139758014382781 1.744802664554849 -8.683524362451758 3.199956398493052 15.978242617031311 -3.209037846429274 1
bicycle 839 2 -2.6806085058577684 0.0 817.78296 183.80104 934.1837 1.1722711260951162 0.555352814256142 1.8275566901906464 -9.65967653822989 3.3472944995215688 16.523985059364016 -3.209616454788571 1
bicycle_rack 164 1 -2.022059233535335 1664.6418 769.591 1935.0 943.5801 1.3949171508112037 3.948226364319396 2.2900086086695732 9.810111077470511 3.0352681517554676 15.598476937724449 -1.4606498214174222 1
Pedestrian 1227 0 -2.9682365165819 364.1509 744.05286 512.15686 997.661 1.729361506210786 0.6765480198605334 0.9229053381512924 -3.8238481779817906 2.6374791294203837 10.989179141342213 -3.3030971441392754 1
Pedestrian 165 0 -2.052271457589236 957.7435 730.5699 1011.84033 828.7787 1.404676785254034 0.6219320139436164 0.5782367511721244 0.35398095797607615 3.032892897316831 22.64408785377555 -2.036640352011899 1
Pedestrian 166 0 -2.0923689115444306 997.1168 713.90924 1055.7716 827.5981 1.6456560447416453 0.6401222427510469 0.6789759459806815 0.9905172998104098 3.029364249448072 22.79832518460266 -2.048949285262118 1
bicycle 169 0 -2.822852377761885 1121.6 748.3864 1296.7332 872.6974 1.2698303054983857 0.6481748618279563 1.9099563046762298 2.8846120902896435 2.7716715178869067 17.457085114363746 -2.6590919422029176 1
bicycle 170 0 -3.0993125915893236 1265.6833 795.0357 1401.5603 890.72253 0.9723615483833729 0.3888162492201843 1.483809006862832 4.231928709577146 2.951616776821772 17.00097535021797 -2.855348113343833 1
bicycle 171 0 -2.2857254297266008 1049.762 784.97876 1145.7639 850.5853 0.6528177192593315 0.3302317877975606 1.4658786677784366 1.7130422125647602 2.754679483925908 18.94419125064666 -2.195544968104918 1
bicycle 172 0 -1.889913244906728 1450.0922 792.21704 1558.6493 918.6829 1.109410523477321 0.5870575887990299 1.779701292814588 5.92021519973584 3.043810384815825 16.391536372637177 -1.5433177522034203 1
bicycle 1701 1 -2.6311188499200924 0.0 812.2237 180.54364 944.82916 1.257832455627407 0.5139758014382781 1.6310158793056357 -8.901633387301455 3.1991926091082483 15.22611581942061 -3.1601596895656536 1
bicycle 174 1 2.5944460773017974 597.0599 803.4879 665.5725 855.8728 1.324112658709453 0.6098286561509388 1.9791239174442443 -9.89036537296133 6.791180299813442 44.8745595501776 -3.9056713011258934 1
bicycle_rack 176 1 1.9575778680682463 466.3089 748.04315 623.9683 848.03546 1.1973227379556777 1.444334835741865 2.5005940580079598 -6.200236702267252 3.1594506623044762 22.501027636654886 -4.594488152759481 1
bicycle_rack 177 1 -1.9164538990601887 1568.845 794.9086 1710.6847 930.45764 1.1276578239205794 0.7658547886680843 1.9135542787587008 7.163636105240715 3.0461953686763477 15.892227703903291 -1.492965231181563 1
moped_scooter 178 1 -1.807885483699983 856.4742 734.6138 940.87646 856.7237 1.7830556059977891 0.910191769885523 2.2899202878572535 -1.085103918017002 3.7267374804534543 25.266488062771046 -1.8508054785214805 1
Pedestrian 179 1 -1.964199796118105 1612.5156 698.69037 1800.0554 1059.1871 1.733254631725967 0.7052407689631787 0.5224587988792442 3.7637325309037593 2.1218467616815904 7.590733260681289 -1.5038917120017339 1
Pedestrian 881 2 -2.6802998199065238 1830.4215 691.2274 1935.0 1097.0317 1.6809750371913004 0.7425359634662215 0.879725634477537 4.692495959746824 2.014128371636451 6.94536620124008 -2.0861176544599154 1
Pedestrian 180 1 -1.3724272666861 835.02527 802.11694 855.8828 858.74786 1.7799435577134672 0.5849810112949221 0.569140589825668 -3.8171839248424613 7.6611527840076405 49.310422125919246 -1.4496844918720755 1
Pedestrian 1702 2 0.7606179043530354 830.78046 801.656 853.41364 856.9855 1.777116556444505 0.5867894717332844 0.5012886005430613 -4.054390364158525 7.836938097724162 50.88304426537419 0.6811053176486692 1
rider 181 0 1.38595676328663 584.499 764.75525 626.38727 845.1197 1.4169383149902561 0.665175791970435 0.6336305973840615 -6.728640857428709 4.100506488254044 28.26985001448519 1.1522897681347928 1
rider 182 1 -1.760636103594946 888.3282 719.1518 978.49426 845.908 1.4982537804801916 1.0036553139409685 0.8257432276488589 -0.3618948950904705 2.7240047171267747 18.93984240519551 -1.7797413767196868 1
rider 183 1 -1.7904344107354517 864.3274 737.6319 929.14526 845.23175 1.69349458757481 0.9113497920292088 0.9494850446454557 -1.100154054591059 3.645937584114419 25.322694971909396 -1.8338524852363127 1
rider 167 0 -2.3269116988263217 729.8366 763.9001 794.86316 858.7547 1.7176770836104824 0.8172793301789639 0.9901013567622003 -3.931154477296379 4.523281008846044 29.55460287942608 -2.4591487487223955 1
Cyclist 185 0 -1.7523930413743818 883.7414 715.73816 992.1603 867.6711 1.678316452617704 1.0237764359986181 1.9856577022394382 -0.32602563260592043 2.8903705721040254 18.878758362197512 -1.7696607674369553 1
bicycle_rack 175 1 2.057095416500384 368.0583 757.3533 577.70734 878.4859 1.1973227379556777 1.444334835741865 2.8603871491199877 -6.334087120213551 3.075460873001451 19.670564995199875 -4.53761361307547 1
