bicycle 163 1 -1.9436130657696653 987.0778 734.46106 1057.8629 828.4905 1.2432495054898953 0.49431865981076334 1.6785738343865795 0.9114044041499847 2.9691990596978917 22.683719202514176 -1.903455874918356 1
bicycle 1220 1 1.269060476132422 1620.9124 784.4893 1779.0806 982.51025 1.1425793619853126 0.544062739333385 1.738246551434594 5.376652199291389 2.410535472109019 10.980867434981441 -4.558800967710255 1
bicycle 173 1 2.393746921437607 309.6776 788.92773 450.8192 892.7314 1.0574884786204048 0.43755248386248696 1.8925219804476388 -7.413226149366274 3.2642065807176435 19.172166539770675 -4.2583974065361625 1
bicycle_rack 164 1 -1.9482435381809715 1526.9984 769.22205 1933.9717 911.3239 1.3949171508112037 3.948226364319396 2.2900086086695732 9.426226740583324 3.324367920720265 18.674656701928026 -1.4807948843943017 1
Pedestrian 165 1 -2.061545252722795 938.4912 731.3756 989.6678 819.67676 1.404676785254034 0.6219320139436164 0.673248221443211 0.0449064089009148 3.237767602704659 25.301849906505616 -2.059770427486101 1
Pedestrian 166 0 -2.0778256525367333 944.0512 712.8668 1004.86786 817.78723 1.6456560447416453 0.7741337144420458 0.6789759459806832 0.21594016671756258 3.12997522105937 24.749606090385026 -2.06910087984096 1
rider 183 1 -1.609240925130387 879.26587 721.3956 931.6372 820.4217 1.69349458757481 0.9113497920292088 0.9494850446454557 -1.018219654506781 3.4732273092517945 27.072779224512846 -1.6468336653046216 1
bicycle 169 0 -2.7973359975286725 1064.8389 746.23706 1213.6285 851.4737 1.2698303054983857 0.6481748618279563 1.9099563046762298 2.422303633304494 2.984165090784876 20.41226643869646 -2.679219364352365 1
bicycle 170 0 -3.0639421890841203 1189.095 784.27893 1303.9548 864.59 0.9723615483833729 0.3888162492201843 1.483809006862832 3.816102782930507 3.145531836428111 20.007877912433003 -2.8754757607674355 1
bicycle 171 0 -2.271981630088294 1005.33307 776.5416 1087.6337 832.5795 0.6528177192593315 0.3302317877975606 1.4658786677784366 1.2295589743677484 2.934288357072314 21.813945323837764 -2.2156754786524284 1
bicycle 172 0 -1.8393988458080988 1345.0211 784.36127 1428.2959 889.2576 1.109410523477321 0.5870575887990299 1.779701292814588 5.4993099725114645 3.275371788624229 19.420443669901648 -1.5634519350971334 1
bicycle_rack 176 1 1.930917062136384 487.9124 742.2079 625.0834 829.8679 1.1973227379556777 1.444334835741865 2.5005940580079598 -6.783267860296664 3.2819969952821832 25.26016422363527 -4.6146152138793965 1
bicycle_rack 177 1 -1.8605737529573723 1451.5574 784.34955 1559.8191 896.04175 1.1276578239205794 0.7658547886680843 1.9135542787587008 6.832680281506629 3.2434384656408817 18.8660198155733 -1.513099692082963 1
moped_scooter 178 1 -1.609654818972202 878.89606 721.16486 934.0933 832.69336 1.7830556059977891 0.910191769885523 2.2899202878572535 -1.0136550033944038 3.6043160423627425 27.115691217614952 -1.6470200187176276 1
Pedestrian 179 1 -1.9714477423030163 1445.5789 703.10284 1601.4911 1010.3807 1.7757240019499958 0.6442408237774996 0.7940121646352085 3.4621748962047847 2.2815304625754838 9.26154221693929 -1.613709607836999 1
rider 1226 0 1.8594330695505095 417.2328 694.7296 576.57446 1034.7668 1.7656381664824323 0.6529032821594821 0.7680591173624631 -2.56026760526912 2.171852002953233 8.311623459725654 1.5606214796818487 1
rider 182 1 -1.6973313389550588 895.1675 720.12354 976.6706 838.45374 1.4982537804801916 1.0036553139409685 0.8257432276488589 -0.3514508824016792 2.8144529000319665 20.189197543847712 -1.7147374487118074 1
Cyclist 1223 0 1.860901877646986 363.7347 689.06244 603.63135 1070.2582 1.7656381664824323 0.7067924093602216 1.9948408905322144 -2.5591168858897184 2.1632032298086967 8.264720050079212 1.5606214796818487 1
bicycle 184 1 2.2571794025837573 374.3252 777.033 496.16513 886.7941 1.1584528986113063 0.3765821837920181 1.8864148170871773 -6.779724681764251 3.2256677337294724 19.36956180493184 -4.362698111616863 1
Cyclist 162 0 -1.73134655513146 787.5459 733.08093 844.86127 836.6174 1.8457012608019623 0.8245904955409696 2.082823529759795 -2.9366950914777306 4.103303582898536 30.095293425550494 -1.82861847852815 1
Pedestrian 1227 0 -2.9815253289320633 575.7542 739.1119 660.0352 937.4123 1.729361506210786 0.6765480198605334 0.6589957105917468 -3.1618124423095106 2.8118371848207815 13.814282943677345 -3.2065296843911923 1
Pedestrian 881 1 -2.60319456783083 1675.3745 703.84216 1872.7775 1020.3316 1.6809750371913004 0.681001700903633 0.768564541644247 4.717488046948365 2.1667999713417254 8.698692296759246 -2.106265648923323 1
rider 167 0 -1.7373802349398924 791.99036 733.87445 840.575 825.50885 1.7176770836104824 0.8172793301789639 0.9901013567622003 -2.915270734621157 3.9469265965970664 30.006730471453643 -1.834230174631493 1
Cyclist 185 0 -1.6954820069527698 890.51953 717.8176 984.22687 859.1875 1.678316452617704 1.0237764359986181 1.9856577022394382 -0.35128472787689774 2.99881038505099 20.196530455345908 -1.7128735738182002 1
bicycle_rack 175 1 2.019818341626131 413.81107 749.4344 591.6255 853.28253 1.1973227379556777 1.444334835741865 2.8603871491199877 -6.798019053738749 3.1915578479854956 22.422587302131205 -4.557736141766513 1
