Cyclist 168 1 1.482301183782525 591.67584 757.5799 644.4143 867.2853 1.5155054193856312 0.665175791970435 1.8054192092008294 -5.509107353218262 3.725345016375547 23.94557185092756 1.256168311236801 1
bicycle 184 0 2.316583629494826 198.17548 794.93585 379.4802 951.2902 1.1584528986113063 0.3765821837920181 1.8864148170871773 -6.293468771247878 2.8710925385105464 14.108537496000089 -4.386186952775969 1
Cyclist 162 1 -2.2437915953114658 603.8183 767.1386 706.68274 876.26953 1.8457012608019623 0.8245904955409696 2.082823529759795 -5.9138973569336155 4.682524944542455 28.841081429475885 -2.446039293540524 1
bicycle 163 1 -1.9641765171157337 1043.0481 727.91156 1138.5397 851.93134 1.2432495054898953 0.49431865981076334 1.6785738343865795 1.4768776003992246 2.496550283992817 17.31934029367662 -1.8791089921041806 1
bicycle 1701 2 -2.552360642032759 0.0 822.0986 44.3757 980.6681 1.257832455627407 0.5139758014382781 1.6310158793056357 -8.82405115302056 2.9810901887244796 12.799509152759553 -3.155940712625407 1
bicycle 840 1 -2.637663616886263 0.0 814.36633 122.34818 965.4328 1.257832455627407 0.5139758014382781 1.744802664554849 -8.62767199628634 3.0134156114918857 13.545021715341392 -3.2048190266678 1
bicycle 839 2 -2.60905789464765 0.0 830.4134 62.421577 967.81085 1.1722711260951162 0.555352814256142 1.8275566901906464 -9.56937494357276 3.1558004624880804 14.097977099863403 -3.2053974086972583 1
Pedestrian 165 0 -1.9849888467706445 971.4894 732.6267 1027.3983 839.2334 1.3819468766040066 0.6219320139436164 0.48103022204379037 0.5191119560485769 2.8770814786534533 20.41432488162814 -1.9595655172060384 1
Pedestrian 166 1 -2.027519839027878 1008.2886 713.57227 1079.2426 838.862 1.6456560447416453 0.7162649240966987 0.7818537954834784 1.1449219939884707 2.911638067001469 20.8501077775987 -1.972662890073517 1
bicycle 169 0 -2.8497951582335266 1154.733 739.85754 1360.5076 885.4562 1.2698303054983857 0.6481748618279563 1.9099563046762298 2.9482521376481414 2.4741729199468865 14.933474563218718 -2.6548760775996083 1
bicycle 170 0 -3.1399827516149084 1325.9875 789.342 1487.6794 901.7152 0.9723615483833729 0.3888162492201843 1.483809006862832 4.310622158883711 2.6113294979866963 14.505997236694395 -2.8511322258653795 1
bicycle 171 0 -2.3019762636760026 1073.1022 781.26166 1185.1459 856.9011 0.6528177192593315 0.3302317877975606 1.4658786677784366 1.8289021055422459 2.446417622283916 16.461526277008996 -2.1913284257690098 1
bicycle 172 0 -1.946159358874969 1540.0967 785.1736 1681.0696 934.8844 1.109410523477321 0.5870575887990299 1.779701292814588 5.994961118123433 2.695998891187335 13.90493786860671 -1.5391004287716101 1
bicycle 173 1 2.5099362277909147 105.47137 808.0505 320.72714 956.7853 1.0574884786204048 0.43755248386248696 1.8925219804476388 -6.8960201741550655 2.873893438343387 13.89030908953817 -4.234062835892859 1
bicycle 174 1 2.610217236815696 576.4571 809.1846 649.7628 865.1714 1.324112658709453 0.6098286561509388 1.9791239174442443 -9.81655032095619 6.637400305582174 42.21368778891959 -3.9014515317038168 1
bicycle_rack 164 2 -2.1025699149893575 1793.6807 758.19 1935.0 966.7185 1.3949171508112037 3.948226364319396 2.2900086086695732 9.885708096992646 2.684794920680538 13.108741762351782 -1.4564302256130028 1
bicycle_rack 176 1 1.9889174403490255 408.71103 746.07245 591.2218 858.79364 1.1973227379556777 1.444334835741865 2.5005940580079598 -6.120952024566272 2.931348060564243 20.071080735826285 -4.590272315072495 1
bicycle_rack 177 1 -1.9828372125407672 1680.4098 782.6888 1866.869 942.9604 1.1276578239205794 0.7658547886680843 1.9135542787587008 7.242911634158139 2.650361381277885 13.44635400727837 -1.4887478491585824 1
moped_scooter 178 1 -1.8404705255669247 816.6172 731.3916 908.7981 858.7881 1.7830556059977891 0.910191769885523 2.2899202878572535 -1.6249817906871258 3.5954713439134847 24.219888221040648 -1.907462993923485 1
Pedestrian 179 1 -2.823415922628242 1785.0087 681.27295 1935.0 1145.4478 1.7072018371316469 0.6885348713951671 0.8041650921790479 3.9652934509138213 1.959292645799242 6.15788792246406 -2.2513145505443295 1
Pedestrian 180 1 -1.3657415819703276 830.73535 801.8011 852.73627 861.29425 1.7799435577134672 0.5849810112949221 0.569140589825668 -3.751625853164776 7.37246470926066 46.9575162463986 -1.4454662842646053 1
Pedestrian 1702 2 0.7673303046144145 826.4553 801.5398 850.22955 859.62854 1.777116556444505 0.5867894717332844 0.5012886005430613 -3.984852068600053 7.549488752765058 48.48317210293404 0.685324215070493 1
rider 181 0 1.490533013853052 594.5942 760.9941 640.28357 855.52527 1.4169383149902561 0.665175791970435 0.6336305973840615 -5.515741480560187 3.6356101714811793 23.976743779151246 1.264421433321286 1
rider 182 1 -1.6810446757435775 864.9175 703.3521 956.84247 837.6725 1.4982537804801916 1.0036553139409685 0.8257432276488589 -0.607561333546209 2.4533004388460125 17.72349731040677 -1.7153112488236841 1
rider 183 0 -1.8403605895256578 826.2265 733.11163 896.1761 845.69495 1.69349458757481 0.9113497920292088 0.9494850446454557 -1.6293086991106183 3.4912003351348817 24.244474279908037 -1.907462993923485 1
Pedestrian 1227 0 -2.7578948649456576 67.83324 745.3681 222.79745 1069.6472 1.729361506210786 0.6237660943485868 0.5886198099092333 -4.660224991960759 2.4477106472639405 8.573766968155978 -3.2557684316248174 1
rider 167 0 -2.236782058450384 622.7299 768.49506 689.1418 866.0318 1.7176770836104824 0.8172793301789639 0.9901013567622003 -5.886213640153423 4.546532194859838 28.828390345476485 -2.438194694774045 1
Cyclist 185 0 -1.6793044349638468 860.2687 699.38904 964.55505 859.2916 1.678316452617704 1.0237764359986181 1.9856577022394382 -0.6111811268075626 2.614347209004803 17.73543226767501 -1.7137518254376414 1
bicycle_rack 175 0 2.097180268661914 285.96893 755.23804 535.14105 894.76044 1.1973227379556777 1.444334835741865 2.8603871491199877 -6.241897546141032 2.833717150577569 17.239110926049367 -4.533398719056047 1
