bicycle 163 1 -1.9662238965531034 1039.2318 723.7468 1138.0132 851.4763 1.2432495054898953 0.49431865981076334 1.6785738343865795 1.4054456917546594 2.4105232120775675 16.784496570763505 -1.8826840256577455 1
bicycle 840 2 -2.6184783292331573 0.0 814.6257 79.8881 972.6525 1.257832455627407 0.5139758014382781 1.744802664554849 -8.684968906116728 2.94370313103313 12.973552813623503 -3.208396012145501 1
bicycle_rack 164 2 -2.1223162694974955 1817.5897 754.0109 1935.0 970.572 1.3949171508112037 3.948226364319396 2.2900086086695732 9.830362810121088 2.600390933918917 12.606093506022155 -1.4600078680839124 1
Pedestrian 165 0 -2.0528708464090246 957.86035 731.1201 1019.665 841.05786 1.3819468766040066 0.6219320139436164 0.5923850461413351 0.3647389241639324 2.8300662026992622 19.983209341045377 -2.0346206033003016 1
Pedestrian 166 1 -2.1135604158477057 991.39014 712.8177 1059.2257 839.95166 1.6456560447416453 0.6739021275940027 0.6771045855358893 0.8726234433010641 2.874967080524958 20.45080536781412 -2.070916890720256 1
Cyclist 168 0 1.5143148953783612 583.3048 755.2046 634.82837 870.0579 1.5155054193856312 0.665175791970435 1.8054192092008294 -5.399830889643528 3.5920663220806377 22.871337644502834 1.2824645660924059 1
bicycle 169 0 -2.8560927347021465 1154.4548 737.8016 1369.3995 889.8995 1.2698303054983857 0.6481748618279563 1.9099563046762298 2.8638093510399045 2.4046744234697566 14.300706345791777 -2.658450555721212 1
bicycle 170 0 3.132536361925781 1334.4514 787.4575 1502.9872 904.21747 0.9723615483833729 0.3888162492201843 1.483809006862832 4.254593439003498 2.5323176648741885 13.95425688500208 -2.8547067228392793 1
bicycle 171 0 -2.3026717720246026 1066.3862 782.15137 1183.4414 861.3626 0.6528177192593315 0.3302317877975606 1.4658786677784366 1.705119037709086 2.382825629984162 15.760784453247556 -2.1949034792020368 1
bicycle 172 0 -1.9595532622288485 1553.796 779.0015 1703.2548 933.99774 1.109410523477321 0.5870575887990299 1.779701292814588 5.928189047130001 2.581429241403942 13.386990924124714 -1.5426761447311705 1
bicycle 173 1 2.52766552707061 57.852074 808.44226 286.7658 964.302 1.0574884786204048 0.43755248386248696 1.8925219804476388 -6.963052206706075 2.806162753827425 13.305948273145368 -4.237636088286369 1
bicycle 174 2 2.6131369488868255 565.605 810.3321 640.0695 867.1642 1.324112658709453 0.6098286561509388 1.9791239174442443 -9.97100127279396 6.600731214849888 41.649341560992994 -3.9050293209438114 1
bicycle_rack 175 0 2.1080348990353412 254.7725 758.5467 515.6858 903.9011 1.1973227379556777 1.444334835741865 2.8603871491199877 -6.310974100529935 2.824635248016076 16.67433156043315 -4.53697237547057 1
bicycle_rack 176 1 1.998535798131365 382.98746 747.1038 572.87244 863.4142 1.1973227379556777 1.444334835741865 2.5005940580079598 -6.232328758306974 2.900092131843949 19.510009772777483 -4.593846771459438 1
bicycle_rack 177 1 -1.9983534820818907 1698.7036 782.57764 1896.2782 949.133 1.1276578239205794 0.7658547886680843 1.9135542787587008 7.188391500966697 2.5991299305038926 12.971738241759814 -1.4923236148034456 1
moped_scooter 178 1 -1.8552666711120631 799.47003 742.65186 893.35095 871.0401 1.7830556059977891 0.910191769885523 2.2899202878572535 -1.8919355949715064 3.790400605631837 24.260809722428053 -1.9330923643674345 1
Pedestrian 179 1 -2.8201669564539245 1787.4617 679.0586 1935.0 1150.369 1.7072018371316469 0.6885348713951671 0.6478483246131248 3.8010419246451814 1.9412373406291972 5.993269228488001 -2.254966090205055 1
Pedestrian 180 2 -1.3635631000819246 821.942 801.89795 844.1959 861.9602 1.7799435577134672 0.5849810112949221 0.569140589825668 -3.9854034710605526 7.322499283900791 46.51039096696687 -1.4490427498379403 1
Pedestrian 1702 2 0.768835409616736 818.62006 801.62506 842.7536 860.5657 1.777116556444505 0.5867894717332844 0.5012886005430613 -4.172403229038173 7.470221950171704 47.78887834250186 0.6817471644729283 1
rider 181 0 1.5070409816149062 585.03424 758.6137 632.3057 857.5827 1.4169383149902561 0.665175791970435 0.6336305973840615 -5.400562747258162 3.4995215579296914 22.891210720826034 1.27535452110653 1
rider 182 1 -1.6079047154666628 853.52454 698.27484 942.28796 834.084 1.4982537804801916 1.0036553139409685 0.8257432276488589 -0.7499033891945214 2.376050874372145 17.437892432823524 -1.6508824791303167 1
rider 183 0 -1.8672722722923174 813.6133 744.2668 885.11847 858.2435 1.69349458757481 0.9113497920292088 0.9494850446454557 -1.8100989590683025 3.665778715597567 24.100855252364155 -1.9422367061994235 1
bicycle 184 0 2.331777435698468 157.77261 796.7406 350.79034 960.7489 1.1584528986113063 0.3765821837920181 1.8864148170871773 -6.336348471396483 2.821344177357058 13.516976135857414 -4.389760559528783 1
Pedestrian 1227 1 -2.8873749482421416 0.0 748.78687 128.28215 1105.546 1.729361506210786 0.7909088584696139 0.8173414871274778 -5.059300772850564 2.441468091102559 8.095990266032057 -3.445912694910973 1
Cyclist 185 0 -1.6133074707024335 852.78705 696.25195 948.37274 858.7001 1.678316452617704 1.0237764359986181 1.9856577022394382 -0.7359934964929122 2.5573520525234663 17.390071204071578 -1.6556048552951972 1
Cyclist 162 2 -2.4743330098415663 559.37036 780.43414 674.13385 888.5331 1.8457012608019623 0.8245904955409696 2.082823529759795 -6.615151837523706 4.9159530648400445 28.70267557401642 -2.700849266506488 1
rider 167 2 -2.492872806070229 585.68524 781.0702 654.2725 878.8485 1.7176770836104824 0.8172793301789639 0.9901013567622003 -6.5432819434076865 4.773797746889848 28.68806211511752 -2.7171204988220587 1
