bicycle 839 2 -2.5717697800673824 0.0 840.0137 0.0 990.5107 1.1722711260951162 0.555352814256142 1.8275566901906464 -9.69395810927799 3.0873975353973697 12.971014802146637 -3.2135762028121153 1
bicycle 163 1 -1.9682507952575454 1033.8582 729.3119 1135.9026 861.79736 1.2432495054898953 0.49431865981076334 1.6785738343865795 1.321577222785465 2.441463042511117 16.286555466179454 -1.8872829095356844 1
bicycle_rack 164 2 -2.141627319287445 1839.0366 757.32477 1935.0 983.6088 1.3949171508112037 3.948226364319396 2.2900086086695732 9.76067021832723 2.589666600556633 12.144065830324225 -1.4646101087549102 1
Pedestrian 165 0 -2.0660192719192856 948.78064 733.6366 1012.2168 846.2775 1.3819468766040066 0.6219320139436164 0.5923850461413351 0.2486974893796949 2.8322747133666457 19.539143605692143 -2.0532917918658335 1
Pedestrian 166 1 -2.1457475339364436 984.1404 718.35614 1057.3557 849.31226 1.6456560447416453 0.724017921018012 0.6771045855358893 0.7907291548330656 2.92204684029912 19.947838386490194 -2.106128434990263 1
rider 167 0 -2.3225263235528297 534.49243 783.0164 603.77954 882.3573 1.7176770836104824 0.8172793301789639 0.9901013567622003 -7.447291834500506 4.785865935523541 28.408517869697878 -2.578907151286671 1
Cyclist 168 0 1.5951480175737738 570.5838 753.37555 620.86127 874.14856 1.5155054193856312 0.665175791970435 1.8054192092008294 -5.299498707019008 3.4656073070329634 21.745831798326332 1.3561057844317186 1
bicycle 169 0 -2.8612544614119395 1151.2898 743.1936 1374.4266 901.939 1.2698303054983857 0.6481748618279563 1.9099563046762298 2.7664292969958653 2.416961878850019 13.77410887318919 -2.663048738930604 1
bicycle 170 0 3.1252349191361777 1335.6516 792.4796 1511.1548 914.2454 0.9723615483833729 0.3888162492201843 1.483809006862832 4.130835114058474 2.5201021018540115 13.418219379593522 -2.8593049391970844 1
bicycle 171 0 -2.303690058459388 1059.1984 789.0515 1180.0184 871.5131 0.6528177192593315 0.3302317877975606 1.4658786677784366 1.5973226431117673 2.4053382635831966 15.275692559542914 -2.1995023912258373 1
Cyclist 162 1 -2.310215038300947 508.61343 782.13245 618.07996 892.7131 1.8457012608019623 0.8245904955409696 2.082823529759795 -7.580210275039026 4.9334797102348835 28.45792679080597 -2.5705362491245483 1
bicycle 172 0 -1.9749403220788 1568.6735 788.58685 1728.289 952.261 1.109410523477321 0.5870575887990299 1.779701292814588 5.846168535244947 2.611475396476364 12.826249063608547 -1.5472759046952365 1
bicycle 173 1 2.5457699169222225 5.154954 820.66003 250.27698 986.93 1.0574884786204048 0.43755248386248696 1.8925219804476388 -7.00322766995591 2.8399579011415117 12.67382726462221 -4.24223266730904 1
bicycle 840 2 -2.59779887234403 0.0 825.0018 30.86906 990.9619 1.257832455627407 0.5139758014382781 1.744802664554849 -8.777850124294973 2.962513097653873 12.421162357769077 -3.2129973915254775 1
bicycle 174 2 2.6148995129695636 554.86707 810.57446 630.6131 868.3264 1.324112658709453 0.6098286561509388 1.9791239174442443 -10.098075114337368 6.530410777134822 41.025114210656994 -3.909631757551463 1
bicycle_rack 176 1 2.0053813054761314 360.11957 750.573 557.08997 870.87964 1.1973227379556777 1.444334835741865 2.5005940580079598 -6.301422581427757 2.903198955355349 18.97442488179867 -4.598444908892638 1
bicycle_rack 177 1 -2.016237338425997 1718.9087 790.02216 1930.086 965.52057 1.1276578239205794 0.7658547886680843 1.9135542787587008 7.111475173673529 2.609757693598712 12.440235588254126 -1.496923438551303 1
moped_scooter 178 1 -1.8450149355128471 777.4767 747.86115 870.6366 877.3931 1.7830556059977891 0.910191769885523 2.2899202878572535 -2.2446973760056266 3.870656228360497 24.1567994692966 -1.9376708370858704 1
Pedestrian 179 1 -2.840556457143233 1783.6924 682.0312 1935.0 1185.6888 1.7072018371316469 0.8148931569989576 0.8389021516381336 3.7977286066840237 1.950452064815867 5.784074159280053 -2.2595669158230245 1
Pedestrian 180 2 -1.3652848272160722 817.39557 801.89233 840.06085 863.1138 1.7799435577134672 0.5849810112949221 0.569140589825668 -4.042128850766725 7.217715050961532 45.62772490102664 -1.4536434748584526 1
rider 181 0 1.6024148775089446 572.7592 756.94104 621.1359 860.5447 1.4169383149902561 0.665175791970435 0.6336305973840615 -5.303772152381446 3.3748577370345476 21.795871429482144 1.363715730062823 1
rider 182 1 -1.6003374513584767 837.0848 703.927 926.6403 842.05786 1.4982537804801916 1.0036553139409685 0.8257432276488589 -0.9239981352776184 2.430774164390729 17.192499521841615 -1.654030053378235 1
rider 183 0 -1.8560058808045379 790.8751 750.12634 862.3952 865.0488 1.69349458757481 0.9113497920292088 0.9494850446454557 -2.164820126906646 3.751925485428484 23.972533345447648 -1.9460657893765467 1
bicycle 184 0 2.3477089120830468 112.43541 801.3774 319.01578 974.60205 1.1584528986113063 0.3765821837920181 1.8864148170871773 -6.373973739274065 2.7936222251681797 12.901315367827745 -4.3943575991163 1
Cyclist 185 0 -1.604437863540308 835.9599 700.92914 930.9371 865.5091 1.678316452617704 1.0237764359986181 1.9856577022394382 -0.9271018487615077 2.6073421239461276 17.238965759244405 -1.6581655414642935 1
bicycle_rack 175 0 2.119065001369467 220.90639 762.0078 494.08255 913.3343 1.1973227379556777 1.444334835741865 2.8603871491199877 -6.399229682890274 2.817683194659578 16.14100412842117 -4.54156948171701 1
