bicycle 163 1 -1.9700681960463815 1020.2274 719.4397 1126.8942 856.8433 1.2432495054898953 0.49431865981076334 1.6785738343865795 1.1464457287004293 2.2852940604755703 15.608554607100057 -1.8967500214709556 1
bicycle_rack 164 2 -2.1688878467154584 1863.6963 747.0581 1935.0 982.93146 1.3949171508112037 3.948226364319396 2.2900086086695732 9.628099304715091 2.447262560309711 11.55218199397461 -1.4740841331106223 1
Pedestrian 165 0 -1.8213361796679302 937.92664 728.883 995.46265 843.3644 1.3819468766040066 0.6219320139436164 0.5128303658662525 0.06544902812015116 2.723382379701989 18.96689240616468 -1.8178854948142242 1
Pedestrian 166 1 -1.8361878001151155 978.95776 711.4262 1051.648 845.9591 1.6456560447416453 0.7741337144420458 0.7260826391926448 0.6909488639937008 2.788100775937002 19.3028101633055 -1.8004078291878058 1
Cyclist 168 0 1.5768037601042484 547.9684 740.56836 600.6695 868.69934 1.5155054193856312 0.665175791970435 1.8054192092008294 -5.263891063156337 3.165235443348613 20.37188682183254 1.3239443829474808 1
bicycle 169 0 -2.872198843197173 1147.8755 734.32935 1382.5358 900.55444 1.2698303054983857 0.6481748618279563 1.9099563046762298 2.6499961728451487 2.280755222008835 13.094065048450297 -2.67251445763024 1
bicycle 170 0 3.1059857108643927 1347.3324 789.2461 1532.7969 917.2496 0.9723615483833729 0.3888162492201843 1.483809006862832 4.059344233344067 2.415165634057048 12.741353524125657 -2.8687707576710997 1
bicycle 171 0 -2.309311229834006 1050.1108 783.61145 1177.8824 870.094 0.6528177192593315 0.3302317877975606 1.4658786677784366 1.4596012725847207 2.264364255556691 14.497461443089515 -2.2089695702358303 1
bicycle 172 0 -1.9955447825435255 1582.7478 782.5411 1756.2659 955.11835 1.109410523477321 0.5870575887990299 1.779701292814588 5.697758009767898 2.4834409665605284 12.140574455476765 -1.5567448138277622 1
bicycle 173 1 2.571442421109487 0.0 821.29736 190.8546 999.28827 1.0574884786204048 0.43755248386248696 1.8925219804476388 -7.141445509189789 2.7463921560886337 11.915028894067241 -4.251694986636026 1
bicycle 174 1 2.62197318060544 527.43097 810.1843 605.2763 869.2535 1.324112658709453 0.6098286561509388 1.9791239174442443 -10.590977139183034 6.411951756986538 40.15264541513099 -3.919106210585829 1
bicycle_rack 176 1 2.0170244863651368 318.46954 745.68134 526.822 870.4595 1.1973227379556777 1.444334835741865 2.5005940580079598 -6.481658607065611 2.7755789788103344 18.221919741304905 -4.607910470177597 1
bicycle_rack 177 1 -2.0472526337995722 1752.0789 783.863 1935.0 970.5884 1.1276578239205794 0.7658547886680843 1.9135542787587008 7.014058382192853 2.473178156597445 11.678429592127722 -1.5063924785205949 1
bicycle_rack 888 2 -3.0333435316131756 626.13696 828.85144 691.788 876.75574 0.9687721871368881 3.9915887408282926 1.7225056675422001 -10.041000934535223 8.05526709584901 49.89513850382315 -3.2319331033683185 1
moped_scooter 178 1 -1.837400123593681 738.8702 748.7154 831.47656 878.5321 1.7830556059977891 0.910191769885523 2.2899202878572535 -2.868156977506826 3.8823529302706037 24.1228674800228 -1.9557423998674475 1
Pedestrian 179 1 -2.8506625077643495 1830.3247 669.34894 1935.0 1182.8452 1.7306372103010423 0.6885348713951671 0.5290629298164832 3.6408824466328262 1.9078427362943131 5.5375251381536525 -2.269038020031587 1
Pedestrian 180 2 -1.3633207718283453 799.92804 801.6116 823.01636 863.81104 1.7799435577134672 0.5849810112949221 0.569140589825668 -4.495261706575066 7.122328814842623 44.89595836973818 -1.463114373245055 1
rider 181 0 1.579126389001368 548.8364 744.4451 599.92096 854.853 1.4169383149902561 0.665175791970435 0.6336305973840615 -5.278813395598197 3.0803777572279745 20.420405836359734 1.326157506588411 1
rider 182 1 -1.6354327933591675 806.8144 697.0021 900.78394 838.15485 1.4982537804801916 1.0036553139409685 0.8257432276488589 -1.2208451995522396 2.333194448637007 16.838968634160132 -1.707807346377679 1
rider 167 0 -2.4316196248470296 472.75482 781.537 544.0051 881.209 1.7176770836104824 0.8172793301789639 0.9901013567622003 -8.520710321317026 4.7262569491780155 28.14938164358375 -2.7255481406618403 1
rider 183 0 -1.8409554627831892 753.9678 751.348 825.14325 866.5411 1.69349458757481 0.9113497920292088 0.9494850446454557 -2.7550878434591777 3.7692924887666432 23.93807632034042 -1.955543566635006 1
bicycle 184 0 2.3731611095159497 34.13691 797.7364 262.22153 982.7181 1.1584528986113063 0.3765821837920181 1.8864148170871773 -6.518729480234074 2.6682641087473793 12.107497651012478 -4.403921236301128 1
Cyclist 162 1 -2.4257504016119587 448.0898 781.0421 565.4593 891.1816 1.8457012608019623 0.8245904955409696 2.082823529759795 -8.552809649096703 4.867128066611585 28.135624400011228 -2.720859198437253 1
Cyclist 185 0 -1.6389540708486443 805.37524 694.05 908.6272 862.23737 1.678316452617704 1.0237764359986181 1.9856577022394382 -1.2059641181004639 2.5060073697891285 16.844552226606606 -1.71042584174082 1
bicycle_rack 175 0 2.135660843150716 164.09593 757.271 456.86526 915.6238 1.1973227379556777 1.444334835741865 2.8603871491199877 -6.570142346686971 2.694748921813538 15.389093626642133 -4.55103291284792 1
