bicycle 163 1 -1.9818532098324084 1032.4061 703.9706 1160.3091 865.6366 1.2432495054898953 0.49431865981076334 1.6785738343865795 1.164399872949046 1.9890400334372618 13.230144047485437 -1.8940682771494983 1
Pedestrian 165 0 -1.1495984912211243 964.2267 730.00885 1031.5682 849.8791 1.3819468766040066 0.6219320139436164 0.6378448634413747 0.4541480077011874 2.7050639453284626 18.40247794048531 -1.1249248659892628 1
Pedestrian 166 1 -1.2027869402384983 1011.6573 708.4019 1086.1669 847.8968 1.5932454574491997 0.7313698566288679 0.5923850461413351 1.0581354316609695 2.6221713129367368 18.005555853547726 -1.144087289979525 1
Cyclist 168 0 1.603333662084921 501.55548 692.2476 574.74457 857.8678 1.5155054193856312 0.665175791970435 1.8054192092008294 -4.338907091819484 2.2529468663136947 15.4179649793612 1.3290096779013845 1
bicycle 169 0 -2.924446508896425 1207.712 715.75116 1497.1898 919.1683 1.2698303054983857 0.6481748618279563 1.9099563046762298 2.7857670458558372 1.9640255637332054 10.703704597312784 -2.669833101243607 1
bicycle 170 0 3.033982242154723 1449.1227 788.00146 1687.9053 948.19763 0.9723615483833729 0.3888162492201843 1.483809006862832 4.134273824367588 2.133585678474816 10.25804005144226 -2.8660893687104947 1
bicycle 171 0 -2.3377366872974137 1083.7024 774.3367 1240.6685 878.0716 0.6528177192593315 0.3302317877975606 1.4658786677784366 1.597234104745899 1.9287902640323293 12.08092481627516 -2.206287805664223 1
bicycle 173 2 2.6725403296950776 0.0 789.60254 21.968771 1009.2799 1.0574884786204048 0.43755248386248696 1.8925219804476388 -7.093002505276821 2.214302746092815 9.55913853547781 -4.2490146064402605 1
bicycle 172 1 -2.0890283349514833 1733.3569 789.3146 1935.0 1011.0981 1.109410523477321 0.5870575887990299 1.779701292814588 5.7493437800147875 2.274429236437198 9.701780935558967 -1.5540625612804124 1
bicycle 174 1 2.6355294789785964 507.38602 800.47766 590.3252 862.6353 1.324112658709453 0.6098286561509388 1.9791239174442443 -10.441400105326032 5.881880511314166 37.90935920808947 -3.91642238300779 1
bicycle_rack 175 0 2.2022004443566985 0.0 730.5871 376.40546 918.3323 1.1973227379556777 1.444334835741865 2.8603871491199877 -6.452881434409938 2.209130679442164 12.787552949962201 -4.548323287011884 1
bicycle_rack 176 1 2.0600383087130707 226.02065 721.9713 476.28598 862.71466 1.1973227379556777 1.444334835741865 2.5005940580079598 -6.374586189444025 2.3128071394775866 15.863924802844835 -4.605229167021035 1
bicycle_rack 888 2 -3.0736334015459947 632.3376 829.13696 696.1232 879.67426 0.9687721871368881 3.9915887408282926 1.7225056675422001 -9.418231949625762 7.760511842058474 47.640703202250464 -3.268809679137995 1
moped_scooter 178 1 -2.065748468946377 556.23303 761.2691 672.1127 886.1753 1.7830556059977891 0.910191769885523 2.2899202878572535 -5.83307760048099 4.1720778363734246 25.038751904920698 -2.2946282085538003 1
moped_scooter 890 1 -0.34984137706603774 406.02756 793.58496 493.7086 858.01965 1.3502693096531393 0.4536637226145302 1.9789048228218933 -12.405355739259702 5.536540520262232 36.314364330317716 -0.6790224862126728 1
Pedestrian 179 1 -2.735277775748525 1689.3795 656.4515 1935.0 1205.2406 1.7150136281881123 0.6364292822065338 0.8430857952408533 3.142453169417664 1.8371935542382976 5.262250522773883 -2.196942453037173 1
Pedestrian 180 1 -1.3579890828329033 795.23175 798.4655 819.69366 864.1124 1.7799435577134672 0.5849810112949221 0.569140589825668 -4.372080893295069 6.752582238483566 42.52899994830015 -1.4604315568513881 1
Pedestrian 974 2 0.8617281729169147 788.30585 799.1509 814.8857 863.3917 1.7818542768469585 0.5919480223824887 0.5035495279033336 -4.6948212814438905 6.950940820810323 43.97340033570745 0.755366057069228 1
rider 181 0 1.7763268120696087 500.87848 694.7365 579.6239 838.53406 1.4169383149902561 0.665175791970435 0.6336305973840615 -4.327731533398183 2.1521402793237403 15.403795870197232 1.502435280759563 1
rider 182 1 -1.5493476678661648 774.44727 687.13635 867.9771 829.9575 1.4982537804801916 1.0036553139409685 0.8257432276488589 -1.537479105756069 2.204674270842884 16.525782950787118 -1.6421158047866915 1
rider 183 0 -2.0838427644756017 579.99817 762.5035 657.67426 874.49805 1.69349458757481 0.9113497920292088 0.9494850446454557 -5.699983733267235 4.044088892458089 24.887604376936252 -2.3089887647850835 1
bicycle 184 1 2.5445199794024127 0.0 765.58386 114.41066 993.12915 1.1584528986113063 0.3765821837920181 1.8864148170871773 -6.491939792641167 2.162396300451858 9.726764858305408 -4.327196571092513 1
Cyclist 185 0 -1.5485134846521553 770.8763 684.90094 869.6362 854.43604 1.678316452617704 1.0237764359986181 1.9856577022394382 -1.5363843637735393 2.3838485901192374 16.55723830867099 -1.641040833894689 1
