bicycle 184 1 2.5321243598790657 0.0 768.5605 124.85845 990.6751 1.1584528986113063 0.3765821837920181 1.8864148170871773 -6.551146943725989 2.2069931139569077 9.96894954972585 -4.332449744948852 1
Pedestrian 165 0 -1.1600945382669896 926.2186 724.8703 1009.5433 846.5666 1.3819468766040066 0.81513623746884 0.671939726416458 0.0845377968822068 2.6321421433993146 18.229220451752774 -1.155457083194125 1
Cyclist 168 0 1.580372477412085 503.3114 694.0853 571.0965 852.275 1.5155054193856312 0.665175791970435 1.8054192092008294 -4.560622166678653 2.3058319457400662 16.123814998640043 1.304722867658235 1
bicycle 169 0 -2.9177521633781898 1192.597 715.2254 1473.918 912.792 1.2698303054983857 0.6481748618279563 1.9099563046762298 2.7200779803853425 1.9769757215784507 10.988324989748534 -2.67508772905046 1
bicycle 170 0 3.0434729706548604 1427.4493 787.2652 1657.9835 942.6853 0.9723615483833729 0.3888162492201843 1.483809006862832 4.070961319709835 2.159326876832162 10.546883111557522 -2.871344063557663 1
bicycle 171 0 -2.334248403471323 1072.0881 774.3374 1225.3934 875.83215 0.6528177192593315 0.3302317877975606 1.4658786677784366 1.5201131625043105 1.953137220897229 12.326100174111557 -2.211543229307903 1
bicycle 163 1 -1.9757587057973816 1016.89923 702.72614 1141.2946 860.8904 1.2432495054898953 0.49431865981076334 1.6785738343865795 1.0330899524683355 1.9907963600439968 13.489588194749782 -1.8993236601787915 1
bicycle 173 2 2.659127096844772 0.0 789.53033 35.25041 1003.24536 1.0574884786204048 0.43755248386248696 1.8925219804476388 -7.149808490432051 2.2406444712216294 9.801844041631233 -4.25426731137415 1
bicycle 172 1 -2.0827393870456716 1714.207 783.32635 1935.0 997.6601 1.109410523477321 0.5870575887990299 1.779701292814588 5.744720581336375 2.2585881751975125 9.95424697051797 -1.5593189396257416 1
bicycle 174 1 2.631723071900167 505.3728 797.2321 587.6661 858.78925 1.324112658709453 0.6098286561509388 1.9791239174442443 -10.578812728332897 5.830432194852391 38.19140587431155 -3.921681851339994 1
bicycle_rack 175 0 2.186625722911449 28.622492 727.8473 387.8872 907.22675 1.1973227379556777 1.444334835741865 2.8603871491199877 -6.521150828224959 2.2152807221652813 13.260436614034028 -4.553605545975714 1
bicycle_rack 176 1 2.0569672665717933 224.49986 719.763 470.71637 857.7388 1.1973227379556777 1.444334835741865 2.5005940580079598 -6.512754677695136 2.3025938223251883 16.106035492389456 -4.610483684087571 1
bicycle_rack 177 2 -2.1464766169221825 1919.8977 788.71124 1935.0 1023.23944 1.1276578239205794 0.7658547886680843 1.9135542787587008 7.063288312496855 2.279463258571467 9.536213202864463 -1.5089666397773969 1
bicycle_rack 888 2 -3.0637378191224203 607.99286 828.44226 673.1651 878.91516 0.9687721871368881 3.9915887408282926 1.7225056675422001 -10.176859966089376 7.741777589880538 47.66965461805033 -3.274067547475198 1
moped_scooter 178 1 -2.0361386196197127 587.13904 759.7093 701.18835 886.5993 1.7830556059977891 0.910191769885523 2.2899202878572535 -5.2599377833202094 4.115563155602514 24.696031582566732 -2.245990084437848 1
Pedestrian 179 1 -2.7817964176541747 1739.6414 651.487 1935.0 1215.0 1.7228254192445773 0.6364292822065338 1.0386402435279332 3.3377855020569878 1.8242851378707143 5.099013759280615 -2.202198216004045 1
Pedestrian 166 1 -1.1828221451363214 990.70074 706.4238 1069.3047 846.6293 1.5932454574491997 0.7606000496537723 0.6313586368412278 0.8287215030799231 2.5966662993051455 17.959424650478613 -1.1367107536704557 1
Pedestrian 180 1 -1.357819749569761 787.0942 795.506 811.41986 860.68304 1.7799435577134672 0.5849810112949221 0.569140589825668 -4.634379344418379 6.698113418377032 42.79615143880056 -1.4656890404154739 1
Pedestrian 974 1 0.8596826424687191 783.5454 795.8622 809.924 859.5337 1.7818542768469585 0.5919480223824887 0.5035495279033336 -4.876279699891213 6.89344082005347 44.32366275792639 0.7501080288532291 1
rider 181 0 1.7824317650465913 499.7254 696.68933 575.25574 833.9572 1.4169383149902561 0.665175791970435 0.6336305973840615 -4.561586353556636 2.20736546485198 16.127288100451587 1.5067831990803437 1
rider 182 1 -1.5359980299390124 774.16644 682.78784 869.13153 827.0237 1.4982537804801916 1.0036553139409685 0.8257432276488589 -1.5105666105821807 2.147456561113307 16.32924163889022 -1.628242344416194 1
rider 183 0 -2.040475043219451 612.0278 762.40765 689.5051 876.211 1.69349458757481 0.9113497920292088 0.9494850446454557 -5.087747830318089 4.005944019170196 24.49301409347024 -2.245284847156782 1
Cyclist 185 0 -1.5539453873994111 770.8541 679.94244 871.1447 851.4797 1.678316452617704 1.0237764359986181 1.9856577022394382 -1.5115695901032682 2.3169148330103932 16.32041090781986 -1.6463002642023463 1
moped_scooter 890 1 -0.3509305788362966 399.3523 793.1334 486.44446 857.0574 1.3502693096531393 0.4536637226145302 1.9789048228218933 -12.676118179092127 5.5586670726429475 36.607386983476296 -0.684280511077515 1
