bicycle 163 1 -1.9808326629354864 1028.5687 702.5242 1155.2517 862.5971 1.2432495054898953 0.49431865981076334 1.6785738343865795 1.1347381107667207 1.9809512430556784 13.337183823383436 -1.8959562803634962 1
Pedestrian 165 0 -1.0719520404547638 950.6778 734.0387 1018.80725 855.17633 1.3819468766040066 0.6219320139436164 0.5923850461413351 0.28820212929364464 2.7410673810464137 18.211711209012055 -1.05612826249743 1
Cyclist 168 0 1.5888389824832956 500.5365 691.1893 570.58105 854.2445 1.5155054193856312 0.665175791970435 1.8054192092008294 -4.431041673662286 2.2510934219913183 15.635964586394408 1.312691540613367 1
bicycle 169 0 -2.9217815575885036 1201.9756 716.5563 1488.2719 917.8345 1.2698303054983857 0.6481748618279563 1.9099563046762298 2.761713138434821 1.9767948467060468 10.813005802571332 -2.6717208307888125 1
bicycle 170 0 3.037018034907167 1442.0137 788.33276 1677.6895 946.7346 0.9723615483833729 0.3888162492201843 1.483809006862832 4.119224791366633 2.147785743002686 10.367637628168358 -2.867977120833325 1
bicycle 171 0 -2.338585530500766 1082.5342 774.7993 1238.5841 877.88477 0.6528177192593315 0.3302317877975606 1.4658786677784366 1.5943929874995522 1.940273325210219 12.156643120992097 -2.208175823031698 1
bicycle 173 2 2.667611257659506 0.0 789.6771 26.914347 1007.10675 1.0574884786204048 0.43755248386248696 1.8925219804476388 -7.114950986929945 2.2248771717073295 9.649924046823337 -4.250901649817813 1
bicycle 172 1 -2.0858686175156853 1724.6722 782.6865 1935.0 1001.16144 1.109410523477321 0.5870575887990299 1.779701292814588 5.728942646707219 2.235617812537909 9.779582606509766 -1.555950922367574 1
bicycle 174 1 2.6339698511570115 506.98453 800.9458 589.6675 862.9553 1.324112658709453 0.6098286561509388 1.9791239174442443 -10.4847500880808 5.9069040628821465 38.01776258026598 -3.9183118525699894 1
bicycle_rack 175 0 2.1912024763798232 23.470837 729.3498 387.84363 911.41724 1.1973227379556777 1.444334835741865 2.8603871491199877 -6.469338574481511 2.220157838920708 13.11592254633526 -4.550210340531418 1
bicycle_rack 176 1 2.0586234376937487 226.12442 722.3745 474.74225 862.2683 1.1973227379556777 1.444334835741865 2.5005940580079598 -6.420831633197531 2.3234473741084143 15.957199824114898 -4.607116859803019 1
bicycle_rack 888 2 -3.0631906770018094 612.2899 828.5951 677.67285 879.20905 0.9687721871368881 3.9915887408282926 1.7225056675422001 -10.008412987838874 7.728549076302669 47.5372093738582 -3.2706985751919753 1
moped_scooter 178 1 -2.073959767221265 565.75 761.3445 682.5163 886.54016 1.7830556059977891 0.910191769885523 2.2899202878572535 -5.653696437592783 4.168187796959723 24.982422672770454 -2.2965178559515698 1
moped_scooter 890 1 -0.34957987910785965 402.52484 793.18164 490.02478 857.4248 1.3502693096531393 0.4536637226145302 1.9789048228218933 -12.528113949306878 5.538272133985772 36.417524772274746 -0.6809114384169143 1
Pedestrian 179 1 -2.7793331223573654 1762.311 654.78455 1935.0 1215.0 1.7072018371316469 0.6364292822065338 0.8823234759620339 3.3151752000631594 1.8190929546621113 5.0544919835689655 -2.1988305924270293 1
Pedestrian 166 1 -1.137092481901273 1001.8518 707.396 1078.0154 847.53656 1.5932454574491997 0.7313698566288679 0.5923850461413351 0.9461722138306157 2.6070419059402914 17.944174708179457 -1.0844126119866586 1
Pedestrian 180 1 -1.3570553098751186 790.99066 797.1122 815.4014 862.5381 1.7799435577134672 0.5849810112949221 0.569140589825668 -4.506794713629942 6.728325599998685 42.655545643220606 -1.4623203148694668 1
Pedestrian 974 1 0.8606143164987365 787.1662 799.1664 813.6802 863.2423 1.7818542768469585 0.5919480223824887 0.5035495279033336 -4.741408841480819 6.964531017663084 44.086023532504726 0.753477103138275 1
rider 181 0 1.7734480003912494 498.3777 693.4395 575.94366 835.18744 1.4169383149902561 0.665175791970435 0.6336305973840615 -4.420505331877402 2.1483885271186165 15.618345247725006 1.4976291232379357 1
rider 182 1 -1.551784836483951 775.1732 686.3486 869.078 829.7154 1.4982537804801916 1.0036553139409685 0.8257432276488589 -1.5223879159942213 2.1931213519036565 16.461324235350713 -1.644005224023075 1
rider 183 0 -2.0918716259901338 588.7244 762.7377 666.569 874.86646 1.69349458757481 0.9113497920292088 0.9494850446454557 -5.5474968409190675 4.045688429425525 24.861501104171115 -2.31141121530065 1
bicycle 184 1 2.5405441609049384 0.0 768.80164 117.27387 994.9463 1.1584528986113063 0.3765821837920181 1.8864148170871773 -6.517132234590692 2.193286942143664 9.808817044813129 -4.329083782422161 1
Cyclist 185 0 -1.5514045990892005 772.46155 684.474 871.604 854.6347 1.678316452617704 1.0237764359986181 1.9856577022394382 -1.5140750993693508 2.3764386158546276 16.496405800633138 -1.6429302911925934 1
