bicycle 163 1 -1.9837586010290327 1040.8291 702.73346 1170.9393 866.6981 1.2432495054898953 0.49431865981076334 1.6785738343865795 1.230055949655772 1.9676906646564707 13.04399446672743 -1.8897360871169804 1
Cyclist 168 0 1.6940618846756665 491.6785 691.1364 584.28894 862.99927 1.5155054193856312 0.665175791970435 1.8054192092008294 -4.1757993338987935 2.2152866027593396 14.8560909908636 1.420048904840395 1
bicycle 169 0 -2.925018739066313 1213.1337 717.2818 1507.7041 924.6121 1.2698303054983857 0.6481748618279563 1.9099563046762298 2.7962255602524753 1.965284812631836 10.53173932277984 -2.6655015491318093 1
bicycle 170 0 3.0263304642239857 1467.2227 789.6985 1712.1569 953.4291 0.9723615483833729 0.3888162492201843 1.483809006862832 4.195977985086884 2.1243434250266806 10.061675258632452 -2.8617577711766673 1
bicycle 171 0 -2.343729669573184 1097.9617 777.14636 1258.1364 882.9182 0.6528177192593315 0.3302317877975606 1.4658786677784366 1.6989506484560197 1.9348099241462693 11.903109540067454 -2.2019555850066626 1
bicycle 172 1 -2.0975763843764326 1755.6364 791.19037 1935.0 1018.5105 1.109410523477321 0.5870575887990299 1.779701292814588 5.799435119485343 2.2659701806844676 9.504986688686037 -1.5497295487934848 1
bicycle 174 1 2.6368563185875176 512.1932 797.39935 595.19806 859.46716 1.324112658709453 0.6098286561509388 1.9791239174442443 -10.304966662415701 5.795867045467724 37.85857332135603 -3.912086833854323 1
bicycle_rack 175 0 2.1974226817746914 18.56808 727.3889 391.35724 913.0569 1.1973227379556777 1.444334835741865 2.8603871491199877 -6.3457057187104216 2.1839737577425344 12.86516786961064 -4.5439932713158395 1
bicycle_rack 176 1 2.0638457512419857 225.2608 720.76874 478.52414 862.8447 1.1973227379556777 1.444334835741865 2.5005940580079598 -6.303604208914353 2.289349854222775 15.711070237654916 -4.600897686470693 1
bicycle_rack 888 2 -3.062294276997021 620.4127 828.8697 686.14575 879.7225 0.9687721871368881 3.9915887408282926 1.7225056675422001 -9.69818574448055 7.706488916646597 47.312415715959446 -3.264475440455727 1
moped_scooter 178 1 -2.0785710954096888 536.47736 761.59485 652.3784 884.6192 1.7830556059977891 0.910191769885523 2.2899202878572535 -6.245073281141749 4.2075238239458415 25.374999201384124 -2.3198864418682286 1
moped_scooter 890 1 -0.35123827124968715 415.7665 793.8988 503.09067 858.18774 1.3502693096531393 0.4536637226145302 1.9789048228218933 -12.197265556106867 5.552067569248233 36.38558040746347 -0.6746881190429092 1
Pedestrian 179 1 -2.7346994507606857 1687.0897 656.83136 1935.0 1202.2839 1.7228254192445769 0.7406404605837913 0.8823234759620339 3.231212786677578 1.8496586574435594 5.365025861843501 -2.1926099518824027 1
Pedestrian 165 0 -1.1059472845862854 967.2554 731.30536 1041.594 852.5417 1.3819468766040066 0.6446619225936481 0.7514944066915269 0.5347609536948624 2.724123179013536 18.3791782253296 -1.0768594702101613 1
Pedestrian 166 1 -1.1907685389024818 1017.99133 708.19104 1093.1932 848.4768 1.5932454574491997 0.7313698566288679 0.5923850461413351 1.1325411335751399 2.6145859420610034 17.91260994785009 -1.127626672416981 1
Pedestrian 180 2 -1.3610118347100335 806.34894 797.0379 830.7965 862.8093 1.7799435577134672 0.5849810112949221 0.569140589825668 -4.047878917300414 6.701845061237782 42.44242788121444 -1.4560976340901288 1
Pedestrian 974 2 0.8582160268793335 800.1432 796.37384 826.7658 860.7225 1.7818542768469585 0.5919480223824887 0.5035495279033336 -4.335549828118105 6.856272371763098 43.86630066159776 0.7597004304119648 1
rider 181 0 1.762235619555488 500.74527 693.4551 581.578 842.5421 1.4169383149902561 0.665175791970435 0.6336305973840615 -4.168456068140092 2.1144359991739483 14.871447400015766 1.4889494114601511 1
rider 182 1 -1.6337941088014591 774.6712 690.07745 869.3419 831.9686 1.4982537804801916 1.0036553139409685 0.8257432276488589 -1.56781285119751 2.248348639305191 16.723491222496424 -1.7272700333799782 1
rider 183 0 -2.078010981564813 564.69977 763.1554 641.4753 873.78906 1.69349458757481 0.9113497920292088 0.9494850446454557 -6.03529307928888 4.08352613946719 25.193652621837913 -2.3131361928359304 1
bicycle 184 1 2.5503760724063618 0.0 767.8781 113.934906 999.962 1.1584528986113063 0.3765821837920181 1.8864148170871773 -6.409743668113969 2.163891216991405 9.57195133036361 -4.32286619061089 1
Pedestrian 881 2 -2.7262178683384715 1892.3734 641.1589 1935.0 1215.0 1.7072018371316469 0.5582708984235673 0.6304797948836158 3.206857209325249 1.759272234710553 4.375650177834008 -2.0937593292697665 1
Cyclist 185 0 -1.6528246798698791 769.94214 687.8831 876.7131 857.1358 1.678316452617704 1.0237764359986181 1.9856577022394382 -1.5712547210229533 2.4262389359299723 16.690433396415546 -1.7466890777961155 1
