bicycle 163 1 -1.9826256350256495 1035.7017 703.4472 1164.5232 866.07776 1.2432495054898953 0.49431865981076334 1.6785738343865795 1.1900452387922593 1.9799675113365034 13.15134077414053 -1.892382896568051 1
Cyclist 168 0 1.6430931110049025 500.99835 691.3924 582.5298 859.60333 1.5155054193856312 0.665175791970435 1.8054192092008294 -4.2312265783931124 2.232581719110757 15.175915272904108 1.3711864228819919 1
bicycle 169 0 -2.9263701669041753 1212.3129 717.8103 1504.2346 923.25507 1.2698303054983857 0.6481748618279563 1.9099563046762298 2.805453844830242 1.9747522060553129 10.621938075014018 -2.6681479671882027 1
bicycle 170 0 3.0319388402119873 1454.5366 788.8359 1695.662 950.478 0.9723615483833729 0.3888162492201843 1.483809006862832 4.145846796146559 2.1307802797779916 10.177144163236422 -2.864404215927499 1
bicycle 171 0 -2.341174746225684 1090.9456 777.21875 1249.1201 881.8402 0.6528177192593315 0.3302317877975606 1.4658786677784366 1.6524684399697414 1.9476787585394213 12.024263283255793 -2.2046024128621657 1
bicycle 173 2 2.6762707975931654 0.0 787.0847 18.746548 1007.8714 1.0574884786204048 0.43755248386248696 1.8925219804476388 -7.074367204820646 2.189444820980817 9.493374248224862 -4.247330080527298 1
bicycle 172 1 -2.090928716345066 1739.6937 788.55804 1935.0 1011.3592 1.109410523477321 0.5870575887990299 1.779701292814588 5.7694798858141425 2.2641790010981815 9.656633801011049 -1.5523768609459438 1
bicycle 174 1 2.6327281723022837 514.74744 798.48145 597.3964 860.4247 1.324112658709453 0.6098286561509388 1.9791239174442443 -10.275884821592415 5.83738907636099 37.973303748955985 -3.914735694685894 1
bicycle_rack 175 0 2.1938538621595844 22.22684 727.7401 391.6433 912.056 1.1973227379556777 1.444334835741865 2.8603871491199877 -6.373422450384937 2.193205145560385 12.951489743041709 -4.54663875312648 1
bicycle_rack 176 1 2.060858055288774 226.90631 719.4964 478.27014 860.4546 1.1973227379556777 1.444334835741865 2.5005940580079598 -6.332099282558579 2.280239962086838 15.797691622830197 -4.603544062923339 1
bicycle_rack 888 2 -3.064387831395787 619.6562 825.0458 685.17914 875.59595 0.9687721871368881 3.9915887408282926 1.7225056675422001 -9.719247384445625 7.576303226808989 47.281870554973146 -3.2671235015479616 1
moped_scooter 178 1 -2.028554589260273 549.74347 761.9178 661.0049 885.8354 1.7830556059977891 0.910191769885523 2.2899202878572535 -6.0386856564050735 4.206878336937187 25.281911852535956 -2.263015698671622 1
moped_scooter 890 1 -0.3511160038991603 411.13968 794.97455 498.48633 859.285 1.3502693096531393 0.4536637226145302 1.9789048228218933 -12.318033282465311 5.581872752474897 36.410802194062384 -0.6773362585773776 1
Pedestrian 179 1 -2.724770507116287 1675.45 657.83997 1935.0 1196.5354 1.7228254192445782 0.7406404605837913 0.7877241011779661 3.1512530846888565 1.8532467092731975 5.384329776371293 -2.195256951195029 1
Pedestrian 165 0 -1.1793028791306084 964.09845 731.611 1031.8807 851.2936 1.3819468766040066 0.6446619225936481 0.6264799091163897 0.4559875346451934 2.7266900030863117 18.427956203750348 -1.1545635917437718 1
Pedestrian 166 1 -1.26195242188276 1015.42194 708.09 1088.7074 847.9749 1.5932454574491997 0.7313698566288679 0.5923850461413351 1.0918994620469658 2.613248088955072 17.92690608653661 -1.2011191582570473 1
Pedestrian 180 2 -1.3596653346181682 800.3189 797.34076 824.766 863.02686 1.7799435577134672 0.5849810112949221 0.569140589825668 -4.224320987883484 6.716577825838651 42.49577704905832 -1.4587455023004754 1
Pedestrian 974 2 0.8574940419172837 797.25726 798.016 823.8328 862.26746 1.7818542768469585 0.5919480223824887 0.5035495279033336 -4.429540172560807 6.914813637157427 43.95218167087442 0.7570522867403562 1
rider 181 0 1.774126000599718 502.38345 694.6037 582.47327 841.1711 1.4169383149902561 0.665175791970435 0.6336305973840615 -4.225376915872776 2.137478481470597 15.118981583223507 1.501604224539233 1
rider 182 1 -1.5487933609863402 776.5144 689.21967 869.3044 831.0264 1.4982537804801916 1.0036553139409685 0.8257432276488589 -1.530243531272316 2.2337318162901942 16.652421152912005 -1.640429160061905 1
rider 183 0 -2.044320781413331 574.28894 762.6165 650.3996 873.62225 1.69349458757481 0.9113497920292088 0.9494850446454557 -5.858422438600781 4.065594221682709 25.101183197225346 -2.273608619340542 1
bicycle 184 1 2.5443308043578288 0.0 767.8689 118.96962 997.1586 1.1584528986113063 0.3765821837920181 1.8864148170871773 -6.433281600782324 2.174021185044352 9.678105171989888 -4.325511895735122 1
Cyclist 185 0 -1.5481788675145927 773.14825 687.16174 871.40796 856.1406 1.678316452617704 1.0237764359986181 1.9856577022394382 -1.520873935747244 2.4136172276870007 16.63452158035146 -1.6393541551997488 1
