Cyclist 168 0 1.811708179078579 477.0958 691.0796 592.5103 866.07745 1.5155054193856312 0.665175791970435 1.8054192092008294 -4.115672189778228 2.200123098814048 14.555757215245201 1.5361492014961895 1
bicycle 163 1 -1.9845012609499495 1043.5013 701.0688 1174.5613 865.8785 1.2432495054898953 0.49431865981076334 1.6785738343865795 1.2493448101471085 1.948124012847766 12.963995276664605 -1.8884275941207032 1
Pedestrian 881 1 -2.6988582764095392 1821.5028 643.0132 1935.0 1215.0 1.7072018371316469 0.6063228387547202 0.7086381786665706 3.1011310111518506 1.7669206788669387 4.471163063116973 -2.0924507627949875 1
Pedestrian 166 2 -1.0192314415757824 1026.3809 705.48145 1104.2249 845.6498 1.5932454574491997 0.7313698566288679 0.5923850461413351 1.2510564303316973 2.5862373432988077 17.97380221900039 -0.9497390824058406 1
bicycle 169 0 -2.927135455733483 1217.4113 716.66345 1514.5088 925.6959 1.2698303054983857 0.6481748618279563 1.9099563046762298 2.8126873784019204 1.9556279514574442 10.449310974173855 -2.664193251538705 1
bicycle 170 0 3.0249935485550825 1470.8334 790.34576 1718.0297 955.5196 0.9723615483833729 0.3888162492201843 1.483809006862832 4.194135687473616 2.120241697578205 9.982841049008568 -2.8604494616125598 1
bicycle 171 0 -2.345752706869556 1102.1178 776.5727 1264.3196 883.5009 0.6528177192593315 0.3302317877975606 1.4658786677784366 1.720850305258426 1.9171211460946895 11.77594228000967 -2.2006470832670386 1
bicycle 172 2 -2.1019806735937276 1765.4142 791.1493 1935.0 1021.0641 1.109410523477321 0.5870575887990299 1.779701292814588 5.814515191480073 2.2549852790199214 9.408388092008131 -1.548420807033769 1
bicycle 174 2 2.6337040495714157 519.45087 799.0415 602.2622 861.15314 1.324112658709453 0.6098286561509388 1.9791239174442443 -10.128476192247119 5.840417669315434 37.87623257637124 -3.9107773277944307 1
bicycle_rack 175 0 2.2000687928692786 14.470482 727.46484 390.03357 914.296 1.1973227379556777 1.444334835741865 2.8603871491199877 -6.333454220092323 2.1800806711261966 12.797132417369031 -4.5426854337299 1
bicycle_rack 176 1 2.066274071222969 222.41908 718.9043 477.29193 861.3298 1.1973227379556777 1.444334835741865 2.5005940580079598 -6.296597023832257 2.263874999127413 15.64288468876875 -4.599589406988955 1
bicycle_rack 888 2 -3.062310546233516 622.4543 825.2959 688.2302 875.8613 0.9687721871368881 3.9915887408282926 1.7225056675422001 -9.623703671625682 7.582303389277053 47.26743555624613 -3.2631663287014856 1
moped_scooter 178 1 -2.1108008080629594 521.4477 761.8513 639.8559 883.7993 1.7830556059977891 0.910191769885523 2.2899202878572535 -6.517257946664127 4.224638699902424 25.531398289819627 -2.360728062861835 1
moped_scooter 890 1 -0.3494605391623175 414.82065 796.5442 502.4727 861.16376 1.3502693096531393 0.4536637226145302 1.9789048228218933 -12.175176731558482 5.603706415548655 36.26329266351282 -0.6733789685783522 1
Pedestrian 179 1 -2.7352041960606925 1698.4338 655.1042 1935.0 1204.5631 1.7306372103010423 0.7406404605837913 0.8128493570438529 3.2150247383389328 1.8490546737722853 5.316311284554617 -2.191301365283514 1
Pedestrian 165 0 -1.0129386983234974 970.8847 730.1258 1046.7452 852.17883 1.3819468766040066 0.6219320139436164 0.7514944066915269 0.5838589420997919 2.7005728845843215 18.254367026900734 -0.980964981327622 1
Pedestrian 180 2 -1.3623467694932425 810.4473 796.9054 834.67865 862.1638 1.7799435577134672 0.5849810112949221 0.569140589825668 -3.965448746998798 6.736282003465266 42.77442322837679 -1.4547886175354094 1
Pedestrian 974 2 0.8603259368060168 798.9124 796.8586 825.57825 861.31506 1.7818542768469585 0.5919480223824887 0.5035495279033336 -4.364343847992975 6.862907651936018 43.799280481030394 0.7610095833454591 1
rider 181 0 1.8194585461009463 495.0468 694.4214 580.2622 845.9481 1.4169383149902561 0.665175791970435 0.6336305973840615 -4.1288822197139 2.111243392638935 14.608650951788126 1.5440102289224953 1
rider 182 1 -1.6506721098216772 770.2787 692.0849 865.5285 833.3475 1.4982537804801916 1.0036553139409685 0.8257432276488589 -1.6232211280250388 2.2764235746756833 16.825851035394685 -1.7468463469118183 1
rider 183 0 -2.1189020961827825 551.348 763.1226 628.76086 873.14056 1.69349458757481 0.9113497920292088 0.9494850446454557 -6.287958018878325 4.095587293606797 25.330331643281866 -2.3622219860473788 1
bicycle 184 1 2.5547440731029285 0.0 766.5758 109.09758 1000.5217 1.1584528986113063 0.3765821837920181 1.8864148170871773 -6.398522091438023 2.147158751203838 9.492236878447775 -4.3215582421125 1
Cyclist 185 0 -1.646321280267303 768.3838 690.7357 873.2347 858.9428 1.678316452617704 1.0237764359986181 1.9856577022394382 -1.6111572987753997 2.4657827935551384 16.820857930143433 -1.7418132638258914 1
