Cyclist 168 0 1.8423319804627707 438.81247 690.55273 574.121 887.09155 1.5155054193856312 0.665175791970435 1.8054192092008294 -3.927223326762648 2.1283155608057234 13.04857516304627 1.5499859610048539 1
bicycle 163 1 -1.9869515880000226 1056.7976 706.8743 1193.0815 878.84955 1.2432495054898953 0.49431865981076334 1.6785738343865795 1.3371891986031785 1.977499472729281 12.519678424146061 -1.8805479800394675 1
Pedestrian 881 0 -2.5581569639245396 1577.8635 655.11206 1935.0 1215.0 1.7072018371316469 0.723618167574229 1.0809362985119597 2.7256704877575118 1.819565526103304 4.914610292074936 -2.0517846464606713 1
Pedestrian 165 1 -0.8285999985247265 1023.0622 744.0055 1093.1312 864.92615 1.3819468766040066 0.6219320139436164 0.5923850461413351 1.1886832159711471 2.878990442431682 18.36653043533251 -0.7639700617796794 1
Pedestrian 166 2 -0.8537775297596575 1059.961 723.5073 1131.7855 864.4274 1.5932454574491997 0.6219320139436164 0.5923850461413351 1.6140785613115023 2.8044166336570284 17.93828487605309 -0.7640396545427356 1
bicycle 169 0 -2.9384032583337367 1250.4163 723.4826 1537.5282 941.8103 1.2698303054983857 0.6481748618279563 1.7534905796129896 2.8875762174605297 1.976178641187337 10.01996111536099 -2.657823269162858 1
bicycle 184 1 2.573592929012208 0.0 766.0482 90.42805 1010.77435 1.1584528986113063 0.3765821837920181 1.8864148170871773 -6.3069632214048745 2.10719398109718 9.109028590537331 -4.31518992772547 1
bicycle 170 1 3.0070087833431707 1506.9918 799.2864 1769.7073 973.8958 0.9723615483833729 0.3888162492201843 1.483809006862832 4.274157560784619 2.128479525950914 9.517369585191847 -2.8540794325349177 1
bicycle 171 0 -2.3616510274117664 1112.3613 783.28687 1281.3636 894.40607 0.6528177192593315 0.3302317877975606 1.4658786677784366 1.7733468508304429 1.936526583557319 11.432892622235652 -2.2077680891111218 1
bicycle 172 1 -2.1239883395634434 1814.3334 805.85187 1935.0 1053.3849 1.109410523477321 0.5870575887990299 1.779701292814588 5.864416651687663 2.296588961562654 8.913242030341513 -1.5420486417103132 1
bicycle 174 1 2.6407203716893517 517.62103 799.95337 602.0147 863.18463 1.324112658709453 0.6098286561509388 1.9791239174442443 -9.980397936817294 5.787685843063615 37.226931665238595 -3.9044014536097404 1
bicycle_rack 175 0 2.214137410923774 0.0 726.75165 383.43668 921.57434 1.1973227379556777 1.444334835741865 2.8603871491199877 -6.2208721314487025 2.141626261090029 12.329889148932299 -4.536317664221167 1
bicycle_rack 176 1 2.0777095548363897 207.87224 718.23096 472.93863 865.35614 1.1973227379556777 1.444334835741865 2.5005940580079598 -6.2004782738451985 2.227675301662338 15.181627742168544 -4.593219489591547 1
bicycle_rack 888 1 -3.060279021853164 628.75604 829.3262 695.382 880.7509 0.9687721871368881 3.9915887408282926 1.7225056675422001 -9.317856050162272 7.651412838800766 46.80395700306061 -3.2567923643214085 1
moped_scooter 178 2 -2.235887519270486 450.12558 759.65875 577.0881 876.7145 1.7830556059977891 0.910191769885523 2.2899202878572535 -7.851476369663566 4.235928989653405 26.18771993371902 -2.527174759644202 1
moped_scooter 890 1 -0.3536772673101758 432.40353 793.4856 520.0243 858.1649 1.3502693096531393 0.4536637226145302 1.9789048228218933 -11.706222230451154 5.512462002216106 36.13026851958424 -0.6670048163805312 1
Pedestrian 179 1 -3.11843074624901 1640.2483 666.75543 1904.1433 1173.2435 1.7306372103010426 0.7570568393334871 0.8389021516381638 3.1011143363301303 1.9061975653134964 5.735341218802589 -2.622753608448389 1
Pedestrian 180 1 -1.361625078330632 818.8265 801.5886 843.33813 867.6981 1.7799435577134672 0.5849810112949221 0.569140589825668 -3.678986260559005 6.813356801224974 42.283013297963144 -1.4484151152294313 1
Pedestrian 974 2 0.858204574948901 811.5599 800.96826 838.57245 866.3978 1.7818542768469585 0.5919480223824887 0.5035495279033336 -3.9344115938418525 6.9139298299497645 43.20141496049747 0.7673837515592088 1
rider 181 0 1.842947174534474 460.99167 693.9215 558.23737 864.1539 1.4169383149902561 0.665175791970435 0.6336305973840615 -3.9258395369675494 2.0334546519648553 13.033538352444847 1.550380134293266 1
rider 182 1 -1.6573968715243976 756.60266 708.612 848.4323 844.9515 1.4982537804801916 1.0036553139409685 0.8257432276488589 -1.8726657517320477 2.5088308662203724 17.55110267842855 -1.7636926136457944 1
rider 183 2 -2.246682291056043 470.12112 761.3004 547.9013 867.2263 1.69349458757481 0.9113497920292088 0.9494850446454557 -7.9244631801795835 4.143167018770743 26.212621717723493 -2.540261389039666 1
Cyclist 185 1 -1.6527425931070743 752.3599 704.31903 854.13385 867.2006 1.678316452617704 1.0237764359986181 1.9856577022394382 -1.8817939386397213 2.6659618824420823 17.52521220663242 -1.7597091378311496 1
