Cyclist 168 0 1.910369880295073 302.86694 693.69446 498.80322 954.493 1.5155054193856312 0.665175791970435 1.8054192092008294 -3.7166415162526945 2.02078665074027 10.076056281582126 1.556994160763594 1
bicycle 163 1 -1.9936824101414155 1073.8286 710.40533 1218.6705 892.6665 1.2432495054898953 0.49431865981076334 1.6785738343865795 1.436286907159558 1.9735074035682958 11.896625674373245 -1.873533305229937 1
bicycle 169 1 -2.957632583137105 1283.9956 730.7147 1590.2804 964.93335 1.2698303054983857 0.6481748618279563 1.7534905796129896 2.990328222247414 1.98715879769706 9.438487022356817 -2.6508143341955552 1
bicycle 170 1 2.982008794587502 1555.2444 815.75586 1840.0546 1004.03186 0.9723615483833729 0.3888162492201843 1.483809006862832 4.363213859593559 2.1643892249247747 8.938643336104482 -2.847070468379133 1
bicycle 171 0 -2.3725082273059597 1131.0734 793.3795 1311.9714 913.08997 0.6528177192593315 0.3302317877975606 1.4658786677784366 1.846697074433809 1.9452985234962097 10.783240060849298 -2.202897376332201 1
bicycle 174 1 2.6429980775467325 524.6669 814.00073 610.126 878.76746 1.324112658709453 0.6098286561509388 1.9791239174442443 -9.661827897437659 6.083027197252468 36.73359080407437 -3.8973860209218323 1
bicycle 172 2 -2.154241972058866 1880.8749 816.6816 1935.0 1086.3123 1.109410523477321 0.5870575887990299 1.779701292814588 5.938983318769156 2.2934597491632425 8.33297015061449 -1.5350372659554987 1
bicycle_rack 175 0 2.231843545915443 0.0 728.5613 373.10892 934.113 1.1973227379556777 1.444334835741865 2.8603871491199877 -6.112698307874406 2.121880807078025 11.799834648225442 -4.529311112537192 1
bicycle_rack 176 1 2.091698440332089 176.54124 718.482 473.43723 876.18695 1.1973227379556777 1.444334835741865 2.8204141828383418 -6.0871724316459925 2.2049734147877937 14.611987947223145 -4.58621058167126 1
bicycle_rack 888 1 -3.0579655297363284 635.4929 836.28467 703.1687 888.9773 0.9687721871368881 3.9915887408282926 1.7225056675422001 -8.979361701223272 7.798171328118661 46.237450708225964 -3.249779013675635 1
moped_scooter 890 2 -0.35258013358354434 441.66327 793.8802 530.2708 859.3882 1.3502693096531393 0.4536637226145302 1.9789048228218933 -11.322815307111904 5.4691438749755505 35.665179694933684 -0.6599912603651568 1
Pedestrian 179 1 -2.756154998665328 1474.733 678.1467 1719.2238 1111.308 1.7072018371316469 0.6300946099532958 0.8041650921790569 2.768996258676458 1.9576357095506096 6.52589906646115 -2.3548699680723812 1
Pedestrian 180 1 -1.3602730635612161 827.1137 817.3698 852.0938 884.7446 1.7799435577134672 0.5849810112949221 0.5854298730993018 -3.3913629919138737 7.190466735224891 41.710245541360294 -1.4414022702875515 1
Pedestrian 974 1 0.20604739046478598 817.0814 816.78894 838.6 882.3787 1.7818542768469585 0.5919480223824887 0.5035495279033336 -3.82066713229617 7.320722828547319 42.842379114554184 0.1171030630218639 1
rider 181 0 1.9096535903535152 343.1641 698.7753 475.69943 920.6814 1.4169383149902561 0.665175791970435 0.6336305973840615 -3.7069121625154353 1.9309884855202515 10.084176028578597 1.5573890252449587 1
rider 182 1 -1.803922013664383 708.90204 741.2519 800.0759 867.68567 1.4982537804801916 1.0036553139409685 0.8257432276488589 -2.679166964979479 3.046415496107546 19.331130262670236 -1.941638123635573 1
bicycle 184 2 2.6020345236790883 0.0 769.97095 54.83678 1031.1836 1.1584528986113063 0.3765821837920181 1.8864148170871773 -6.24893730000268 2.085910651211116 8.619151990583548 -4.308462938383842 1
Pedestrian 881 0 -2.3485046110736354 1386.8948 665.58234 1699.4641 1161.099 1.7072018371316469 0.6972191362599625 0.899692005691577 2.2262009940028076 1.879860176309366 5.794573277058459 -1.9817038201777586 1
Pedestrian 165 2 -1.5782295150250856 1109.9775 745.85834 1161.3469 863.8099 1.3819468766040066 0.6219320139436164 0.5923850461413351 2.1570931105605236 2.906686261180145 18.522368618836193 -1.4622929530684325 1
Cyclist 185 1 -1.8007354111486558 699.4765 739.043 813.1133 891.09045 1.678316452617704 1.0237764359986181 1.9856577022394382 -2.671516641526037 3.2350696592299446 19.2849350725205 -1.9383880276986662 1
