Cyclist 168 0 1.8641597931222187 397.5757 694.37775 550.3093 910.31 1.5155054193856312 0.665175791970435 1.8054192092008294 -3.86052586024974 2.1147559351192626 11.989170730962316 1.552642705946043 1
bicycle 163 1 -1.989542972701033 1063.1956 707.83264 1202.9683 883.97974 1.2432495054898953 0.49431865981076334 1.6785738343865795 1.3738678708919951 1.971323200026836 12.253493656941357 -1.8778887801925515 1
bicycle 169 0 -2.9465298931454873 1264.1827 725.9267 1559.061 950.602 1.2698303054983857 0.6481748618279563 1.7534905796129896 2.9314375948139433 1.9772366993063613 9.774766484686737 -2.6551662404143075 1
bicycle 170 1 2.9988273568566584 1522.8258 804.06934 1793.6918 983.74347 0.9723615483833729 0.3888162492201843 1.483809006862832 4.2920783843303045 2.132750351808232 9.286618310607315 -2.8514223899848785 1
bicycle 171 0 -2.3598315338907674 1111.9783 788.7662 1284.6638 903.328 0.6528177192593315 0.3302317877975606 1.4658786677784366 1.743537287968626 1.953185988941161 11.178851336534626 -2.205110589392984 1
bicycle 174 1 2.639095425958706 524.4063 811.8679 608.94965 875.88873 1.324112658709453 0.6098286561509388 1.9791239174442443 -9.777839951778015 6.076227032169412 37.10628003966683 -3.9017419634537984 1
bicycle 172 2 -2.135755171677077 1839.7756 807.1515 1935.0 1062.3701 1.109410523477321 0.5870575887990299 1.779701292814588 5.893950623335935 2.2771086911665477 8.682731879056158 -1.5393906924640983 1
bicycle_rack 175 0 2.224513046669859 0.0 727.7534 374.14023 927.9163 1.1973227379556777 1.444334835741865 2.8603871491199877 -6.201804961393691 2.1324134281765805 12.059701857796515 -4.533661545315169 1
bicycle_rack 176 1 2.0829257427029484 200.21793 718.68646 470.9183 868.6573 1.1973227379556777 1.444334835741865 2.5005940580079598 -6.142418556378879 2.2170290219554163 14.930197835788501 -4.590562476574468 1
bicycle_rack 888 1 -3.059137193684114 630.84705 835.96893 697.97 888.2983 0.9687721871368881 3.9915887408282926 1.7225056675422001 -9.19274811110797 7.831646668047729 46.54411292039206 -3.2541336658406594 1
moped_scooter 178 2 -2.4057998945670556 359.0417 766.48145 497.44122 880.05005 1.7830556059977891 0.910191769885523 2.2899202878572535 -9.439424039923992 4.371506610168608 26.48078633102554 -2.7482208723052612 1
moped_scooter 890 2 -0.34009183229274914 413.3849 807.90796 502.77048 874.1989 1.3502693096531393 0.4536637226145302 1.9789048228218933 -11.96712342725163 5.803913881196566 35.603988018408955 -0.6643460398853395 1
Pedestrian 179 2 -2.817411323764419 1555.6378 671.30756 1843.2971 1156.1964 1.7306372103010421 0.7586149045732734 0.8389021516381638 2.9642769762529926 1.9346936853561751 6.010363204810536 -2.3592230688547495 1
Pedestrian 165 2 -0.4882309945401807 1088.0535 738.202 1156.8245 859.95544 1.3819468766040066 0.5923850461413351 0.6219320139436164 1.9460807343890223 2.782283970482776 18.091724704164108 -0.38107556448451385 1
Pedestrian 180 1 -1.3611861391213174 822.08026 817.2511 846.7703 884.08624 1.7799435577134672 0.5849810112949221 0.569140589825668 -3.5588523686274227 7.220791596006048 41.98112929183199 -1.4457566087884615 1
Pedestrian 974 1 0.3409833001145542 815.32385 815.36676 838.7898 880.91486 1.7818542768469585 0.5919480223824887 0.5035495279033336 -3.8603040055653777 7.307152751653188 43.03218657234604 0.2515154186324071 1
rider 181 0 1.865672067478314 422.304 699.1817 530.5359 885.9489 1.4169383149902561 0.665175791970435 0.6336305973840615 -3.854566586050307 2.0253258432197097 11.924956985047475 1.553037141338602 1
rider 182 1 -1.6312604236582542 743.79596 723.888 830.8116 855.9421 1.4982537804801916 1.0036553139409685 0.8257432276488589 -2.1268894089122234 2.7359793637962504 18.20357807423434 -1.7475721503650283 1
rider 183 2 -2.406219077689566 388.14047 767.99023 466.92923 872.3939 1.69349458757481 0.9113497920292088 0.9494850446454557 -9.455985768056873 4.287988403677165 26.51219572231406 -2.7488196041660897 1
bicycle 184 1 2.5863288894891214 0.0 772.15894 73.189896 1025.1405 1.1584528986113063 0.3765821837920181 1.8864148170871773 -6.290480787811245 2.1263666210838803 8.8870873510032 -4.312813141352616 1
Pedestrian 881 0 -2.415127673765409 1465.3207 660.8204 1846.5985 1213.6866 1.7072018371316469 0.7319561957190612 0.9865346543393141 2.4208573799148025 1.8487828275611746 5.294743532151008 -1.9862866612765353 1
Cyclist 185 1 -1.623340430938245 740.5678 720.53394 834.2765 879.3814 1.678316452617704 1.0237764359986181 1.9856577022394382 -2.137682483984913 2.9070282933219604 18.14802503920905 -1.7405916093871936 1
