Cyclist 168 0 1.951523849945907 209.76079 695.8557 452.65073 1004.06616 1.5155054193856312 0.665175791970435 1.8054192092008294 -3.582144357146717 1.9702261855246428 8.676928635881296 1.5600015726404468 1
bicycle 879 1 1.0193058546425866 360.12625 768.57855 476.31308 897.2273 1.6192898190194869 0.7361264286612312 1.8092309769576511 -7.844722167526247 3.773773277653347 21.573651104918035 0.670544753125307 1
bicycle 163 1 -1.9965646829086274 1080.5944 708.6785 1229.0173 894.6872 1.2432495054898953 0.49431865981076334 1.6785738343865795 1.4725886056936182 1.9454154901707317 11.658391648944608 -1.87091860235992 1
Pedestrian 881 0 -2.2659039808026322 1258.6102 663.2899 1563.9567 1120.3804 1.7072018371316469 0.6885348713952032 1.105690705406475 1.8692916283814658 1.8864509097346107 6.337766759278178 -1.9790913723253645 1
bicycle 169 1 -2.965941913337131 1298.3824 733.6825 1612.2457 974.2054 1.2698303054983857 0.6481748618279563 1.7534905796129896 3.035511108045306 1.9922104518209733 9.229753293139938 -2.6482017812948593 1
bicycle 170 0 2.973825869322604 1572.7688 813.52014 1863.2103 1004.36017 0.9723615483833729 0.3888162492201843 1.483809006862832 4.423638786828657 2.135627395355644 8.819612530194815 -2.844457910545538 1
bicycle 171 0 -2.37583409531211 1138.6562 794.50323 1323.008 916.44165 0.6528177192593315 0.3302317877975606 1.4658786677784366 1.8827402948040053 1.9348653348415925 10.614455397488904 -2.200284819073467 1
bicycle 174 1 2.6477580865667347 520.85394 814.1709 607.0643 879.4116 1.324112658709453 0.6098286561509388 1.9791239174442443 -9.675877938080555 6.053631220269087 36.468839879764225 -3.8947710420823984 1
bicycle_rack 175 0 2.2397422122126605 0.0 730.91034 367.49533 941.7098 1.1973227379556777 1.444334835741865 2.8603871491199877 -6.077201123263658 2.1273999885686745 11.580985705868006 -4.526699434165647 1
bicycle_rack 176 1 2.0964531206915913 169.41731 719.70483 472.14587 880.43604 1.1973227379556777 1.444334835741865 2.8204141828383418 -6.031175679511713 2.204196836591426 14.39065269847694 -4.583598026948394 1
bicycle_rack 888 1 -3.057156715107403 638.0835 836.4937 706.15045 889.44165 0.9687721871368881 3.9915887408282926 1.7225056675422001 -8.852077282618694 7.774755855297718 46.025887109209336 -3.2471648057012836 1
moped_scooter 890 1 -0.339070180627882 422.93933 807.18506 512.9733 874.0062 1.3502693096531393 0.4536637226145302 1.9789048228218933 -11.625743035745513 5.746500316642607 35.28177271092473 -0.6573769761920261 1
Pedestrian 179 1 -2.594925271520841 1384.1029 673.6056 1647.468 1087.5275 1.7268514167928644 0.6895738501154076 0.9241456767192253 2.564355709639963 1.9720226282970308 6.950893982188445 -2.2414915979820127 1
Pedestrian 165 2 -1.8130350766524221 1083.5317 772.8093 1142.7506 889.29065 1.3819468766040066 0.6219320139436164 0.5923850461413351 1.9179991359132826 3.2881385460510577 18.935392175101363 -1.7120876214516765 1
Pedestrian 180 1 -1.3604817331345043 831.3438 817.58575 856.36414 885.35126 1.7799435577134672 0.5849810112949221 0.569140589825668 -3.250423542452105 7.158710476331866 41.42410085238752 -1.4387882500975162 1
Pedestrian 974 1 0.2052201909839722 822.21985 815.8232 843.83215 881.75464 1.7818542768469585 0.5919480223824887 0.5035495279033336 -3.6527322897019627 7.264064608747732 42.61636272696463 0.11971719878345621 1
rider 181 0 1.9516018697179716 261.17685 701.2661 420.44904 960.6858 1.4169383149902561 0.665175791970435 0.6336305973840615 -3.583051021985113 1.876424878080545 8.677205413333478 1.5600015726404468 1
rider 883 1 1.0249740652388497 376.58194 773.81757 442.47986 889.5919 1.5514918934097077 0.7068721663415467 0.5605169092809149 -7.9861847572152085 3.7525852323564037 21.652272731820485 0.6716164560316438 1
rider 182 1 -2.2363209244216207 665.0887 754.118 763.29767 878.2262 1.4982537804801916 1.0036553139409685 0.8257432276488589 -3.310266792707753 3.287155356761527 20.05378136126304 -2.399915158279593 1
bicycle 184 2 2.610444890747517 0.0 767.0274 45.853004 1033.4246 1.1584528986113063 0.3765821837920181 1.8864148170871773 -6.201793167572702 2.050771725589249 8.447916437550266 -4.306001293470357 1
Cyclist 185 1 -2.2417794652807888 639.37476 751.2431 793.57056 897.4603 1.678316452617704 1.0237764359986181 1.9856577022394382 -3.2919596685039516 3.4581064118406526 20.019690220005792 -2.404757074153488 1
Car 896 2 -2.773990438479686 219.443 793.6733 441.34277 873.58716 1.4150164051011582 1.8479671916494154 3.9183097248444234 -13.261373934948866 5.093064635940015 31.608066698220142 -3.1712414829756845 1
