Cyclist 168 0 1.9287990213299662 262.94543 694.323 479.7008 976.70526 1.5155054193856312 0.665175791970435 1.8054192092008294 -3.6339445203722986 1.9929761826918426 9.378258089139953 1.5591268300861376 1
bicycle 163 1 -1.9952360062538952 1077.9985 709.5159 1224.7175 893.72876 1.2432495054898953 0.49431865981076334 1.6785738343865795 1.4605166000319123 1.958830124896871 11.771450196909216 -1.8717940665892734 1
bicycle 169 1 -2.962101591973532 1292.4753 734.491 1602.4163 972.0878 1.2698303054983857 0.6481748618279563 1.7534905796129896 3.022564064210005 2.0055111857547545 9.338521877130841 -2.649076525033588 1
bicycle 170 0 2.9790162549123154 1563.636 813.4002 1849.3025 1001.6049 0.9723615483833729 0.3888162492201843 1.483809006862832 4.414011358707091 2.149390522790779 8.935238953765595 -2.8453326555763887 1
bicycle 171 0 -2.374256297194207 1135.3806 794.24005 1318.6207 915.5271 0.6528177192593315 0.3302317877975606 1.4658786677784366 1.864523050921588 1.9384303902307543 10.66377053647449 -2.201159564654941 1
bicycle 174 1 2.6432490958241392 527.12396 814.7267 612.4339 879.42554 1.324112658709453 0.6098286561509388 1.9791239174442443 -9.616908505535227 6.10774374529313 36.78528533627692 -3.895646598318267 1
bicycle_rack 175 0 2.2359203606699394 0.0 731.4875 370.89804 940.23346 1.1973227379556777 1.444334835741865 2.8603871491199877 -6.089222211533103 2.140026046283114 11.687486306767473 -4.527573885928364 1
bicycle_rack 176 1 2.0969172238576945 168.33186 719.0984 468.91302 878.27545 1.1973227379556777 1.444334835741865 2.8204141828383418 -6.1016112422040365 2.204879925617166 14.50421146416447 -4.584472772016735 1
bicycle_rack 888 1 -3.0575614711943335 637.461 836.40173 705.3284 889.2219 0.9687721871368881 3.9915887408282926 1.7225056675422001 -8.894620315906723 7.786607748552077 46.130042086779504 -3.2480401041493376 1
moped_scooter 890 1 -0.3476692936721954 436.33072 798.5007 525.1504 864.2549 1.3502693096531393 0.4536637226145302 1.9789048228218933 -11.438735107784725 5.578475575642624 35.63796907819305 -0.6582523001317067 1
Pedestrian 179 1 -2.611309267448423 1438.1022 672.79456 1641.2864 1084.6682 1.7268514167928644 0.7006553948980458 0.5916586805915944 2.638537642493635 1.959822297638368 6.824142454138165 -2.242366392178485 1
Pedestrian 180 1 -1.3591092512583602 827.98395 816.9474 852.9591 884.5061 1.7799435577134672 0.5849810112949221 0.569140589825668 -3.3536718240437065 7.156052630187636 41.542381125288024 -1.4396634857137567 1
Pedestrian 974 1 0.20587111519673115 819.93085 815.73645 841.5225 881.5588 1.7818542768469585 0.5919480223824887 0.5035495279033336 -3.72418939395795 7.2702215561819905 42.684324400051366 0.11884192452966169 1
rider 181 0 1.9312700451587994 302.81775 700.53357 447.34528 939.0773 1.4169383149902561 0.665175791970435 0.6336305973840615 -3.6718612231907457 1.9089459649789495 9.407048405251 1.5591268300861376 1
rider 182 1 -1.9613455161389877 694.7385 756.52734 790.1687 882.4784 1.4982537804801916 1.0036553139409685 0.8257432276488589 -2.8824994376786393 3.2841424539983457 19.678281821110847 -2.106792385644451 1
bicycle 184 2 2.608572310022276 0.0 769.60986 47.050716 1034.571 1.1584528986113063 0.3765821837920181 1.8864148170871773 -6.230329874893511 2.0727400018581355 8.50724550538559 -4.306725802032947 1
Pedestrian 881 0 -2.297157226333601 1338.3868 670.9244 1573.6366 1129.8298 1.7072018371316469 0.6016922227474751 0.691269648937036 1.9984720801094735 1.9080198430858408 6.087799038161987 -1.9799660813768103 1
Pedestrian 165 2 -2.056037506625508 1094.2484 775.0519 1160.24 893.37476 1.3819468766040066 0.6219320139436164 0.5923850461413351 2.087829594594431 3.3131590721532236 18.844295550278932 -1.9456938173859377 1
Cyclist 185 1 -1.9671449538037282 678.1804 752.5938 809.86176 903.3102 1.678316452617704 1.0237764359986181 1.9856577022394382 -2.881353255734788 3.451938727156313 19.656275821688933 -2.11269528228426 1
