rider 883 0 1.272562322136671 470.8887 757.91223 538.23035 885.4927 1.5514918934097077 0.7068721663415467 0.5605169092809149 -5.960107723108409 3.3253925150186907 19.51335981010684 0.9761246840576301 1
bicycle 169 1 -2.980493452483924 1324.5645 730.70154 1654.5764 983.1999 1.2698303054983857 0.6481748618279563 1.7534905796129896 3.0992144049589636 1.9433423495150606 8.81525227787547 -2.6424170037633377 1
bicycle 170 0 2.955108629842174 1610.534 819.26276 1920.0492 1021.0681 0.9723615483833729 0.3888162492201843 1.483809006862832 4.472034469258492 2.116509148995177 8.396259355611674 -2.8386731335774025 1
bicycle 171 1 -2.378544198032646 1148.9407 795.8551 1341.1617 923.1895 0.6528177192593315 0.3302317877975606 1.4658786677784366 1.9063952038730414 1.8996655272240544 10.21531869226445 -2.194045320762755 1
bicycle 879 1 1.2728692576407445 457.09784 754.33826 556.23236 898.3514 1.6192898190194869 0.7361264286612312 1.8092309769576511 -5.942414076386096 3.3888874130359175 19.48877733418242 0.9769097143295435 1
bicycle 163 1 -2.0085288440458866 1104.0012 706.3838 1257.7452 895.89056 1.2432495054898953 0.49431865981076334 1.6785738343865795 1.6420574073984913 1.914190109137582 11.438240064140517 -1.8659444566919405 1
bicycle 174 1 2.6431223136934863 537.4459 812.2736 623.766 877.7099 1.324112658709453 0.6098286561509388 1.9791239174442443 -9.224606131749908 5.983471905722311 36.29026097191578 -3.8889808854808883 1
bicycle_rack 175 1 2.253778415608979 0.0 724.5473 359.40613 941.27344 1.1973227379556777 1.444334835741865 2.8603871491199877 -6.00687098357223 2.047751285102561 11.220898158478724 -4.520916566288709 1
bicycle_rack 176 1 2.1050213240080025 158.75673 714.2165 471.4839 878.3703 1.1973227379556777 1.444334835741865 2.8204141828383418 -5.925309465848588 2.124456505683917 14.028391496739152 -4.577813222399282 1
bicycle_rack 888 2 -3.0555785676045053 644.25446 835.6929 712.9803 888.93945 0.9687721871368881 3.9915887408282926 1.7225056675422001 -8.586887314359734 7.700172147365252 45.68327170382025 -3.241376345854454 1
moped_scooter 890 1 -0.33454268653461633 424.7273 809.9641 515.3645 877.31635 1.3502693096531393 0.4536637226145302 1.9789048228218933 -11.50042757282998 5.784390316677502 35.05011614266288 -0.6515883483165573 1
Pedestrian 179 1 -2.4551706453860516 1261.5529 663.30304 1496.3445 1031.3389 1.7665768725213065 0.7247416944384474 0.9504983341953885 2.192345524331627 1.9848085231829908 7.900133024254618 -2.184474804761784 1
Pedestrian 165 1 -2.0311719944483846 1071.2992 780.47534 1128.1549 894.1225 1.3819468766040066 0.53340310059014 0.5923850461413351 1.8090317251864285 3.4573172040157867 19.57664454106393 -1.9390260328959847 1
Pedestrian 891 2 -2.0571680276745252 1105.4785 765.2982 1170.9113 896.3955 1.5697222521707925 0.6093350639365693 0.6298723709624469 2.264416062589207 3.407805262659922 19.174398148408855 -1.9396166822301848 1
Pedestrian 180 1 -1.3628013498767275 841.99286 817.7771 870.0846 886.2099 1.7799435577134672 0.666427427663127 0.569140589825668 -2.88794595959975 7.119535623786634 41.07190340492293 -1.4330002046920867 1
Pedestrian 974 1 0.20567161250310106 830.1598 816.06116 851.963 882.6028 1.7818542768469585 0.5919480223824887 0.5035495279033336 -3.393428516526913 7.22284801554256 42.23924312281682 0.1255054982323267 1
rider 181 1 2.1226569798637165 0.0 698.7035 174.42863 1145.2228 1.4169383149902561 0.665175791970435 0.6336305973840615 -3.2184172266319164 1.6877842983286686 5.169329148008702 1.5657863590260375 1
rider 182 1 -2.1609669947902366 570.14496 763.41223 661.0115 877.5775 1.4982537804801916 1.0036553139409685 0.8257432276488589 -5.047846860974724 3.5819560080213786 21.847886305950148 -2.388027738436019 1
Cyclist 168 1 2.118034944876624 0.0 688.34955 255.89568 1215.0 1.5155054193856312 0.665175791970435 1.8054192092008294 -3.217419065152469 1.775423531597359 5.221359557795413 1.5657863590260375 1
bicycle 184 2 2.628679166880903 0.0 756.9992 26.739985 1032.4192 1.1584528986113063 0.3765821837920181 1.8864148170871773 -6.12456841536806 1.9597224449695867 8.13111444208723 -4.300068820283187 1
Pedestrian 881 0 -2.231576443877614 1122.0559 662.8973 1367.5328 1051.5948 1.7072018371316469 0.6711663416656585 1.0560087732575063 1.3606355998995696 1.9088724792290233 7.313229505593062 -2.0476283931103065 1
Cyclist 185 1 -2.1697294367137783 543.7527 760.81464 681.7799 895.05896 1.678316452617704 1.0237764359986181 1.9856577022394382 -5.109608708790687 3.761076088383594 21.867544404417863 -2.399272807431046 1
Car 896 2 -2.769828932924125 221.17595 793.76526 445.26917 874.3784 1.4150164051011582 1.8479671916494154 3.9183097248444234 -13.06665954196461 5.057500589835351 31.28655198840051 -3.1654530332623696 1
