bicycle 879 1 1.5229721643174212 499.21207 742.07385 571.1025 899.4828 1.6192898190194869 0.7361264286612312 1.8092309769576511 -5.092608937041259 3.091214361641309 17.810388997895103 1.2444687014951752 1
rider 883 0 1.5079717206059553 501.89575 745.0889 566.5207 883.3632 1.5514918934097077 0.7068721663415467 0.5605169092809149 -5.093996168157679 3.014990420551607 17.826821791466006 1.2296399847697495 1
bicycle 169 0 -2.982033409822192 1330.6423 727.67676 1670.5486 987.49097 1.2698303054983857 0.6481748618279563 1.7534905796129896 3.076891471553466 1.9078358902810237 8.57580582305574 -2.637551680118264 1
bicycle 170 0 2.9449743944021654 1635.3373 827.6687 1935.0 1035.068 0.9723615483833729 0.3888162492201843 1.483809006862832 4.5394225536629484 2.142939489545096 8.223092701647586 -2.8338078226516537 1
bicycle 171 1 -2.380210075793768 1173.6008 798.916 1371.0127 929.9895 0.6528177192593315 0.3302317877975606 1.4658786677784366 2.044779604778671 1.896583160493535 9.992461421504832 -2.178364447899399 1
bicycle 884 1 2.2587766494668093 615.4947 824.1265 671.20135 885.6351 1.308145699741779 0.3769932041986943 1.733114157730895 -8.10960151282893 6.512104584810253 38.20611297806968 -4.233563706757068 1
bicycle 174 1 2.647879508989678 537.34155 812.5544 624.2269 878.3505 1.324112658709453 0.6098286561509388 1.9791239174442443 -9.168696797569476 5.964671689498196 36.087337004719224 -3.88411102984158 1
bicycle 163 2 -2.016294154079259 1120.7098 712.5941 1280.3604 908.7551 1.2432495054898953 0.49431865981076334 1.6785738343865795 1.7424156076980561 1.9475630017503098 11.135354990327928 -1.8610768233566448 1
bicycle_rack 175 0 2.259637565467636 0.0 719.25085 360.59705 937.74005 1.1973227379556777 1.444334835741865 2.8603871491199877 -5.941338804987534 1.9932882017069904 11.07198180299957 -4.516052820218279 1
bicycle_rack 176 1 2.108597617612822 158.75632 711.6094 475.44193 877.19086 1.1973227379556777 1.444334835741865 2.8204141828383418 -5.840917717965155 2.088850761582911 13.878476560885108 -4.572947851535167 1
bicycle_rack 888 1 -3.055627605938486 651.78906 835.6936 720.64886 889.06946 0.9687721871368881 3.9915887408282926 1.7225056675422001 -8.329951085655672 7.680802628759523 45.54894438951314 -3.236507906449008 1
moped_scooter 890 1 -0.33591902113207817 435.02866 807.64014 525.71814 875.03644 1.3502693096531393 0.4536637226145302 1.9789048228218933 -11.227466218341675 5.716528738049598 34.9535933744939 -0.6467197683395055 1
Pedestrian 179 1 -2.544117502840192 1221.8673 669.3272 1412.4271 990.4199 1.6807597532689444 0.5586205682870609 0.8927133305572 2.0111959887219286 1.9483672096931657 8.489246442702541 -2.3114953127210285 1
Pedestrian 891 2 -1.9733066549160432 1088.368 771.9377 1152.2738 899.1959 1.5697222521707925 0.6093350639365693 0.7262432591114808 2.1099891125933956 3.5684307080792603 19.891240879926407 -1.8676255595602766 1
Pedestrian 180 1 -1.3601567961046614 846.7218 817.7 872.0508 886.378 1.7799435577134672 0.5849810112949221 0.569140589825668 -2.7842589908695623 7.094254626466492 40.89674698451383 -1.428132112433678 1
Pedestrian 974 1 0.2070362160753299 835.3826 816.1607 857.28394 882.9638 1.7818542768469585 0.5919480223824887 0.5035495279033336 -3.232522224206224 7.205832714408039 42.08303563633132 0.1303738021983718 1
rider 182 1 -2.1250567614271656 472.71313 776.65875 559.8869 885.46783 1.4982537804801916 1.0036553139409685 0.8257432276488589 -6.856336768517079 3.9035778777338415 23.052678738241326 -2.4141452668964654 1
bicycle 184 2 2.6388308883713787 0.0 754.70215 19.10802 1035.3824 1.1584528986113063 0.3765821837920181 1.8864148170871773 -6.076401612827138 1.932499486485133 7.979014299287224 -4.295205313043642 1
Pedestrian 881 0 -1.8082645682157066 1081.5204 657.0028 1245.74 991.1152 1.7072018371316469 0.731956195719095 0.7260067083961447 1.0806982469486623 1.89005499692892 8.117502217282688 -1.6759109858231704 1
Pedestrian 165 1 -1.914701933040446 1047.0571 781.8587 1105.5629 892.26227 1.3819468766040066 0.6219320139436164 0.5923850461413351 1.5447157227722617 3.5336704704461472 20.132805884539387 -1.8381256632034895 1
Cyclist 185 1 -2.1266246477750967 453.1776 772.1445 583.13464 900.31396 1.678316452617704 1.0237764359986181 1.9856577022394382 -6.83269026146628 4.047446668901536 23.018986509528137 -2.4151692364960264 1
Car 896 2 -2.768411867213043 227.08269 792.87836 451.5064 873.53973 1.4150164051011582 1.8479671916494154 3.9183097248444234 -12.90352697379908 5.0273963752608175 31.198305719968555 -3.160584601521116 1
