bicycle 879 1 1.4463388561499642 493.47675 743.3969 575.80945 898.6032 1.6192898190194869 0.7361264286612312 1.8092309769576511 -5.173973115440305 3.128537468724294 18.070038431361237 1.1674711179949213 1
Pedestrian 881 0 -1.783961125431849 1086.8722 653.6566 1261.6842 997.5975 1.7072018371316469 0.731956195719095 1.0026047963690383 1.1173440539173238 1.8719391276708945 8.038506827741804 -1.6458471196679847 1
rider 883 0 1.4294244661721538 500.53537 747.4639 567.5472 884.26825 1.5514918934097077 0.7068721663415467 0.5605169092809149 -5.166731136799644 3.0658332899109926 18.07671233508843 1.1510247615581246 1
bicycle 169 0 -2.9831757496187894 1331.564 728.38715 1671.2898 988.16907 1.2698303054983857 0.6481748618279563 1.7534905796129896 3.0832300323157056 1.9125051890971165 8.579946018900419 -2.6381929849405537 1
bicycle 170 0 2.945405277785142 1633.4557 826.36774 1935.0 1033.4116 0.9723615483833729 0.3888162492201843 1.483809006862832 4.531795856081399 2.1363198774182743 8.230120929403443 -2.834449125157475 1
bicycle 171 1 -2.379355815067994 1171.7714 797.8945 1368.0719 928.13214 0.6528177192593315 0.3302317877975606 1.4658786677784366 2.038977639234928 1.894823342272111 10.040541737954024 -2.179005794518665 1
bicycle 884 1 2.2581907018825493 615.43195 824.1142 671.09033 885.59784 1.308145699741779 0.3769932041986943 1.733114157730895 -8.115198097946816 6.5139155901446655 38.2219788430615 -4.234205454463538 1
bicycle 174 1 2.6518159854416563 529.8967 812.24664 617.0707 878.12384 1.324112658709453 0.6098286561509388 1.9791239174442443 -9.331989940247011 5.9509109172153 36.03790760034328 -3.884752932440635 1
bicycle 163 2 -2.015764102581318 1119.1632 715.1611 1278.2468 911.1725 1.2432495054898953 0.49431865981076334 1.6785738343865795 1.7338245804041357 1.9700336312303155 11.166092854389603 -1.8617184336672195 1
bicycle_rack 175 0 2.2585623785365927 0.0 719.4227 360.83197 937.32764 1.1973227379556777 1.444334835741865 2.8603871491199877 -5.94987616388263 1.996457443044779 11.099453227079406 -4.516693918591791 1
bicycle_rack 176 1 2.1064323280589523 162.11784 710.5349 477.5951 875.5145 1.1973227379556777 1.444334835741865 2.8204141828383418 -5.826510985170611 2.0792154243776646 13.903470256413977 -4.573589163861277 1
bicycle_rack 888 1 -3.055545368515571 650.67926 835.89056 719.5224 889.2605 0.9687721871368881 3.9915887408282926 1.7225056675422001 -8.368429388805904 7.690511858380083 45.57288197037391 -3.237149622940432 1
moped_scooter 890 1 -0.33527344348789 432.9394 806.86755 523.5587 874.1472 1.3502693096531393 0.4536637226145302 1.9789048228218933 -11.291344045931172 5.703481991501612 34.99766386798635 -0.6473615033202175 1
Pedestrian 179 1 -2.6369044143502767 1218.4847 672.3679 1419.6581 988.9248 1.6431658724875322 0.6300346488150702 0.9175389655623734 2.020642329906629 1.9291401666749128 8.466950464489733 -2.4026357849587408 1
Pedestrian 891 2 -2.0490279160806693 1099.002 770.45917 1165.6875 898.78503 1.5697222521707925 0.6093350639365693 0.7262432591114808 2.254938917762765 3.5363913862999117 19.75702515178549 -1.9353861389664533 1
Pedestrian 180 1 -1.3589617881163698 843.9597 817.3863 869.2932 886.0092 1.7799435577134672 0.5849810112949221 0.569140589825668 -2.8617268260967927 7.089262607892044 40.92529127354336 -1.4287737832405565 1
Pedestrian 974 1 0.20758669929709106 833.59174 816.1105 855.48773 882.8599 1.7818542768469585 0.5919480223824887 0.5035495279033336 -3.285500231465259 7.208501919635658 42.11516791950804 0.1297321035873802 1
rider 182 2 -2.3415743419343165 491.1475 778.5836 579.1845 888.1977 1.4982537804801916 1.0036553139409685 0.8257432276488589 -6.512205237863829 3.915365696785062 22.87894302879681 -2.6188782028604827 1
bicycle 184 2 2.641462815063573 0.0 753.9084 12.437691 1035.1569 1.1584528986113063 0.3765821837920181 1.8864148170871773 -6.10299433593537 1.926115809827077 7.959748798211969 -4.295846380324756 1
Pedestrian 165 1 -2.018324763164237 1056.1959 782.155 1117.2638 893.2939 1.3819468766040066 0.6219320139436164 0.5923850461413351 1.6811007041550514 3.53418169692295 20.079362703333423 -1.9347967513794897 1
Cyclist 185 2 -2.3373329691378566 463.4097 777.04004 607.2262 904.58636 1.678316452617704 1.0237764359986181 1.9856577022394382 -6.515636130584036 4.100418098364146 22.86597297864802 -2.614924956752768 1
Car 896 2 -2.7683005592352465 225.65965 793.84015 450.27264 874.6233 1.4150164051011582 1.8479671916494154 3.9183097248444234 -12.924320869783653 5.046387383438422 31.1820768716042 -3.1612263170471904 1
