bicycle 879 1 1.4887582195050795 495.49033 747.16516 570.60114 900.755 1.6192898190194869 0.7361264286612312 1.8092309769576511 -5.257438732747221 3.195110407837777 18.297444404075552 1.2089637071896089 1
rider 883 0 1.4697997722529401 498.18546 751.3082 562.76843 886.3202 1.5514918934097077 0.7068721663415467 0.5605169092809149 -5.27741747852616 3.132391122879061 18.310459010531325 1.1891862065773782 1
bicycle 169 0 -2.984450348313255 1333.4137 728.8995 1670.3894 986.4893 1.2698303054983857 0.6481748618279563 1.7534905796129896 3.1110357708477294 1.920427144762756 8.648697519392664 -2.6391502104865925 1
bicycle 170 0 2.9476263306341526 1628.1346 826.7396 1935.0 1032.8822 0.9723615483833729 0.3888162492201843 1.483809006862832 4.516255862608313 2.142950870942343 8.263952765530776 -2.835406347607321 1
bicycle 171 1 -2.3840253038707253 1176.4701 799.7693 1375.1362 931.4546 0.6528177192593315 0.3302317877975606 1.4658786677784366 2.060453238450544 1.898439873718424 9.956637057852213 -2.1799630820392366 1
Cyclist 185 1 -2.269743939675358 481.30438 771.87036 622.14215 900.814 1.678316452617704 1.0237764359986181 1.9856577022394382 -6.222369113067113 4.005755651496575 22.696416079780903 -2.537325750215326 1
bicycle 884 1 2.2571380153525986 615.60956 824.11005 671.2096 885.5839 1.308145699741779 0.3769932041986943 1.733114157730895 -8.112999125280735 6.51483435378365 38.22946053449121 -4.235163340534009 1
bicycle 174 2 2.647569100654512 535.26355 815.04333 622.1932 880.99274 1.324112658709453 0.6098286561509388 1.9791239174442443 -9.216037387593717 6.025223211524243 36.078652219831184 -3.8857110500112846 1
bicycle 163 2 -2.0150942738168083 1116.9813 713.8601 1275.3563 908.92303 1.2432495054898953 0.49431865981076334 1.6785738343865795 1.7211116074775674 1.9618409894330973 11.20445913350344 -1.862676114602036 1
bicycle_rack 175 0 2.2569805750122045 0.0 719.6266 361.3435 936.9238 1.1973227379556777 1.444334835741865 2.8603871491199877 -5.9563880458924405 1.9999812822340055 11.128295672985233 -4.517650835144153 1
bicycle_rack 176 1 2.1085392802713407 156.73311 714.36017 472.24185 879.788 1.1973227379556777 1.444334835741865 2.8204141828383418 -5.8912610810470945 2.1206430181860685 13.938014074616229 -4.574546399884904 1
bicycle_rack 888 1 -3.05579386538505 649.6175 835.8513 718.3948 889.18945 0.9687721871368881 3.9915887408282926 1.7225056675422001 -8.407112756359702 7.693378067502308 45.60142489537304 -3.2381074624015858 1
moped_scooter 890 1 -0.33435728897940764 429.75815 806.2529 520.54224 873.5887 1.3502693096531393 0.4536637226145302 1.9789048228218933 -11.351214947042436 5.6841528671597334 34.95890114684414 -0.6483193704013575 1
Pedestrian 179 1 -2.725646021892998 1223.1938 663.9483 1404.8296 994.66187 1.7243100452630997 0.589697275643163 0.824491092150832 1.979406053026537 1.9561789712075297 8.395335972694099 -2.4941002314670104 1
Pedestrian 891 2 -2.054004414897268 1104.6403 766.31525 1172.2467 895.92755 1.5697222521707925 0.6093350639365693 0.7262432591114808 2.309407479744925 3.459632281294845 19.537217868087204 -1.9363448446015812 1
Pedestrian 180 1 -1.3602855854588332 844.53845 817.91797 869.81494 886.44995 1.7799435577134672 0.5849810112949221 0.569140589825668 -2.850657219923882 7.111285575202183 40.98255268560327 -1.4297315544706921 1
Pedestrian 974 1 0.20568505352191907 835.03467 816.1676 856.8849 882.879 1.7818542768469585 0.5919480223824887 0.5035495279033336 -3.247285990443365 7.213039287829484 42.13819362167541 0.12877429079914626 1
rider 182 2 -2.2852742265224117 508.90298 774.76086 597.6487 885.1789 1.4982537804801916 1.0036553139409685 0.8257432276488589 -6.185886411848111 3.8372945611651295 22.69406872717045 -2.551386616052815 1
bicycle 184 2 2.635968657233065 0.0 753.43835 20.638813 1031.9135 1.1584528986113063 0.3765821837920181 1.8864148170871773 -6.096842956165487 1.929107562758233 8.026890296509753 -4.296803250248546 1
Pedestrian 881 0 -1.859785170873706 1091.6855 660.6717 1286.1813 1011.69995 1.7072018371316469 0.792746049772512 0.873639211097289 1.1721758806402327 1.9069325853209642 7.860792590179518 -1.711759144545449 1
Pedestrian 165 1 -2.0236438848680334 1062.4946 781.59485 1124.1108 893.4948 1.3819468766040066 0.6219320139436164 0.5923850461413351 1.7572233068147496 3.5121635547268 19.942224477643265 -1.9357551709837524 1
Car 896 2 -2.768765734412772 224.90294 793.85675 449.3033 874.5732 1.4150164051011582 1.8479671916494154 3.9183097248444234 -12.956848969151439 5.0509059780518735 31.217067390801088 -3.1621841550420937 1
