bicycle 879 1 1.3651684557363195 479.70392 750.6718 571.4805 902.53503 1.6192898190194869 0.7361264286612312 1.8092309769576511 -5.416517150382198 3.259139305214519 18.52633146573002 1.0807275889406216 1
rider 883 0 1.3777868810909477 487.0936 754.9832 554.4368 888.8056 1.5514918934097077 0.7068721663415467 0.5605169092809149 -5.4660821785815745 3.2009399416036346 18.550143410823196 1.0912315333050269 1
bicycle 169 0 -2.985831846607987 1336.2145 729.16925 1670.2596 984.3456 1.2698303054983857 0.6481748618279563 1.7534905796129896 3.1464928007679345 1.9273896869620604 8.724691792403803 -2.639707785666454 1
bicycle 170 0 2.9489702816309435 1625.0682 826.66486 1935.0 1032.0746 0.9723615483833729 0.3888162492201843 1.483809006862832 4.510370166876374 2.1460643998970936 8.290606396078289 -2.8359639211831915 1
bicycle 171 1 -2.386992639107526 1179.504 802.53125 1379.7542 935.42896 0.6528177192593315 0.3302317877975606 1.4658786677784366 2.073723042958728 1.9114236100362723 9.900477656189393 -2.180520693090922 1
Cyclist 185 1 -1.9004378646060658 508.63235 773.15283 618.91907 905.08923 1.678316452617704 1.0237764359986181 1.9856577022394382 -6.034212294356911 4.0315261234873665 22.627106590358032 -2.161053344345907 1
bicycle 884 1 2.2575927008667103 614.07355 824.0287 669.583 885.36194 1.308145699741779 0.3769932041986943 1.733114157730895 -8.171454960122464 6.523955103341619 38.313814441031106 -4.235721300168278 1
bicycle 174 2 2.64458273508155 539.1796 815.1535 626.00885 881.1161 1.324112658709453 0.6098286561509388 1.9791239174442443 -9.122258887155356 6.0277273728472816 36.076631872891056 -3.8862691446601354 1
bicycle 163 2 -2.014677370229354 1115.6818 715.5834 1273.6177 910.4849 1.2432495054898953 0.49431865981076334 1.6785738343865795 1.7135995785588396 1.9772171325257113 11.228477432375653 -1.8632339547160222 1
bicycle_rack 175 0 2.256579774068152 0.0 721.20605 360.66312 938.50836 1.1973227379556777 1.444334835741865 2.8603871491199877 -5.97028172004373 2.0147510404464093 11.150056159292932 -4.518208229872329 1
bicycle_rack 176 1 2.1076469708930254 157.70276 715.6798 472.54376 881.1573 1.1973227379556777 1.444334835741865 2.8204141828383418 -5.894009826499535 2.135431452525926 13.957543528496359 -4.575103980768853 1
bicycle_rack 888 1 -3.0555291323947107 648.3356 836.04956 717.1319 889.39026 0.9687721871368881 3.9915887408282926 1.7225056675422001 -8.448994806630889 7.7021031592092175 45.61808885286462 -3.238665394877007 1
moped_scooter 890 1 -0.3356841885035117 431.1 805.8402 521.74365 873.08246 1.3502693096531393 0.4536637226145302 1.9789048228218933 -11.334559786310546 5.679211041212218 34.999207458322694 -0.6488773189775465 1
Pedestrian 179 1 -2.822220568619503 1249.9242 666.97626 1393.6537 996.4149 1.7165617881789732 0.6003296002296138 0.6198243769317244 2.009560788439187 1.9623883186094195 8.317734342021389 -2.585163713753568 1
Pedestrian 891 2 -2.0518266109769883 1100.408 767.88135 1168.1876 898.0711 1.5697222521707925 0.6093350639365693 0.7262432591114808 2.2467211237695928 3.4735302503144854 19.463596472042866 -1.9369032815009044 1
Pedestrian 180 1 -1.3620412425129365 845.1871 817.5764 872.7554 886.12836 1.7799435577134672 0.6501381443894897 0.569140589825668 -2.802312308407339 7.104262810989706 40.99683037907841 -1.4302894471793226 1
Pedestrian 974 1 0.20567549210941483 834.21515 816.1479 856.0545 882.8221 1.7818542768469585 0.5919480223824887 0.5035495279033336 -3.2722689912404244 7.215332324866219 42.16058741940585 0.12821637385173257 1
rider 182 1 -1.8922361646899166 523.4684 776.08057 606.6088 886.68445 1.4982537804801916 1.0036553139409685 0.8257432276488589 -5.983203044490771 3.843152755720686 22.574504146995668 -2.1513216072417016 1
bicycle 184 2 2.6354712905199342 0.0 755.37946 20.214577 1033.9266 1.1584528986113063 0.3765821837920181 1.8864148170871773 -6.106318320526412 1.9417561707037008 8.038363856909392 -4.2973606176949435 1
Pedestrian 881 0 -1.9892179357354145 1096.7754 663.5495 1290.5054 1016.90137 1.7072018371316469 0.7493247254486363 0.7694280327199949 1.1939935421268226 1.9208971545796616 7.797862847620271 -1.8372799555471047 1
Pedestrian 165 1 -2.0253495907840033 1064.0618 785.3029 1126.0071 897.889 1.3819468766040066 0.6219320139436164 0.5923850461413351 1.771963193352062 3.5525845451016087 19.848997875756687 -1.9363134412996346 1
Car 896 2 -2.7686433000595403 223.60384 793.7159 448.19855 874.486 1.4150164051011582 1.8479671916494154 3.9183097248444234 -12.974338680020967 5.045985246040465 31.199236039885303 -3.162742086649446 1
