rider 883 0 1.5793578375005228 509.33105 704.4391 580.86005 860.3852 1.5514918934097077 0.7068721663415467 0.5605169092809149 -4.339467606923337 2.401073309641509 15.610349442690717 1.3082171553687583 1
bicycle 169 1 -3.0170620512990443 1400.0681 720.07874 1763.4675 995.3532 1.2698303054983857 0.6481748618279563 1.7534905796129896 3.3454408845852974 1.831292947694654 8.107018994636764 -2.625689911882506 1
bicycle 171 1 -2.365089430192189 1217.1029 796.115 1425.0566 935.2499 0.6528177192593315 0.3302317877975606 1.4658786677784366 2.240978086986843 1.8179137061408048 9.468005118079638 -2.1326769240338717 1
bicycle 879 0 1.6373217768636699 499.9123 701.4426 585.4358 877.2254 1.6192898190194869 0.7361264286612312 1.8092309769576511 -4.331648502591925 2.4655826864991086 15.573205449731258 1.3660317011884238 1
bicycle 884 1 2.215772817509647 635.5856 814.6552 689.4056 876.0325 1.308145699741779 0.3769932041986943 1.733114157730895 -7.593364974344043 6.2483020549553725 38.07007325024743 -4.264286444877307 1
bicycle 174 1 2.6529644642983112 547.88776 810.8508 635.2707 876.9163 1.324112658709453 0.6098286561509388 1.9791239174442443 -8.851305888843026 5.893019419159211 35.8561631801859 -3.8722381829551193 1
bicycle 163 2 -2.026049466858304 1149.4082 707.04846 1319.4851 912.80707 1.2432495054898953 0.49431865981076334 1.6785738343865795 1.8959998634480344 1.8741393891511984 10.609551567527442 -1.8492093477829212 1
bicycle 170 1 2.917902062367429 1699.2074 827.6657 1935.0 1051.084 0.9723615483833729 0.3888162492201843 1.483809006862832 4.641213367712503 2.070926176963833 7.684447145203716 -2.821946132271731 1
bicycle_rack 175 0 2.2761066409320536 0.0 711.90656 361.37357 938.68744 1.1973227379556777 1.444334835741865 2.8603871491199877 -5.768771743484058 1.906048227443625 10.632430040034983 -4.504194788688197 1
bicycle_rack 176 1 2.1188368921523804 154.45844 709.7554 483.5478 881.1673 1.1973227379556777 1.444334835741865 2.8204141828383418 -5.629464754857177 2.04508034026355 13.436991385147442 -4.561085874511379 1
bicycle_rack 888 1 -3.0540453344297003 667.2839 835.3243 736.8448 889.08136 0.9687721871368881 3.9915887408282926 1.7225056675422001 -7.776311987541452 7.610494012640853 45.14091211931023 -3.2246384706072453 1
moped_scooter 890 1 -0.2893730472835176 454.8322 804.5721 546.08606 871.74445 1.3502693096531393 0.4536637226145302 1.9789048228218933 -10.69522596522017 5.613357485761714 34.74466801527561 -0.5879918374955379 1
Pedestrian 179 1 -1.762901317367414 1138.3684 649.50037 1253.4642 930.4326 1.6732409771126615 0.5868592704503622 0.6931085016583426 1.4505460069775986 1.8325760133867828 9.327059495757473 -1.608617077706962 1
Pedestrian 891 1 -2.092615873921583 1083.6383 779.3655 1149.2681 904.14844 1.5697222521707925 0.6093350639365693 0.7262432591114808 2.1118809845347712 3.7235278162123406 20.396056022124046 -1.9894399554637479 1
Pedestrian 180 1 -1.3588398443786276 862.40857 818.4556 888.0469 888.01306 1.7799435577134672 0.5849810112949221 0.569140589825668 -2.323044962930268 7.052463551946341 40.41000640045034 -1.4162635176562843 1
Pedestrian 974 1 0.38384923379341424 853.5593 816.4974 878.3613 884.45233 1.7818542768469585 0.5919480223824887 0.5035495279033336 -2.6499235946744664 7.158377796369354 41.60412633843076 0.3202413891682505 1
Pedestrian 881 0 -1.6874229793630688 1027.1345 650.2332 1145.8485 938.48975 1.7072018371316469 0.6537978119361353 0.7346909732608701 0.7647458799110631 1.8712126861183442 9.301887644489536 -1.6053934115645863 1
rider 882 0 -2.231923237132256 1290.9009 647.4822 1633.2799 1190.3448 1.6866163044573663 0.7792143301665416 0.841502061284866 1.7169309629433744 1.7733804914101834 5.217462648312229 -1.9140110273720752 1
bicycle 894 1 1.6285090745218918 419.9445 793.96674 477.29233 875.81354 1.2764189228867053 0.9328492799853803 1.9762997131103939 -9.86901673761978 4.6597564725751175 28.849258663340784 1.2988991428825871 1
Cyclist 895 0 -2.2243687241498793 1214.102 635.9811 1739.5144 1215.0 1.7416627708808479 0.7641915957197235 1.8579942927071444 1.6940798430780368 1.7883442025841048 5.294231281405896 -1.9146784874023965 1
Pedestrian 165 2 -2.0534226770700323 1017.5903 803.9559 1076.6765 911.5207 1.3819468766040066 0.6219320139436164 0.5923850461413351 1.1992709065045675 3.9364816279021566 20.936779067472873 -1.9962046183578046 1
Car 896 2 -2.7652466099387114 242.02992 792.1007 467.04517 872.89514 1.4150164051011582 1.8479671916494154 3.9183097248444234 -12.51119460294518 4.987177997106888 31.0112716322423 -3.1487151810791323 1
