rider 883 0 1.5854511435925824 512.975 694.0989 585.32855 851.42596 1.5514918934097077 0.7068721663415467 0.5605169092809149 -4.244142121477531 2.281920382110653 15.424446294691442 1.3169391123587744 1
bicycle 169 1 -3.0179456479689906 1402.1696 723.39526 1772.5746 1004.90265 1.2698303054983857 0.6481748618279563 1.7534905796129896 3.3146851795371997 1.84142120964239 7.962437844173726 -2.6234753114076597 1
bicycle 171 1 -2.3611191559223705 1214.2397 795.68835 1422.4691 935.41315 0.6528177192593315 0.3302317877975606 1.4658786677784366 2.2141848472905137 1.8105737361024135 9.42860448587328 -2.130461705165764 1
bicycle 879 0 1.6347402947698566 503.0522 690.8383 589.3259 867.9565 1.6192898190194869 0.7361264286612312 1.8092309769576511 -4.232328929238786 2.338420830672112 15.348127804513256 1.365671941890159 1
bicycle 884 1 2.195210251903898 636.16956 818.78784 689.38556 880.838 1.308145699741779 0.3769932041986943 1.733114157730895 -7.5343369930560184 6.322766096592614 37.81057607262405 -4.284664103857429 1
bicycle 174 1 2.654494869401675 548.76154 810.8432 636.56915 877.2143 1.324112658709453 0.6098286561509388 1.9791239174442443 -8.783611843756841 5.871674314154493 35.68717782035223 -3.8700215095356336 1
bicycle 163 2 -2.032533831755415 1162.0571 701.6028 1333.8892 906.74194 1.2432495054898953 0.49431865981076334 1.6785738343865795 1.9881953295293997 1.8314420401006601 10.592467609617753 -1.8469936698278167 1
bicycle 170 1 2.913503248598553 1710.6643 826.22217 1935.0 1051.7548 0.9723615483833729 0.3888162492201843 1.483809006862832 4.668238882630863 2.0539387420682407 7.614936791523083 -2.8197315536866228 1
bicycle_rack 175 0 2.279555971366535 0.0 712.1506 360.7452 940.8462 1.1973227379556777 1.444334835741865 2.8603871491199877 -5.747062397083399 1.9039362428471844 10.561269654564299 -4.501980868645562 1
bicycle_rack 176 1 2.1207982732988206 153.6684 706.8197 484.90414 878.5529 1.1973227379556777 1.444334835741865 2.8204141828383418 -5.5955079934506555 2.0118928304097867 13.365436969176425 -4.558871220356873 1
bicycle_rack 888 1 -3.0541869366665697 670.884 834.96173 740.4981 888.74756 0.9687721871368881 3.9915887408282926 1.7225056675422001 -7.655837654063056 7.589790268744055 45.07653397427875 -3.22242242743289 1
moped_scooter 890 1 -0.28930733946868215 458.34097 805.72687 549.6182 872.9925 1.3502693096531393 0.4536637226145302 1.9789048228218933 -10.603809624516732 5.636738128956357 34.71299151131143 -0.5857757428452727 1
Pedestrian 179 1 -1.6648659851039602 1135.0903 652.77313 1240.4956 926.4521 1.6431658724875322 0.5868592704503622 0.8006862533474509 1.4211861401826986 1.8276210625659157 9.4792850867036 -1.5160489418554108 1
Pedestrian 891 1 -2.204513518348469 1072.8933 778.95795 1140.9812 904.42523 1.5697222521707925 0.6093350639365693 0.7262432591114808 1.976339226548119 3.7119540131470314 20.32663095487441 -2.107589116522815 1
Pedestrian 180 1 -1.3600391779178524 867.51624 818.53467 893.1857 888.25116 1.7799435577134672 0.5849810112949221 0.569140589825668 -2.1798945068729174 7.043399598121867 40.322846917497436 -1.4140476306988679 1
Pedestrian 974 1 0.3838493931726512 856.86383 816.574 881.7101 884.6651 1.7818542768469585 0.5919480223824887 0.5035495279033336 -2.552485848957363 7.150373168836218 41.52458425589336 0.32245736885711995 1
Pedestrian 881 0 -1.6833600835220905 1024.6945 647.0294 1142.3303 935.13 1.7072018371316469 0.6537978119361353 0.6739011192074704 0.7442854163130626 1.8494307063179585 9.262451265304582 -1.6031772425175856 1
rider 882 0 -2.189921361429833 1238.7554 641.15936 1556.2097 1150.1526 1.6866163044573663 0.7792143301665416 0.841502061284866 1.5805517461496519 1.7523270485412763 5.515690365055727 -1.9108440926926322 1
bicycle 894 1 1.6313580822488414 418.65067 794.0335 476.45554 876.0923 1.2764189228867053 0.9328492799853803 1.9762997131103939 -9.864638030116684 4.652889318023296 28.77714564323064 1.3011170689535967 1
Cyclist 895 0 -2.177945819198012 1163.6138 635.40753 1636.7434 1203.1465 1.7416627708808479 0.7641915957197235 1.8579942927071444 1.5335356879348692 1.788274983833318 5.628124709525952 -1.9119265405467627 1
Pedestrian 165 2 -2.0538189706551626 1021.11536 803.08746 1081.0071 912.07526 1.3819468766040066 0.6219320139436164 0.5923850461413351 1.2376317438733655 3.8911587858646484 20.660739540298884 -1.9939878798593107 1
Car 896 2 -2.764428646302773 244.31268 792.1558 469.63147 873.0492 1.4150164051011582 1.8479671916494154 3.9183097248444234 -12.43760782560082 4.9814130129439596 30.95352823984046 -3.1464991402640443 1
