bicycle 879 0 1.6838193307836127 482.48105 687.99744 581.25775 871.7124 1.6192898190194869 0.7361264286612312 1.8092309769576511 -4.2148314687043245 2.2834895488367706 14.788437120242635 1.4061722379478296 1
Pedestrian 881 0 -1.6776703539622104 1020.30524 648.10016 1140.2777 937.7162 1.7072018371316469 0.6537978119361353 0.8996920056915937 0.7263364664172153 1.8593769829636075 9.348178689556809 -1.6001279653006746 1
bicycle 169 0 -3.02155016461046 1409.3895 725.8211 1789.2516 1015.2358 1.2698303054983857 0.6481748618279563 1.7534905796129896 3.2994343748072525 1.8432791275031233 7.77954970507851 -2.6204281984300204 1
bicycle 171 1 -2.3681935037118746 1228.364 797.2601 1440.7997 939.2771 0.6528177192593315 0.3302317877975606 1.4658786677784366 2.2850624989400865 1.8072015839678575 9.306147881962437 -2.1274137361542262 1
bicycle 884 1 2.25355508349963 639.8435 822.9654 695.74585 885.0763 1.308145699741779 0.3769932041986943 1.733114157730895 -7.40415062172602 6.426810815739362 37.79358951150582 -4.223090232501988 1
bicycle 174 1 2.6469530919034856 565.6981 811.6211 653.156 878.0127 1.324112658709453 0.6098286561509388 1.9791239174442443 -8.383548283138163 5.890384654619064 35.686312371912486 -3.866971542052095 1
bicycle 163 2 -2.0312509227749005 1163.149 709.13574 1338.8467 920.88885 1.2432495054898953 0.49431865981076334 1.6785738343865795 1.9618251624750511 1.8756092573472924 10.3511381080883 -1.843945068225481 1
bicycle 170 1 2.90331453607452 1732.9865 826.7415 1935.0 1058.127 0.9723615483833729 0.3888162492201843 1.483809006862832 4.697703676199342 2.033404768975313 7.440172380787569 -2.816684474606794 1
bicycle_rack 175 0 2.285966971397382 0.0 712.6494 357.83527 945.2401 1.1973227379556777 1.444334835741865 2.8603871491199877 -5.715261558733126 1.8997108174986557 10.419172233398298 -4.4989346830277235 1
bicycle_rack 176 1 2.1258270954145173 147.37355 705.30664 483.48785 878.7562 1.1973227379556777 1.444334835741865 2.8204141828383418 -5.567427689884146 1.9893647115632753 13.22473477822588 -4.555824025968823 1
bicycle_rack 888 1 -3.0545728840185298 676.0773 840.5096 745.8534 895.008 0.9687721871368881 3.9915887408282926 1.7225056675422001 -7.469629127954716 7.740942319064912 44.914220935903515 -3.2193733237048736 1
moped_scooter 890 1 -0.2846149348506091 455.19037 808.311 547.3823 876.29584 1.3502693096531393 0.4536637226145302 1.9789048228218933 -10.568752788563009 5.658832409006465 34.39583449130479 -0.5827265684687366 1
Pedestrian 179 1 -1.659076323363809 1132.4464 653.5235 1233.3652 921.87866 1.6431658724875322 0.5868592704503622 0.5762557894434346 1.401579127910453 1.8313610697298306 9.526489173044578 -1.51299986518039 1
Pedestrian 891 1 -2.0649085154973315 1093.6027 788.8483 1158.3384 913.4701 1.5697222521707925 0.6093350639365693 0.7262432591114808 2.250031419283372 3.8637904913035794 20.47410732246717 -1.9554513160088125 1
Pedestrian 180 1 -1.360920310008081 873.3647 817.85187 899.1187 887.60065 1.7799435577134672 0.5849810112949221 0.5852098333052265 -2.0225862022057473 7.030056372517632 40.35460134359606 -1.4109987415055283 1
Pedestrian 974 1 0.38390333203186366 861.3147 816.69196 886.24927 885.04456 1.7818542768469585 0.5919480223824887 0.5035495279033336 -2.418708638527482 7.1340795974504445 41.371316953980624 0.32550638550746736 1
rider 883 0 1.678000137322409 495.93887 690.6536 575.51416 852.89044 1.5514918934097077 0.7068721663415467 0.5605169092809149 -4.233659707757355 2.2218492133877508 14.909478786350775 1.401325343089976 1
Pedestrian 165 2 -2.0177851008020298 1051.1653 800.29047 1111.342 910.5461 1.3819468766040066 0.6219320139436164 0.5923850461413351 1.630723040419368 3.816181831564238 20.36697880120875 -1.9378885342609635 1
rider 882 0 -2.1238318040418815 1156.4248 640.11816 1434.772 1096.283 1.6866163044573663 0.7792143301665416 0.841502061284866 1.3365854078776542 1.7539623128856006 6.0903315250975645 -1.9077964319474696 1
bicycle 894 1 1.6330675753304287 420.63867 797.1422 478.92273 879.9131 1.2764189228867053 0.9328492799853803 1.9762997131103939 -9.76675857165498 4.6964112469125645 28.616768793092746 1.3041687647063407 1
Cyclist 895 0 -2.112146271376869 1093.0107 637.5933 1494.3411 1141.2997 1.7416627708808479 0.7641915957197235 1.8579942927071444 1.282970089478154 1.8030300633022736 6.22458940635075 -1.9088795968714558 1
Car 896 2 -2.7628197334330604 246.41325 792.2144 472.5236 873.3619 1.4150164051011582 1.8479671916494154 3.9183097248444234 -12.3365682276075 4.968212593763514 30.830339779989117 -3.143450039517046 1
