bicycle 879 0 1.7326526626443315 486.02783 687.54016 591.29865 867.14075 1.6192898190194869 0.7361264286612312 1.8092309769576511 -4.2281122664679245 2.2903098789347642 15.078906287113284 1.459273880970529 1
rider 883 0 1.7215099181396745 501.78647 691.5064 582.03894 850.76685 1.5514918934097077 0.7068721663415467 0.5605169092809149 -4.2421556765165525 2.240986679101204 15.158585115655189 1.4486387473173243 1
bicycle 169 1 -3.0172118590346284 1401.8984 725.55554 1775.9752 1010.46014 1.2698303054983857 0.6481748618279563 1.7534905796129896 3.2916109089854 1.84904331203913 7.888488350203998 -2.621908777532486 1
bicycle 171 1 -2.3670514659248503 1225.1415 798.6213 1435.4673 939.52893 0.6528177192593315 0.3302317877975606 1.4658786677784366 2.2786447481894854 1.8255812063226124 9.386257494768337 -2.1288947319477924 1
bicycle 884 1 2.1938521426047277 640.7919 822.86084 693.861 885.0374 1.308145699741779 0.3769932041986943 1.733114157730895 -7.426500298537121 6.432864625196492 37.84682748279954 -4.2830964629972605 1
bicycle 174 1 2.6492421072127406 559.8596 812.2699 647.0863 878.4333 1.324112658709453 0.6098286561509388 1.9791239174442443 -8.559769209146726 5.9242322593112435 35.82902538865757 -3.8684535084781113 1
bicycle 163 2 -2.0235353771659086 1151.3619 710.42773 1321.5173 917.4533 1.2432495054898953 0.49431865981076334 1.6785738343865795 1.9043024076939943 1.898311844267397 10.578482952123426 -1.8454263715254773 1
bicycle 170 1 2.9064643319134333 1725.855 827.2247 1935.0 1055.5227 0.9723615483833729 0.3888162492201843 1.483809006862832 4.7084482828102106 2.048543629765263 7.534244387659889 -2.8181650366918385 1
bicycle_rack 175 0 2.282417731213082 0.0 711.71094 359.7082 941.74915 1.1973227379556777 1.444334835741865 2.8603871491199877 -5.733482363843889 1.8970818333196422 10.503874283637277 -4.500414812812053 1
bicycle_rack 176 1 2.122860503536975 151.6695 707.7331 484.8678 880.57227 1.1973227379556777 1.444334835741865 2.8204141828383418 -5.578779815974743 2.017778734366808 13.306960445928183 -4.557304645720407 1
bicycle_rack 888 1 -3.0556275010628164 675.5816 835.8082 745.05664 889.7295 0.9687721871368881 3.9915887408282926 1.7225056675422001 -7.507556917286091 7.608837029590048 45.02349266129104 -3.2208548709298297 1
moped_scooter 890 1 -0.2891452957751638 460.5186 807.5925 552.0335 875.13293 1.3502693096531393 0.4536637226145302 1.9789048228218933 -10.518686543547185 5.668046099436505 34.60835616571714 -0.5842081499956151 1
Pedestrian 179 1 -1.6616338422096282 1134.4185 654.5535 1234.499 920.6063 1.6431658724875322 0.5868592704503622 0.5514301544383023 1.4219110097872396 1.8391975728223853 9.592996601444613 -1.514481399304417 1
Pedestrian 891 1 -2.097689201057972 1095.4889 785.3691 1161.0839 910.00806 1.5697222521707925 0.6093350639365693 0.7262432591114808 2.280576529618969 3.81424117778976 20.461689492667993 -1.9866913839384994 1
Pedestrian 180 1 -1.3605558601683572 870.66034 818.4997 896.2933 888.15076 1.7799435577134672 0.5849810112949221 0.569140589825668 -2.0976879077136843 7.04765100663392 40.36263113499464 -1.41248018454763 1
Pedestrian 974 1 0.3838568573196884 859.1875 816.63043 884.06964 884.8308 1.7818542768469585 0.5919480223824887 0.5035495279033336 -2.48364242332915 7.143797338319682 41.46073969082579 0.3240248805536956 1
Pedestrian 881 0 -1.676927335335201 1016.76764 648.63385 1137.8064 938.6541 1.7072018371316469 0.6537978119361353 1.00390318406888 0.7092248014157747 1.8645120858151787 9.398625351458698 -1.6016095968657547 1
Pedestrian 165 2 -2.067044664878946 1043.0077 803.77875 1103.5726 913.51263 1.3819468766040066 0.6219320139436164 0.5923850461413351 1.5346662641207651 3.8848541423599467 20.526898929736742 -1.9924198310127097 1
rider 882 0 -2.1524388428198744 1191.4318 638.00555 1486.6356 1116.75 1.6866163044573663 0.7792143301665416 0.841502061284866 1.4446625661745436 1.7422804338944413 5.82360364984898 -1.9092772780178 1
bicycle 894 1 1.6319736065066075 420.16302 794.0553 478.1197 876.2668 1.2764189228867053 0.9328492799853803 1.9762997131103939 -9.816087179240991 4.64736577208026 28.724759404505985 1.3026859578399406 1
Cyclist 895 0 -2.139864625913618 1122.8589 637.2798 1552.2069 1165.8844 1.7416627708808479 0.7641915957197235 1.8579942927071444 1.3964775662991544 1.799469986643107 5.977539750827697 -1.9103600944698726 1
Car 896 2 -2.763768407651958 245.75002 792.19183 471.34818 873.17566 1.4150164051011582 1.8479671916494154 3.9183097248444234 -12.385606450740996 4.976425711237481 30.905134969567456 -3.144931585331888 1
