Pedestrian 881 0 -1.6633067760276088 1047.4993 660.1686 1165.3976 928.61896 1.7072018371316469 0.7232719308543224 0.596954563944331 0.9481590544192227 1.94750667185522 9.88870635635561 -1.5677159784743702 1
rider 882 0 -1.6539812045614661 854.5112 654.55457 985.73267 931.59375 1.6866163044573663 0.7792143301665416 0.841502061284866 -0.2823785584123071 1.887456140720344 9.665092162025244 -1.6831892296109607 1
bicycle 169 1 -3.138868648998238 1618.9182 739.3978 1935.0 1138.9335 1.2698303054983857 0.6481748618279563 1.7534905796129896 3.594810901921668 1.7783935425057371 5.907985518542516 -2.5922470727272775 1
bicycle 171 0 -2.461688605529183 1361.7505 832.9887 1651.3776 1022.4361 0.6528177192593315 0.3302317877975606 1.4658786677784366 2.656420227650093 1.7855452517373085 7.428637061840937 -2.1182665011165627 1
bicycle 884 1 2.0166246185150554 668.9146 846.8986 714.8539 913.8354 1.308145699741779 0.3769932041986943 1.733114157730895 -6.47021847923765 6.7816534385116345 35.98545208003428 -4.44446081727377 1
bicycle 174 0 2.661419333773554 585.0926 843.3244 676.9561 914.6339 1.324112658709453 0.6098286561509388 1.9791239174442443 -7.4876180515432145 6.411579652823471 33.962175807164066 -3.838763894734143 1
bicycle 163 1 -2.0728314812678317 1249.8873 719.48346 1477.1195 984.60504 1.2432495054898953 0.49431865981076334 1.6785738343865795 2.2318219328006594 1.8368418821438774 8.51075225996294 -1.8163705547027802 1
bicycle_rack 175 1 2.361258809041869 0.0 726.00146 314.59387 1020.3148 1.1973227379556777 1.444334835741865 2.8603871491199877 -5.338458797331268 1.892261709866579 8.717731177927023 -4.471390449468242 1
bicycle_rack 176 1 2.1718308461432683 78.058044 715.6206 478.51093 922.362 1.1973227379556777 1.444334835741865 2.8204141828383418 -5.090110239960934 1.987905973364395 11.512785015909543 -4.527641733763123 1
bicycle_rack 888 1 -3.049077673634969 708.993 867.0426 782.2094 926.3446 0.9687721871368881 3.9915887408282926 1.7225056675422001 -6.164990995059721 8.276198877998109 43.09375824644738 -3.1911734757540695 1
moped_scooter 890 1 -0.09491365486063663 471.79398 836.3727 567.324 906.2731 1.3484769187312928 0.45277931288738 1.983941663319583 -9.723731424067221 6.088291701396121 32.93800862018156 -0.38197302687037893 1
Pedestrian 179 1 -1.7063837987431822 1154.0883 661.6291 1253.5356 925.7728 1.7072018371316469 0.5756394281531932 0.6864651189978942 1.6284951071436156 1.9642026589634471 10.112867718595705 -1.5467224786058338 1
Pedestrian 165 1 -1.9695381841850987 1059.0938 836.16614 1105.8604 947.58057 1.3819468766040066 0.4688191308095088 0.49494957505599124 1.6206237229585898 4.254808111170785 20.027090299555564 -1.8887925497292972 1
Pedestrian 180 2 -1.361579709861786 915.9782 849.8379 942.9279 923.86584 1.7799435577134672 0.5849810112949221 0.569140589825668 -0.8133745632358482 7.594557787559216 38.32273923984895 -1.38280085631771 1
rider 883 0 1.9350430199825492 409.53497 682.3958 531.4999 900.2586 1.5514918934097077 0.7068721663415467 0.5605169092809149 -3.63300982324926 1.9898296709151273 11.103479809079316 -4.664358754866482 1
bicycle 879 0 1.935337514283832 368.51044 678.75616 559.4255 927.48267 1.6192898190194869 0.7361264286612312 1.8092309769576511 -3.620109893353915 2.0506680447167893 11.056249864241746 -4.664272867384444 1
bicycle_rack 880 1 -1.5947732909212469 1238.2955 748.70557 1374.947 970.7927 1.191313483185795 0.9009125933312407 3.4852928130450147 2.6754926888651958 2.31894083539808 11.823096076713679 -1.3722277851517788 1
Pedestrian 891 2 -2.0270918220208882 1087.0065 822.82117 1151.1832 949.8332 1.5697222521707925 0.6093350639365693 0.7262432591114808 2.1391128572806677 4.317739552411963 20.317468101932562 -1.9221938536425538 1
bicycle 894 2 1.6601082109054621 418.81302 823.8481 484.26767 914.8791 1.2764189228867053 0.9328492799853803 1.9762997131103939 -9.083470897874948 4.973301783311499 26.718102550268995 1.3323926511201725 1
Cyclist 895 0 -1.660510031036866 850.15155 650.4616 993.6098 952.5913 1.7416627708808479 0.7641915957197235 1.8579942927071444 -0.29893258096847386 1.9249420183676906 9.752807406864806 -1.6911513640991827 1
bicycle_rack 889 1 -3.035788926677305 756.7371 867.6469 825.8562 926.9803 1.1972580890060003 4.3955959826457125 1.8570959556293045 -5.678902902316534 9.738023066632572 50.41176203406849 -3.1479663627293712 1
Car 896 2 -2.742193289013348 252.6639 820.4521 492.09055 909.3834 1.4150164051011582 1.8479671916494154 3.9183097248444234 -11.373346246756466 5.342508487679694 29.059292707663516 -3.1152502046062907 1
