Pedestrian 881 0 -1.6404889315772648 1037.7721 647.0763 1154.6466 915.959 1.7072018371316469 0.7232719308543224 0.7092440929264685 0.8806134795043951 1.8596348177739421 9.916105339365727 -1.5519149063176252 1
Pedestrian 165 2 -1.6716148627696041 1061.5242 821.2375 1111.4359 929.9507 1.3819468766040066 0.6219320139436164 0.5923850461413351 1.703232176050644 4.100037368195436 20.401194921791046 -1.5883211419922914 1
rider 882 0 -1.6812070975937456 868.84845 647.6428 1012.5833 944.35474 1.6866163044573663 0.7792143301665416 0.841502061284866 -0.141949692392769 1.8311940191061729 9.03870323560179 -1.6969104590656852 1
bicycle 169 1 -3.10283887763901 1560.6735 733.5631 1935.0 1091.8224 1.2698303054983857 0.6481748618279563 1.7534905796129896 3.584131828204103 1.7934981771005385 6.47543928811986 -2.5973153141581884 1
bicycle 171 0 -2.414992693798778 1318.8578 818.00525 1579.904 991.14276 0.6528177192593315 0.3302317877975606 1.4658786677784366 2.546547605534084 1.7714988177118995 7.948335358046802 -2.104938247512761 1
bicycle 884 1 2.2024062795295842 657.72156 840.47473 712.79803 905.49786 1.308145699741779 0.3769932041986943 1.733114157730895 -6.754590386722232 6.718162220004572 36.66685318662974 -4.262951823953575 1
bicycle 174 0 2.6567338683363406 585.1538 833.192 675.6967 903.0229 1.324112658709453 0.6098286561509388 1.9791239174442443 -7.604858701527513 6.241206964573049 34.43048094590368 -3.843836921704464 1
bicycle 163 1 -2.0605197223804104 1230.5332 710.8406 1440.4255 956.5394 1.2432495054898953 0.49431865981076334 1.6785738343865795 2.212577687871741 1.813785042923576 9.053183102655973 -1.8208206644324048 1
bicycle_rack 175 1 2.336456686341454 0.0 720.76013 336.58685 993.6555 1.1973227379556777 1.444334835741865 2.8603871491199877 -5.3966393583608445 1.8880763490715382 9.21628608720532 -4.476458837312357 1
bicycle_rack 176 1 2.158380585570094 105.644226 713.50696 484.69574 909.60504 1.1973227379556777 1.444334835741865 2.8204141828383418 -5.193536027886224 1.9992918745206143 12.018086818066527 -4.5327102399380905 1
bicycle_rack 888 1 -3.050969699105197 704.75385 857.0948 776.8297 914.68976 0.9687721871368881 3.9915887408282926 1.7225056675422001 -6.385092028417976 8.061716081860178 43.64199677313995 -3.1962451253939648 1
moped_scooter 890 1 -0.04549476294040228 467.88824 828.2068 561.5042 896.29834 1.3484769187312928 0.45277931288738 1.983941663319583 -9.965541573226051 5.960528769723885 33.383866133149404 -0.33558742702333233 1
Pedestrian 179 1 -1.7049050920970399 1139.6102 651.7554 1250.1378 919.3674 1.6898333074021017 0.6065686936461621 0.9723372279117382 1.5491536965008388 1.878878193660651 10.033719823858881 -1.5517198928988882 1
Pedestrian 891 1 -1.7148457833038744 1104.604 809.6027 1156.5359 933.0545 1.5697222521707925 0.6093350639365693 0.7262432591114808 2.3149186510148034 4.148052789869039 20.50273818470022 -1.602414155669239 1
Pedestrian 180 2 -1.3575212444068518 902.42145 844.32574 929.1615 917.45483 1.7799435577134672 0.5849810112949221 0.569140589825668 -1.1758788654379235 7.511784685480347 38.73088907611018 -1.3878721557025815 1
bicycle 879 0 1.998615905856309 394.8634 678.9863 582.5475 909.0092 1.6192898190194869 0.7361264286612312 1.8092309769576511 -3.711743367115629 2.0843846281867053 11.91509480338815 -4.586557616336483 1
bicycle_rack 880 1 -1.5880459719195936 1222.8839 742.22784 1348.8788 945.22534 1.191313483185795 0.9009125933312407 3.4852928130450147 2.706087682475962 2.32478808580127 12.65009488325031 -1.3773038817371528 1
rider 883 0 1.999807548914359 439.88477 682.0218 554.5501 884.5168 1.5514918934097077 0.7068721663415467 0.5605169092809149 -3.7035610600226234 2.0208543072585483 11.963863976953014 -4.5835840395513285 1
bicycle 894 2 1.6503371426903952 427.83267 813.6665 491.0194 902.30536 1.2764189228867053 0.9328492799853803 1.9762997131103939 -9.095080570372664 4.841314250230578 27.170179919604582 1.3273166700564265 1
Cyclist 895 0 -1.6818851435685411 866.2538 640.7648 1026.6423 965.42725 1.7416627708808479 0.7641915957197235 1.8579942927071444 -0.13692196252003963 1.84837669995657 9.086974108335612 -1.6969519413737582 1
Car 896 1 -2.7482244353202194 256.4427 814.8998 491.77875 901.7792 1.4150164051011582 1.8479671916494154 3.9183097248444234 -11.530824979021999 5.291480681487992 29.545151492358027 -3.120321853832267 1
