Pedestrian 165 1 -1.9476057835194962 1062.809 838.0185 1110.1063 949.8721 1.3819468766040066 0.47577880731563416 0.5088689280681956 1.669686324786426 4.2737393721667365 19.979175024006704 -1.8642281962222111 1
rider 882 0 -1.6215862318909122 853.2933 656.4175 979.51465 930.8314 1.6866163044573663 0.7792143301665416 0.841502061284866 -0.308769844300683 1.9015711476327564 9.74664055803236 -1.6532552578492843 1
bicycle 169 1 3.132429867072985 1637.3763 740.89343 1935.0 1154.2583 1.2698303054983857 0.6481748618279563 1.7534905796129896 3.594701815077503 1.772127105687717 5.741030072084251 -2.5913351120568704 1
bicycle 171 0 -2.4294633372722445 1376.3519 831.59766 1669.004 1026.4875 0.6528177192593315 0.3302317877975606 1.4658786677784366 2.6705458381249487 1.755952397295089 7.259996378916763 -2.076981165076638 1
bicycle 884 1 2.0172716280769647 669.20636 848.64355 715.3753 915.9568 1.308145699741779 0.3769932041986943 1.733114157730895 -6.433273961880349 6.802120229157724 35.834747807476816 -4.443547590952033 1
bicycle 174 0 2.662515246165131 584.52356 842.9289 676.9404 914.6327 1.324112658709453 0.6098286561509388 1.9791239174442443 -7.451063046478922 6.3738304213899255 33.7669642378605 -3.837851072261815 1
bicycle 163 1 -2.0797030562203576 1260.8351 717.55194 1493.983 987.1142 1.2432495054898953 0.49431865981076334 1.6785738343865795 2.2708960244515115 1.8161408002914012 8.37232792647676 -1.8148374167961165 1
bicycle_rack 175 1 2.369188828951601 0.0 722.9786 306.21613 1022.394 1.1973227379556777 1.444334835741865 2.8603871491199877 -5.327814983266752 1.8614753486008366 8.564800061197058 -4.470478459774009 1
bicycle_rack 176 1 2.174334952864916 71.248604 714.75934 478.31125 924.6136 1.1973227379556777 1.444334835741865 2.8204141828383418 -5.041017484306986 1.97081408178079 11.352839940076448 -4.526729722902301 1
bicycle_rack 888 1 -3.0481284443692704 708.7017 871.7888 782.35474 931.81537 0.9687721871368881 3.9915887408282926 1.7225056675422001 -6.140838446836502 8.389589419532783 42.91371007033143 -3.1902608999239463 1
moped_scooter 890 1 -0.1796672059925124 466.40375 838.147 563.75903 909.97906 1.3484769187312928 0.45277931288738 1.983941663319583 -9.714853347346395 6.08817802445161 32.587547002949876 -0.4693942194133425 1
Pedestrian 179 1 -1.6384054257759009 1158.5404 660.7003 1257.4904 930.8992 1.7072018371316469 0.5930079578827462 0.981643565220237 1.6497251872897019 1.961437283486614 10.102290819550156 -1.4765321675782768 1
Pedestrian 180 2 -1.360813024393821 916.1318 852.3267 943.2095 926.72015 1.7799435577134672 0.5849810112949221 0.569140589825668 -0.8043520383813408 7.634164593651105 38.15994175962547 -1.38188834338902 1
rider 883 0 2.001935351756427 396.38022 678.2417 524.3043 902.6375 1.5514918934097077 0.7068721663415467 0.5605169092809149 -3.6098546683851223 1.9483185721321767 10.807474284719317 -4.6036135634258315 1
bicycle 879 0 1.992202615313527 349.39508 676.7437 556.9753 932.2833 1.6192898190194869 0.7361264286612312 1.8092309769576511 -3.6069712998403936 2.025951119076143 10.792973595944906 -4.613509669920443 1
bicycle_rack 880 1 -1.5987566547127883 1245.9604 752.70984 1385.1176 980.1097 1.191313483185795 0.9009125933312407 3.4852928130450147 2.6969012617071133 2.3408252900457356 11.652349592727095 -1.3713144099892918 1
Pedestrian 881 0 -1.6647246183310442 1050.1594 661.31396 1170.614 933.52374 1.7072018371316469 0.7232719308543224 0.7173224435313226 0.966201841627945 1.9554878690186834 9.835500473687652 -1.5668026409655722 1
Pedestrian 891 2 -1.9849906158103952 1092.4976 825.87445 1155.9736 953.902 1.5697222521707925 0.6093350639365693 0.7262432591114808 2.1902492799436195 4.3364306069769825 20.14889149633407 -1.8767125506549633 1
bicycle 894 2 1.6598727876112076 420.53787 819.8706 486.34454 911.1474 1.2764189228867053 0.9328492799853803 1.9762997131103939 -8.993898631671758 4.878062093345946 26.554695651010043 1.333306006682767 1
Cyclist 895 0 -1.657821537177594 847.76154 647.5849 989.8639 947.6332 1.7416627708808479 0.7641915957197235 1.8579942927071444 -0.31975607109804716 1.9049560268973043 9.79496771052676 -1.6904548817672809 1
bicycle_rack 889 1 -3.031295413019522 750.9071 866.7772 820.7953 926.18115 1.1972580890060003 4.3955959826457125 1.8570959556293045 -5.846736614761302 9.686353457873608 50.28231039766153 -3.147053773947105 1
Car 896 2 -2.7404666993648386 250.58907 819.3491 491.2976 908.68994 1.4150164051011582 1.8479671916494154 3.9183097248444234 -11.344391804558846 5.301947006495846 28.91593826623819 -3.114337628760893 1
