Pedestrian 165 1 -2.135083196697634 1056.039 864.47125 1120.94 983.02875 1.3819468766040066 0.6219320139436164 0.5923850461413351 1.6545293610964962 4.5677183658535725 19.479853222307636 -2.0503511471230027 1
rider 882 0 -1.5443285080502354 851.7575 702.41455 965.55096 955.14905 1.6866163044573663 0.7792143301665416 0.841502061284866 -0.36348273275130427 2.261332981665591 10.663582000220407 -1.5784016793672753 1
bicycle 169 2 3.0055918106464308 1861.3246 747.61346 1935.0 1215.0 1.2698303054983857 0.6481748618279563 1.7534905796129896 3.6495256725373664 1.6877325996042636 4.351279158720603 -2.5796818056916146 1
bicycle 171 0 -2.57255133082059 1456.5642 864.95404 1846.9116 1113.9567 0.6528177192593315 0.3302317877975606 1.4658786677784366 2.6935724047955047 1.7260482663931116 5.981892293467122 -2.1494581952447485 1
bicycle 884 0 2.0897994770589596 675.4414 881.42957 727.58734 952.8909 1.308145699741779 0.3769932041986943 1.733114157730895 -5.9907699026195305 7.3882530274495135 34.565157422792296 -4.364999179448112 1
bicycle 174 0 2.6652833409523944 596.8903 869.2162 692.3803 944.7974 1.324112658709453 0.6098286561509388 1.9791239174442443 -6.89717179728494 6.7964556942913035 32.63389458445413 -3.826186734867157 1
bicycle 163 1 -2.1276333534627256 1333.235 726.46075 1626.6493 1053.1407 1.2432495054898953 0.49431865981076334 1.6785738343865795 2.3907813340213626 1.7853369770068297 7.1082008678188515 -1.8031780999558593 1
bicycle_rack 175 1 2.4343290100575823 0.0 732.74927 245.83905 1096.9579 1.1973227379556777 1.444334835741865 2.8603871491199877 -5.178066431580329 1.844585958171494 7.409178738066527 -4.458824710681348 1
bicycle_rack 176 1 2.21351633861933 0.0 729.22876 453.57687 972.42896 1.1973227379556777 1.444334835741865 2.8204141828383418 -4.867048376903579 2.014928733214635 10.194853053757964 -4.51507570671928 1
bicycle_rack 888 1 -3.043992929017107 718.714 892.9828 795.0683 956.9344 0.9687721871368881 3.9915887408282926 1.7225056675422001 -5.643048085738778 8.801850931819168 41.668970009927925 -3.1785996821092417 1
bicycle_rack 889 1 -3.0215415448370693 756.03455 895.34485 828.55145 958.72284 1.1972580890060003 4.3955959826457125 1.8570959556293045 -5.5153496274899165 10.50834736299242 49.28070602661218 -3.1329947734691235 1
moped_scooter 890 0 -0.15455109929631994 475.57 864.5434 576.40155 939.9184 1.3484769187312928 0.45277931288738 1.983941663319583 -9.119705886918032 6.473556162687529 31.356550815297457 -0.43758220263433456 1
Pedestrian 179 1 -1.6037562782952233 1224.6237 692.82587 1325.554 967.71173 1.7072018371316469 0.6277450173418402 0.5908516463054329 2.0455129262345917 2.168172016085227 9.803218379268145 -1.3980504335499606 1
Pedestrian 180 1 -1.3611800511649588 933.65344 871.86945 961.6617 949.27484 1.7799435577134672 0.5849810112949221 0.569140589825668 -0.3336668808605514 7.925767421479259 36.8769215010693 -1.370227926153512 1
Pedestrian 893 1 0.14230777345156848 928.4343 868.5906 951.28204 942.9113 1.7788959434031502 0.5931297087011925 0.5054584181864694 -0.5458847156535526 8.067016654600097 38.2615859727711 0.12804156708272263 1
rider 883 0 2.1010085732826074 292.02747 680.54346 457.5713 963.2762 1.5514918934097077 0.7068721663415467 0.5605169092809149 -3.387623439159886 1.8864534004274913 8.669451655238584 -4.5546871504735655 1
bicycle 879 0 2.1088790972632667 210.65738 677.6883 503.69913 1005.9784 1.6192898190194869 0.7361264286612312 1.8092309769576511 -3.406408380773189 1.9577276441459994 8.634851297375674 -4.550058179844715 1
bicycle_rack 880 1 -1.6286560585774656 1303.7188 763.6389 1472.5299 1027.9384 1.191313483185795 0.9009125933312407 3.4852928130450147 2.874726298107818 2.325543126060376 10.427164202980666 -1.3596430009683722 1
Pedestrian 881 0 -1.6748382101652288 1080.365 687.60913 1207.0326 972.00684 1.7072018371316469 0.7232719308543224 0.8041650921790051 1.149477257489872 2.1253915904033036 9.564552922779356 -1.5552308859518462 1
Pedestrian 891 1 -2.1589069124862976 1079.3292 849.62616 1148.1744 981.33563 1.5697222521707925 0.6093350639365693 0.7262432591114808 2.02166167401878 4.625026952735167 19.86808890975316 -2.0575017226229946 1
bicycle 894 1 1.6683671097017054 423.6956 856.9018 493.48373 955.79517 1.2764189228867053 0.9328492799853803 1.9762997131103939 -8.505676657062859 5.379195237931895 25.37827375251865 1.3449771971043631 1
Cyclist 895 0 -1.5655746392473429 850.94196 698.47784 966.5652 976.1349 1.7416627708808479 0.7641915957197235 1.8579942927071444 -0.3741501235757694 2.32021289525032 10.8185677513844 -1.600144932719535 1
Car 896 2 -2.7265960051428033 241.80865 847.5211 492.07782 942.91125 1.4150164051011582 1.8479671916494154 3.9183097248444234 -10.996734998297825 5.709540594539822 27.848654635060857 -3.102676408344163 1
