bicycle 163 1 -2.19318112249985 1431.3046 737.2916 1819.0999 1147.215 1.2432495054898953 0.49431865981076334 1.6785738343865795 2.5144114756253546 1.751323209127533 5.887192461688985 -1.7895343119122435 1
Pedestrian 881 0 -1.6710852596047743 1120.8806 720.9993 1246.8142 1009.76013 1.7072018371316469 0.7232719308543224 0.5962620905043505 1.3806164829948042 2.3292502352875033 9.365250188098864 -1.524720398560303 1
Pedestrian 165 0 -1.9742612415488883 1046.8209 888.43536 1108.6487 1010.2915 1.3819468766040066 0.6219320139436164 0.515828604574265 1.4604087048930097 4.754042597197675 18.791233839729788 -1.896699596105171 1
rider 882 0 -1.5432181059346841 850.8621 763.35767 954.9964 999.27124 1.6866163044573663 0.7792143301665416 0.841502061284866 -0.4409444316638682 2.8013416907988873 11.614926728878398 -1.581163483474117 1
bicycle 171 1 -2.6605968236957507 1613.715 899.2991 1935.0 1215.0 0.6528177192593315 0.3302317877975606 1.4658786677784366 2.8409032664534792 1.65851774786703 4.770461115544536 -2.1234782215091608 1
bicycle 884 0 2.1166504626979483 684.5976 911.8132 740.08026 987.3793 1.308145699741779 0.3769932041986943 1.733114157730895 -5.5466684623067355 7.884627019074333 33.40343770227565 -4.3310842669812795 1
bicycle 174 0 2.66988449811923 608.4193 896.9946 706.8565 976.4516 1.324112658709453 0.6098286561509388 1.9791239174442443 -6.409206798637859 7.23424095345524 31.627912651723243 -3.8132373811670863 1
bicycle 886 2 1.3632892716269454 310.7779 820.94763 426.9281 1002.8633 1.1420312020926364 0.5207388900551064 1.785952923053728 -4.852243570914638 2.856495245320748 12.189921801675684 0.984461857855369 1
bicycle 887 2 1.3317146862137867 290.34613 840.2667 417.47595 1018.0792 1.1682955872529397 0.6079429779370245 1.792932935983567 -5.271065994788042 3.159415247201836 12.921262485826759 0.9443845212399777 1
bicycle_rack 175 2 2.508614690923269 0.0 754.3093 170.6299 1213.8907 1.1973227379556777 1.444334835741865 2.8603871491199877 -5.0582329627678835 1.8825959330851527 6.34939663791088 -4.447264198667421 1
bicycle_rack 176 1 2.2648063918733135 0.0 763.5794 418.32678 1056.2115 1.1973227379556777 1.444334835741865 2.8204141828383418 -4.752823699394696 2.1832527865120563 9.100717037605133 -4.499665446408104 1
bicycle_rack 888 1 -3.0436771590302016 736.21 924.03204 815.43304 993.69867 0.9687721871368881 3.9915887408282926 1.7225056675422001 -4.9223866607730065 9.398075904384097 40.12453053255133 -3.165744969366557 1
bicycle_rack 889 1 -3.022570173547452 775.99963 919.1464 850.4069 986.93665 1.1972580890060003 4.3955959826457125 1.8570959556293045 -4.68623122411319 11.053881263677315 47.87708051878471 -3.1201398457550242 1
moped_scooter 890 0 -0.1302763121679626 482.06976 885.5169 586.23755 964.11743 1.3484769187312928 0.45277931288738 1.983941663319583 -8.63252843719107 6.724707142856164 30.247710264045903 -0.4082802429939727 1
Pedestrian 179 1 -1.6135951294822526 1279.6421 725.9934 1394.437 1002.8207 1.7072018371316469 0.7059034011248122 0.4953652060111255 2.4416531972387814 2.3885438853917713 9.765122225792085 -1.3685805510245896 1
Pedestrian 891 1 -2.0049294450215793 1082.8821 873.67145 1146.6469 1009.17957 1.5697222521707925 0.6093350639365693 0.6165798346660563 1.9613254281645642 4.820228439698127 19.14905328327771 -1.902861228568621 1
Pedestrian 892 2 1.6649584064284106 426.75412 862.9659 461.03204 961.39075 1.737044624363164 0.5605137128180653 0.6740528440761739 -9.921631033517995 6.367199601105702 28.6912010410563 1.3320234708586867 1
Pedestrian 180 1 -1.3585493769347976 948.4186 904.22095 977.4653 985.06464 1.7799435577134672 0.5849810112949221 0.569140589825668 0.04185888794185403 8.495823022752722 35.61585103139617 -1.357374089318289 1
Pedestrian 893 1 0.1443997132088462 944.0625 899.86597 967.83777 977.7006 1.7788959434031502 0.5931297087011925 0.5054584181864694 -0.1290354175685663 8.611879554059367 36.833153076487605 0.14089648638942154 1
rider 883 0 2.0237022452841806 163.60518 684.6305 375.60388 1043.4679 1.5514918934097077 0.7068721663415467 0.5605169092809149 -3.1487652221781643 1.8365993086457082 6.849752654479362 -4.690366204682363 1
bicycle 879 0 2.032675429721553 57.429527 679.7632 420.8922 1110.2612 1.6192898190194869 0.7361264286612312 1.8092309769576511 -3.160988637264313 1.9012501087939053 6.77156135479503 -4.687249406204861 1
bicycle_rack 880 0 -1.7124926645074714 1343.2095 777.39594 1600.1951 1108.3354 1.191313483185795 0.9009125933312407 3.4852928130450147 2.859927247870913 2.274757990909365 8.830679822427346 -1.3992898156442137 1
bicycle 894 0 1.6830263542291979 418.07056 876.605 492.80014 981.83 1.2764189228867053 0.9328492799853803 1.9762997131103939 -8.191897807480434 5.545168571731017 24.297341030793916 1.3578429207225167 1
Cyclist 895 0 -1.5568137158988926 857.04663 759.1815 963.10254 1024.2777 1.7416627708808479 0.7641915957197235 1.8579942927071444 -0.386485590434478 2.8771812831423165 11.709580214801855 -1.5898076687401896 1
Car 896 1 -2.7136012621103047 235.90938 872.95276 497.07013 975.17365 1.4150164051011582 1.8479671916494154 3.9183097248444234 -10.545879980791911 6.013007750355514 26.69594493525172 -3.089821687570068 1
