bicycle 163 1 -2.2403508242631482 1500.2162 740.9597 1935.0 1214.9508 1.2432495054898953 0.49431865981076334 1.6785738343865795 2.576692580908511 1.71626009446453 5.222237728783017 -1.7819909072007796 1
Pedestrian 165 0 -1.9317439495144106 1049.527 912.6942 1100.9889 1036.7039 1.3819468766040066 0.5036175133399673 0.43927216300721406 1.3889084513997507 4.949024874373518 18.253816251703128 -1.8558016177823728 1
rider 882 0 -1.6168370214431529 855.789 803.6147 955.79865 1031.2981 1.6866163044573663 0.7792143301665416 0.841502061284866 -0.46698856984716675 3.20335860186334 12.23965921873894 -1.6549722472505515 1
bicycle 171 1 -2.727804913935365 1725.3666 923.31537 1935.0 1215.0 0.6528177192593315 0.3302317877975606 1.4658786677784366 2.8875363821922493 1.6115694721991578 4.091629989178683 -2.1132517554720125 1
bicycle 884 0 1.9542966498730978 698.7903 923.16986 745.0498 1001.3052 1.308145699741779 0.3769932041986943 1.733114157730895 -5.220369345161996 8.00595274364002 32.69431256592159 -4.487224181885488 1
bicycle 174 0 2.6788723505812673 604.59454 911.5417 706.1412 994.1618 1.324112658709453 0.6098286561509388 1.9791239174442443 -6.270415918034183 7.374455327123132 30.715411400262926 -3.8056914685186647 1
bicycle 885 1 1.6942665127609475 218.11311 827.6132 365.8175 1051.4369 1.2117980821719923 0.7551629682582893 1.6185028306450642 -4.6922455470851725 2.7660103420653956 10.581668070945208 1.2768883143821244 1
bicycle 886 1 1.3847081177151839 283.7279 852.32 401.8868 1050.0317 1.1420312020926364 0.5207388900551064 1.785952923053728 -4.810607326883194 3.0375169402516775 11.574481278140041 0.9908075857352974 1
bicycle 887 2 1.3547007069460335 263.85468 860.2604 389.89847 1045.5278 1.1682955872529397 0.6079429779370245 1.792932935983567 -5.3855129321158435 3.3003681707054993 12.640308647446068 0.951933708950174 1
bicycle_rack 175 2 2.557885220906306 0.0 765.8813 118.33747 1215.0 1.1973227379556777 1.444334835741865 2.8603871491199877 -4.99499831553906 1.8886783741907087 5.761502436601269 -4.439558883952659 1
bicycle_rack 176 1 2.2904556772037 0.0 775.9005 403.5001 1099.2667 1.1973227379556777 1.444334835741865 2.8204141828383418 -4.638944663077025 2.210877089851467 8.50377877793763 -4.492123466920009 1
bicycle_rack 888 1 -3.0391182314518868 739.63727 941.3524 820.89764 1014.06384 0.9687721871368881 3.9915887408282926 1.7225056675422001 -4.71773155168645 9.737689129524021 39.42917482637855 -3.158202881366895 1
bicycle_rack 889 1 -3.0192247717491396 781.39514 939.54205 857.54974 1010.7249 1.1972580890060003 4.3955959826457125 1.8570959556293045 -4.404718119931367 11.561558756105473 47.036261596925506 -3.11259762271807 1
moped_scooter 890 0 -0.15347185410053826 486.3476 899.3259 592.5371 980.3241 1.3484769187312928 0.45277931288738 1.983941663319583 -8.37058552026098 6.912260899605465 29.701252849121786 -0.428173009747687 1
Pedestrian 179 1 -1.633450610255533 1321.1451 759.4102 1442.6952 1050.3041 1.7072018371316469 0.7059034011248122 0.7098544062055285 2.679369007370615 2.607313297188596 9.586356750355716 -1.360907330195385 1
Pedestrian 891 1 -1.8602530191885673 1081.5189 895.1537 1145.3505 1036.2338 1.5697222521707925 0.6093350639365693 0.7262432591114808 1.8900248936802633 5.012755047006171 18.63823714060449 -1.759192704232809 1
Pedestrian 892 2 1.9748509744639335 418.4955 887.08264 454.41672 985.6347 1.737044624363164 0.4907386652046546 0.46168441598436216 -9.794815827640607 6.674849234611135 27.91773454193489 -4.645762319769426 1
Pedestrian 180 1 -1.3568317417131874 956.7507 921.0817 986.54584 1004.30334 1.7799435577134672 0.5849810112949221 0.569140589825668 0.24329359256809285 8.7319391922666 34.759485728643725 -1.3498325121637702 1
Pedestrian 1140 2 1.5744764314408073 971.0072 927.91187 992.90936 994.2772 1.5880470832709657 0.5616855313723476 0.5520444813083776 0.5353424225705581 9.472456121193208 38.6308707362116 -4.694851871041326 1
Pedestrian 893 2 0.14358606241459934 956.31635 915.463 980.57056 995.25275 1.7788959434031502 0.5931297087011925 0.5054584181864694 0.1750860452692829 8.853485548180188 36.08028475841827 0.1484387034656165 1
rider 883 0 2.0886563425015323 28.386639 687.47473 292.90256 1121.4436 1.5514918934097077 0.7068721663415467 0.5605169092809149 -3.0389281978413223 1.8030450206057675 5.72087262807562 -4.682824009936753 1
bicycle 879 0 2.0990659495541193 0.0 679.8074 353.23203 1210.0659 1.6192898190194869 0.7361264286612312 1.8092309769576511 -3.0666122950940005 1.8612242834349484 5.672730292592439 -4.679708082013107 1
bicycle_rack 880 0 -1.735111245597993 1379.8942 780.4538 1677.217 1146.5758 1.191313483185795 0.9009125933312407 3.4852928130450147 2.926947458958666 2.229574949288988 8.186401384401355 -1.3917371351371535 1
Pedestrian 881 0 -1.6482592733195414 1158.9014 743.3902 1289.2959 1048.4811 1.7072018371316469 0.7232719308543224 0.8215336219085045 1.5897330941305063 2.467740607500043 9.155410368517327 -1.4763348092777397 1
bicycle 894 0 1.6927674900513277 412.84622 895.453 490.51678 1004.8614 1.2764189228867053 0.9328492799853803 1.9762997131103939 -8.070310624445588 5.768064458452125 23.764469808970084 1.365391476634875 1
Cyclist 895 0 -1.615296768935871 853.52106 799.4556 956.9139 1058.2987 1.7416627708808479 0.7641915957197235 1.8579942927071444 -0.49239418996203416 3.2906517731005054 12.312409848687825 -1.6552671684245384 1
Car 896 1 -2.7026276382222703 226.58852 888.7214 494.27094 995.0936 1.4150164051011582 1.8479671916494154 3.9183097248444234 -10.407493687274306 6.199758710594807 26.083342153764324 -3.082279592344619 1
