Pedestrian 881 0 -1.7265445699298874 1243.0098 835.8651 1394.8086 1162.2649 1.7072018371316469 0.7574896352335068 0.6926545958166628 2.0568655741047825 2.9845702413661477 8.680303264083452 -1.4938780803123293 1
bicycle 884 0 2.1120995279443644 710.13947 981.01483 770.10443 1067.5104 1.308145699741779 0.3769932041986943 1.733114157730895 -4.521365301053246 8.82012734154925 30.673081604771586 -4.317436859136908 1
bicycle 174 0 2.6877196371084917 620.2333 970.20105 728.6644 1061.905 1.324112658709453 0.6098286561509388 1.9791239174442443 -5.498797439235318 8.152663675416676 28.73618180265977 -3.7845345886669586 1
bicycle 885 1 1.7603747645350911 103.291016 873.5039 305.67035 1160.0975 1.2117980821719923 0.7551629682582893 1.6185028306450642 -4.359839072863682 2.8100853473803333 8.733136824997297 1.2973437874437326 1
bicycle 886 1 1.446157486253242 206.41937 908.19366 332.82812 1160.3629 1.1420312020926364 0.5207388900551064 1.785952923053728 -4.502286243559298 3.1449769559010217 9.678255062606 1.0107386114971186 1
bicycle 887 2 1.4119779721991192 194.4358 914.3075 331.4387 1147.0288 1.1682955872529397 0.6079429779370245 1.792932935983567 -5.017134512085353 3.413245602426483 10.688164788829958 0.9731002086956684 1
bicycle_rack 880 1 -1.8538825915886048 1548.1901 819.98413 1935.0 1215.0 1.191313483185795 0.9009125933312407 3.4852928130450147 3.165161358349145 2.2120248824326287 6.026920817753577 -1.3703018953382937 1
bicycle_rack 176 1 2.423859391817211 0.0 810.29474 286.08795 1215.0 1.1973227379556777 1.444334835741865 2.8204141828383418 -4.482568703159425 2.185460154106805 6.42760611541947 -4.468300196275076 1
bicycle_rack 888 1 -3.0367397881579987 765.87854 996.697 851.1097 1078.9725 0.9687721871368881 3.9915887408282926 1.7225056675422001 -3.792809406849393 10.834233615154023 37.681455867209436 -3.1370564527147353 1
bicycle_rack 889 1 -3.0169608827990584 807.956 992.91473 887.58734 1073.1978 1.1972580890060003 4.3955959826457125 1.8570959556293045 -3.365296511912607 12.846109955470645 45.0943003741869 -3.0914507804082896 1
moped_scooter 890 1 -0.17562260526092865 495.2679 957.77356 608.678 1047.4568 1.3484769187312928 0.45277931288738 1.983941663319583 -7.5967917825046705 7.6737192653129025 27.78710592615966 -0.44249390454687565 1
Pedestrian 179 1 -1.6899341776873773 1401.488 852.92706 1532.2129 1156.434 1.7072018371316469 0.7059034011248122 0.5682345097090097 3.124769337834151 3.176859010616964 9.288141587176593 -1.3654030990864097 1
Pedestrian 165 0 -1.910841802112706 1042.5664 972.68054 1108.9047 1110.8193 1.3819468766040066 0.615608520132652 0.5019092515621073 1.290499931300547 5.3889299166627 16.90741734835527 -1.8346620680945323 1
Pedestrian 891 1 -2.0219723435574073 1084.574 953.04456 1159.8973 1109.8529 1.5697222521707925 0.6093350639365693 0.7262432591114808 1.8534630621151529 5.458134812239874 17.275976523819967 -1.9150955756736847 1
Pedestrian 892 0 0.21477732680862688 473.51028 933.034 516.52203 1044.272 1.7608896601980812 0.6330308084525237 0.5898003841261538 -8.07126170714231 7.168506740216917 25.90346114058045 -0.08727836695813629 1
Pedestrian 180 1 -1.3569157867220272 987.52655 983.6516 1019.26935 1073.7819 1.7799435577134672 0.5849810112949221 0.569140589825668 0.9215405312583773 9.692579852315736 32.63732946610263 -1.3286875045332596 1
Pedestrian 1140 2 1.5722096794655052 1005.4931 979.3619 1028.581 1050.1963 1.5880470832709657 0.5616855313723476 0.5520444813083776 1.3681824169688999 10.350834527499948 36.682950682163764 -4.673695406447799 1
Pedestrian 893 2 0.1424667911420424 988.83594 976.30286 1014.6492 1062.6259 1.7788959434031502 0.5931297087011925 0.5054584181864694 0.919006262696947 9.818751859545888 33.879935971876 0.16958552493968226 1
rider 882 0 -1.6296780112911264 843.6318 919.2042 929.04663 1117.9822 1.6866163044573663 0.7792143301665416 0.841502061284866 -0.7380034556835631 4.633774100863875 14.5145255507382 -1.6804801164520458 1
bicycle 894 0 1.717407309951046 401.4451 946.1679 489.5149 1070.9065 1.2764189228867053 0.9328492799853803 1.9762997131103939 -7.489063149196716 6.187569183024761 21.803728539677163 1.3865560651931168 1
Cyclist 895 0 -1.6247077420491318 842.49164 910.2515 931.7842 1142.8064 1.7416627708808479 0.7641915957197235 1.8579942927071444 -0.7466596778069075 4.698064880381614 14.5296796391334 -1.6760511632029442 1
Car 896 1 -2.677367147840177 208.4459 939.81274 497.28943 1060.6765 1.4150164051011582 1.8479671916494154 3.9183097248444234 -9.774318722611323 6.739577548802621 24.206674827643386 -3.061133133558597 1
