bicycle 163 1 -2.308775114276373 1596.8062 726.54675 1935.0 1215.0 1.2432495054898953 0.49431865981076334 1.6785738343865795 2.6300819212641273 1.604824713577558 4.447479616952796 -1.7747293830633462 1
Pedestrian 881 0 -1.6932291461725026 1181.0244 761.54913 1327.3574 1072.3282 1.7072018371316469 0.766952932718169 0.9418149423155167 1.7674185103456481 2.588391107583427 9.147295657310806 -1.5023635494924394 1
Pedestrian 165 0 -2.1140778053297327 1042.7712 918.76447 1108.3508 1050.4524 1.3819468766040066 0.552335248882691 0.5923850461413351 1.358625061193591 4.959664959899802 17.817830057967633 -2.037974200086772 1
bicycle 879 1 2.1988217318011394 0.0 653.8017 238.95195 1215.0 1.6192898190194869 0.7361264286612312 1.8092309769576511 -3.0232346523760887 1.7246792639785897 4.53383596035316 -4.672469601094896 1
bicycle 884 0 2.055489985138095 700.746 941.18176 754.72144 1021.9138 1.308145699741779 0.3769932041986943 1.733114157730895 -4.985860088790739 8.265426875841618 32.01468942637499 -4.382190897045058 1
bicycle 174 0 2.682659255131053 608.79913 917.02747 712.72797 1001.8703 1.324112658709453 0.6098286561509388 1.9791239174442443 -6.017562664246444 7.351379758060746 30.00885080232359 -3.7984275813523927 1
bicycle 885 1 1.716096625921626 183.08493 827.9893 346.30093 1066.5957 1.2117980821719923 0.7551629682582893 1.6185028306450642 -4.6009355229692535 2.6872010467620324 9.981076285219352 1.284160991262144 1
bicycle 886 1 1.4085515970267077 253.67494 853.1793 373.95004 1064.188 1.1420312020926364 0.5207388900551064 1.785952923053728 -4.749950384287001 2.9442430365544485 10.914581243728152 0.9980790827492916 1
bicycle 887 2 1.3760319547929964 237.42888 866.08844 366.85788 1064.0524 1.1682955872529397 0.6079429779370245 1.792932935983567 -5.290241477933595 3.241799088179704 11.947866735435817 0.9592008264198029 1
bicycle_rack 176 2 2.3389048759899427 0.0 779.55743 358.41418 1140.599 1.1973227379556777 1.444334835741865 2.8204141828383418 -4.662238615194063 2.164558505186939 7.814707101059806 -4.482194704935065 1
bicycle_rack 888 1 -3.040389430644126 751.85614 953.3525 834.4026 1028.7194 0.9687721871368881 3.9915887408282926 1.7225056675422001 -4.295014008155467 9.90692096692947 38.691796733268504 -3.150942627829285 1
bicycle_rack 889 1 -3.018617063318311 790.8347 952.0077 868.08246 1025.5833 1.1972580890060003 4.3955959826457125 1.8570959556293045 -4.033402114235012 11.83301901759064 46.39389130852046 -3.10533723297587 1
Car 896 1 -2.692818196053685 218.62427 890.33496 493.12717 999.91736 1.4150164051011582 1.8479671916494154 3.9183097248444234 -10.23438053834102 6.120955523301798 25.46073205811631 -3.075019330099619 1
moped_scooter 890 0 -0.18342607549931755 482.1267 919.3019 591.61914 1004.1665 1.3484769187312928 0.45277931288738 1.983941663319583 -8.18342754920378 7.157925476437837 28.86677333619331 -0.4596676636878487 1
Pedestrian 179 1 -1.6457160352240214 1349.5474 770.00745 1480.0636 1079.1763 1.7072018371316469 0.7059034011248122 0.9816030920017658 2.806640106252024 2.666847266504629 9.334449686102156 -1.3536396528991168 1
Pedestrian 891 1 -2.1407305587199064 1069.1646 901.15375 1151.8644 1050.5074 1.5697222521707925 0.6093350639365693 0.9129938187596319 1.8167307395025725 5.047053957003443 18.278834590187383 -2.0416660455277396 1
Pedestrian 892 2 2.50944689888857 426.84317 888.9364 471.90295 993.77856 1.737044624363164 0.525382961910631 0.5728915656207477 -9.275998220359995 6.59032705122523 27.102733335546773 -4.103495279936974 1
Pedestrian 180 1 -1.354236477711 963.386 928.5315 993.8571 1013.70215 1.7799435577134672 0.5849810112949221 0.569140589825668 0.39710659861964515 8.762003627479311 34.0447362840517 -1.3425727483361927 1
Pedestrian 1140 2 1.5720813406307075 985.2768 934.78503 1007.5914 1002.5266 1.5880470832709657 0.5616855313723476 0.5520444813083776 0.8920976774559896 9.506292405966455 37.9291075513625 -4.687588168582852 1
Pedestrian 893 2 0.14274418497250568 968.19653 922.7837 992.92053 1004.3552 1.7788959434031502 0.5931297087011925 0.5054584181864694 0.4582547925168331 8.890757272152301 35.37110231367785 0.15569908674359456 1
bicycle_rack 880 0 -1.7673061089839919 1427.3086 781.29803 1786.0743 1194.9658 1.191313483185795 0.9009125933312407 3.4852928130450147 3.0045043488691316 2.1594130440016954 7.460736068751664 -1.3844667106314037 1
rider 882 0 -1.641313733348282 848.89984 832.2908 945.1969 1048.512 1.6866163044573663 0.7792143301665416 0.841502061284866 -0.5709626494386045 3.555687688899133 13.014912847459353 -1.685155501123296 1
rider 883 1 2.1823910517788807 0.0 656.6961 152.16054 1198.2356 1.5514918934097077 0.7068721663415467 0.5605169092809149 -3.0025956484916048 1.6557570632098924 4.611034015947647 -4.677995891854458 1
bicycle 894 0 1.7016720379113042 408.10602 903.76154 489.50992 1017.6813 1.2764189228867053 0.9328492799853803 1.9762997131103939 -7.855932364899257 5.764836248953397 23.00933898809213 1.3726579611506518 1
Cyclist 895 0 -1.6328104801815482 846.4803 826.20734 947.1841 1072.6477 1.7416627708808479 0.7641915957197235 1.8579942927071444 -0.5946084400514986 3.6362180738203564 13.109370767094896 -1.6781369256523782 1
