Pedestrian 1139 0 1.4916946373300277 112.79874 937.8695 155.07846 1058.015 1.9046083162675782 0.6046594521279669 0.6222737433249912 -14.581173469808407 7.5092676234898175 26.354208368171335 0.9863390899565316 1
Pedestrian 1135 0 1.5024136662992926 148.52344 987.38196 178.25717 1052.7809 1.024299385051947 0.44577672349186825 0.4091680419609736 -14.377510448663713 7.626582723767191 26.94670179474387 1.0122848476792572 1
rider 882 0 -1.5984254223413823 864.36206 962.1956 929.333 1118.722 1.6866163044573663 0.7792143301665416 0.841502061284866 -0.805048820058792 5.95781150665686 18.489601419393214 -1.6419385650122154 1
bicycle 884 0 2.147440874746148 730.2994 985.8757 797.9902 1080.5287 1.308145699741779 0.3769932041986943 1.733114157730895 -3.690058733002091 8.302729528988143 28.114124660482677 -4.266251258398966 1
bicycle 174 1 2.700173641285417 639.32574 973.3178 757.48334 1073.2809 1.324112658709453 0.6098286561509388 1.9791239174442443 -4.6180861940261595 7.6531079039006755 26.3448581197206 -3.7565422370073414 1
bicycle 885 2 1.9041149687466459 0.0 883.57275 140.30684 1215.0 1.2117980821719923 0.7551629682582893 1.6185028306450642 -4.074098685003099 2.4420444995442065 6.235588780977156 1.3253797164642442 1
bicycle 886 1 1.5676980170929093 15.9916 925.9287 156.99503 1215.0 1.1420312020926364 0.5207388900551064 1.785952923053728 -4.189514902943316 2.76640521061778 7.167924720818311 1.0387678004173755 1
bicycle 887 0 1.5238446535729495 30.33295 922.6904 176.77652 1215.0 1.1682955872529397 0.6079429779370245 1.792932935983567 -4.7288885327464225 2.9830400941017743 8.19461984927011 1.0004543425451518 1
bicycle_rack 888 1 -3.032950620265116 798.743 1003.9168 890.5362 1093.9097 0.9687721871368881 3.9915887408282926 1.7225056675422001 -2.6817739544039663 10.392520164608868 35.159700189058896 -3.109077305099369 1
bicycle_rack 1136 2 -3.0185139610297735 858.606 983.419 937.40576 1070.1573 1.2136043465338022 6.053445630038361 1.8727016933778164 -2.0205126460777483 13.844063550258792 49.59058764503618 -3.059235311485301 1
bicycle_rack 1137 2 -3.025870843645488 841.26764 997.75934 925.35114 1085.1807 1.2016652693515257 4.401725482367798 1.8600842330210638 -2.1328199383413766 12.251817660849103 42.062929144546494 -3.0765329097182756 1
moped_scooter 890 0 -0.14541568420140605 484.97144 961.3386 611.73016 1059.8643 1.3484769187312928 0.45277931288738 2.0209801951667425 -6.970787599811054 7.173248683643662 25.27659704824585 -0.4145071920322516 1
moped_scooter 1138 1 2.1672906573888557 104.432076 975.94684 184.76016 1054.0544 1.338407049463091 0.6964263861681518 1.9765277557890661 -19.518397163123016 9.978241505318145 35.788103718044766 -4.615189972554763 1
Pedestrian 179 1 -1.773550268351794 1445.0579 923.1353 1593.4438 1215.0 1.7072018371316469 0.7059034011248122 0.601321332005056 3.246841546979613 3.5219051489943225 8.74868787454745 -1.4181827099124937 1
Pedestrian 891 1 -1.720784522216412 1108.8694 968.0558 1175.6119 1134.6002 1.5697222521707925 0.6093350639365693 0.6615988346178976 1.9090608606476667 5.2813438645275035 15.835216036442475 -1.6008056230559482 1
Pedestrian 892 0 -0.046649509395826516 642.51587 954.94403 698.23676 1075.5562 1.737044624363164 0.6479455108794663 0.8568647854772317 -4.717419074483105 7.176719907924989 24.231352626712724 -0.23892685026468818 1
Pedestrian 180 1 -1.3630501811239482 1037.2678 982.4277 1071.7483 1080.7844 1.7799435577134672 0.5849810112949221 0.569140589825668 1.8711728338246365 9.03090699730069 29.97672807637518 -1.30071021396906 1
Pedestrian 893 2 0.2170872831918897 1036.4393 973.73413 1071.1001 1069.3212 1.77903403872968 0.6687731747617359 0.5909764847246787 1.9310759082996227 9.145240760947383 31.176094727200407 0.27894916667765224 1
Pedestrian 1140 2 1.5645269752304953 1058.3442 985.8998 1082.9585 1061.5552 1.5880470832709657 0.5616855313723476 0.5520444813083776 2.5208257233329547 9.985289712726635 34.49169269128641 -4.645703031857707 1
Pedestrian 881 1 -1.7476960473820655 1318.4232 900.49567 1477.7697 1215.0 1.7072018371316469 0.7145876659895621 0.7016907667746188 2.3447899190771913 3.27075530561776 8.097863508001485 -1.4658476659954596 1
Pedestrian 165 0 -1.60029564243244 1058.3584 988.6494 1120.0265 1139.1119 1.3819468766040066 0.6219320139436164 0.5923850461413351 1.3246564262495357 5.243214803585666 15.561538576537558 -1.5153766128163586 1
bicycle 894 0 1.756175088773138 373.90558 954.2922 479.46426 1096.5751 1.2764189228867053 0.9328492799853803 1.9762997131103939 -6.869388731197511 5.7629159244231225 19.320136491146943 1.4145592825526019 1
Cyclist 895 0 -1.6009548190420346 864.0616 953.2519 930.1683 1136.3068 1.7416627708808479 0.7641915957197235 1.8579942927071444 -0.8181756212286648 6.037085144068776 18.60839288678827 -1.644894615793633 1
Car 896 1 -2.6387362351517174 173.013 938.6808 494.22177 1075.2031 1.4150164051011582 1.8479671916494154 3.9183097248444234 -9.08536534861343 6.232239073721734 21.82783245003945 -3.0331539238366183 1
