Pedestrian 165 0 -1.992568272859046 1058.1416 1007.6566 1139.4072 1169.3193 1.3819468766040066 0.6219320139436164 0.5923850461413351 1.3714866256670073 5.3108103009317205 14.96924549074776 -1.901203060570776 1
Pedestrian 1139 0 1.2844950271220503 103.85455 951.1498 169.85287 1086.5084 1.982924591979324 0.7292813440697131 1.0102450592129681 -14.051269705656473 7.6767714995326815 25.48468494835646 0.7806072525186063 1
Pedestrian 1135 0 1.3267940546968373 141.40346 1010.11163 175.9614 1078.4852 1.024299385051947 0.44577672349186825 0.4091680419609736 -14.007154027765528 7.824848482135268 26.09953702426612 0.834233192525287 1
rider 882 0 -1.60863628007201 891.5624 982.73553 953.6063 1131.4183 1.6866163044573663 0.7792143301665416 0.841502061284866 -0.5139633717233527 6.471107363692936 19.550300038432276 -1.6349195092417004 1
bicycle 884 0 2.145679157876047 744.0284 998.1852 813.01135 1095.742 1.308145699741779 0.3769932041986943 1.733114157730895 -3.3454100225566994 8.389289681657974 27.50695464098894 -4.258532279804898 1
bicycle 174 1 2.7111576326325926 632.3815 991.8971 754.63464 1096.2833 1.324112658709453 0.6098286561509388 1.9791239174442443 -4.555666308917174 7.785764934881357 25.515185470480745 -3.748713103297246 1
bicycle 886 2 1.615734232222994 0.0 933.2916 81.58653 1215.0 1.1420312020926364 0.5207388900551064 1.785952923053728 -4.131421879277036 2.667304799986434 6.4924112707718535 1.0490173554093758 1
bicycle 885 2 1.9639325753211914 0.0 895.4011 61.12873 1215.0 1.2117980821719923 0.7551629682582893 1.6185028306450642 -3.9988083381869166 2.360475886488932 5.474981002015195 1.333107953768653 1
bicycle 887 1 1.5664181737593983 0.0 937.2659 106.39953 1215.0 1.1682955872529397 0.6079429779370245 1.792932935983567 -4.661040765405756 2.91953867510207 7.463634936850104 1.008178417741337 1
bicycle_rack 888 1 -3.03164205797284 807.16174 1014.57263 901.1548 1108.1611 0.9687721871368881 3.9915887408282926 1.7225056675422001 -2.402627358763852 10.46210663923439 34.403903348180364 -3.101364752268947 1
bicycle_rack 1136 2 -3.016759844490155 866.0793 1002.1055 947.4987 1094.2194 1.2136043465338022 6.053445630038361 1.8727016933778164 -1.6755444775055164 14.147881311539916 48.17998821223877 -3.0515226069611154 1
bicycle_rack 1137 1 -3.0252940181450727 851.0055 1009.2081 936.84424 1099.9454 1.2016652693515257 4.401725482367798 1.8600842330210638 -1.795908978879852 12.379716197369422 41.23433385569513 -3.068820238461898 1
Car 896 1 -2.627791805680551 161.28882 954.9666 494.08295 1099.016 1.4150164051011582 1.8479671916494154 3.9183097248444234 -8.854697637448304 6.320635124134326 21.08134079671063 -3.0254413494634287 1
moped_scooter 890 0 -0.14007499597993178 486.82486 980.90564 617.4898 1083.4434 1.3484769187312928 0.45277931288738 2.0209801951667425 -6.692644883448255 7.3243500693604755 24.4947607577948 -0.4067926823708461 1
moped_scooter 1138 1 2.1799449651901277 93.36092 999.7797 176.5152 1081.2028 1.338407049463091 0.6964263861681518 1.9765277557890661 -19.30621354212674 10.364524067946427 34.98726809886066 -4.607469696914661 1
Pedestrian 179 1 -1.7739334636738509 1451.8176 961.39636 1618.4816 1215.0 1.7072018371316469 0.7059034011248122 0.9208537111667302 3.214860905625535 3.723923414545471 8.451801861262568 -1.4104581118684427 1
Pedestrian 891 1 -2.00038784998449 1102.826 989.9866 1182.8685 1165.7284 1.5697222521707925 0.6093350639365693 0.6328679792874042 1.8629118341093653 5.422908836966682 15.389136549886748 -1.8799203171355536 1
Pedestrian 892 0 -0.1326449556416225 674.1788 977.5505 722.8252 1100.8899 1.737044624363164 0.5923070939312913 0.6854419921648544 -4.159070701469613 7.4058551191480735 23.653378664168663 -0.3066998282838609 1
Pedestrian 180 1 -1.3653261348760835 1051.3817 1001.84033 1087.5848 1104.575 1.7799435577134672 0.5849810112949221 0.6438217229500711 2.112769725311376 9.228194982713141 29.16001036564338 -1.2929981688875691 1
Pedestrian 893 2 0.21466971490626 1051.2401 993.5864 1086.7251 1092.1586 1.77903403872968 0.6687731747617359 0.5909764847246787 2.1937178243514635 9.378142471891497 30.41893105423939 0.28666194186285865 1
Pedestrian 1140 2 1.562897080714241 1072.1743 1007.5962 1097.2968 1085.1908 1.5880470832709657 0.5616855313723476 0.5520444813083776 2.7900206778884873 10.319478846242252 33.823471420647955 -4.637986845303039 1
Pedestrian 881 1 -1.749696443519404 1330.5609 942.98956 1499.7566 1215.0 1.7072018371316469 0.7145876659895621 0.8753760640700798 2.3875165951279054 3.500314873831695 7.954960537170987 -1.458121045834187 1
bicycle 894 0 1.7691236975322688 361.593 968.2463 473.55048 1118.0967 1.2764189228867053 0.9328492799853803 1.9762997131103939 -6.715635557139136 5.782338420180091 18.57932501212554 1.422278475700527 1
Cyclist 895 0 -1.6120604146052588 890.5852 974.26495 954.45087 1148.5088 1.7416627708808479 0.7641915957197235 1.8579942927071444 -0.5303218012459656 6.571682348714946 19.721962883435182 -1.6389438460549126 1
Pedestrian 1567 0 1.6984013769269253 37.229748 981.07196 79.08409 1075.8413 1.8235265156805127 0.7017920378360369 0.652392239824684 -19.634839156882656 9.674475637022702 32.52351985469844 1.1552569355302431 1
