rider 882 0 -1.5333788111252413 944.5914 964.17084 1001.2515 1098.7352 1.6866163044573663 0.7792143301665416 0.841502061284866 0.1742523887953445 6.638958782349152 21.39105994911933 -1.5252329532285176 1
bicycle 884 1 2.1479440690216247 755.62305 974.3732 828.29974 1075.4995 1.308145699741779 0.3769932041986943 1.733114157730895 -2.942892793425227 7.617974972184623 26.141691036336912 -4.24734395758383 1
bicycle 174 0 2.715793904758093 639.07764 970.89343 768.0205 1079.5406 1.324112658709453 0.6098286561509388 1.9791239174442443 -4.153743128327222 7.105007000066473 24.178368983837267 -3.7375264348019575 1
bicycle_rack 888 1 -3.030852458008733 820.5352 996.4912 918.5544 1092.1171 0.9687721871368881 3.9915887408282926 1.7225056675422001 -1.961620886135947 9.680433893895746 33.02228201603573 -3.0901856811796247 1
bicycle_rack 1136 2 -3.0272642445523346 898.81396 968.3737 979.6356 1057.5436 1.2136043465338022 6.053445630038361 1.8727016933778164 -0.6198058059942521 12.810631805997868 47.3864630495163 -3.040343306039461 1
bicycle_rack 1137 1 -3.025173799629551 866.18036 984.7032 954.5556 1075.5367 1.2016652693515257 4.401725482367798 1.8600842330210638 -1.3006895636116513 11.383471480190543 40.04758609392928 -3.057640987578253 1
moped_scooter 890 0 -0.12641914022353523 479.2313 960.0909 617.0773 1067.0293 1.3484769187312928 0.45277931288738 2.0209801951667425 -6.402474573882502 6.684160308024507 23.2067758728953 -0.3956108739155806 1
moped_scooter 1138 1 2.19534014543715 83.11589 979.24896 170.14656 1062.219 1.338407049463091 0.6964263861681518 1.9765277557890661 -18.87860807268229 9.607236965799673 33.874826953910656 -4.596279459621441 1
Pedestrian 179 1 -1.8018914878805452 1455.5792 947.12524 1620.6388 1215.0 1.7506231614555112 0.7059034011248122 0.657660964506379 3.1213622303389976 3.586203161333327 8.145647610152082 -1.4359565733568247 1
Pedestrian 891 1 -2.0343531390956495 1115.1776 967.08356 1202.4121 1155.3016 1.5697222521707925 0.6093350639365693 0.6328679792873926 1.8855579974023713 4.9375477247198685 14.319894558385627 -1.90343229536149 1
Pedestrian 892 0 -0.10306716326520661 760.3648 953.5312 827.29175 1081.8152 1.737044624363164 0.6319398766982267 0.9522449288168781 -2.553173177333524 6.829082091524889 22.761349247358886 -0.21477165397394082 1
Pedestrian 180 1 -1.3734115994611973 1079.9946 969.97473 1117.0118 1075.92 1.7799435577134672 0.5849810112949221 0.569140589825668 2.5534666315922214 8.277137475049948 27.80077605160466 -1.2818198308686206 1
Pedestrian 1139 0 1.4131687811008424 112.24888 939.8886 166.06403 1075.8163 1.9046083162675782 0.6359859624126629 0.7752962320777373 -13.07398454874182 7.018693225617126 23.77857216495104 0.9104621617949351 1
Pedestrian 1135 2 1.3763439001221502 148.57245 994.1983 185.21532 1070.2288 1.0576478360326849 0.44577672349186825 0.4394525526623714 -12.821475078028547 7.094939545045266 24.136562098919164 0.8880446375120745 1
Pedestrian 893 1 0.20917203464027462 1075.5039 961.1898 1112.644 1063.8485 1.77903403872968 0.6687731747617359 0.5909764847246787 2.5768124413043587 8.388366986456848 28.984725976681453 0.2978413469690324 1
Pedestrian 1140 2 1.5573431218668263 1096.7516 976.1838 1123.2322 1056.9658 1.5880470832709657 0.5616855313723476 0.5520444813083776 3.2092947090930655 9.245161926197921 32.29811606983942 -4.626802517969542 1
Pedestrian 881 1 -1.7493391805057594 1347.3541 940.93176 1515.6748 1215.0 1.7072018371316469 0.7145876659895721 0.5714267938030101 2.3410742931827633 3.3622086443699026 7.503753207546499 -1.4469216376326026 1
bicycle 894 0 1.7862628313223692 345.33368 957.00903 468.5302 1116.8632 1.2764189228867053 0.9328492799853803 1.9762997131103939 -6.375932435180325 5.353621726320891 17.316496616352556 1.4334671739277525 1
Cyclist 895 0 -1.5235557221314646 942.4555 956.37396 1001.9668 1114.2844 1.7416627708808479 0.7641915957197235 1.8579942927071444 0.1747562897028645 6.701116674139943 21.42593203866664 -1.5153996048475198 1
Pedestrian 1567 0 1.7124608340537693 30.344154 966.0307 74.18818 1063.7201 1.8235265156805127 0.7017920378360369 0.652392239824684 -19.08696447684453 9.088852238619296 31.411836669759403 1.1664454984570285 1
Pedestrian 165 0 -1.9963892997599546 1094.0426 993.97864 1148.6714 1157.498 1.3819468766040066 0.37834333623026484 0.3975141039706471 1.4969864157766815 4.899994644672041 14.00653824699689 -1.8899157947571814 1
Car 896 1 -2.6076032102680125 133.50623 940.03143 488.94946 1093.1515 1.4150164051011582 1.8479671916494154 3.9183097248444234 -8.519319653774009 5.8291281666501575 19.781784970214932 -3.0142622437767512 1
