Pedestrian 881 1 -1.766551972302136 1380.6364 893.22345 1557.5403 1215.0 1.7072018371316469 0.6592840688816525 0.8753760640700785 2.4561327682036964 3.1053418650350366 7.316023119646381 -1.4426552668336796 1
Pedestrian 165 0 -1.7294719253539352 1095.3728 940.2837 1173.3169 1109.5305 1.3819468766040066 0.6219320139436164 0.5923850461413351 1.575186283826133 4.331082700385763 13.674284019601442 -1.6147840981959156 1
Pedestrian 892 0 -0.2859599438601958 809.4839 898.27625 872.3227 1026.3992 1.737044624363164 0.5605137128180653 0.8140090871491285 -1.8071097614336031 5.910277958808573 22.42132291897469 -0.366383920118762 1
rider 882 0 -1.5017241645196537 967.2946 913.78265 1022.57916 1039.4802 1.6866163044573663 0.7792143301665416 0.841502061284866 0.5160826696478721 6.142367528027361 22.61118547619576 -1.4789039067629763 1
bicycle 884 0 2.152410002849651 754.1205 923.06775 829.0788 1023.3903 1.308145699741779 0.3769932041986943 1.733114157730895 -2.8712959556673736 6.555351612698811 25.45902446550571 -4.243081812739647 1
bicycle 174 0 2.7197377842310013 637.66504 912.7687 770.0411 1020.1499 1.324112658709453 0.6098286561509388 1.9791239174442443 -4.042597856085835 6.014729845587874 23.562189631127534 -3.733364544360031 1
bicycle_rack 888 1 -3.031758255508686 827.65247 942.15314 926.8013 1031.9692 0.9687721871368881 3.9915887408282926 1.7225056675422001 -1.7669347571833731 8.31490433207679 32.58714771128715 -3.0859270407281794 1
bicycle_rack 1136 1 -3.02365975714091 898.7414 922.3919 981.4789 1006.50793 1.2136043465338022 6.053445630038361 1.8727016933778164 -0.5799286719433588 11.116643767372134 46.67262237481266 -3.036084574941037 1
bicycle_rack 1137 1 -3.0302494552982746 880.5529 930.07275 968.17065 1014.4539 1.2016652693515257 4.401725482367798 1.8600842330210638 -0.9259704269887371 9.832814013415042 40.021286555895614 -3.053382276105714 1
moped_scooter 890 0 -0.12333880425225957 479.40588 900.30774 620.6698 1006.6852 1.3484769187312928 0.45277931288738 2.0209801951667425 -6.214976849763754 5.625865511481402 22.63123021805685 -0.39135122155007007 1
moped_scooter 1138 1 2.2011906899477216 79.11359 916.5678 167.84233 996.8394 1.338407049463091 0.6964263861681518 1.9765277557890661 -18.678681076429232 8.050459383937378 33.39130680487062 -4.5920165743885075 1
Pedestrian 179 1 -1.8518181569186163 1472.8998 904.2968 1644.1195 1215.0 1.7506231614555112 0.6346622631090395 0.8045335577301849 3.109764346371155 3.2974845384455778 7.848545153395136 -1.4745731237720674 1
Pedestrian 891 1 -1.7533196796575812 1151.8867 916.2423 1230.957 1104.4633 1.5697222521707925 0.6093350639365693 0.7262432591114808 2.1446813111517793 4.369030724698673 13.996496458654821 -1.6012724429765135 1
Pedestrian 180 1 -1.3764913319893286 1090.6958 913.23816 1128.4507 1019.98206 1.7799435577134672 0.5849810112949221 0.569140589825668 2.7019168977561163 7.09751528460921 27.222280463595833 -1.2775614688218337 1
Pedestrian 1139 1 1.2832533748398873 111.747375 869.9288 175.79576 1008.1807 1.9046083162675782 0.6806928850986634 0.7283064666506923 -12.500022249864559 5.732806115466296 22.86589681213604 0.7829729917599515 1
Pedestrian 893 1 0.20513319495530494 1087.7478 905.98956 1125.4258 1008.8143 1.77903403872968 0.6687731747617359 0.5909764847246787 2.772960879665718 7.21389764609597 28.507292305115808 0.30210011829319416 1
Pedestrian 1140 2 1.5542239888526241 1107.569 917.20416 1134.735 998.6807 1.5880470832709657 0.5616855313723476 0.5520444813083776 3.375758158272685 7.823602371499543 31.601415507005445 -4.622541878688461 1
bicycle 894 0 1.7967565647335695 331.0145 898.92255 460.9452 1057.4246 1.2764189228867053 0.9328492799853803 1.9762997131103939 -6.261688766310271 4.524516865299525 16.684822621890987 1.4377294822158686 1
Cyclist 895 0 -1.499057033770729 965.3463 908.3225 1024.3156 1052.8727 1.7416627708808479 0.7641915957197235 1.8579942927071444 0.5279960951615427 6.235159445606285 22.74840055754885 -1.4758509489654854 1
Pedestrian 1567 0 1.7209926815075276 30.285059 897.36194 74.97145 994.37006 1.8235265156805127 0.7017920378360369 0.652392239824684 -18.82783589412692 7.550673776459767 30.998035295541158 1.1751585009289727 1
Car 896 1 -2.5970896326930664 116.28374 881.1002 483.32773 1031.9178 1.4150164051011582 1.8479671916494154 3.9183097248444234 -8.406915130740588 4.903535342472687 19.189487995759166 -3.0100035890993833 1
