Pedestrian 892 0 -0.15814958536372467 924.27094 795.62775 972.94104 921.9521 1.737044624363164 0.5605137128180653 0.6283010610607427 -0.18812441883547926 4.261113300760297 21.78022765685101 -0.16678676508902668 1
Pedestrian 1139 1 1.1390283761455384 101.48012 776.9146 176.35213 921.60675 1.9046083162675782 0.6684188224416328 0.7752962320777373 -11.675108951961391 4.1137569536196175 21.23313015998683 0.6362977198746806 1
bicycle 884 0 2.154683352426396 764.068 824.3 842.77795 922.3859 1.308145699741779 0.3769932041986943 1.733114157730895 -2.5448624933236395 4.659733854235208 24.28007530428843 -4.232933442685097 1
bicycle 174 0 2.721807440536433 646.39886 808.91046 785.73706 914.374 1.324112658709453 0.6098286561509388 1.9791239174442443 -3.6529201596095167 4.173813483370347 22.360762391705894 -3.7233104073300276 1
bicycle_rack 888 1 -3.0343019095923616 843.53577 836.1397 945.0851 914.26514 0.9687721871368881 3.9915887408282926 1.7225056675422001 -1.3520071837688175 5.730471069489507 31.662486006029777 -3.076976586425557 1
bicycle_rack 1136 2 -3.023819013923393 913.21826 816.7451 997.62134 887.36316 1.2136043465338022 6.053445630038361 1.8727016933778164 -0.0972046838048175 7.480693242595356 45.73754713133033 -3.0259442817514968 1
bicycle_rack 1137 2 -3.02925068014756 892.9705 822.08527 982.89264 895.40674 1.2016652693515257 4.401725482367798 1.8600842330210638 -0.5465752943321419 6.653226607298751 39.062677955016376 -3.0432420308946737 1
moped_scooter 890 0 -0.11528610601542999 474.5001 798.871 623.5888 905.455 1.3484769187312928 0.45277931288738 2.0209801951667425 -5.898665487492151 3.9099206161563713 21.42948586813825 -0.38389337910773236 1
moped_scooter 1138 1 2.214476030018493 71.871056 830.1385 164.4431 907.4861 1.338407049463091 0.6964263861681518 1.9765277557890661 -18.20582527680968 5.918066769278797 32.34371875931935 -4.581391883467691 1
Pedestrian 179 1 -1.9136519977814523 1468.9294 784.3418 1639.2142 1172.241 1.7906755502781346 0.6346622631090395 0.5606588893426504 2.9298662572951337 2.614149689861003 7.432968087637325 -1.5381800241265622 1
Pedestrian 891 1 -1.6869622343831867 1192.9208 799.88446 1274.0422 996.72656 1.5697222521707925 0.6093350639365693 0.7980703974377132 2.3704937374698605 3.1497089789534165 13.085276691553519 -1.5077485171966871 1
Pedestrian 180 1 -1.385005897737074 1118.1147 804.22327 1157.4673 912.95404 1.7799435577134672 0.5849810112949221 0.569140589825668 3.074193402160774 4.943635525045021 26.024090377498432 -1.2674220594205066 1
Pedestrian 893 1 0.20027737411944696 1111.0355 801.8702 1147.3787 907.9837 1.77903403872968 0.8071613325885871 0.5031931946354462 3.0438334638829345 5.0373798582733915 27.07233890395195 0.3122405084243909 1
Pedestrian 1140 2 1.5433334311028997 1138.6898 811.92365 1167.4298 894.99725 1.5880470832709657 0.5616855313723476 0.5520444813083776 3.876924528991954 5.4094475929117465 30.253140621549914 -4.612397057146811 1
Pedestrian 881 0 -1.8677882113754998 1376.088 792.17267 1566.8708 1196.274 1.7072018371316469 0.6885348713952072 0.5801110586677842 2.3234226230052655 2.508792902051403 6.866281115568382 -1.5415011927282565 1
Pedestrian 165 0 -1.6430031785338182 1125.1406 827.1588 1202.2019 1000.2377 1.3819468766040066 0.6219320139436164 0.5923850461413351 1.750127023288361 3.1815816042236866 12.991131748621896 -1.5090923406419958 1
rider 882 0 -1.5146310051515945 1005.62305 807.96674 1055.3662 918.2931 1.6866163044573663 0.7792143301665416 0.841502061284866 1.1561808083992335 4.78382182673983 24.84198731747459 -1.4681231684321006 1
bicycle 894 0 1.8199836041333075 299.4846 808.97797 445.83014 969.2346 1.2764189228867053 0.9328492799853803 1.9762997131103939 -5.984439861447137 3.2916160476847187 15.333426608282359 1.4478782862218966 1
Cyclist 895 0 -1.5123399812272613 1005.4185 804.7537 1057.7863 927.82874 1.7416627708808479 0.7641915957197235 1.8579942927071444 1.1886032605594437 4.857743932855485 24.945134776294722 -1.4647272920121295 1
Pedestrian 1567 0 1.663469052599576 19.047514 810.8525 63.467903 908.73145 1.8235265156805127 0.7017920378360369 0.652392239824684 -18.456024083324888 5.610955597370506 30.01077071212099 1.1121075919551298 1
Car 896 1 -2.5733700151600454 78.18989 787.96185 471.36682 937.1986 1.4150164051011582 1.8479671916494154 3.9183097248444234 -8.167438994206561 3.504901135320457 17.974760418139994 -2.9998634824097197 1
