Pedestrian 881 0 -1.8028643369841042 1363.193 834.1334 1549.6296 1215.0 1.7072018371316469 0.6537978119361291 0.9266450926629836 2.353770637596039 2.7831772038741422 7.201173175516528 -1.486951657944225 1
bicycle 884 0 2.1514020788639643 763.205 863.1596 840.13916 962.0695 1.308145699741779 0.3769932041986943 1.733114157730895 -2.6252084872770776 5.39005486630035 24.763384006256565 -4.23740045016176 1
bicycle 174 0 2.719605489352139 644.4247 851.28284 780.80963 957.56287 1.324112658709453 0.6098286561509388 1.9791239174442443 -3.7854921363135774 4.904096204192324 22.847260510402695 -3.7277750732741626 1
bicycle_rack 888 1 -3.0322006067269633 836.53973 876.4958 938.4948 960.1716 0.9687721871368881 3.9915887408282926 1.7225056675422001 -1.495382383392137 6.639482655004605 31.660316568062157 -3.079397603814911 1
bicycle_rack 1136 1 -3.0293785293309083 915.5193 861.1636 998.6788 938.05597 1.2136043465338022 6.053445630038361 1.8727016933778164 -0.047178406560297405 8.947356284396063 45.83925699690487 -3.0304077430004295 1
bicycle_rack 1137 1 -3.0325103943185137 892.05316 862.6154 980.34406 939.88934 1.2016652693515257 4.401725482367798 1.8600842330210638 -0.6010409928823794 7.851004608127798 39.5519387069018 -3.0477054708085856 1
Car 896 1 -2.5829358394596063 93.08916 825.80414 475.39185 975.76996 1.4150164051011582 1.8479671916494154 3.9183097248444234 -8.27666382047638 4.054632077527895 18.464721245116085 -3.0043268607801323 1
moped_scooter 890 0 -0.11683990062028748 471.34552 841.1653 617.3904 947.84094 1.3484769187312928 0.45277931288738 2.0209801951667425 -6.096050164340235 4.600827063840882 21.897325334493033 -0.38835730663611745 1
moped_scooter 1138 1 2.210830398623555 70.29724 854.47516 161.002 931.8934 1.338407049463091 0.6964263861681518 1.9765277557890661 -18.604694215171342 6.55436163947041 32.952297039169366 -4.58633421562879 1
Pedestrian 179 1 -1.8793972940064259 1471.4137 835.29266 1650.1454 1215.0 1.7506231614555112 0.6346622631090395 0.7689544913448396 3.0102654188813385 2.872660653486024 7.569574308107228 -1.5008928453830248 1
Pedestrian 165 0 -1.6290568678750414 1125.4995 873.32513 1189.4368 1042.5059 1.3819468766040066 0.533403100590137 0.46591516992208715 1.7271312630447884 3.617480359690874 13.205747164543702 -1.4990086756247836 1
Pedestrian 891 1 -1.68218895285285 1183.3251 849.5339 1259.8799 1040.4436 1.5697222521707925 0.6093350639365693 0.6472334069526593 2.3310700867072494 3.640017289196094 13.441052453329888 -1.5104678796520907 1
Pedestrian 180 1 -1.3801942048521032 1103.67 849.5223 1143.8169 957.73157 1.7799435577134672 0.609414936205391 0.569140589825668 2.8773731106843266 5.809038325322103 26.46235300669352 -1.2718851307686738 1
Pedestrian 1139 1 1.4075760237294181 107.223 816.6477 182.75398 961.1087 1.9046083162675782 0.8513412377553669 0.7752962320777373 -11.895301401652937 4.77142024046352 21.790706541912627 0.9078947268629296 1
Pedestrian 893 1 0.20143377230606374 1102.9203 845.84015 1138.4984 951.0993 1.77903403872968 0.8071613325885871 0.5031931946354462 2.9537741240989113 5.935310780015675 27.67107070568902 0.3077770043050363 1
Pedestrian 1140 2 1.5491274757963085 1123.5057 860.1883 1151.4493 942.4186 1.5880470832709657 0.5616855313723476 0.5520444813083776 3.6389497625963383 6.498461437275108 30.908012366096006 -4.616862508986042 1
Pedestrian 892 0 -0.34354641327325847 873.6307 844.86273 941.19867 973.4775 1.737044624363164 0.5605137128180653 0.8568647854772206 -0.7964035950357449 5.042004495983374 22.05005588801636 -0.37964870547143525 1
rider 882 0 -1.512537478609826 993.7832 849.63257 1045.6836 966.2252 1.6866163044573663 0.7792143301665416 0.841502061284866 0.9389805688826354 5.339496426446537 23.850698779595735 -1.4731886984604783 1
bicycle 894 0 1.8110494021356602 311.04538 841.3378 450.42792 1000.14874 1.2764189228867053 0.9328492799853803 1.9762997131103939 -6.120846343415258 3.7269543675578394 15.892164943246383 1.4434110799674067 1
Cyclist 895 0 -1.5091859704168387 992.2152 846.1985 1046.9672 977.7055 1.7416627708808479 0.7641915957197235 1.8579942927071444 0.9525025625014759 5.4370996166621195 24.009321504887325 -1.4695345656750658 1
Pedestrian 1567 0 1.6562499462964357 25.16168 848.70825 68.715645 946.509 1.8235265156805127 0.7017920378360369 0.652392239824684 -18.57112762269202 6.438137953032307 30.385301246405238 1.1076446565965825 1
