Pedestrian 881 1 -1.7948252539112726 1379.143 883.7656 1548.491 1215.0 1.7072018371316469 0.657226357544436 0.6322166478564478 2.4297293424034594 3.0289187608157335 7.288783299977114 -1.473058041385177 1
Pedestrian 892 0 -0.31005029748026425 813.10834 886.39465 886.4217 1015.12946 1.737044624363164 0.5605137128180653 0.9711466476854627 -1.6733252360380126 5.734016054874832 22.416078655910464 -0.38456053955041414 1
bicycle 884 0 2.1530258620933695 755.5967 906.8981 830.9845 1006.6205 1.308145699741779 0.3769932041986943 1.733114157730895 -2.8275127146496457 6.245672549232521 25.32617486762531 -4.241342918334656 1
bicycle 174 0 2.7194766814179974 640.2293 898.07465 773.6143 1005.26416 1.324112658709453 0.6098286561509388 1.9791239174442443 -3.962429794771356 5.740950259595843 23.375255543004066 -3.731626259778041 1
bicycle_rack 888 1 -3.0310998495409507 830.12585 923.9815 930.04443 1012.03503 0.9687721871368881 3.9915887408282926 1.7225056675422001 -1.692523343274386 7.851382365524657 32.37143484456248 -3.083336755678669 1
bicycle_rack 1136 1 -3.0236167089955868 901.1865 911.11646 984.0865 993.8053 1.2136043465338022 6.053445630038361 1.8727016933778164 -0.4998951225361841 10.724777702547193 46.58519437045071 -3.034347069640483 1
bicycle_rack 1137 1 -3.027657380083483 879.0292 913.11487 967.1135 995.5347 1.2016652693515257 4.401725482367798 1.8600842330210638 -0.9595329572059706 9.348165738845687 39.99387013609599 -3.051644778901422 1
moped_scooter 890 0 -0.1202297118459833 476.80344 879.67773 618.85895 985.4984 1.3484769187312928 0.45277931288738 2.0209801951667425 -6.213978261489416 5.283993459475798 22.506693844559365 -0.389613345774674 1
moped_scooter 1138 1 2.204637740732066 75.74516 898.59235 164.50656 977.49567 1.338407049463091 0.6964263861681518 1.9765277557890661 -18.808858145325356 7.654873073865022 33.489651036225226 -4.590277376203767 1
Pedestrian 179 1 -1.8452445265186421 1469.1166 893.13513 1628.9144 1215.0 1.7506231614555112 0.6346622631090395 0.6443240024397183 3.089200832371514 3.232149145536559 7.9080471170364675 -1.472832922370088 1
Pedestrian 165 0 -1.7354554284457528 1106.7651 923.34814 1178.3219 1092.0217 1.3819468766040066 0.5586970758339997 0.5923850461413351 1.648010670419304 4.16799974300999 13.651876656465475 -1.615319951825899 1
Pedestrian 891 1 -1.8098106834068395 1153.9252 897.2335 1237.2903 1086.8832 1.5697222521707925 0.6093350639365693 0.7262432591114808 2.1653017399972656 4.167623780944962 13.878209426564075 -1.6550368145122014 1
Pedestrian 180 1 -1.3772024817351856 1094.2888 901.09247 1132.2528 1008.1433 1.7799435577134672 0.5849810112949221 0.569140589825668 2.7533825227733795 6.844791983827859 27.066359716588934 -1.2758241144479987 1
Pedestrian 1139 1 1.2853202496589105 108.8581 860.70215 177.41785 1000.01776 1.9046083162675782 0.7270462349238455 0.7752962320777373 -12.459490017522876 5.579377777469638 22.774011776714012 0.7847120591513721 1
Pedestrian 893 1 0.20136953222330098 1098.238 895.49664 1131.5723 998.5946 1.77903403872968 0.6687731747617359 0.5031931946354462 2.906942186359303 6.965742595377508 28.269879265551758 0.3038376400889298 1
Pedestrian 1140 2 1.5535458118070817 1111.1039 906.7403 1138.5168 988.6966 1.5880470832709657 0.5616855313723476 0.5520444813083776 3.425000655314306 7.5521535579987304 31.345049280131555 -4.620803595945125 1
rider 882 0 -1.5028167813524487 972.1638 896.8485 1026.4431 1019.6721 1.6866163044573663 0.7792143301665416 0.841502061284866 0.5920448673764542 5.953391360123356 23.007658652122934 -1.4770899461433393 1
bicycle 894 0 1.799429765632917 328.51373 882.41156 460.0868 1040.158 1.2764189228867053 0.9328492799853803 1.9762997131103939 -6.224714197459694 4.303652894209272 16.539313011508753 1.4394684465013423 1
Cyclist 895 0 -1.5003080344442563 970.31976 890.79724 1028.146 1031.2903 1.7416627708808479 0.7641915957197235 1.8579942927071444 0.6045455389380586 6.027050118689118 23.140138789860345 -1.4741885690778758 1
Pedestrian 1567 0 1.7225646643847106 30.539278 880.86743 75.39044 977.6636 1.8235265156805127 0.7017920378360369 0.652392239824684 -18.769882669441028 7.189545673853708 30.914138371676444 1.1768957982189119 1
Car 896 1 -2.5929387845248857 109.82095 865.85236 480.9724 1016.4706 1.4150164051011582 1.8479671916494154 3.9183097248444234 -8.373811505370183 4.664141715536258 18.989110944373856 -3.0082661153015207 1
