Pedestrian 881 0 -1.781734118976023 1358.8429 852.28876 1535.4146 1215.0 1.7072018371316469 0.6537978119361291 0.8834833617850486 2.364139653474344 2.8985078992031625 7.362623815435829 -1.4710335291949026 1
Pedestrian 892 0 -0.3379603016596492 866.83575 857.5937 925.52856 984.80206 1.737044624363164 0.5605137128180653 0.7282976904929617 -0.9714912350693615 5.262963227819908 22.264170549555487 -0.3815673772680983 1
rider 882 0 -1.5089316659756855 986.08844 866.1204 1038.6082 984.37555 1.6866163044573663 0.7792143301665416 0.841502061284866 0.814323332814654 5.574532470770312 23.646829423426947 -1.4745083762742306 1
bicycle 884 0 2.14854391150487 765.1344 877.6361 841.0915 976.5795 1.308145699741779 0.3769932041986943 1.733114157730895 -2.627487658426143 5.6795920273726495 25.008669482069635 -4.23932043774564 1
bicycle 174 0 2.719819585077377 641.99384 865.52344 776.98425 971.69336 1.324112658709453 0.6098286561509388 1.9791239174442443 -3.8745008347128516 5.1688221678502275 23.091748821437253 -3.729604489965434 1
bicycle_rack 888 1 -3.0330418591547246 835.40027 895.3323 936.4951 980.9376 0.9687721871368881 3.9915887408282926 1.7225056675422001 -1.5403024587820404 7.10397843908444 31.882628385153453 -3.081315977342048 1
bicycle_rack 1136 1 -3.0264652738635296 908.3487 878.59753 991.4371 957.3813 1.2136043465338022 6.053445630038361 1.8727016933778164 -0.270673964580739 9.576015247858056 46.18225270546199 -3.0323262020222272 1
bicycle_rack 1137 1 -3.0315078324073577 887.70074 880.32574 975.96423 959.56195 1.2016652693515257 4.401725482367798 1.8600842330210638 -0.7181457238112264 8.360675637958987 39.63698699974111 -3.049623920764741 1
moped_scooter 890 0 -0.11897303757635308 477.0222 852.92175 621.08264 958.7994 1.3484769187312928 0.45277931288738 2.0209801951667425 -6.10717882052974 4.821541687190299 22.185983883249207 -0.38759205119372653 1
moped_scooter 1138 1 2.209347932358501 69.48889 870.00964 160.08464 948.3804 1.338407049463091 0.6964263861681518 1.9765277557890661 -18.63214516057585 6.90967218428618 32.96719241122331 -4.588254541048124 1
Pedestrian 179 1 -1.8676788774883666 1450.2391 858.3083 1624.6566 1215.0 1.7506231614555112 0.6346622631090395 0.8561335796446456 3.0154376908422793 3.0528173448597484 7.89450023646965 -1.502814283900731 1
Pedestrian 891 1 -1.6737149613201043 1167.964 865.11523 1243.4319 1055.3982 1.5697222521707925 0.6093350639365693 0.7262432591114808 2.2258614468817135 3.82779675927267 13.677199744612263 -1.5123868211947082 1
Pedestrian 165 0 -1.6205081256742209 1115.2927 889.1565 1178.1663 1055.1985 1.3819468766040066 0.5397265944010992 0.44062119467822314 1.662733223422367 3.8006937846022897 13.448370020672154 -1.4974941339342396 1
Pedestrian 180 1 -1.3786339173367455 1099.2922 860.74445 1137.6802 967.9862 1.7799435577134672 0.5849810112949221 0.569140589825668 2.8147523249831985 6.055394789661425 26.75208132240789 -1.2738034226333057 1
Pedestrian 1139 1 1.2841023356377954 113.76512 823.2304 184.95724 963.72705 1.9046083162675782 0.7649707775837102 0.6969799563659839 -12.078761834395772 4.923901163470077 22.24903087923172 0.7867347460652785 1
Pedestrian 893 1 0.2054316886985898 1094.0472 856.23975 1129.4889 961.0522 1.77903403872968 0.8071613325885871 0.5031931946354462 2.8090782151276614 6.162809788661727 27.87729065831968 0.30585852695295546 1
Pedestrian 1140 2 1.552829038735628 1115.156 870.1277 1142.7595 951.8733 1.5880470832709657 0.5616855313723476 0.5520444813083776 3.491094374180846 6.7470387826024405 31.159426075837086 -4.6187818248817285 1
bicycle 894 0 1.8077154458996578 314.92093 854.6315 451.6962 1012.925 1.2764189228867053 0.9328492799853803 1.9762997131103939 -6.181602505671714 3.9122292137108197 16.11782114974146 1.441491010696896 1
Cyclist 895 0 -1.506424065240264 984.783 861.89246 1040.3279 995.9272 1.7416627708808479 0.7641915957197235 1.8579942927071444 0.8325395170952763 5.6655377970942045 23.79768002515956 -1.4714542647677193 1
Pedestrian 1567 0 1.6553857455100327 23.145992 855.11926 66.4065 952.45135 1.8235265156805127 0.7017920378360369 0.652392239824684 -18.7407857994677 6.601943441011221 30.590380352893547 1.1057264231762574 1
Car 896 1 -2.587984319289777 102.02069 835.7818 478.0343 984.4767 1.4150164051011582 1.8479671916494154 3.9183097248444234 -8.337659840099215 4.226572808345875 18.75788296630414 -3.006245284559597 1
