rider 882 0 -1.5061948747596043 979.518 881.49255 1033.325 1003.00397 1.6866163044573663 0.7792143301665416 0.841502061284866 0.7054379296346772 5.735020196057269 23.1386249222325 -1.4757168541732788 1
bicycle 884 0 2.1506754261593173 760.9127 892.3912 836.9022 992.1826 1.308145699741779 0.3769932041986943 1.733114157730895 -2.7031428314645063 5.943631365743707 25.057895022721528 -4.239970214834016 1
bicycle 174 0 2.716905566782282 645.79346 880.96246 780.1565 987.8217 1.324112658709453 0.6098286561509388 1.9791239174442443 -3.8357496176226205 5.431091330079067 23.182351649868426 -3.73025403852174 1
bicycle_rack 888 1 -3.0317535313440467 832.5187 904.712 933.5836 991.347 0.9687721871368881 3.9915887408282926 1.7225056675422001 -1.6064667627004061 7.332465151796487 31.966995903754675 -3.081965207762507 1
bicycle_rack 1136 1 -3.0219701148770644 900.3373 890.41656 984.0358 970.657 1.2136043465338022 6.053445630038361 1.8727016933778164 -0.5097194409718333 9.988867421095454 46.313750293540046 -3.032975461213776 1
bicycle_rack 1137 1 -3.028400132772438 881.9297 896.2415 970.48737 977.21454 1.2016652693515257 4.401725482367798 1.8600842330210638 -0.8690932606041257 8.823034877668338 39.727193476326086 -3.050273176902464 1
moped_scooter 890 0 -0.1190167613253334 476.19504 866.0144 619.9612 972.3818 1.3484769187312928 0.45277931288738 2.0209801951667425 -6.1352177657105385 5.028979954787735 22.23520360509098 -0.3882414470977227 1
moped_scooter 1138 1 2.2046571851459653 77.93807 878.40906 167.58467 956.9036 1.338407049463091 0.6964263861681518 1.9765277557890661 -18.55060501630922 7.128969149358503 33.13478592475429 -4.5889044321965855 1
Pedestrian 179 1 -1.881894552490568 1476.2709 875.14667 1642.769 1215.0 1.7506231614555112 0.6346622631090395 0.6398506800024739 3.0806165703090045 3.1041825319521674 7.748158245350907 -1.503464551810737 1
Pedestrian 165 0 -1.6630778700806057 1113.0402 907.31476 1182.2986 1077.8118 1.3819468766040066 0.5650205696449636 0.5923850461413351 1.667645818395189 3.9769450946327747 13.43621294565611 -1.5395936036617341 1
Pedestrian 891 1 -1.6803633945990337 1165.7751 881.8724 1240.9338 1071.3041 1.5697222521707925 0.6093350639365693 0.6664268457776148 2.2064980746793577 3.9810818059943416 13.6847439885207 -1.5205014584333074 1
Pedestrian 180 1 -1.3782696374415218 1097.7878 879.1625 1136.1205 986.7289 1.7799435577134672 0.5849810112949221 0.569140589825668 2.7917298619717212 6.396414500609609 26.79419164614962 -1.274452625312251 1
Pedestrian 1139 1 1.3358539716664073 110.41643 842.89325 174.32227 982.9479 1.9046083162675782 0.6948623784348226 0.6969799563660094 -12.24386685060775 5.235512386616277 22.358588240401808 0.8348447807595067 1
Pedestrian 893 1 0.20161097761222932 1099.7539 873.1435 1133.4668 976.7589 1.77903403872968 0.6687731747617359 0.5031931946354462 2.907185853953679 6.48615504767719 27.961639279817398 0.30520926157110906 1
Pedestrian 1140 2 1.5538762163527462 1112.616 887.97784 1140.161 969.991 1.5880470832709657 0.5616855313723476 0.5520444813083776 3.4407887125205465 7.127657790581752 31.18858537560145 -4.619431374237167 1
Pedestrian 892 0 -0.3204722987509855 835.7857 871.8571 902.6564 1000.7745 1.737044624363164 0.5605137128180653 0.8568647854772206 -1.3673885541940516 5.468863031126071 22.17816990921091 -0.382049060110917 1
bicycle 894 0 1.8062256374792942 316.88995 866.26483 452.70996 1025.355 1.2764189228867053 0.9328492799853803 1.9762997131103939 -6.195718360593102 4.058241412207028 16.195302256159547 1.4408412064745564 1
Cyclist 895 0 -1.5035846376306723 978.02264 876.43463 1035.075 1014.6881 1.7416627708808479 0.7641915957197235 1.8579942927071444 0.7223983198211097 5.822843583484609 23.301786153859847 -1.4725927208461553 1
Pedestrian 881 1 -1.792523298809402 1378.024 871.044 1546.8809 1215.0 1.7072018371316469 0.6364292822066013 0.6523759847499798 2.376376178938261 2.942809745255971 7.150841786735468 -1.471683959051648 1
Pedestrian 1567 0 1.6527828402010374 27.230974 866.07245 70.35043 963.7302 1.8235265156805127 0.7017920378360369 0.652392239824684 -18.65920239239633 6.829435401196527 30.591224350904866 1.1050772402756608 1
Car 896 1 -2.5865306193137116 97.14667 847.77203 475.20935 998.7835 1.4150164051011582 1.8479671916494154 3.9183097248444234 -8.346071157919274 4.37329156011662 18.670919868625944 -3.006894531875947 1
