Pedestrian 881 0 -1.8772724412133885 1469.7084 683.3758 1697.908 1156.5493 1.7072018371316469 0.6364292822065082 0.7277435613689468 2.4184646724753702 1.952396609025917 5.881020448543168 -1.4871208354797525 1
Pedestrian 892 0 -0.5655922003553939 1126.011 701.4708 1197.5764 835.4127 1.737044624363164 0.8462183683386778 0.6140158282847501 2.7417663878161176 2.81266266002606 20.493423604534286 -0.43259434225401594 1
rider 882 0 -1.5574862302643915 1095.8728 709.4059 1138.9469 805.186 1.6866163044573663 0.7792143301665416 0.841502061284866 2.8883107154033434 3.2733871654606093 27.615594914927986 -1.4532752749772986 1
bicycle 884 0 2.1473002147580047 829.2974 729.0411 914.7877 829.32104 1.308145699741779 0.3769932041986943 1.733114157730895 -1.3005168115909194 2.9069947211980076 22.11234069588675 -4.194631490954667 1
bicycle 174 0 2.7280365441753225 692.1506 717.6068 846.00525 827.0868 1.324112658709453 0.6098286561509388 1.9791239174442443 -2.5785972208789047 2.621918106679715 20.16336596276553 -3.682343609046997 1
bicycle_rack 888 1 -3.0386898143461214 906.9577 750.8402 1016.6472 823.8666 0.9687721871368881 3.9915887408282926 1.7225056675422001 0.07975809774636632 3.59204282852747 29.07337526320554 -3.035946483138744 1
bicycle_rack 1136 1 -3.0339066654904223 988.2663 729.30597 1075.2291 790.5766 1.2136043465338022 6.053445630038361 1.8727016933778164 2.130014731494187 4.465691120872805 43.44401532291707 -2.9849169384611622 1
bicycle_rack 1137 1 -3.0383249325793105 965.9375 732.6433 1059.4707 798.8348 1.2016652693515257 4.401725482367798 1.8600842330210638 1.33572617047759 4.031980565693571 36.974365306487755 -3.002214899520925 1
moped_scooter 890 0 -0.09346161220534743 494.0642 707.1026 658.4859 819.58563 1.3484769187312928 0.45277931288738 2.0209801951667425 -4.960020535378101 2.4395804002495853 19.294007577340267 -0.34508859252072566 1
moped_scooter 1138 2 2.242107902468649 95.3407 742.9073 193.18332 818.02747 1.338407049463091 0.6964263861681518 1.9765277557890661 -16.86483650497462 3.860271800597163 30.92439154104382 -4.540349022411755 1
Pedestrian 179 1 -1.9358957697085304 1569.4268 681.1069 1778.8894 1121.0892 1.7506231614555112 0.6346622631090395 0.5845429664553564 3.0033450825245813 2.0010498207260974 6.346713682448434 -1.4939067754981572 1
Pedestrian 165 0 -1.5347137662636217 1255.0983 722.4921 1348.4377 918.3275 1.3819468766040066 0.6661964706203495 0.5923850461413351 2.5781368405562346 2.143402060461264 11.29579987322321 -1.3103189836514986 1
Pedestrian 891 1 -1.6520748927353395 1343.1338 692.5422 1433.1829 909.6473 1.5697222521707925 0.6093350639365693 0.6759642622831122 3.2557952241417425 2.1051921812913306 11.44693697472077 -1.3749676062314187 1
Pedestrian 180 1 -1.5579013534643131 1231.0109 702.74634 1268.5375 820.4901 1.7799435577134672 0.569140589825668 0.5849810112949221 4.518292386433489 3.0163092161265697 23.40599230379441 -1.3672069855525573 1
Pedestrian 1139 1 1.2695767144962316 143.8837 678.37354 220.2865 839.3644 1.9046083162675782 0.6516492175550124 0.7283064666506944 -9.64211905348915 2.5837708328202096 18.50438117714244 0.7892137879323373 1
Pedestrian 893 0 0.17938714052840732 1204.1206 706.3039 1243.3353 818.9808 1.77903403872968 0.8071613325885871 0.5031931946354462 4.347513077998345 3.1517020690738207 24.75029698033399 0.3532682596574208 1
Pedestrian 1140 2 1.5158471398023883 1242.1082 716.5618 1274.6091 805.2557 1.5880470832709657 0.5616855313723476 0.5520444813083776 5.506433924209511 3.3072752312155713 27.735326034046885 -4.571351623765329 1
bicycle 894 0 1.8650403606617534 274.14755 714.9632 453.4171 886.47687 1.2764189228867053 0.9328492799853803 1.9762997131103939 -5.223228687173744 2.1346361790745183 13.22677787964799 1.4889399461012012 1
Cyclist 895 0 -1.559525285807232 1095.7205 709.12195 1138.6185 812.6213 1.7416627708808479 0.7641915957197235 1.8579942927071444 2.898468144853182 3.3565317765499803 27.705839818888606 -1.455288669859825 1
Pedestrian 1567 1 1.6923056954144156 42.416046 725.65796 89.88815 826.0711 1.8235265156805127 0.7017920378360369 0.652392239824684 -17.041421040929826 3.772315199949025 28.48261147011266 1.1531300331847496 1
Car 896 1 -2.5101670988116873 52.02196 698.68896 490.99146 856.2743 1.4150164051011582 1.8479671916494154 3.9183097248444234 -7.280227841910079 2.2660374477288903 15.946326881998075 -2.9384511252121213 1
