Pedestrian 881 0 -1.8729287603042628 1411.6221 755.8486 1596.782 1185.7926 1.7072018371316469 0.5843236930179158 0.6582694424507602 2.3341815361076925 2.305196418718552 6.4875951213771925 -1.5275577766036712 1
Pedestrian 892 0 -0.23937406736311667 989.62177 767.6079 1049.2812 896.4873 1.737044624363164 0.6033694111461562 0.7282976904929369 0.8257426064979541 3.8086242274432935 21.339723169215315 -0.2006982682991687 1
Pedestrian 1139 1 1.4054161452038414 127.88929 736.91064 187.48155 886.8181 1.9046083162675782 0.6046594521279669 0.6669053025445209 -10.812802351243008 3.445234202858334 20.119614475794773 0.9122779639481311 1
rider 882 0 -1.5609250108912427 1038.8883 772.7972 1084.6066 876.8645 1.6866163044573663 0.7792143301665416 0.841502061284866 1.7482041618149788 4.298921154970024 25.96420459235574 -1.4936951642475542 1
bicycle 884 0 2.148733753164503 788.40674 786.67065 869.205 885.3403 1.308145699741779 0.3769932041986943 1.733114157730895 -2.061370995034102 3.9401828504548697 23.477704789257295 -4.222028185022662 1
bicycle 174 0 2.724758291726143 659.9892 777.46326 804.6753 884.6767 1.324112658709453 0.6098286561509388 1.9791239174442443 -3.2789687802312844 3.598659861200839 21.505706183543637 -3.709731447669875 1
bicycle_rack 888 1 -3.037765954993375 868.12244 803.718 971.5052 879.4636 0.9687721871368881 3.9915887408282926 1.7225056675422001 -0.7900873731052188 4.909199405087116 30.896315087910754 -3.0633326031701404 1
bicycle_rack 1136 1 -3.0276929342828383 939.15063 785.7923 1024.0133 852.9601 1.2136043465338022 6.053445630038361 1.8727016933778164 0.6942333069989667 6.401860177272837 45.10062851098335 -3.0123011646725075 1
bicycle_rack 1137 1 -3.035754389807296 922.73975 789.83344 1013.29553 860.6498 1.2016652693515257 4.401725482367798 1.8600842330210638 0.23599675881718962 5.682839692403218 38.33925424283944 -3.029598981130067 1
Car 896 1 -2.557118037078114 64.31668 753.8434 475.19034 906.0162 1.4150164051011582 1.8479671916494154 3.9183097248444234 -7.8617701481414555 3.0014693242268438 17.182871092127208 -2.9862206263149464 1
moped_scooter 890 0 -0.10707827789261198 476.69727 760.81555 631.70935 869.53564 1.3484769187312928 0.45277931288738 2.0209801951667425 -5.592123403657397 3.270978566121696 20.573909149039636 -0.3724731527659231 1
moped_scooter 1138 2 2.221475619686707 84.29837 795.1212 178.05792 871.1363 1.338407049463091 0.6964263861681518 1.9765277557890661 -17.713154665561817 5.093791478258192 31.9637895014111 -4.567743564268124 1
Pedestrian 179 1 -1.9244108888298959 1505.5966 752.7004 1697.0276 1159.4648 1.7506231614555112 0.6346622631090395 0.6541238091791023 2.9710169120271535 2.37747602640688 6.992993789708003 -1.5226620301559242 1
Pedestrian 165 0 -1.5727302742012021 1149.6598 788.0084 1246.4178 969.0963 1.3819468766040066 0.7696764201687822 0.522826614220745 1.9452556741033096 2.758426525270952 12.302360219585601 -1.4159081074883557 1
Pedestrian 891 1 -1.6509307567570033 1234.2465 759.6707 1328.4337 963.76184 1.5697222521707925 0.709893057593286 0.7262432591114808 2.6505990539776607 2.7278146419651055 12.444266314935716 -1.4410692959407734 1
Pedestrian 180 1 -1.3977222293870668 1157.4991 762.5682 1198.2733 874.69434 1.7799435577134672 0.5849810112949221 0.569140589825668 3.6220528034395705 4.113728196109522 24.98923541301947 -1.2537801428634054 1
Pedestrian 893 1 0.19064749972690667 1145.9323 762.42255 1183.1517 870.571 1.77903403872968 0.8071613325885871 0.5031931946354462 3.5704591556062906 4.234735895683517 26.240492591631412 0.3258837584381207 1
Pedestrian 1140 2 1.5330032738685784 1174.5862 776.524 1204.6981 861.78436 1.5880470832709657 0.5616855313723476 0.5520444813083776 4.463495684815998 4.584703651172993 29.249175070899142 -4.598747882196417 1
bicycle 894 0 1.839865328856149 281.67627 768.0262 440.69287 931.8354 1.2764189228867053 0.9328492799853803 1.9762997131103939 -5.7600360407063995 2.762256431005712 14.49136835374924 1.4615328374943157 1
Cyclist 895 0 -1.5762942489772436 1039.196 770.8151 1084.7299 885.49506 1.7416627708808479 0.7641915957197235 1.8579942927071444 1.750436736431918 4.379365280740373 26.082057779562323 -1.5092820608828939 1
Pedestrian 1567 0 1.6735922826705418 25.683977 774.0362 71.27506 872.797 1.8235265156805127 0.7017920378360369 0.652392239824684 -17.940233682851847 4.800299002765646 29.403394815991987 1.1257490927198597 1
