Pedestrian 881 1 -1.997484745335591 1689.9429 634.76 1935.0 1215.0 1.7072018371316469 0.6016922227474212 0.9282065818982203 2.8719329018442745 1.7426854909152865 4.886589781459005 -1.4661456674258662 1
Pedestrian 165 0 -1.5497527338340222 1448.3297 689.40686 1551.04 911.9703 1.3819468766040066 0.6219320139436164 0.5923850461413351 3.5666873410688984 1.8256905794564022 9.898676676704948 -1.2039142392991926 1
bicycle 884 0 2.134892754303203 936.28516 704.54034 1027.1506 810.6189 1.308145699741779 0.3769932041986943 1.733114157730895 0.29937471155271955 2.4448237720002854 20.514639059044725 -4.133700365240189 1
bicycle 174 0 2.72833334681149 781.91266 686.76166 948.3479 803.0431 1.324112658709453 0.6098286561509388 1.9791239174442443 -1.1808051038076874 2.120502527521082 18.525845942250147 -3.618504112141817 1
bicycle_rack 888 1 -3.0558060834297907 1024.7502 723.8615 1137.6671 797.47046 0.9687721871368881 3.9915887408282926 1.7225056675422001 2.2721247816589316 2.9265763103511473 27.472512248487494 -2.9732884986611996 1
bicycle_rack 1136 1 -3.0417142857437343 1094.5923 703.5728 1184.5499 763.8793 1.2136043465338022 6.053445630038361 1.8727016933778164 5.0297811588955454 3.562744402030619 41.49357883893883 -2.921084526157599 1
bicycle_rack 1137 1 -3.051664316963296 1080.1353 709.87103 1177.2194 777.1767 1.2016652693515257 4.401725482367798 1.8600842330210638 3.9773517361301476 3.3213036847119843 34.96003972385813 -2.9383828725974817 1
moped_scooter 890 0 -0.08515888125994475 576.2266 680.0207 751.5498 799.4237 1.3484769187312928 0.45277931288738 2.0209801951667425 -3.5452706701936005 2.0246873503521226 17.84681888718575 -0.2812560331245606 1
Pedestrian 179 2 -2.03556239389993 1820.4703 611.5677 1935.0 1153.9392 1.7506231614555112 0.5456108405893142 0.7585770192645857 3.4688597610769842 1.7076034146244605 5.236246407986423 -1.450470326933732 1
Pedestrian 891 1 -1.6203362044289003 1546.1488 657.40375 1651.7242 908.1103 1.5697222521707925 0.6093350639365693 0.6544161207852522 4.199344942290759 1.7935056631046091 9.882554681018668 -1.2185290505685482 1
Pedestrian 180 1 -1.587415466427473 1371.6477 671.79626 1425.1045 801.8509 1.7799435577134672 0.715744139288431 0.6783324277004397 6.186861023667588 2.45781444979763 21.192976377542365 -1.3033788851144186 1
Pedestrian 1139 1 0.66082986264336 248.55247 638.23364 332.9371 810.0961 1.9046083162675782 0.6499901909389597 0.6046594521279669 -7.624714180045121 2.059867338330543 17.02064473313786 0.2396665443891115 1
Pedestrian 893 0 0.15288844873958174 1344.3049 674.2739 1386.8971 796.80176 1.77903403872968 0.8071613325885871 0.5031931946354462 6.104357052181855 2.5396027318358163 22.563797176575004 0.41710134989312286 1
Pedestrian 892 0 -0.6162902945936009 1337.8694 671.5771 1425.5068 814.2414 1.737044624363164 0.6462251094742647 0.8522482993846987 5.3222586809251915 2.3424974431289876 18.948717325392533 -0.3424685445376521 1
Pedestrian 1140 2 1.493695853433131 1376.3916 694.7222 1413.154 790.7943 1.5880470832709657 0.5616855313723476 0.5520444813083776 7.3944861774401565 2.7950526645828875 25.523020222935298 -4.5074918928844205 1
rider 882 0 -1.567435977648199 1222.1749 688.72296 1264.1024 780.3401 1.6866163044573663 0.7792143301665416 0.841502061284866 5.408939419031724 2.932117361212924 28.69545014928268 -1.3811273118568583 1
bicycle 894 0 1.9036063969333772 300.5534 668.3955 509.76474 854.6531 1.2764189228867053 0.9328492799853803 1.9762997131103939 -4.284918465430587 1.646021778233651 11.71017905129044 1.5528252308564698 1
Cyclist 895 0 -1.5595080306564648 1222.4124 687.4533 1264.1223 785.56396 1.7416627708808479 0.7641915957197235 1.8579942927071444 5.438952538821093 2.9872750840508315 28.791019124682357 -1.372796937209569 1
Pedestrian 1567 1 1.7121888399767142 129.05138 692.85333 177.25441 794.8005 1.8235265156805127 0.7017920378360369 0.652392239824684 -14.987008552280455 3.1038419505909918 27.74701486576545 1.2169545574009741 1
Car 896 1 -2.479246082258742 97.20618 657.7762 565.1067 824.6195 1.4150164051011582 1.8479671916494154 3.9183097248444234 -6.112660530879096 1.7679981355480392 14.646323801773068 -2.8746203147026628 1
