bicycle 884 0 2.1161679276018655 1090.0022 753.5387 1188.4313 874.2488 1.308145699741779 0.3769932041986943 1.733114157730895 2.2444684394314387 2.9859702927005793 18.70636190180474 -4.047603999168473 1
bicycle 174 0 2.7122739489656413 925.1139 737.8855 1106.4775 868.6573 1.324112658709453 0.6098286561509388 1.9791239174442443 0.6236087000006971 2.6541495129085386 16.943385142347598 -3.5341225267650684 1
bicycle_rack 888 1 -3.0772590292221698 1185.3866 775.18835 1303.5875 864.6266 0.9687721871368881 3.9915887408282926 1.7225056675422001 4.909599112197841 3.7540477595593154 25.56639885437661 -2.887535392594055 1
bicycle_rack 1136 1 -3.058131399353699 1251.0026 758.81366 1344.0559 832.64514 1.2136043465338022 6.053445630038361 1.8727016933778164 8.904789931798106 5.011484125506054 39.24300896830039 -2.8349958892060574 1
bicycle_rack 1137 1 -3.073866692756592 1244.8954 762.8812 1345.7551 843.387 1.2016652693515257 4.401725482367798 1.8600842330210638 7.397253656949281 4.4506339979213285 32.83721437666535 -2.852294858782982 1
moped_scooter 890 0 -0.09014307118761072 709.9406 722.5707 897.6175 853.41956 1.3484769187312928 0.45277931288738 2.0209801951667425 -1.734462331640284 2.4504494567975197 16.4539103636709 -0.19516858499086998 1
Pedestrian 165 0 -1.662552402087568 1745.6904 731.1023 1878.0981 1000.786 1.3819468766040066 0.5878371509685831 0.6894276727178479 4.781984620833304 2.012315683699404 8.441014498102948 -1.1471161154588865 1
Pedestrian 891 2 -1.7242539083177726 1867.4312 688.31085 1935.0 1006.09375 1.5697222521707925 0.6093350639365693 0.7262432591114808 5.2668194123499585 1.9294318260535765 8.026040042720613 -1.143521013775512 1
Pedestrian 892 1 -0.8338742006919504 1631.6097 716.47156 1716.4365 876.1732 1.737044624363164 0.5605137128180653 0.6854419921648449 8.147181332862912 2.8081239933543825 17.101821007612713 -0.38929022398038615 1
Pedestrian 180 1 -1.6296408921802494 1583.7783 718.3401 1648.572 866.10706 1.7799435577134672 0.715744139288431 0.6783324277004397 8.317577854733075 2.995719228066621 19.01503740876332 -1.2172967087745676 1
Pedestrian 1139 2 0.8180592745260608 389.6465 678.1099 474.65912 869.2146 1.9046083162675782 0.6046594521279669 0.5716739152271907 -5.489796410669578 2.471344429816398 15.526992044388866 0.47821230505455725 1
Pedestrian 893 0 0.11569028079448668 1548.0222 720.0917 1594.7043 857.3214 1.77903403872968 0.8071613325885871 0.5031931946354462 8.375304469452534 3.1155410281198206 20.5208523190272 0.5031909606299765 1
Pedestrian 1140 1 1.4658883515554404 1565.158 741.40106 1608.2467 848.8654 1.5880470832709657 0.5616855313723476 0.5520444813083776 9.694401138606183 3.421723306734762 23.19221677110969 -4.421368277836187 1
rider 882 0 -1.550354302854089 1403.4514 742.8869 1445.7924 834.3515 1.6866163044573663 0.7792143301665416 0.841502061284866 9.127342902931021 4.051079466802671 29.44603681096187 -1.249777401013262 1
bicycle 894 0 1.9208945013931649 401.95288 721.02527 633.39594 942.0087 1.2764189228867053 0.9328492799853803 1.9762997131103939 -3.052911798498346 2.0194085960456682 10.540940254607232 -4.644201581829066 1
Cyclist 895 0 -1.5597388256131208 1403.1238 741.54803 1444.8502 840.95844 1.7416627708808479 0.7641915957197235 1.8579942927071444 9.153127671630747 4.124942720959595 29.552029428444737 -1.2593801940019993 1
Pedestrian 1567 2 1.5252584052971796 268.1056 766.1887 311.87433 872.2048 1.8235265156805127 0.7017920378360369 0.652392239824684 -12.28763910093226 4.4518954022098125 27.369799386436718 1.103278986243108 1
Car 896 1 -2.4612696955386597 204.4382 708.24664 694.8545 905.83044 1.4150164051011582 1.8479671916494154 3.9183097248444234 -4.606725659603326 2.2566475363482534 13.556508185426592 -2.788843740430117 1
