rider 882 0 -1.5448853328765406 1353.5914 736.4974 1395.6633 827.3865 1.6866163044573663 0.7792143301665416 0.841502061284866 8.167541042418517 3.929177979127303 29.534480797702983 -1.2750855789617865 1
bicycle 884 0 2.12064842333816 1045.4935 752.231 1141.934 870.2859 1.308145699741779 0.3769932041986943 1.733114157730895 1.712265818842745 3.0051144743576943 19.12186857240179 -4.073230170768882 1
bicycle 174 0 2.7151850891848706 886.7741 730.7011 1064.3323 858.4662 1.324112658709453 0.6098286561509388 1.9791239174442443 0.17243606894245406 2.596321920592434 17.30248416409493 -3.558034576134868 1
bicycle_rack 888 1 -3.0754062668731406 1144.1859 766.4439 1260.1451 852.4373 0.9687721871368881 3.9915887408282926 1.7225056675422001 4.260460010962468 3.6348198813013917 26.02807649707969 -2.913158033651412 1
bicycle_rack 1136 1 -3.0553764445365355 1207.3481 746.9569 1299.0814 817.53406 1.2136043465338022 6.053445630038361 1.8727016933778164 7.858653807852416 4.723891732332142 39.839709193491764 -2.8606199568185318 1
bicycle_rack 1137 1 -3.0660535606309196 1193.2018 752.3245 1293.1469 829.63043 1.2016652693515257 4.401725482367798 1.8600842330210638 6.362182210744953 4.250847704634685 33.417214074672714 -2.877918728850218 1
Car 896 1 -2.466501160796827 171.64117 697.49164 657.36957 887.2877 1.4150164051011582 1.8479671916494154 3.9183097248444234 -5.007399561972311 2.1581891033906753 13.804826303542098 -2.8144698147967517 1
moped_scooter 890 0 -0.09060332411422911 673.2795 712.62866 857.6595 840.66095 1.3484769187312928 0.45277931288738 2.0209801951667425 -2.1994770149615017 2.359941133314644 16.79895952739812 -0.22079213390811914 1
Pedestrian 165 0 -1.6183885419926607 1669.1323 724.3118 1793.6067 980.53644 1.3819468766040066 0.6219320139436164 0.6998844409277085 4.543904324985708 2.000675736406474 8.860050662174826 -1.1445114151369264 1
Pedestrian 891 1 -1.6645824394118676 1781.1198 687.469 1919.2805 986.115 1.5697222521707925 0.6093350639365693 0.7262432591114808 5.037793260638327 1.9450110448203493 8.510847503589307 -1.1301207393510109 1
Pedestrian 180 1 -1.6197982501662387 1523.057 716.32855 1584.6737 859.86316 1.7799435577134672 0.715744139288431 0.6783324277004397 7.7328264682080174 3.0011254916439514 19.537262426508235 -1.242918771731563 1
Pedestrian 1139 2 0.827269669978193 342.37927 674.9073 427.18555 860.9728 1.9046083162675782 0.6046594521279669 0.5873371703695349 -6.134903221484256 2.4505836648462145 15.924857248622333 0.459551213115728 1
Pedestrian 893 0 0.12213782861761519 1493.4492 722.0812 1538.7871 855.95654 1.77903403872968 0.8071613325885871 0.5031931946354462 7.808130295979802 3.17684790052788 21.03523604559657 0.47756659800524615 1
Pedestrian 892 0 -0.7993556735058212 1535.7244 714.64435 1656.9302 872.9474 1.737044624363164 0.763729887243668 1.0997137426697687 7.474884608173087 2.828136422676471 17.6155991639512 -0.3980498969348192 1
Pedestrian 1140 1 1.4734070456526638 1508.6078 735.0596 1549.8115 839.525 1.5880470832709657 0.5616855313723476 0.5520444813083776 9.030365934647172 3.3656363733528725 23.790717083305985 -4.447002512379019 1
bicycle 894 0 1.9147524914427878 373.82242 714.6005 598.8022 927.1353 1.2764189228867053 0.9328492799853803 1.9762997131103939 -3.3695475017553216 1.9869706408592622 10.838544980546532 -4.669846233917054 1
Cyclist 895 0 -1.5549453818424368 1353.7028 734.2478 1395.3577 833.0208 1.7416627708808479 0.7641915957197235 1.8579942927071444 8.18523638669738 3.9777171770032638 29.58067843876809 -1.2849911343863267 1
Pedestrian 1567 1 1.5543340792810474 231.48814 741.60803 274.49747 846.6229 1.8235265156805127 0.7017920378360369 0.652392239824684 -12.984467855076607 3.997767495368544 27.411371216055464 1.1119558600728272 1
