bicycle 884 0 2.054220927310676 1501.5326 770.91364 1622.2869 921.04236 1.308145699741779 0.3660582401451207 1.733114157730895 6.079520054241034 2.8503801187758917 15.094414311347364 -3.8460756153879134 1
bicycle 174 0 2.648028498540435 1315.6122 760.0114 1542.3353 915.8275 1.324112658709453 0.6098286561509388 1.9791239174442443 4.382686140774431 2.6367016564148527 14.040606376358197 -3.332596618271399 1
bicycle_rack 888 1 -3.107488663935977 1606.0537 799.04376 1751.0859 913.31104 0.9687721871368881 3.9915887408282926 1.7225056675422001 10.35080053052702 3.7193127928262246 21.452483109272812 -2.657939665137386 1
bicycle_rack 1136 2 -3.0959462758823406 1650.7742 774.3049 1756.0935 862.435 1.2136043465338022 6.053445630038361 1.8727016933778164 17.051633187777174 4.940558007879941 34.20404648804994 -2.6334779365832044 1
bicycle_rack 1137 1 -3.12511357371524 1667.8335 778.9311 1787.691 877.6199 1.2016652693515257 4.401725482367798 1.8600842330210638 14.384489223116914 4.332472107490456 28.016388089423614 -2.650778788781884 1
moped_scooter 890 0 -0.1338541788876125 1063.1646 747.2038 1285.1431 897.35834 1.3484769187312928 0.45277931288738 2.0209801951667425 1.981647174324499 2.5159685462766013 14.04222731050604 0.006340625752620399 1
Pedestrian 1139 2 0.7577283940446682 782.4199 692.2406 884.5262 917.11523 1.9046083162675782 0.6046594521279669 0.6813167012236421 -1.1429005950488749 2.5275101530536173 13.383563207954158 0.6725392341227034 1
rider 882 1 -1.5498464597233497 1882.4846 752.66534 1931.9786 848.1886 1.6866163044573663 0.7792143301665416 0.841502061284866 18.02027714199271 4.168638923470746 28.484742274375158 -0.9857798441145557 1
bicycle 894 0 1.9028626421531722 719.2489 737.582 990.58936 1027.0969 1.2764189228867053 0.9328492799853803 1.9762997131103939 -0.5299551148212638 1.9986568292998652 8.508164789016305 -4.442530126958687 1
Cyclist 895 1 -1.5533613051734063 1882.1582 750.4228 1931.44 853.6736 1.7416627708808479 0.7641915957197235 1.8579942927071444 18.098366226278284 4.22591798162419 28.61006996418148 -0.9893245665436152 1
Pedestrian 1567 2 1.8287550022859307 605.4307 784.95294 653.6439 891.92584 1.8235265156805127 0.7017920378360369 0.652392239824684 -5.950974504285641 4.733585251797739 26.849781853002654 -4.672543963207305 1
Car 896 1 -2.46826087224321 517.833 729.5527 1058.2502 980.7792 1.4150164051011582 1.8479671916494154 3.9183097248444234 -1.4058736680249655 2.364712656587569 11.753652426272804 -2.587306935812225 1
