moped_scooter 1728 0 2.1935489311180696 1764.4552 831.4811 1907.0765 945.6077 1.3417427528318968 0.7015747565640654 1.9751365087228168 12.235773084359415 4.331081113309543 20.917744753817665 -3.560358756747175 1
bicycle_rack 1726 1 -3.0523430875290423 236.39485 834.8716 330.85388 913.7762 1.2042619191182917 5.563046009409069 1.8828778947470823 -18.662074237238198 7.42791321520264 41.38908256523942 -3.475939919726021 1
Car 1735 1 -1.4497149069770279 94.49375 822.84546 246.83615 971.7332 1.5639937388219773 1.6391426187398297 3.9031348403638635 -12.289104286047442 4.9478676951028735 23.44917732320027 -1.9324357175810927 1
moped_scooter 1727 1 -2.8704631349893517 0.0 837.6539 192.99164 997.18585 1.5027992293539938 0.793500446505379 1.8006245014753015 -9.472954815132109 3.9125078915544953 16.32704783338624 -3.396196647508992 1
Pedestrian 1729 1 1.5347829759546852 437.97028 817.18854 462.64432 883.02405 1.7569137635649958 0.6444007002249639 0.6206155977049614 -14.583825101842224 7.296799560370014 42.67903217676336 1.2055130274609076 1
Pedestrian 1733 1 -2.1921703956479446 0.0 794.4311 17.449501 1039.1448 1.8508326670095372 0.6881520285820443 0.7187056327882928 -8.393153947606267 3.3047158460228934 12.377478872607867 -2.7880458703250026 1
Pedestrian 1730 0 2.593393031279791 1735.2648 817.0937 1834.7898 971.01154 1.7240389600432828 0.5926437143186608 0.8575163812632495 9.825232703030125 4.059131486770676 17.853729617840685 -3.186704783049161 1
bicycle 1731 1 -2.8435428366062707 0.0 883.88837 142.32652 1017.47437 1.0827576326472375 0.5243479889727585 1.9012897298049447 -9.092210888443576 3.689025621187888 14.55092358035947 -3.4020375559343017 1
bicycle 1732 1 -2.852572511312406 0.0 882.9243 156.60161 1011.7509 1.0827576326472375 0.5243479889727585 1.9012897298049447 -9.223902145228621 3.767616461688976 15.062643539784071 -3.4020375559343017 1
Pedestrian 1567 1 1.9711771719147526 1689.3658 802.36444 1765.9009 952.507 1.8235265156805127 0.7017920378360369 0.652392239824684 10.130950668593517 4.2267133097422995 19.772415574919386 -3.838507235519706 1
Pedestrian 2057 2 2.5877174292378404 0.0 812.27185 0.0 1024.4381 1.6307643894763475 0.8220420131435429 0.724989276310588 -8.962465672156908 3.305017951922313 12.866474181989652 -4.303891558288634 1
Pedestrian 1734 1 -1.5416296466558055 451.03406 828.3647 472.467 887.1124 1.7101151640958872 0.6143839046933031 0.5720486168316239 -15.498254227446814 8.073361346661592 46.40644787215171 -1.8639510139517408 1
Car 896 2 -2.7908319412243063 1788.8663 685.8523 1935.0 1215.0 1.4150164051011582 1.8479671916494154 3.9183097248444234 5.078540576914404 1.6992619604029633 4.808610063581294 -1.97813941480268 1
