bicycle 376 1 -0.28205374153351825 492.93893 906.87164 560.1758 955.7305 1.0876679348341214 0.5861297444050078 1.7266794509198244 -12.259982071227236 9.176982765947697 42.19230385703175 -0.5648404568158161 1
Pedestrian 377 0 1.7054105942308464 1041.1072 868.69745 1087.6555 991.53534 1.767341124405973 0.6546345606870434 0.5044388673667981 1.5936101313480935 5.579841731072187 23.072541941878995 -4.508814682276987 1
Pedestrian 379 0 -0.4915055503392792 964.61017 857.579 1021.68085 1003.6467 1.9139048618676462 0.74984605184529 0.5287542443041175 0.4540436529518301 5.3290698687712394 21.49545574064777 -0.4703859169909095 1
Car 378 1 -1.4045255905188911 783.5368 855.6926 968.313 1043.7966 1.603321239705019 1.8131897660907024 4.219879350377373 -1.0381308986989766 5.082922462432132 20.346173604494908 -1.4555047789374662 1
bicycle 99 0 2.248877430568231 100.22238 827.8775 476.4097 1090.6357 1.1610406676044218 1.052979555677682 2.2156739282551206 -4.238931307233128 2.6387802259936946 9.680128990725528 -4.447054251228181 1
Pedestrian 814 0 2.012407781269034 435.13684 881.28766 474.48993 936.41907 1.6084477688861671 0.9879083888018906 0.696544920287995 -16.176964980025726 9.868904694636477 47.77845790490894 -4.597245153986544 1
bicycle 380 0 -2.0541336396370147 411.724 848.09985 603.0456 1072.4645 1.2537768285494304 0.5688607267189133 1.7616831444361096 -3.3132214282504933 2.992988996341865 10.82663384902051 -2.351108818110494 1
bicycle_rack 381 0 -2.721295030593281 516.19824 876.9566 790.1213 1072.7819 1.2488720286190769 1.0887686027007892 1.9058491036648715 -2.4793697201706744 3.4259796673144307 12.177944545959377 -2.922145006084978 1
bicycle_rack 382 1 -2.729196911639049 601.00433 897.10614 842.5987 1060.248 1.1360119477951587 0.7389089891038736 1.944708620332445 -2.076610246065201 3.616509295542141 13.025176238064354 -2.8872968312850658 1
bicycle_rack 383 2 -2.7850705220091814 670.161 898.86334 885.586 1053.7114 1.1509292535691127 0.782963784936847 1.8143202311306506 -1.6805873023046178 3.7881414672131646 13.803153938962994 -2.9062280527424864 1
Car 384 1 -1.570552398857746 1052.2933 831.0276 1188.9028 1001.43115 2.044528411890284 2.202929128829438 4.913288181727992 2.838833811855781 6.07687891579268 26.694829949066058 -1.4646066274171319 1
Car 98 1 2.207507461477735 0.0 886.07385 216.96707 1026.5726 1.3783127550925809 1.836763371814284 3.8774754540189793 -14.097609981032818 5.965436587749091 24.23747592719015 -4.602491780944886 1
Pedestrian 385 0 -3.079158570703565 1130.4138 740.8496 1299.3364 1173.4482 1.7178036368444183 0.5918272079589381 0.6875763784978958 1.114445896654896 2.250425281129086 6.50221030301232 -2.909412975396796 1
