bicycle 376 1 -0.28224868717837504 494.32285 906.8881 561.5375 955.7375 1.0876679348341214 0.5861297444050078 1.7266794509198244 -12.222388609443819 9.178114463077346 42.196182028744396 -0.5641890133038698 1
Pedestrian 377 0 1.7057632623940027 1040.935 867.1346 1088.594 991.606 1.767341124405973 0.6546345606870434 0.6273573455691763 1.5997651324264537 5.563358423632389 23.0613013424822 -4.508162883916345 1
Pedestrian 379 0 -0.4889445978435022 962.71313 857.91016 1017.846 1004.5896 1.9260059507857112 0.7377449629272325 0.5045520664680069 0.4128286518082539 5.343098129779831 21.487540981825962 -0.46973449515541255 1
Car 378 1 -1.4057199529684654 786.4203 857.27844 970.9797 1045.9448 1.603321239705019 1.8131897660907024 4.219879350377373 -0.9997030786973932 5.104470209283937 20.330556011067834 -1.4548528201679916 1
Pedestrian 814 1 2.019977142486284 432.54922 883.5557 454.1137 938.2044 1.6084477688861671 0.4959936682714961 0.43213093799557833 -16.124805357446483 9.703925995261525 46.561571738502955 -4.596593197716382 1
bicycle 99 0 2.2496216670442424 99.76927 827.82434 476.47116 1090.8673 1.1610406676044218 1.052979555677682 2.2156739282551206 -4.2359200558117305 2.63715089478014 9.670832671700792 -4.446401948899872 1
bicycle 380 0 -2.054854698509524 413.81876 847.6 605.4732 1072.2509 1.2537768285494304 0.5688607267189133 1.7616831444361096 -3.2922190301609398 2.9868099546172058 10.811025023362777 -2.350456973539379 1
bicycle_rack 381 0 -2.722192507133328 519.0743 875.9133 792.12714 1071.0596 1.2488720286190769 1.0887686027007892 1.9058491036648715 -2.4665582172543554 3.422731230908594 12.211745350179816 -2.921493538003987 1
bicycle_rack 382 1 -2.730004767147389 603.44354 897.211 844.65326 1060.1552 1.1360119477951587 0.7389089891038736 1.944708620332445 -2.060003970781279 3.6208880785002986 13.04342422161526 -2.8866452369807662 1
bicycle_rack 383 2 -2.7861695741614234 673.1296 898.81226 887.9535 1053.2753 1.1509292535691127 0.782963784936847 1.8143202311306506 -1.660256062033897 3.7941321881409578 13.838033136968226 -2.905576564679709 1
Car 384 1 -1.572539548024976 1056.5173 832.01337 1193.2747 1002.77374 2.044528411890284 2.202929128829438 4.913288181727992 2.9080230097536353 6.09360288522136 26.675804848397675 -1.4639548256657076 1
Car 98 1 2.205615586042356 0.0 886.1196 221.2812 1026.0343 1.3783127550925809 1.836763371814284 3.8774754540189793 -14.070868327680923 5.983132253819612 24.333711794691673 -4.601839936256965 1
Pedestrian 385 0 -3.0955395061022744 801.5914 725.6826 1009.8827 1156.7833 1.7181022548514562 0.5731909295492675 0.8501443956411303 -0.2237243204624876 2.1682148557823546 6.38748250500306 -3.1305506236549903 1
