bicycle 376 1 -0.28207810018254553 493.84213 906.8739 561.0595 955.722 1.0876679348341214 0.5861297444050078 1.7266794509198244 -12.23637316555595 9.178021839036123 42.197775621825606 -0.5643140611002633 1
Pedestrian 377 1 1.703565765474922 1044.1394 865.97504 1091.6216 990.1222 1.767341124405973 0.6546345606870434 0.6273573455691763 1.6515191353096679 5.553587926467378 23.113437068399566 -4.508287999823543 1
Pedestrian 814 0 2.013945459176007 442.62042 883.75635 463.78998 937.6002 1.6084477688861671 0.4959936682714961 0.43213093799557833 -16.053100123084874 9.83028115090178 47.25531226626318 -4.596718343934977 1
Car 378 1 -1.405725683257194 786.28705 857.25684 970.7687 1045.8278 1.603321239705019 1.8131897660907024 4.219879350377373 -1.0025497296138972 5.105432808990762 20.338933904483053 -1.4549779668663012 1
bicycle 99 0 2.2480584394635965 102.24206 827.61115 479.0483 1091.0803 1.1610406676044218 1.052979555677682 2.2156739282551206 -4.2124991429780945 2.6334659749657234 9.65511751512734 -4.446527161533087 1
Pedestrian 385 0 -3.0751040603428064 964.12177 739.47186 1152.6525 1167.3094 1.702878196313907 0.5881429593778171 0.7765092491140149 0.4358684416851102 2.225582914542805 6.479261785997007 -3.0079339508006164 1
Pedestrian 379 2 -0.489333163139672 962.8302 858.6207 1018.60406 1004.8046 1.9139048618676462 0.7982504075175525 0.48449125271345345 0.41938972997924373 5.352118761314958 21.533573167556046 -0.46985953879352693 1
bicycle 380 0 -2.0525199421925286 409.72928 849.2852 601.53906 1074.7825 1.2537768285494304 0.5688607267189133 1.7616831444361096 -3.3135348394248147 2.996123638335945 10.785746083914953 -2.3505820983423895 1
bicycle_rack 381 0 -2.722321725405693 519.18567 875.5599 792.03625 1070.5035 1.2488720286190769 1.0887686027007892 1.9058491036648715 -2.4682976887924633 3.4211404161108687 12.22061966785121 -2.9216185905283476 1
bicycle_rack 382 1 -2.730077941061981 603.4238 897.9752 844.5136 1060.9003 1.1360119477951587 0.7389089891038736 1.944708620332445 -2.061747173326296 3.629054936449913 13.050066010649049 -2.8867703137483787 1
bicycle_rack 383 2 -2.7862215568195956 673.08295 898.75684 887.7796 1053.113 1.1509292535691127 0.782963784936847 1.8143202311306506 -1.662277446563201 3.7950979001974874 13.84632641327444 -2.905701621041855 1
Car 384 1 -1.5698886531621568 1051.9769 832.09735 1188.606 1002.76764 2.044528411890284 2.202929128829438 4.913288181727992 2.83469508018871 6.0972946779250945 26.69070020283235 -1.464079942226076 1
Car 98 1 2.205473513725039 0.0 886.0967 221.27136 1025.9622 1.3783127550925809 1.836763371814284 3.8774754540189793 -14.074225086767148 5.9838915200051765 24.340468772647867 -4.601965061058522 1
