bicycle 376 1 -0.2824965611577021 494.88007 907.01337 562.1604 955.9193 1.0876679348341214 0.5861297444050078 1.7266794509198244 -12.192672303659846 9.173181388719073 42.15103982197275 -0.5640726230596596 1
rider 817 1 -0.5332816569014249 0.0 881.5264 52.65659 981.3954 1.571891165522689 0.691969660201122 0.7596756568967142 -16.742086763148997 6.218912684221724 26.58360755925449 -1.095317960986948 1
bicycle 380 1 -2.052667833131236 410.344 848.5786 602.20654 1074.0256 1.2537768285494304 0.5688607267189133 1.7616831444361096 -3.3081213730964243 2.990253122465941 10.783083874118802 -2.3503405116109217 1
Pedestrian 377 0 1.7042924152621612 1044.1709 867.5889 1090.2314 990.7157 1.767341124405973 0.6434601535777354 0.5379620886947223 1.6385924161586938 5.5678664133982805 23.090073585168163 -4.508046430278686 1
Pedestrian 379 0 -0.4881295563534013 959.1102 857.05035 1019.5081 1004.8848 1.926005950785711 0.83463018609631 0.5410848686958604 0.39861620299586414 5.345230550674646 21.531037409334832 -0.46961810878046784 1
Car 378 1 -1.4057135672311158 786.5348 857.30194 971.17993 1046.0725 1.603321239705019 1.8131897660907024 4.219879350377373 -0.9970082072920285 5.103406754228336 20.321360576057263 -1.454736337871078 1
Cyclist 815 2 -0.5228721095740022 0.0 876.8829 84.504395 1001.38165 1.777229594668776 0.6877674853106424 1.9657260826495973 -16.741977720613104 6.423817938215706 26.54635037529034 -1.08553809756802 1
Pedestrian 814 1 2.0291795296176405 417.44107 887.1736 438.68884 943.1454 1.6084477688861671 0.46548436262236303 0.43213093799557833 -16.21454943771306 9.627186222438246 45.48012681175402 -4.596476715865954 1
bicycle 99 0 2.246025757055757 107.02781 828.2989 482.5369 1091.534 1.1610406676044218 1.052979555677682 2.2156739282551206 -4.192433273957035 2.6403661774817135 9.669067088271362 -4.4462854052385 1
bicycle_rack 381 1 -2.722069120317355 518.9564 875.9643 792.215 1071.2764 1.2488720286190769 1.0887686027007892 1.9058491036648715 -2.464824588886628 3.421673075936517 12.202722621174352 -2.9213771433541003 1
bicycle_rack 382 1 -2.7278506770092705 600.2579 898.20264 841.5909 1061.2987 1.1360119477951587 0.7389089891038736 1.944708620332445 -2.0866402864499998 3.6292537712354385 13.039589339531144 -2.8865288197600822 1
bicycle_rack 383 2 -2.786112555093004 673.1485 898.87305 888.1131 1053.4529 1.1509292535691127 0.782963784936847 1.8143202311306506 -1.658329311178353 3.79306584744857 13.828916552749321 -2.90546016645681 1
Car 384 1 -1.570727652433228 1053.6752 832.092 1190.4348 1002.9092 2.044528411890284 2.202929128829438 4.913288181727992 2.8616948331558545 6.0944151102905435 26.670475319888315 -1.4638383714191208 1
Car 98 1 2.2057713267473202 0.0 886.1455 221.2534 1026.1154 1.3783127550925809 1.836763371814284 3.8774754540189793 -14.067698481370778 5.982258050769417 24.326024995517606 -4.601723474340055 1
Pedestrian 385 0 -3.0399321193217057 501.80942 700.281 698.61786 1149.197 1.737200504867276 0.5731909295492675 0.741229163866926 -1.4826641938240184 2.068116270132813 6.231760699727501 -3.2735100168578275 1
