bicycle 376 1 -0.2822123203635088 494.2211 906.9015 561.4462 955.7585 1.0876679348341214 0.5861297444050078 1.7266794509198244 -12.223394687646422 9.177386317811425 42.190267613669455 -0.5642121080027849 1
bicycle 380 0 -2.052731814628653 410.2371 848.61444 602.0603 1073.9929 1.2537768285494304 0.5688607267189133 1.7616831444361096 -3.3099697180711396 2.9909892602651316 10.786200896103848 -2.3504800824611762 1
Pedestrian 377 0 1.7062267016091326 1040.1927 867.1816 1087.8738 991.67426 1.767341124405973 0.6546345606870434 0.6273573455691763 1.588241887289725 5.5635083672252765 23.05768302018884 -4.508185991194289 1
Pedestrian 379 0 -0.4887471257883103 962.2349 857.825 1017.7863 1005.08563 1.926005950785711 0.8224525853536944 0.46801926424014884 0.40883265583309863 5.352554512069419 21.526776510822277 -0.4697575890864416 1
Pedestrian 814 1 2.023822709441383 425.9381 882.95544 447.74704 938.08734 1.6084477688861671 0.4959936682714961 0.43213093799557833 -16.182576280947703 9.614155191357748 46.15023261063103 -4.5966163105924425 1
Car 378 1 -1.4057051881695468 786.3296 857.2912 970.946 1046.019 1.603321239705019 1.8131897660907024 4.219879350377373 -1.0001965557467358 5.103781116127353 20.324897404161636 -1.4548759331326473 1
Cyclist 815 2 -0.48162067847979584 0.0 878.2537 2.6622598 1012.0864 1.777229594668776 0.6877674853106424 1.9657260826495973 -17.1064015264955 6.151200459381222 24.7879643760848 -1.0856776114971767 1
bicycle 99 0 2.2498661916060048 99.09643 827.82715 476.1334 1091.0636 1.1610406676044218 1.052979555677682 2.2156739282551206 -4.2362854261229765 2.6363288169623784 9.66462733709709 -4.446425074041384 1
bicycle_rack 381 1 -2.7221012637064996 518.82434 875.9444 792.01355 1071.1903 1.2488720286190769 1.0887686027007892 1.9058491036648715 -2.4668609575661318 3.422041087712355 12.206052487341541 -2.921516633576518 1
bicycle_rack 382 1 -2.73199028393669 606.3283 898.7871 847.7775 1062.0892 1.1360119477951587 0.7389089891038736 1.944708620332445 -2.031325945746212 3.6323878572937423 13.027704832204023 -2.886668337031214 1
bicycle_rack 383 2 -2.786119845877837 672.97253 898.84894 887.887 1053.3806 1.1509292535691127 0.782963784936847 1.8143202311306506 -1.6605971239192472 3.7934436688536355 13.832358894670735 -2.9055996609611077 1
Car 384 1 -1.5706996595672038 1053.4294 832.0857 1190.164 1002.8698 2.044528411890284 2.202929128829438 4.913288181727992 2.857611079444397 6.094839625557912 26.674548660951963 -1.463977933064366 1
Car 98 1 2.205716701088642 0.0 886.1377 221.0773 1026.0924 1.3783127550925809 1.836763371814284 3.8774754540189793 -14.07145603044232 5.982405607940164 24.327753830613315 -4.601863045177639 1
Pedestrian 385 0 -2.9908951163544844 615.71576 729.2318 874.84534 1150.2983 1.6635723625426657 0.5731909295492675 1.0120693482665795 -0.892114274765291 2.126655445218526 6.3453167953194844 -3.130573716106708 1
