bicycle 376 2 -0.2824900715106208 494.98456 907.0176 562.265 955.924 1.0876679348341214 0.5861297444050078 1.7266794509198244 -12.189469402031058 9.173125618663935 42.15014775860631 -0.5640016606886942 1
Cyclist 815 2 -0.5591951245932832 30.148851 879.9737 154.24458 996.63025 1.777229594668776 0.6877674853106424 1.9657260826495973 -16.42597487168021 6.782588637560071 28.31570221481663 -1.0848546945021706 1
bicycle_rack 816 1 0.42959202225533033 576.8867 893.7747 658.58075 943.8985 1.148083060955992 2.2327427478366806 1.8630660361108642 -11.298469533731451 10.240952353507184 49.29121584566059 0.20426578505644755 1
rider 817 1 -0.5708245567157445 65.18777 884.7082 126.86291 978.2544 1.571891165522689 0.691969660201122 0.7596756568967142 -16.41676325621845 6.58873586641442 28.380658425316224 -1.0952469823168232 1
bicycle 380 1 -2.051625549496775 408.7157 850.4492 600.6692 1076.5015 1.2537768285494304 0.5688607267189133 1.7616831444361096 -3.315615414385834 3.00283545525565 10.770192942266927 -2.350269505530232 1
Pedestrian 377 0 1.7056564852510743 1044.501 867.88824 1086.061 990.4694 1.767341124405973 0.5764137109218987 0.5156132744761107 1.6096251919348104 5.572092464726964 23.104965531066085 -4.507975429257989 1
Pedestrian 379 0 -0.4879810683535104 961.44946 857.46704 1016.8723 1004.3294 1.926005950785711 0.7980973838684511 0.48019686498276026 0.39725518680983 5.34929611572001 21.547787866508354 -0.46954714876803805 1
Car 378 1 -1.4057185553611238 786.64105 857.30707 971.2995 1046.098 1.603321239705019 1.8131897660907024 4.219879350377373 -0.9953778316875275 5.103231268144336 20.319684471465195 -1.4546653193770536 1
Pedestrian 814 2 2.032657575106171 411.63876 894.8296 432.99103 951.0331 1.6084477688861671 0.46548436262236303 0.43213093799557833 -16.34593674567379 9.83948174389311 45.35949011086305 -4.5964056976441405 1
bicycle 99 0 2.247028034869813 105.467186 828.38824 480.84592 1091.2853 1.1610406676044218 1.052979555677682 2.2156739282551206 -4.208238594983804 2.642615288889421 9.680808931798902 -4.446214349333575 1
bicycle_rack 381 0 -2.722055408337641 519.0293 875.9737 792.3203 1071.3173 1.2488720286190769 1.0887686027007892 1.9058491036648715 -2.463780267054297 3.421500827996966 12.201151868800968 -2.9213061782946355 1
bicycle_rack 382 1 -2.729389532911908 602.68555 898.1342 844.09973 1061.3154 1.1360119477951587 0.7389089891038736 1.944708620332445 -2.064051357135264 3.627412254012542 13.032862620601653 -2.88645784093651 1
bicycle_rack 383 2 -2.7860945301312534 673.2032 899.9913 888.2188 1054.7134 1.1509292535691127 0.782963784936847 1.8143202311306506 -1.6571849948394501 3.803242888337066 13.82556559572827 -2.9053891992184617 1
Car 384 1 -1.568507045539686 1050.1123 832.1761 1186.8188 1002.9897 2.044528411890284 2.202929128829438 4.913288181727992 2.8040574952158317 6.096516492104933 26.673713636347003 -1.4637673700267027 1
Car 98 1 2.205796655277644 0.0 886.1491 221.34691 1026.1259 1.3783127550925809 1.836763371814284 3.8774754540189793 -14.065778429841647 5.982197948533415 24.3252686692364 -4.6016524682712285 1
Pedestrian 385 0 -2.9840347034203143 404.63147 697.04987 616.45447 1144.4346 1.7139481037479134 0.5355630897304315 0.7575094302245783 -1.830099059503772 2.025699434200721 6.146134998248086 -3.2734390583753274 1
