bicycle 376 1 -0.28336266903732205 496.74692 906.9964 563.9731 955.87384 1.0876679348341214 0.5861297444050078 1.7266794509198244 -12.14710017171699 9.176772673147184 42.17280990232821 -0.5638033986741366 1
bicycle_rack 816 1 0.42756315774973486 580.4349 893.835 662.04156 943.9847 1.148083060955992 2.2327427478366806 1.8630660361108642 -11.178401725452927 10.239382881584838 49.27102478552633 0.20446404858450618 1
rider 817 2 -0.6083501699214315 141.50461 885.6234 198.03929 972.6141 1.571891165522689 0.691969660201122 0.7596756568967142 -16.135327130034966 6.974626469908488 30.492640243020443 -1.0950486747671282 1
bicycle 380 0 -2.0504496504270384 407.15427 850.8385 599.0322 1077.0741 1.2537768285494304 0.5688607267189133 1.7616831444361096 -3.3256097776345097 3.005115473552127 10.765224369964741 -2.3500711213776384 1
Pedestrian 377 0 1.7197795185853284 1044.923 867.98517 1086.644 990.31433 1.767341124405973 0.5764137109218989 0.4932644602574917 1.6178465627698682 5.573923433881838 23.114511767383107 -4.493527073970479 1
Pedestrian 379 0 -0.48893085835417915 961.0756 857.28546 1020.6311 1004.3993 1.926005950785711 0.7615645816406061 0.565440070181093 0.42151644406854716 5.343233063263822 21.522996548447175 -0.4693488933408754 1
Car 378 1 -1.4057391273724136 786.9688 857.3132 971.6292 1046.1218 1.603321239705019 1.8131897660907024 4.219879350377373 -0.9908633881996541 5.103170747904127 20.318577378161358 -1.4544669005635955 1
bicycle 99 1 2.247038884276127 105.80931 828.3936 481.1767 1091.3102 1.1610406676044218 1.052979555677682 2.2156739282551206 -4.205875870778422 2.6425971882991144 9.68034227793492 -4.4460158260081455 1
Cyclist 815 2 -0.6275364873291498 117.67274 880.7891 227.84427 988.496 1.777229594668776 0.6877674853106424 1.9657260826495973 -16.118471514716127 7.193654083053017 30.620667675235104 -1.1120740171388812 1
Pedestrian 814 2 2.0392101197376036 400.69373 890.4135 422.4111 947.2938 1.6084477688861671 0.46548436262236303 0.43213093799557833 -16.461410947012034 9.602945205025595 44.785634393964294 -4.596207279591181 1
bicycle_rack 381 0 -2.7189605077609897 513.08966 874.65875 789.10425 1071.7244 1.2488720286190769 1.0887686027007892 1.9058491036648715 -2.4781522936621228 3.3918682386108343 12.091694376831349 -2.9211079087590894 1
bicycle_rack 382 1 -2.7294086568089684 603.0164 898.14233 844.4391 1061.3457 1.1360119477951587 0.7389089891038736 1.944708620332445 -2.061005573955597 3.6273539772974575 13.031970765498784 -2.8862595329339724 1
bicycle_rack 383 2 -2.7856784911754318 672.7299 898.9244 888.02765 1053.7634 1.1509292535691127 0.782963784936847 1.8143202311306506 -1.65814228104445 3.78978559404865 13.808105000385524 -2.905190923593553 1
Car 384 1 -1.5707653337540266 1054.1334 832.10046 1190.919 1002.95197 2.044528411890284 2.202929128829438 4.913288181727992 2.869567690366126 6.094082255744667 26.666656230742205 -1.4635689989914915 1
Car 98 1 2.2058049469811998 0.0 886.148 221.70715 1026.1196 1.3783127550925809 1.836763371814284 3.8774754540189793 -14.060454311187826 5.982459792143748 24.3267312389196 -4.6014540841711415 1
Pedestrian 385 0 -2.8957801632016764 213.62457 696.733 507.64603 1143.6879 1.658953127347249 0.5007224973055834 0.9952672074265191 -2.364950136679555 1.960550804087606 5.964997990485384 -3.273240807236915 1
