Cyclist 815 2 -1.0312221674681097 307.14774 878.0757 377.49426 966.77094 1.777229594668776 0.6877674853106424 1.9657260826495973 -15.220480823595327 8.185125980316265 36.827066651965026 -1.423137841129489 1
bicycle_rack 816 1 0.42774763173236746 589.38245 900.57025 670.7915 951.065 1.148083060955992 2.2327427478366806 1.8630660361108642 -10.900710962109311 10.479121732433931 49.33246915112166 0.2102777992048832 1
rider 817 2 -1.0351065639289365 321.3059 881.85876 364.46124 952.38837 1.571891165522689 0.691969660201122 0.7596756568967142 -15.235250207660211 7.977751413134423 36.855256838723164 -1.427094505315709 1
Pedestrian 379 0 -0.4910352365092718 974.6635 861.35834 1030.713 1006.6417 1.900495815486903 0.738177141160772 0.5168909607115212 0.5902736543936802 5.36408263578746 21.45920047517519 -0.46353538389273896 1
Pedestrian 814 2 2.0525940850726183 383.98578 891.91833 413.25598 953.69025 1.6561360488661296 0.5570122795697343 0.6570719250910856 -16.38849909601694 9.499400216332795 43.56650414105356 -4.590389005120492 1
Car 378 1 -1.4064573011775197 797.0826 859.44543 981.2384 1048.648 1.603321239705019 1.8131897660907024 4.219879350377373 -0.858832806560805 5.139797440371414 20.343603727621574 -1.4486486038141302 1
bicycle 376 1 -0.2808241890918651 502.11206 902.32874 569.2157 950.9597 1.0876679348341214 0.5861297444050078 1.7266794509198244 -12.00688769119222 9.048329478912851 42.20525954371751 -0.5579896974564553 1
Pedestrian 385 2 -2.8200072339536013 0.0 650.85895 123.95282 1159.3173 1.6629975348031143 0.5750176832852404 1.014571760451041 -3.636596118523229 1.7630480910151811 5.348218529648233 -3.417159281500219 1
Pedestrian 818 0 -0.19085412316147998 50.006386 630.2515 498.19836 1215.0 1.73666223817752 0.783338258936295 1.1539319630521854 -2.1594244986563407 1.7558554675637403 4.705120466038432 -0.6211275567304666 1
bicycle 99 1 2.2475224695531555 116.01422 827.64166 490.2298 1090.1729 1.1610406676044218 1.052979555677682 2.2156739282551206 -4.148304591069356 2.638466001929004 9.689013618688277 -4.440194471496472 1
bicycle 380 0 -2.0505038480384754 417.16382 854.55035 608.261 1080.9891 1.2537768285494304 0.5688607267189133 1.7616831444361096 -3.2642012071216358 3.038170414137107 10.7907015379919 -2.3442538273746303 1
bicycle_rack 381 0 -2.722412206519571 529.08685 876.2077 802.2045 1072.0219 1.2488720286190769 1.0887686027007892 1.9058491036648715 -2.3813555457577595 3.4229228033165793 12.192704880249295 -2.915293980727335 1
bicycle_rack 382 1 -2.7306648812646532 614.379 897.9437 854.8562 1060.9147 1.1360119477951587 0.7389089891038736 1.944708620332445 -1.9723324997504896 3.6333139774775107 13.069613585498054 -2.8804444694634213 1
bicycle_rack 383 2 -2.786524669925857 683.1142 903.20306 897.93274 1058.4465 1.1509292535691127 0.782963784936847 1.8143202311306506 -1.5671107690122144 3.8354345128621534 13.827405751517755 -2.8993768158433344 1
Car 384 1 -1.575015573222905 1069.7601 834.5287 1207.1283 1006.5554 2.044528411890284 2.202929128829438 4.913288181727992 3.1324935906004527 6.13157049505001 26.590739310275918 -1.4577521019485147 1
Car 98 1 2.2096824130042636 0.0 885.74054 226.76836 1027.1322 1.3783127550925809 1.836763371814284 3.8774754540189793 -13.872840856043387 5.9381709759652495 24.109959412503567 -4.595636804389478 1
Pedestrian 377 0 1.717914696549034 1053.8593 868.08563 1100.7797 992.57666 1.7896899386245866 0.6546345606870434 0.5028845085645012 1.7921036578587703 5.591306773644394 23.05958178455169 -4.487710284349627 1
