Cyclist 815 2 -1.124117940792859 292.86288 871.59015 359.04593 961.3426 1.777229594668776 0.6877674853106424 1.9657260826495973 -15.31208240529792 7.895762512037184 36.093281230608746 -1.5253416041707786 1
bicycle_rack 816 1 0.4278429315021749 586.80365 900.25726 668.28033 950.744 1.148083060955992 2.2327427478366806 1.8630660361108642 -10.979944625999867 10.464494528722886 49.31162160213021 0.20875261726502892 1
rider 817 2 -1.113278335448862 305.73886 875.6048 348.73193 946.98157 1.571891165522689 0.691969660201122 0.7596756568967142 -15.31479575904401 7.696522138029587 36.13436953947769 -1.5141567655303274 1
Pedestrian 379 0 -0.49020321497076913 971.3631 861.54047 1026.9377 1006.5351 1.900495815486903 0.7261608339190513 0.5168909607115212 0.5401717202612497 5.369159942386045 21.47969828678146 -0.4650605018849048 1
Pedestrian 814 2 2.051205638019246 384.14526 891.8359 412.64435 953.21515 1.6561360488661296 0.5570122795697343 0.6151867718903347 -16.42179434023591 9.505742210087472 43.636750886842535 -4.591915372471177 1
Car 378 1 -1.4062713881501374 794.42865 859.4372 978.72504 1048.6815 1.603321239705019 1.8131897660907024 4.219879350377373 -0.8933966857993118 5.138323059799329 20.335982102010234 -1.4501749770053807 1
bicycle 376 1 -0.28379167668622873 504.49457 901.2217 571.4931 949.7639 1.0876679348341214 0.5861297444050078 1.7266794509198244 -11.956563550033438 9.026815775132263 42.25986354217468 -0.559514865496235 1
Pedestrian 818 0 -0.1759499179705118 47.7336 620.3005 442.1991 1215.0 1.7710382919912184 0.7249031495958297 1.0083607805008112 -2.254486185483047 1.758383309969745 4.706696221127438 -0.6226531506068774 1
bicycle 99 1 2.24652657355277 115.38373 828.09894 489.03165 1090.356 1.1610406676044218 1.052979555677682 2.2156739282551206 -4.159653363550641 2.6434203444133777 9.701272372636579 -4.4417216455727155 1
bicycle 380 0 -2.051260975822371 415.80182 854.7613 607.09827 1081.2095 1.2537768285494304 0.5688607267189133 1.7616831444361096 -3.2730252749531346 3.03959263870723 10.789926031394645 -2.345779940056121 1
bicycle_rack 381 0 -2.7221017018538824 526.06854 875.32404 799.4728 1071.084 1.2488720286190769 1.0887686027007892 1.9058491036648715 -2.4030384206271247 3.41374612258705 12.184785431885505 -2.9168192094434473 1
bicycle_rack 382 1 -2.7303320649777705 611.37134 899.63324 852.14404 1062.8599 1.1360119477951587 0.7389089891038736 1.944708620332445 -1.9952638825292464 3.6462256528814248 13.057071415705227 -2.881969997445692 1
bicycle_rack 383 2 -2.786200698596684 680.1791 905.46027 895.2365 1060.9855 1.1509292535691127 0.782963784936847 1.8143202311306506 -1.5916133479211865 3.854699164735824 13.815239726351646 -2.900902091923407 1
Car 384 1 -1.573229157186906 1064.4944 834.5632 1201.7957 1006.5484 2.044528411890284 2.202929128829438 4.913288181727992 3.0435154123692465 6.132421389780744 26.59326818759319 -1.4592781081867858 1
Car 98 1 2.2099050140304124 0.0 885.7983 223.55049 1027.3442 1.3783127550925809 1.836763371814284 3.8774754540189793 -13.913239320116617 5.934232528517941 24.08264850327236 -4.597162910966548 1
Pedestrian 385 1 -2.8293893388776077 0.0 646.56415 117.154236 1157.0945 1.6988010251240608 0.486239931188982 0.8823972086828809 -3.5839116925315837 1.781612565084997 5.360840280739001 -3.418684589926787 1
Pedestrian 377 0 1.7180546244277304 1051.4176 867.5398 1098.2202 991.8373 1.7896899386245866 0.6546345606870434 0.4915687961095314 1.753733574829126 5.582393631099315 23.063159592576223 -4.489236262161384 1
