bicycle 376 1 -0.28694250841890173 553.9369 897.8422 620.16266 945.8649 1.0876679348341214 0.5861297444050078 1.7266794509198244 -10.608728632995813 8.954368686071014 42.41100535415065 -0.5320538140584921 1
Pedestrian 379 0 -0.4563135359940145 1029.5393 858.5666 1083.1853 1003.4372 1.9004958154869023 0.5338999180515771 0.5805856241404375 1.3411465902553328 5.258054317262344 21.130274030871238 -0.3929281772826352 1
rider 817 1 -1.1997946056068693 480.85944 887.6354 515.64856 950.1206 1.571891165522689 0.691969660201122 0.7596756568967142 -12.818826743212986 8.919129855717086 41.415881721250294 -1.4999575192290497 1
bicycle 380 0 -2.055519893095319 466.26624 854.60376 659.9767 1086.0693 1.2537768285494304 0.5688607267189133 1.7616831444361096 -2.8529883719211133 3.011784021326173 10.605811143761596 -2.318301653358307 1
Pedestrian 814 2 2.0618604757780847 413.2925 892.57947 440.64124 954.98267 1.6561360488661296 0.5570122795697343 0.5104738888884903 -15.182664906257095 9.316055731568284 42.50018943428144 -4.5644327786397865 1
Car 378 1 -1.4138815949697945 846.8788 857.22943 1031.3491 1049.5237 1.603321239705019 1.8131897660907024 4.219879350377373 -0.17670816098700365 5.064117280289374 20.055605046936545 -1.4226922784690437 1
Cyclist 815 1 -1.2049820714666373 473.75418 883.95654 524.48083 962.36304 1.777229594668776 0.6877674853106424 1.9657260826495973 -12.818846729311945 9.14577263776096 41.532564995381065 -1.5043516872097984 1
bicycle_rack 816 1 0.4282051759860268 629.41315 895.82263 710.31635 946.21545 1.148083060955992 2.2327427478366806 1.8630660361108642 -9.600454185871138 10.331725081073705 49.38875333662119 0.23621402128679558 1
Pedestrian 818 1 -0.4021266339192786 619.3326 662.1066 828.5668 1215.0 1.7841240715269104 0.6219547804429937 0.5011116428188664 -0.8189771333346269 1.9209784822557696 5.1034435072117486 -0.5612453943093616 1
bicycle 99 0 2.2467734410699753 161.86057 828.765 537.9581 1097.0394 1.1610406676044218 1.052979555677682 2.2156739282551206 -3.7823549439624156 2.625694033289003 9.530251690309624 -4.414224669142097 1
bicycle_rack 381 1 -2.723413316144745 569.57025 874.8334 845.39716 1074.8945 1.2488720286190769 1.0887686027007892 1.9058491036648715 -2.0117747130380312 3.384246051182251 12.011756952067953 -2.889356937840229 1
bicycle_rack 382 1 -2.737609480860259 663.2101 895.9883 906.61957 1062.8231 1.1360119477951587 0.7389089891038736 1.944708620332445 -1.5099985257677102 3.5811684237558192 12.858926947242015 -2.854502186366993 1
bicycle_rack 383 2 -2.7888586187758646 724.69855 901.5818 942.07886 1060.2045 1.1509292535691127 0.782963784936847 1.8143202311306506 -1.1550814740360282 3.7859081858439603 13.624040060433384 -2.873438944068681 1
Car 384 1 -1.576693971833682 1111.1403 832.3904 1250.5502 1006.44324 2.044528411890284 2.202929128829438 4.913288181727992 3.8400139224004364 6.054705370342512 26.316875140652506 -1.431801988998975 1
Car 98 1 2.2121474379965758 2.9667 885.88135 271.0699 1027.1487 1.3783127550925809 1.836763371814284 3.8774754540189793 -13.185574658452774 5.961748990667103 24.213834721690795 -4.56968499290947 1
Pedestrian 377 0 1.8930704472496114 1105.9591 865.6063 1151.896 992.54236 1.7896899386245866 0.564108861047284 0.5028845085645123 2.55177464039672 5.5067887338536705 22.74659765789042 -4.278399247272281 1
