bicycle 376 1 -0.28601279213102404 635.7422 903.1768 700.9448 950.71515 1.0876679348341214 0.5861297444050078 1.7266794509198244 -8.337562170592653 9.13365042468081 42.580519419113855 -0.4793733534331117 1
bicycle_rack 816 1 0.42823638406261544 711.0664 894.0807 790.7122 944.41815 1.148083060955992 2.2327427478366806 1.8630660361108642 -6.974206712991627 10.339373382728986 49.7271473128674 0.28889576361218205 1
bicycle 380 0 -2.0572970203580168 552.9223 848.85474 746.6018 1083.4202 1.2537768285494304 0.5688607267189133 1.7616831444361096 -2.2175435391013862 2.953649133657255 10.492022118905243 -2.265586829773075 1
Pedestrian 379 0 -0.7668047179472084 1095.2246 858.1624 1167.9948 1006.35614 1.8541225154781191 0.8584432686878093 0.572382113698781 2.3703344471482257 5.186005683023575 20.845881931967604 -0.6535834445799685 1
Pedestrian 814 2 2.087224071053642 461.6904 881.23004 483.6956 945.3217 1.6561360488661296 0.43135681996749875 0.3952897175864595 -13.319652891843255 8.685463517016926 40.772857041368084 -4.511711353672893 1
Car 378 1 -1.4154055739391533 927.1427 853.0318 1113.6224 1048.0558 1.603321239705019 1.8131897660907024 4.219879350377373 0.9003711283358364 4.967303234938181 19.803083620830286 -1.3699706555515858 1
bicycle 99 0 2.2499599154852135 249.36288 828.9708 620.8766 1099.5592 1.1610406676044218 1.052979555677682 2.2156739282551206 -3.228711245960586 2.6213999989365835 9.480260764711314 -4.361476525994719 1
bicycle_rack 381 0 -2.7303281673554034 659.8791 874.2836 937.89954 1080.5144 1.2488720286190769 1.0887686027007892 1.9058491036648715 -1.2606130458292935 3.3525118312776385 11.809250039422947 -2.8366733828213846 1
Pedestrian 818 1 -0.09381156580144301 1421.7284 707.2844 1719.9979 1215.0 1.7840851215145224 0.6673796406216405 0.9880058878591027 2.2718053624698604 2.1226445880514664 5.685715080073022 0.2863186352465097 1
Pedestrian 377 0 2.2975933644857176 1173.1088 858.9342 1235.266 994.1885 1.8236370759894969 0.6892256130175503 0.5951273147792192 3.6033374504092546 5.36811650008114 22.193568187826088 -3.8246368907383856 1
bicycle_rack 382 1 -2.742902176503566 750.4129 895.5314 995.2799 1066.7632 1.1360119477951587 0.7389089891038736 1.944708620332445 -0.7501006073320656 3.559521700510126 12.719354074239117 -2.8018071207116497 1
bicycle_rack 383 2 -2.7970107893485143 814.63544 898.79736 1035.471 1062.6633 1.1509292535691127 0.782963784936847 1.8143202311306506 -0.31725098088385434 3.7182160907544244 13.359486212649948 -2.8207535710733183 1
Car 384 1 -1.5852786321220398 1205.1011 828.1789 1348.958 1005.9665 2.044528411890284 2.202929128829438 4.913288181727992 5.399213414699938 5.909842978462242 25.814016277634963 -1.379092810136396 1
Car 97 2 0.9983706374871582 0.0 425.59186 194.9079 1167.9532 2.2541204892505227 2.4391211713794476 5.669740583264574 -6.568649055484418 1.6489497725150226 6.273948987407507 0.19002942496054653 1
Car 98 1 2.2105991441827513 112.02203 885.2664 368.42032 1024.931 1.3783127550925809 1.836763371814284 3.8774754540189793 -11.71064496595257 6.022528283186526 24.594442751826232 -4.516972412716152 1
