bicycle 376 1 -0.28601922135981384 635.32526 903.1548 700.52216 950.68805 1.0876679348341214 0.5861297444050078 1.7266794509198244 -8.350685841088682 9.134160943292002 42.58651735103746 -0.4796499950156954 1
bicycle_rack 816 1 0.4282403624539757 710.64185 894.0633 790.28064 944.3912 1.148083060955992 2.2327427478366806 1.8630660361108642 -6.989332888557471 10.33989731454132 49.733524737804466 0.2886191132271856 1
bicycle 380 0 -2.0571262038780467 552.24384 851.9677 745.87335 1087.0343 1.2537768285494304 0.5688607267189133 1.7616831444361096 -2.2228588418083906 2.9775549963726267 10.493949929300033 -2.26586365610794 1
Pedestrian 379 0 -0.6631323427083612 1104.0183 858.3568 1169.0455 1004.19293 1.8356672390127933 0.8628124202006283 0.4704855975414346 2.4423576759069743 5.1728548969883015 20.886030403590876 -0.5467236459625391 1
Pedestrian 814 2 2.085127148868601 463.04187 880.7978 488.36002 944.57837 1.6561360488661296 0.53606970296936 0.3952897175864595 -13.331131376923878 8.72469806357378 41.06102578107435 -4.51198820893243 1
Car 378 1 -1.4192405839589113 933.04895 852.9397 1118.4742 1047.9967 1.603321239705019 1.8131897660907024 4.219879350377373 0.9707202348182662 4.965083685236603 19.79756297086038 -1.3702475118398985 1
bicycle 99 0 2.251889899115918 245.59491 831.1196 617.28674 1101.9723 1.1610406676044218 1.052979555677682 2.2156739282551206 -3.2559355303152344 2.638323234699523 9.491504934227397 -4.361753518469711 1
Pedestrian 818 0 -0.07304097177184327 1290.8733 705.8715 1543.0256 1215.0 1.7742117483691262 0.7724361896868275 0.8613140577832865 1.6982082917713472 2.1084572718346974 5.703230823786531 0.2163618121860813 1
Pedestrian 377 0 2.2917285594149828 1186.6666 855.8168 1238.8961 989.0351 1.8236370759894969 0.625848193799004 0.44523275468032697 3.729031353771768 5.30822853844893 22.183372623895227 -3.8249135194685318 1
bicycle_rack 381 0 -2.731717411498742 662.2487 872.11926 938.93915 1077.023 1.2488720286190769 1.0887686027007892 1.9058491036648715 -1.2529816576623096 3.3430727336963897 11.86279469561834 -2.836950043227569 1
bicycle_rack 382 1 -2.7442688220368967 752.55493 895.6663 996.4073 1066.1542 1.1360119477951587 0.7389089891038736 1.944708620332445 -0.7392417296503716 3.570236565561787 12.772076468234038 -2.802083844555783 1
bicycle_rack 383 2 -2.7948421003213593 811.66876 898.59106 1031.1324 1061.3207 1.1509292535691127 0.782963784936847 1.8143202311306506 -0.35219624170146757 3.7320078972866675 13.445617292942227 -2.8210302414894253 1
Car 384 1 -1.5851675949593473 1204.511 828.165 1348.2968 1005.8705 2.044528411890284 2.202929128829438 4.913288181727992 5.3908016943264 5.910881920267569 25.82377334548475 -1.379369601732378 1
Car 97 2 0.9978013646066359 0.0 426.14554 195.04718 1167.3385 2.2541204892505227 2.4391211713794476 5.669740583264574 -6.57155288557214 1.6496796602662327 6.280401272323875 0.18975280757031476 1
Car 98 1 2.210510282410472 111.69964 885.24524 368.05606 1024.8705 1.3783127550925809 1.836763371814284 3.8774754540189793 -11.71872574498412 6.0230069876968235 24.59950132779556 -4.517249221990982 1
