bicycle 376 1 -0.28600522105299747 635.3163 903.1656 700.52026 950.70447 1.0876679348341214 0.5861297444050078 1.7266794509198244 -8.349939663605431 9.133619818266705 42.58192205003454 -0.47963949779546544 1
bicycle_rack 816 1 0.4284439182310312 710.3409 894.06464 789.9925 944.3946 1.148083060955992 2.2327427478366806 1.8630660361108642 -6.998885100371726 10.339642404009979 49.731825404924095 0.288629610781026 1
bicycle 380 0 -2.0570625352755063 552.1264 851.98785 745.8325 1087.172 1.2537768285494304 0.5688607267189133 1.7616831444361096 -2.2224548290843864 2.977000795668593 10.489291805017997 -2.265853151878056 1
Pedestrian 379 0 -0.7678989349931317 1103.3226 853.50195 1170.4053 1002.2678 1.8842248649258775 0.8436569692703669 0.47963588063105156 2.449713611945012 5.152614977877034 20.899913690250248 -0.651219665284876 1
Pedestrian 814 2 2.0866072286727233 460.22556 880.92334 486.31375 944.8717 1.6561360488661296 0.557012279569725 0.3952897175864595 -13.369366802695025 8.713568255182086 40.973682837554946 -4.5119777036038835 1
Car 378 1 -1.419267047743295 933.082 852.9504 1118.5444 1048.0625 1.603321239705019 1.8131897660907024 4.219879350377373 0.9712236740783066 4.964527040039442 19.792871229280195 -1.3702370064723126 1
bicycle 99 0 2.25245890383074 244.50333 831.0941 616.4762 1102.0288 1.1610406676044218 1.052979555677682 2.2156739282551206 -3.260922700511507 2.637763913677183 9.48877346064888 -4.361743007933889 1
Pedestrian 818 1 -0.08693295897731734 1367.9044 700.02435 1552.1631 1215.0 1.808958700023377 0.7243017065370244 0.599514628870868 1.865569288974193 2.1150339039148407 5.671447783628252 0.23085891575216055 1
Pedestrian 377 0 2.2921920219951764 1184.7058 858.6728 1239.3708 992.5283 1.8236370759894969 0.59152161405194 0.5374755608950262 3.715951471953491 5.3512337450865655 22.16697734473135 -3.8249030227361347 1
bicycle_rack 381 0 -2.7314664571786564 661.695 873.3769 938.7518 1078.7438 1.2488720286190769 1.0887686027007892 1.9058491036648715 -1.2542728015644076 3.3512265346381445 11.84774512618111 -2.8369395452935677 1
bicycle_rack 382 1 -2.742026820101774 748.4939 894.5554 993.7655 1065.9578 1.1360119477951587 0.7389089891038736 1.944708620332445 -0.7634389673710817 3.547045656996593 12.698839940467295 -2.802073344215187 1
bicycle_rack 383 2 -2.7966199697823413 814.1124 897.5483 1034.0353 1060.5555 1.1509292535691127 0.782963784936847 1.8143202311306506 -0.3273994940667523 3.7166807301857503 13.415473738091558 -2.8210197431756834 1
Car 384 1 -1.5852148577251295 1204.5941 828.16925 1348.4108 1005.9122 2.044528411890284 2.202929128829438 4.913288181727992 5.391369095085216 5.910320741579284 25.81903537965724 -1.3793590988196869 1
Car 97 2 0.9981515941245733 0.0 425.76175 194.61313 1167.7115 2.2541204892505227 2.4391211713794476 5.669740583264574 -6.571194499560806 1.6491302051052608 6.275788679559033 0.189763303872575 1
Car 98 1 2.210574380173682 111.5659 885.2594 367.98557 1024.9156 1.3783127550925809 1.836763371814284 3.8774754540189793 -11.718170925750833 6.022467066745186 24.594941645565523 -4.517238718407427 1
