bicycle_rack 816 1 0.4281675213906598 713.95306 894.6739 793.57947 945.05945 1.148083060955992 2.2327427478366806 1.8630660361108642 -6.878235323578099 10.359331307741463 49.724474337695675 0.29071283521509694 1
bicycle 380 0 -2.0532933902309747 549.7491 851.80634 742.95636 1087.1968 1.2537768285494304 0.5688607267189133 1.7616831444361096 -2.239289352455399 2.9745713033449963 10.481636116674887 -2.263768601954091 1
Pedestrian 379 0 -0.9594351298274166 1100.1718 858.13696 1169.4202 1004.46313 1.8541225154781191 0.8593394770378664 0.4440250043213526 2.415334689519688 5.174812617900482 20.839815592481358 -0.8440499382102021 1
Car 378 1 -1.4160984122785722 930.9181 854.1661 1117.3822 1049.7122 1.603321239705019 1.8131897660907024 4.219879350377373 0.9493486260834212 4.981404934418276 19.785122683482022 -1.3681522325101527 1
bicycle 99 0 2.2532675421855934 246.69098 828.8655 618.63214 1099.1617 1.1610406676044218 1.052979555677682 2.2156739282551206 -3.24737096951013 2.621832175702144 9.48875087139967 -4.3596572092878905 1
bicycle 376 1 -0.2863519935056912 639.08026 903.3098 704.3026 950.86993 1.0876679348341214 0.5861297444050078 1.7266794509198244 -8.23643352507103 9.131669517701031 42.550370699613474 -0.47755634018740634 1
bicycle_rack 381 0 -2.7301426655581262 662.112 872.8234 940.6272 1079.3552 1.2488720286190769 1.0887686027007892 1.9058491036648715 -1.2387290063537153 3.336634202842962 11.786419388395746 -2.834856245267753 1
Pedestrian 377 0 1.5322987840518723 1186.0996 863.3459 1225.7919 990.39923 1.7890460236589825 0.567433117587444 0.4789489685413411 3.653655423528399 5.396762159120486 22.353632475756754 -4.58887119436789 1
Pedestrian 814 2 2.105647476563542 425.22195 889.80066 464.81122 957.4223 1.6561360488661296 0.8490419266338994 0.5104738888884962 -13.664499158399105 8.728287064986178 39.58906596183091 -4.509892937385629 1
rider 1651 1 2.6891120684407355 1691.3196 634.99713 1935.0 1215.0 1.6752795138070475 0.7531515883115134 0.8307692787779121 2.5667021815323774 1.7056493809138087 4.076529166837384 -3.0321519167865727 1
Cyclist 1652 1 2.704549848934704 1493.5771 635.9612 1935.0 1215.0 1.8393015235948935 0.7259947252020295 1.848244463814806 2.4931702575378103 1.8728825153754656 4.07439539869832 -3.029503355135635 1
bicycle_rack 382 1 -2.7432434175677756 753.58374 895.62317 998.6232 1067.0985 1.1360119477951587 0.7389089891038736 1.944708620332445 -0.7219596246330275 3.5587239834828592 12.708959961173987 -2.7999895657132576 1
bicycle_rack 383 2 -2.797384260800453 817.8717 896.6188 1038.8184 1060.4331 1.1509292535691127 0.782963784936847 1.8143202311306506 -0.2878034137735799 3.6966382766237986 13.351773608002286 -2.8189363676532153 1
Car 384 1 -1.5792289295912711 1197.7047 827.98505 1341.216 1005.49786 2.044528411890284 2.202929128829438 4.913288181727992 5.292226081529663 5.910903422458269 25.847856486002826 -1.3772748118214746 1
Car 97 2 0.9979236529005724 0.0 426.64505 199.6869 1167.9424 2.2541204892505227 2.4391211713794476 5.669740583264574 -6.550572691816464 1.651283650118411 6.285103209645412 0.1918462792886826 1
Car 98 1 2.2106088965805943 115.52329 885.27435 371.6017 1024.9109 1.3783127550925809 1.836763371814284 3.8774754540189793 -11.660533053404295 6.024453386537838 24.603727458219513 -4.515154298334675 1
Pedestrian 818 2 -0.3172185942994933 1810.9103 698.12415 1935.0 1215.0 1.7796313121768825 0.631400931182173 0.8248410745038177 3.610522667522639 2.06391851742115 5.390532783090295 0.27294290837069934 1
