bicycle 376 1 -0.2860329185517214 636.5736 903.19147 701.7692 950.72534 1.0876679348341214 0.5861297444050078 1.7266794509198244 -8.314045621496074 9.13405743283812 42.5807526455795 -0.4788605029990982 1
bicycle_rack 816 1 0.4282135129718083 711.88696 894.09283 791.52655 944.43506 1.148083060955992 2.2327427478366806 1.8630660361108642 -6.9469781082024085 10.33975534534301 49.72667556376786 0.2894086304221879 1
bicycle 380 0 -2.057344444668619 553.7831 848.95435 747.5044 1083.6226 1.2537768285494304 0.5688607267189133 1.7616831444361096 -2.2107737438596313 2.9539869178201767 10.489053202319855 -2.2650736367200035 1
Pedestrian 379 0 -0.9573745253850631 1092.6685 857.7641 1166.5962 1005.23004 1.8541225154781191 0.8584432686878093 0.5606590119543744 2.3464754603991924 5.179236222469459 20.859209190963956 -0.8453543482611355 1
Pedestrian 814 2 2.091819134219902 454.7916 890.6464 477.0632 955.4755 1.6561360488661296 0.43135681996749875 0.3952897175864595 -13.374420419152337 8.874130453173134 40.381351436682436 -4.511198107158919 1
Car 378 1 -1.416273793156178 929.31006 853.03827 1115.6124 1048.1534 1.603321239705019 1.8131897660907024 4.219879350377373 0.9274469444437989 4.966328773995583 19.795830891604997 -1.3694574071307364 1
bicycle_rack 381 0 -2.7295937464511852 659.2113 873.4454 937.88495 1080.0747 1.2488720286190769 1.0887686027007892 1.9058491036648715 -1.2604280069518652 3.3411056512986983 11.782784410959488 -2.8361604974197725 1
Pedestrian 818 1 -0.2244195152535558 1447.078 717.34393 1774.1792 1215.0 1.744031111422546 0.7107220898841836 1.015483734479149 2.4439554494087226 2.1260030283143116 5.739184103255862 0.17815964505953952 1
Pedestrian 377 0 2.2980212636150736 1174.7141 858.75555 1233.8502 993.31555 1.8236370759894969 0.6304445300881192 0.5951273147792273 3.606706796630652 5.363224530453033 22.202400559297146 -3.8241240641098395 1
bicycle 99 0 2.2505684230169107 249.04074 831.22125 620.8556 1102.6316 1.1610406676044218 1.052979555677682 2.2156739282551206 -3.228145431742544 2.6368759462056865 9.475649356119723 -4.360963025192639 1
bicycle_rack 382 1 -2.7429973263630676 751.3 895.5617 996.228 1066.872 1.1360119477951587 0.7389089891038736 1.944708620332445 -0.7421297282225288 3.559219200166284 12.715774032130923 -2.801294117623221 1
bicycle_rack 383 2 -2.797112726179205 815.5301 898.8297 1036.4238 1062.7693 1.1509292535691127 0.782963784936847 1.8143202311306506 -0.30894456683031174 3.717892302425115 13.355684403970043 -2.8202406671020777 1
Car 384 1 -1.5853663515630658 1206.0272 828.19464 1349.9424 1006.04553 2.044528411890284 2.202929128829438 4.913288181727992 5.413991964908768 5.909270740351781 25.807284080791895 -1.3785796816259166 1
Car 97 2 0.998583703679846 0.0 425.5083 195.72935 1168.1821 2.2541204892505227 2.4391211713794476 5.669740583264574 -6.564078848274229 1.6489509928325414 6.27334734121653 0.1905422305436273 1
Car 98 1 2.2106113898454636 112.98831 885.27057 369.30542 1024.9316 1.3783127550925809 1.836763371814284 3.8774754540189793 -11.696476467122235 6.022994721718845 24.596421061116974 -4.516459251437169 1
