bicycle_rack 816 1 0.4281741049415558 713.32086 894.1157 792.95135 944.4672 1.148083060955992 2.2327427478366806 1.8630660361108642 -6.899235517551972 10.340313415142097 49.72492075691873 0.29030626284355754 1
bicycle 380 0 -2.054243292563997 550.3669 851.6862 744.0704 1087.4928 1.2537768285494304 0.5688607267189133 1.7616831444361096 -2.2294452684152466 2.970868055375193 10.463366690158072 -2.2641754331144703 1
Pedestrian 379 0 -0.9599356233782759 1100.2358 858.0108 1169.5708 1004.5166 1.8541225154781191 0.8358932735490575 0.47919430955458003 2.4168930459135494 5.173271368489451 20.83616106166915 -0.8444565744804936 1
Car 378 1 -1.4160475754033073 930.2249 854.1574 1116.6978 1049.6907 1.603321239705019 1.8131897660907024 4.219879350377373 0.9402875913551365 4.98129817479772 19.78544871620109 -1.3685591071234062 1
bicycle 99 0 2.254109182742665 244.41248 829.9518 616.68994 1100.5858 1.1610406676044218 1.052979555677682 2.2156739282551206 -3.2603954113531977 2.6295188065770714 9.488117218793416 -4.360064283735713 1
bicycle 376 1 -0.2863388233854872 638.4222 903.3098 703.65753 950.8794 1.0876679348341214 0.5861297444050078 1.7266794509198244 -8.253991295931405 9.130784093683493 42.54535763312739 -0.4779628994197551 1
bicycle_rack 381 0 -2.7288808337112287 659.10504 873.4385 938.5431 1080.706 1.2488720286190769 1.0887686027007892 1.9058491036648715 -1.2548537040038081 3.3359098757525136 11.751201924852207 -2.8352628324155096 1
Pedestrian 818 2 -0.2337361607126519 1750.6829 704.5307 1935.0 1215.0 1.7796313121768825 0.7568755193850845 0.8248410745038177 3.405014293657293 2.095879370268686 5.448587853951105 0.324816549374469 1
Pedestrian 377 0 1.533636196175724 1183.4586 863.3243 1223.0931 990.6401 1.7890460236589825 0.5665762756912186 0.49677159457198194 3.6129281098308685 5.397122220411802 22.349254857480194 -4.5892779907507855 1
Pedestrian 814 2 2.104106806984718 427.57742 890.56555 466.25113 957.988 1.6561360488661296 0.8257731342937461 0.5104738888884962 -13.649210123515905 8.766309150350436 39.69062382177568 -4.510299810488071 1
rider 1651 1 2.630433970828821 1807.5441 636.5366 1935.0 1215.0 1.723716104653602 0.7168241451765975 0.8307692787779121 2.8947208825038877 1.758390523974742 4.053094396328072 -3.03255846815523 1
Cyclist 1652 1 2.6422233774714936 1609.8433 629.7612 1935.0 1215.0 1.8393015235948935 0.7259947252020295 1.848244463814806 2.833038115353245 1.8539680752617258 4.044389717458088 -3.0299099084601218 1
bicycle_rack 382 1 -2.7428874662587983 752.37604 893.9075 997.53394 1065.2534 1.1360119477951587 0.7389089891038736 1.944708620332445 -0.7313531010553719 3.542279895242915 12.703219637644713 -2.800396246381961 1
bicycle_rack 383 2 -2.79728940578121 817.07104 900.0319 1038.1106 1064.2535 1.1509292535691127 0.782963784936847 1.8143202311306506 -0.2943832008526975 3.7275701700297663 13.346390493964165 -2.8193429695567973 1
Car 384 1 -1.5791642129928591 1197.0681 828.0445 1340.3518 1005.2967 2.044528411890284 2.202929128829438 4.913288181727992 5.286692677080916 5.916764974197229 25.88292766716755 -1.3776815914287592 1
Car 97 2 0.9977975816882868 0.0 422.86148 199.05525 1164.1089 2.2541204892505227 2.4391211713794476 5.669740583264574 -6.553490471732512 1.6397371719656015 6.284373758536422 0.1914397556172811 1
Car 98 1 2.210643850650497 114.65125 885.2808 370.83884 1024.9417 1.3783127550925809 1.836763371814284 3.8774754540189793 -11.671588979709874 6.023702618033646 24.598970407838376 -4.515561103904448 1
