bicycle 376 1 -0.2860315470357341 637.04755 903.2083 702.2444 950.74384 1.0876679348341214 0.5861297444050078 1.7266794509198244 -8.299873129648232 9.133874816304367 42.57733837270591 -0.47855355504944397 1
bicycle_rack 816 1 0.428207635001294 712.36285 894.1063 792.00494 944.4554 1.148083060955992 2.2327427478366806 1.8630660361108642 -6.930584073102081 10.339557627121554 49.72283844949764 0.28971558820894483 1
bicycle 380 0 -2.054478775034158 549.7353 851.63245 743.5935 1087.5419 1.2537768285494304 0.5688607267189133 1.7616831444361096 -2.232231568984917 2.969646679514856 10.458197451229893 -2.264766483635463 1
Pedestrian 379 0 -0.9580383824135272 1094.9548 857.9678 1167.3641 1004.89886 1.8541225154781191 0.8818894721766243 0.4903204014879303 2.3668002559518233 5.1790104163069515 20.85757749065346 -0.845047342090756 1
Pedestrian 814 2 2.098358294975071 443.36115 884.9685 467.7607 950.56696 1.6561360488661296 0.4837132614684302 0.3952897175864595 -13.49719624706825 8.64005196061094 39.91684039183839 -4.510890922177333 1
Car 378 1 -1.4151725606129275 927.9181 854.15344 1114.5885 1049.6163 1.603321239705019 1.8131897660907024 4.219879350377373 0.9114598685828613 4.982008596985931 19.790742450638483 -1.3691502210080526 1
bicycle 99 0 2.252258905762676 246.46097 832.3103 618.7786 1104.0687 1.1610406676044218 1.052979555677682 2.2156739282551206 -3.242541247660595 2.6445739527361636 9.474952681038227 -4.360655688070871 1
bicycle_rack 381 0 -2.729765471592281 659.904 876.5003 938.645 1083.6624 1.2488720286190769 1.0887686027007892 1.9058491036648715 -1.254332004628436 3.366241654972389 11.779108850987155 -2.8358535284970587 1
Pedestrian 377 0 1.9921027004590286 1181.901 861.32404 1227.1598 989.8953 1.7890460236589825 0.5371505044282969 0.4337024039034704 3.635613274957155 5.374083966309152 22.347440365250563 -4.129809597712091 1
bicycle_rack 382 1 -2.740541191331744 747.2778 894.42175 993.8001 1066.7893 1.1360119477951587 0.7389089891038736 1.944708620332445 -0.7646054740183944 3.5343221082242664 12.63401154631048 -2.8009870782119437 1
bicycle_rack 383 2 -2.797175087960885 816.0378 898.87305 1037.0251 1062.9052 1.1509292535691127 0.782963784936847 1.8143202311306506 -0.30387655125165924 3.717272724351778 13.349858815071133 -2.81993368705724 1
Car 384 1 -1.5790488657016353 1195.8843 828.2315 1339.2994 1005.7048 2.044528411890284 2.202929128829438 4.913288181727992 5.262641364291748 5.916934852408636 25.858312498645322 -1.3782725672593104 1
Car 97 2 0.9987873261721105 0.0 421.5693 196.18475 1164.6853 2.2541204892505227 2.4391211713794476 5.669740583264574 -6.560715713454633 1.6373627343966168 6.2714300135939665 0.19084915164810035 1
Car 98 1 2.210671372156879 113.44138 885.2838 369.76086 1024.9669 1.3783127550925809 1.836763371814284 3.8774754540189793 -11.687898483401288 6.022847955969259 24.59405352043292 -4.516152117461483 1
Pedestrian 818 0 -0.21285363042869043 1629.3813 710.70685 1935.0 1215.0 1.7796313121768825 0.7546380050237601 0.9990313713036287 3.1055830681778427 2.131022261117786 5.6186910521009485 0.2920782204486496 1
