bicycle 376 1 -0.28603653739851487 637.0191 903.204 702.2138 950.73773 1.0876679348341214 0.5861297444050078 1.7266794509198244 -8.301024116831272 9.134047731927478 42.578928950482954 -0.4785775721280272 1
bicycle_rack 816 1 0.42820528761599413 712.3311 894.10297 791.9707 944.45 1.148083060955992 2.2327427478366806 1.8630660361108642 -6.931908879811096 10.339731727386418 49.72446213682093 0.28969157035969206 1
bicycle 380 0 -2.054503027076775 549.74786 851.6247 743.5784 1087.4895 1.2537768285494304 0.5688607267189133 1.7616831444361096 -2.2325990484498694 2.9698493506497976 10.459930340860812 -2.2647905167667455 1
Pedestrian 379 0 -0.9586852736212028 1097.5354 858.0156 1166.5891 1004.5745 1.8541225154781191 0.8232739634545935 0.4903204014879303 2.376618888663938 5.172094770015505 20.828296339952434 -0.8450713637241315 1
Pedestrian 814 2 2.0964166508496227 447.50684 887.839 470.00638 953.1411 1.6561360488661296 0.43135681996749875 0.3952897175864595 -13.463636770332341 8.74325763833616 40.07065675373117 -4.510914957801692 1
Car 378 1 -1.415162362026839 927.8755 854.14886 1114.5312 1049.5901 1.603321239705019 1.8131897660907024 4.219879350377373 0.910864144097161 4.982216706208366 19.79255107105307 -1.3691742567216911 1
bicycle_rack 381 0 -2.7299463915395474 660.26514 872.7974 938.7672 1079.2323 1.2488720286190769 1.0887686027007892 1.9058491036648715 -1.2534915121105106 3.336680780268527 11.788782492961657 -2.8358775472178754 1
Pedestrian 818 0 -0.22115446239944264 1628.9026 710.4705 1831.5304 1215.0 1.7796313121768825 0.7546380050237601 0.522045929752543 2.8614728407455425 2.1259350514648445 5.621761077405928 0.24966669529560592 1
Pedestrian 377 0 1.9938655153083165 1176.2052 860.48846 1227.1731 991.7807 1.7890460236589825 0.5371505044282969 0.6319198602902178 3.5816515160417715 5.361733738899847 22.266710561343842 -4.12983361860881 1
bicycle 99 0 2.2507385233892157 249.1047 832.36285 621.1407 1104.2844 1.1610406676044218 1.052979555677682 2.2156739282551206 -3.2251832996235823 2.6443270857530043 9.470466130967939 -4.3606797355979285 1
bicycle_rack 382 1 -2.7430448002320342 751.763 895.5917 996.76227 1066.9745 1.1360119477951587 0.7389089891038736 1.944708620332445 -0.7376853549286716 3.55881846986539 12.711850011700928 -2.801011102449511 1
bicycle_rack 383 2 -2.797169307623789 816.0078 898.86066 1036.966 1062.8674 1.1509292535691127 0.782963784936847 1.8143202311306506 -0.3043151334974598 3.717479818324565 13.351637965650514 -2.8199577066485197 1
Car 384 1 -1.5820244077913066 1200.7941 828.3257 1344.5541 1006.1363 2.044528411890284 2.202929128829438 4.913288181727992 5.3336272061187895 5.913100213781414 25.816953689624953 -1.3782965973587318 1
Car 97 2 0.996805474622664 0.0 427.61023 199.2429 1167.1919 2.2541204892505227 2.4391211713794476 5.669740583264574 -6.55757881714349 1.652826987957571 6.293047625415615 0.1908251366700484 1
Car 98 1 2.2106472182838406 113.45228 885.2789 369.75256 1024.951 1.3783127550925809 1.836763371814284 3.8774754540189793 -11.688611741002388 6.023018058869944 24.59556213539772 -4.5161761490951235 1
