bicycle 376 1 -0.2877333594395898 655.3312 903.22003 720.18695 950.515 1.0876679348341214 0.5861297444050078 1.7266794509198244 -7.808609657894043 9.157679733670921 42.709774514071015 -0.4685657072774805 1
bicycle_rack 816 1 0.4276357654535661 728.5789 894.7411 807.9663 945.11646 1.148083060955992 2.2327427478366806 1.8630660361108642 -6.405702669702814 10.375758770370503 49.797691173528825 0.2997037707100876 1
bicycle 380 0 -2.0585010427377908 571.4782 856.5997 765.7278 1093.8812 1.2537768285494304 0.5688607267189133 1.7616831444361096 -2.0775217297092246 3.0062934388279166 10.44870197469232 -2.254771931376826 1
rider 1651 0 -3.1292705090538697 955.6409 601.90936 1294.1008 1215.0 1.723716104653602 0.7168241451765975 0.8307692787779121 0.44150319006840555 1.6677321478734777 4.04814087419623 -3.020636678388354 1
Car 378 2 -1.4175171013248553 946.8036 854.323 1132.8907 1050.0186 1.603321239705019 1.8131897660907024 4.219879350377373 1.156246658310985 4.984933999549709 19.78897796822323 -1.3591546346945287 1
Cyclist 1652 0 -3.0941360398035886 705.3035 591.46155 1454.9343 1215.0 1.8393015235948935 0.7259947252020295 1.848244463814806 0.3098674893494162 1.7592389299144529 4.055336998146737 -3.0178744260700543 1
bicycle 99 0 2.2474427053310846 272.72098 829.77057 642.35785 1100.9282 1.1610406676044218 1.052979555677682 2.2156739282551206 -3.0858655910058466 2.626290300332791 9.473029286085614 -4.350655210723041 1
bicycle_rack 381 1 -2.7302544571025846 675.8028 873.2561 954.6489 1080.7559 1.2488720286190769 1.0887686027007892 1.9058491036648715 -1.1279305279348264 3.337190040514087 11.761168664355765 -2.8258649801226596 1
Pedestrian 377 0 1.444466386962266 1206.1157 864.5844 1249.3213 992.78455 1.7890460236589825 0.567433117587444 0.5538153549061432 3.959538809973111 5.401320057881909 22.24707695061892 -4.6625830981471434 1
Pedestrian 379 1 -0.9614381722412745 1117.1824 858.23193 1185.727 1006.54407 1.8771952974700299 0.8266974520276524 0.46776297339583983 2.6424818695895236 5.192538203468787 20.797488223678133 -0.8350576101377837 1
bicycle_rack 382 2 -2.749725426991104 776.966 893.69745 1021.8197 1065.3384 1.1360119477951587 0.7389089891038736 1.944708620332445 -0.5249143566903283 3.5432343334821406 12.71156476947162 -2.7909962152330747 1
bicycle_rack 383 2 -2.798924987653041 833.87164 896.62225 1054.4786 1060.587 1.1509292535691127 0.782963784936847 1.8143202311306506 -0.14732517937235978 3.7009284716113235 13.368609641943225 -2.8099447735364373 1
Car 384 1 -1.5799744341086193 1212.6364 828.0504 1357.0321 1006.4787 2.044528411890284 2.202929128829438 4.913288181727992 5.533680144107456 5.89934003362488 25.748200510069893 -1.3682793109240867 1
Car 97 2 0.9986043879598377 0.0 432.2506 216.92998 1171.021 2.2541204892505227 2.4391211713794476 5.669740583264574 -6.481926893199007 1.6663252461436797 6.323514236297784 0.2008361253874018 1
Car 98 1 2.209663700621336 135.11371 885.09656 388.63593 1024.1093 1.3783127550925809 1.836763371814284 3.8774754540189793 -11.416679976854736 6.042531610805694 24.721269907085766 -4.506158224428214 1
Pedestrian 814 2 2.1122670186772874 430.39017 890.2063 467.59735 959.2977 1.6561360488661296 0.7559667572732505 0.5104738888884962 -13.255228511187005 8.580495817015013 38.70148032276501 -4.500895372913988 1
