bicycle 376 1 -0.28963944553195153 661.4368 903.41034 726.3054 950.7328 1.0876679348341214 0.5861297444050078 1.7266794509198244 -7.627685330750878 9.156281819820343 42.67394212873252 -0.4665149497349268 1
bicycle_rack 816 1 0.4275178621288477 731.9033 894.7582 811.2391 945.132 1.148083060955992 2.2327427478366806 1.8630660361108642 -6.297935968631439 10.379387804281347 49.81341346969407 0.3017546004923377 1
Pedestrian 379 0 -0.9649599489156676 1125.5255 857.8852 1194.339 1008.3756 1.9009332665445136 0.8266974520276524 0.46776297339583983 2.752451547558347 5.202136473561376 20.73805090805858 -0.8330064682068931 1
bicycle 380 1 -2.0608605840355665 578.0591 854.3658 772.92755 1091.7449 1.2537768285494304 0.5688607267189133 1.7616831444361096 -2.026117520446422 2.9867158629544552 10.43054387114043 -2.2527197901812634 1
bicycle 99 0 2.246294072688369 277.92908 831.81464 647.7221 1104.2256 1.1610406676044218 1.052979555677682 2.2156739282551206 -3.0461964400296675 2.63829622049918 9.453933720767797 -4.348601868195446 1
Car 378 1 -1.420096521315965 954.11505 854.32306 1139.5625 1050.147 1.603321239705019 1.8131897660907024 4.219879350377373 1.247709495572022 4.983776545310883 19.780520148830018 -1.3571022910283168 1
Pedestrian 377 0 1.441779541779094 1211.136 863.81384 1259.1272 994.7676 1.8003576648184512 0.6194023141970604 0.667190564773293 4.0567109929380205 5.400156533860262 22.18316617155393 -4.660531005634876 1
rider 1651 0 -3.0549992641389707 837.02203 583.4929 1173.8994 1215.0 1.723716104653602 0.7168241451765975 0.8307692787779121 0.14677936431194927 1.62342506953746 4.029167260303457 -3.018586160184667 1
Cyclist 1652 0 -3.0254671858633135 596.3236 582.56616 1344.4108 1215.0 1.8393015235948935 0.7259947252020295 1.848244463814806 0.038849256141828714 1.7387476233438703 4.028511299550094 -3.0158239084806695 1
bicycle_rack 381 1 -2.734658446886889 685.1155 873.0061 964.82263 1081.498 1.2488720286190769 1.0887686027007892 1.9058491036648715 -1.0469851678125854 3.3272158308935706 11.712212229976712 -2.8238140743747806 1
bicycle_rack 382 2 -2.7495431667360224 779.6694 893.6148 1024.7566 1065.529 1.1360119477951587 0.7389089891038736 1.944708620332445 -0.5005982014515284 3.540423000823357 12.698426539736747 -2.7889448292176695 1
bicycle_rack 383 2 -2.7962728230098097 832.02856 896.77515 1054.5361 1062.2972 1.1509292535691127 0.782963784936847 1.8143202311306506 -0.1540629709392178 3.6822947021752324 13.25672887102257 -2.8078937920386196 1
Car 384 1 -1.5828034953434211 1220.602 828.53577 1365.2917 1007.28174 2.044528411890284 2.202929128829438 4.913288181727992 5.66025958669586 5.905592000355261 25.7252963891752 -1.3662274444708968 1
Car 97 2 0.999908203381807 0.0 427.59308 219.04442 1167.8046 2.2541204892505227 2.4391211713794476 5.669740583264574 -6.468474006734973 1.6532863516006095 6.319824612570508 0.20288670335025683 1
Car 98 1 2.20945781273356 139.531 885.05853 392.48843 1023.93396 1.3783127550925809 1.836763371814284 3.8774754540189793 -11.361018684181136 6.046572482427359 24.747388572772792 -4.5041062275760595 1
Pedestrian 814 2 2.112118325105751 434.0163 889.9298 471.3209 959.2622 1.6561360488661296 0.7559667572732505 0.5104738888884962 -13.115803327259721 8.550296444562273 38.571140053987314 -4.498843036835664 1
