bicycle 376 1 -0.27934742205839913 671.7827 903.71423 736.57355 950.9085 1.0876679348341214 0.5861297444050078 1.7266794509198244 -7.330871310275353 9.159757023382358 42.656294792993826 -0.4495438779748373 1
bicycle_rack 816 0 0.42599156409937655 760.05365 893.8761 839.2099 944.34717 1.148083060955992 2.2327427478366806 1.8630660361108642 -5.3603667523557315 10.345086137382099 49.78119715823765 0.31872631588058087 1
bicycle 380 0 -2.059116716275236 602.2831 854.9017 796.04297 1092.4473 1.2537768285494304 0.5688607267189133 1.7616831444361096 -1.8640556699622983 2.9936938269122537 10.444046465914385 -2.2357371771367998 1
Pedestrian 377 0 1.4855615011134624 1235.065 863.0872 1280.3533 995.0065 1.8003576648184512 0.6015826021627126 0.6601497881897167 4.370239672591876 5.37382773389796 22.07464575971192 -4.60217560860014 1
Pedestrian 379 0 -1.0335513834715533 1147.7786 856.71265 1218.76 1007.6568 1.9009332665445136 0.8507355982741873 0.46776297339583983 3.065735445874937 5.174233407895852 20.666180650013757 -0.8862798944188077 1
rider 1651 1 -2.4940676307473604 0.0 532.6436 238.1129 1215.0 1.723716104653602 0.7168241451765975 0.8307692787779121 -2.501994925645654 1.505133899485041 3.934235793015744 -3.060505579872767 1
Car 378 1 -1.4204214553406402 979.5899 854.53314 1166.144 1051.8673 1.603321239705019 1.8131897660907024 4.219879350377373 1.5833628920134368 4.9717430830283575 19.67487579024708 -1.3401181314026172 1
bicycle 99 0 2.243625855626302 311.628 831.47424 679.25714 1104.4756 1.1610406676044218 1.052979555677682 2.2156739282551206 -2.8371481823332894 2.6337063406361 9.43681555908813 -4.331609513684077 1
bicycle_rack 381 0 -2.7222575113957803 692.1303 871.89606 972.0188 1080.971 1.2488720286190769 1.0887686027007892 1.9058491036648715 -0.9932519011936907 3.320376681495566 11.714740350512294 -2.806841719378225 1
Cyclist 1652 1 -2.476122758895523 0.0 522.9416 376.1029 1215.0 1.8393015235948935 0.7259947252020295 1.848244463814806 -2.601682913847095 1.6009430487113665 3.932856833042795 -3.060557259026579 1
bicycle_rack 382 1 -2.7458491378696164 797.44635 901.7989 1047.0955 1078.9701 1.1360119477951587 0.7389089891038736 1.944708620332445 -0.3255082730737227 3.57186735633504 12.459533346066873 -2.7719684344893882 1
bicycle_rack 383 2 -2.792176377912675 850.9548 897.08075 1074.3975 1064.0352 1.1509292535691127 0.782963784936847 1.8143202311306506 0.016577974380585125 3.6776772891263088 13.203455283977506 -2.790920800087595 1
Car 384 1 -1.5844731460828685 1249.4756 828.8309 1395.8802 1009.3043 2.044528411890284 2.202929128829438 4.913288181727992 6.12186041126059 5.887708026115052 25.543662308747162 -1.349247218101113 1
Car 97 2 1.0039361916183611 0.0 431.98874 247.55486 1173.3463 2.2541204892505227 2.4391211713794476 5.669740583264574 -6.3387434475633535 1.6675803794228738 6.355477732939792 0.21985628756465903 1
Car 98 1 2.210778721277518 169.03326 884.8254 419.7222 1023.5122 1.3783127550925809 1.836763371814284 3.8774754540189793 -10.922608378809674 6.054666529367216 24.809876449877464 -4.487124926517358 1
Pedestrian 814 2 2.128617478724249 434.30713 891.3391 472.6462 962.6816 1.6561360488661296 0.7559667572732505 0.5104738888884962 -12.74881683282946 8.406258063244257 37.55163690188485 -4.481858939743583 1
