bicycle 376 1 -0.276347073794948 680.9953 903.881 745.72144 951.0035 1.0876679348341214 0.5861297444050078 1.7266794509198244 -7.068082430673898 9.162238312233779 42.649587120857035 -0.4405789299046754 1
bicycle_rack 816 0 0.43102109362876007 766.04663 893.784 845.1421 944.1647 1.148083060955992 2.2327427478366806 1.8630660361108642 -5.1764858173317325 10.367474176954673 49.91848190243137 0.32769163685881786 1
bicycle 380 0 -2.0502596163303752 603.20807 849.50226 795.53687 1086.582 1.2537768285494304 0.5688607267189133 1.7616831444361096 -1.8605876688861847 2.9513891894932938 10.431491267874797 -2.2267660679287395 1
Pedestrian 377 0 1.4926915312245645 1238.0453 863.957 1283.0972 996.11084 1.8003576648184512 0.6015826021627126 0.6601497881897167 4.407881351716093 5.383577522906152 22.0516675191393 -4.593205141759659 1
Pedestrian 379 0 -1.027174082136478 1151.6466 857.3842 1222.8282 1008.8195 1.9009332665445136 0.8507355982741873 0.46776297339583983 3.1121528901394924 5.175416814925313 20.611174606549152 -0.8773126621337184 1
Car 378 1 -1.412416324554556 979.93616 854.8866 1168.6454 1052.1737 1.603321239705019 1.8131897660907024 4.219879350377373 1.6044558056422846 4.981146346399898 19.69879847151669 -1.3311462982375546 1
Cyclist 1652 1 -2.424413056222954 0.0 513.9062 289.8681 1215.0 1.8393015235948935 0.7259947252020295 1.848244463814806 -2.8326007707894716 1.5822494663380575 3.9080870510305687 -3.051593375859645 1
bicycle_rack 381 0 -2.7234621920172146 707.4774 876.0953 987.5062 1086.5597 1.2488720286190769 1.0887686027007892 1.9058491036648715 -0.8720777111179971 3.353803609094525 11.697651770121421 -2.797876052683425 1
rider 1651 2 -2.441781905222811 0.0 519.1087 153.12408 1215.0 1.723716104653602 0.7168241451765975 0.8307692787779121 -2.7323852952728593 1.4749193913159322 3.9114467663329484 -3.0515416390369605 1
bicycle 99 0 2.2509696124092278 313.89847 831.4207 682.54047 1104.4103 1.1610406676044218 1.052979555677682 2.2156739282551206 -2.820805950289065 2.6336198265816955 9.438308283530061 -4.322633403352142 1
bicycle_rack 382 1 -2.740722390619631 804.2155 900.5547 1052.0037 1076.6561 1.1360119477951587 0.7389089891038736 1.944708620332445 -0.2796308762574161 3.5788156050053965 12.549696894973847 -2.7630005870667036 1
bicycle_rack 383 2 -2.7869236655480516 856.812 897.08057 1079.7998 1063.9874 1.1509292535691127 0.782963784936847 1.8143202311306506 0.06576026589345552 3.6844603620790215 13.234326385440731 -2.7819547897038 1
Car 384 1 -1.5776545588873798 1251.736 829.3231 1398.2664 1010.1452 2.044528411890284 2.202929128829438 4.913288181727992 6.17648626589225 5.8956432539911345 25.529157004808933 -1.340277450952199 1
Car 97 2 1.0098476164370416 0.0 428.0588 256.44623 1176.3921 2.2541204892505227 2.4391211713794476 5.669740583264574 -6.280292183461521 1.6612101522832767 6.3354358294360695 0.2288204488896537 1
Car 98 1 2.215951996667461 175.34283 884.6644 426.9611 1023.84503 1.3783127550925809 1.836763371814284 3.8774754540189793 -10.781481924869919 6.040974528656262 24.743664838073688 -4.478154594923706 1
Pedestrian 814 2 2.132287382568964 443.06473 890.98987 481.5449 962.7561 1.6561360488661296 0.7559667572732505 0.5104738888884962 -12.460535107149234 8.362360499843646 37.35188823317797 -4.472887139420541 1
