bicycle 376 1 -0.2764675555105628 684.2973 903.9103 748.98114 950.9999 1.0876679348341214 0.5861297444050078 1.7266794509198244 -6.976708458336493 9.165293779920505 42.66273888393081 -0.438564412980462 1
bicycle_rack 816 0 0.43463406336771965 763.6166 893.49866 842.7445 943.8002 1.148083060955992 2.2327427478366806 1.8630660361108642 -5.264863198855273 10.371039775957277 49.9917666027562 0.3297062407019262 1
bicycle 380 0 -2.0490643079007387 604.5616 850.86884 796.7414 1088.3816 1.2537768285494304 0.5688607267189133 1.7616831444361096 -1.850766530122277 2.9609698483808167 10.425914110612744 -2.224750160492543 1
Pedestrian 379 0 -1.0253314210308235 1153.479 856.64624 1221.3878 1007.7737 1.9009332665445136 0.7766395949962808 0.5038201927656343 3.115459897579762 5.163208220478209 20.609013089299175 -0.8752976347502375 1
Car 378 1 -1.4087464654067097 976.7171 854.17426 1166.7632 1051.6208 1.603321239705019 1.8131897660907024 4.219879350377373 1.5694398478729357 4.966521022588973 19.670893538803764 -1.3291302369812135 1
bicycle_rack 381 0 -2.7236871900351103 711.01965 872.0334 990.7595 1081.7781 1.2488720286190769 1.0887686027007892 1.9058491036648715 -0.8464470116401632 3.321626123660161 11.707465893134748 -2.7958613704123785 1
Pedestrian 377 0 1.4958367743673655 1233.5112 862.73126 1284.2773 994.7273 1.788542667879196 0.6835482770161162 0.706092730916183 4.3850669417268 5.3603545199636695 22.067177235659024 -4.591189385761296 1
bicycle 99 0 2.252587378499122 314.07376 829.90546 683.6033 1103.0049 1.1610406676044218 1.052979555677682 2.2156739282551206 -2.8117567532796572 2.6205620974805126 9.421738925030041 -4.320616385942535 1
bicycle_rack 382 1 -2.7382324076325912 803.9106 901.5636 1050.9269 1077.3138 1.1360119477951587 0.7389089891038736 1.944708620332445 -0.2864602524625595 3.5950946786877624 12.587825044404177 -2.76098541034259 1
bicycle_rack 383 2 -2.7892699448529825 863.17474 898.31104 1086.5125 1065.7275 1.1509292535691127 0.782963784936847 1.8143202311306506 0.12327338016337562 3.6921525511966546 13.212317461610054 -2.7799400295199357 1
Car 384 1 -1.5752553830303053 1250.6615 828.44293 1397.3622 1009.33386 2.044528411890284 2.202929128829438 4.913288181727992 6.158608335268858 5.874966543353147 25.49805028442614 -1.3382618528124457 1
Car 97 2 1.0118805195087446 0.0 430.23926 257.35223 1181.3892 2.2541204892505227 2.4391211713794476 5.669740583264574 -6.26873732930704 1.669976754336416 6.3235447372583256 0.23083478894091503 1
Car 98 1 2.2157989974522616 179.47156 884.64343 430.61676 1023.7189 1.3783127550925809 1.836763371814284 3.8774754540189793 -10.726664302630523 6.04435132094717 24.76437957820577 -4.476138870263757 1
Pedestrian 814 2 2.1444271697314976 426.06366 891.58887 464.7811 963.54974 1.6561360488661296 0.7559667572732505 0.5104738888884962 -12.85141100058206 8.36164965990902 37.262625408482016 -4.47087108552557 1
