bicycle 376 1 -0.278168709985947 687.71063 899.0782 752.3029 945.9633 1.0876679348341214 0.5861297444050078 1.7266794509198244 -6.888534988211606 9.034299375643009 42.7115987360544 -0.4380719626814178 1
bicycle_rack 816 0 0.4357059512518429 762.70996 894.48505 841.8986 944.8553 1.148083060955992 2.2327427478366806 1.8630660361108642 -5.293079776860653 10.403131760466458 49.98163900718262 0.33019871242245347 1
bicycle 380 0 -2.0490124201981055 605.22064 853.0441 797.4562 1091.0725 1.2537768285494304 0.5688607267189133 1.7616831444361096 -1.8452626834160333 2.9767704807392525 10.421607420901255 -2.2242573699466996 1
Pedestrian 377 2 1.5185027635124246 1236.1178 861.71857 1278.4728 990.3776 1.788542667879196 0.5898504992940657 0.5022386300960308 4.380288296069635 5.342145598826536 22.14943129525636 -4.569441026511871 1
Pedestrian 379 1 -1.021558143177399 1148.4985 856.9799 1216.337 1008.0236 1.9009332665445136 0.7766395949962808 0.5038201927656343 3.048321415816007 5.170000451749292 20.622439436811103 -0.8748050598276915 1
Car 378 1 -1.4088202846184297 977.56903 854.18915 1167.6211 1051.6707 1.603321239705019 1.8131897660907024 4.219879350377373 1.580488175213126 4.966445009785351 19.66878309180033 -1.3286374093287139 1
bicycle_rack 381 0 -2.7229791764890283 710.4169 870.38416 990.7095 1080.3242 1.2488720286190769 1.0887686027007892 1.9058491036648715 -0.8473828934642871 3.3042286501897475 11.685394050618989 -2.7953688794787723 1
Pedestrian 814 2 2.165917243878039 389.79343 889.36523 430.24326 963.9549 1.6561360488661296 0.7559667572732505 0.5104738888884962 -13.246767860188204 8.07225765055562 35.94223746520458 -4.470378259671518 1
bicycle 99 0 2.2540620671308 312.25668 829.73425 682.1994 1102.8252 1.1610406676044218 1.052979555677682 2.2156739282551206 -2.82147099199023 2.6191820245887367 9.420533397174538 -4.320123324836066 1
bicycle_rack 382 1 -2.738333711779045 804.7937 901.5779 1051.8312 1077.3707 1.1360119477951587 0.7389089891038736 1.944708620332445 -0.27895396568131076 3.595072233085039 12.586633758809239 -2.760492798293371 1
bicycle_rack 383 2 -2.7917222359272387 868.0171 901.6941 1090.4928 1068.8375 1.1509292535691127 0.782963784936847 1.8143202311306506 0.16279667660233 3.732873648397397 13.262098672425164 -2.7794475195024955 1
Car 384 2 -1.5790019461728766 1257.6252 828.8099 1405.089 1010.5433 2.044528411890284 2.202929128829438 4.913288181727992 6.2498889367154735 5.86902883963184 25.40360167573137 -1.3377691383050745 1
Car 97 2 1.0097833028288754 0.0 432.6561 261.6546 1180.0873 2.2541204892505227 2.4391211713794476 5.669740583264574 -6.2595774250599945 1.6743590492297398 6.347095064500381 0.23132719599874307 1
Car 98 1 2.218804729952092 174.79823 884.71027 426.3507 1023.6477 1.3783127550925809 1.836763371814284 3.8774754540189793 -10.811793720078409 6.050026689973153 24.789922512640427 -4.475646124846227 1
Car 1446 2 2.1193339191069844 417.06537 875.9205 587.88184 982.80145 1.4462278749059536 1.8019776594918426 3.663318581128582 -9.613832677641916 7.090186562719495 31.62461012661161 -4.458972442697071 1
Pedestrian 1791 1 3.0343662881168205 1114.4974 423.9669 1708.509 1215.0 1.8247205589482347 0.8227563123229183 0.7292607567620766 0.6251639774320354 1.5771311528535943 2.3062254125651975 -2.984103913709413 1
