bicycle 376 1 -0.2764850465144557 684.81775 903.9175 749.4966 951.0031 1.0876679348341214 0.5861297444050078 1.7266794509198244 -6.9621041596915925 9.165651771339391 42.663757927340114 -0.43824468539333306 1
bicycle_rack 816 0 0.4351027050575893 763.3698 893.54846 842.5406 943.8705 1.148083060955992 2.2327427478366806 1.8630660361108642 -5.270783937254862 10.370043739750265 49.97654144122336 0.33002598218935164 1
bicycle 380 0 -2.048970893115469 604.88794 853.04114 797.1254 1091.0686 1.2537768285494304 0.5688607267189133 1.7616831444361096 -1.8475396889405553 2.976715326649813 10.421454034348926 -2.2244302120122237 1
Pedestrian 379 0 -1.0224144717453687 1149.5867 857.0217 1217.3375 1007.8551 1.9009332665445136 0.7766395949962808 0.5038201927656343 3.066928019029963 5.174975763124707 20.650722366023714 -0.8749778262431235 1
Car 378 1 -1.4087941731740157 977.2681 854.1846 1167.321 1051.6573 1.603321239705019 1.8131897660907024 4.219879350377373 1.5765847626157752 4.966435007197406 19.669222519499346 -1.3288102643869435 1
bicycle_rack 381 0 -2.722163819244186 708.5974 874.3889 989.53326 1085.4227 1.2488720286190769 1.0887686027007892 1.9058491036648715 -0.8571572842156898 3.33357642809788 11.660452706791311 -2.795541616452544 1
Pedestrian 377 0 1.5172058053084392 1236.0474 862.981 1282.2585 994.4064 1.788542667879196 0.6342188693525206 0.6579510895532463 4.3894866632634075 5.360504434457896 22.065581983439376 -4.569613852295297 1
bicycle 99 0 2.254102887547341 311.8803 829.73047 681.86786 1102.8301 1.1610406676044218 1.052979555677682 2.2156739282551206 -2.823569030513301 2.619109486625217 9.420211636328084 -4.320296261763804 1
bicycle_rack 382 1 -2.7399225064835515 806.8318 901.51184 1054.0272 1077.4017 1.1360119477951587 0.7389089891038736 1.944708620332445 -0.26096435002272134 3.593046415578469 12.578991639145022 -2.7606655777584086 1
bicycle_rack 383 2 -2.7885790880545063 862.6236 899.45764 1085.9589 1067.0048 1.1509292535691127 0.782963784936847 1.8143202311306506 0.11837538649635569 3.702960620619043 13.212918107790825 -2.779620263171455 1
Car 384 1 -1.5783014259802135 1256.257 828.6021 1403.446 1009.98364 2.044528411890284 2.202929128829438 4.913288181727992 6.23562961667022 5.870268624268727 25.4414003098866 -1.337941953681494 1
Car 97 2 1.0104578447738235 0.0 424.19647 260.26804 1172.8612 2.2541204892505227 2.4391211713794476 5.669740583264574 -6.262429438032058 1.6498437151860235 6.339235103289537 0.23115448845351105 1
Car 98 1 2.2188195865451315 174.44102 884.7117 426.03357 1023.65753 1.3783127550925809 1.836763371814284 3.8774754540189793 -10.816597615873302 6.049746747849017 24.78823995005874 -4.475818951063322 1
Car 1446 2 2.1193477030240437 416.74966 875.9198 587.58545 982.80457 1.4462278749059536 1.8019776594918426 3.663318581128582 -9.619829928491109 7.089912452198619 31.623135756985256 -4.459145226482004 1
Pedestrian 1791 1 2.5505192952646176 1778.5457 308.82874 1935.0 1215.0 1.8303014268187636 0.8053729101148207 1.0404303193439821 1.731802982316157 1.5374208072247189 1.8649762129891179 -2.9842766326684123 1
Pedestrian 814 2 2.1555739005954475 407.38498 890.42 447.081 963.9018 1.6561360488661296 0.7559667572732505 0.5104738888884962 -13.028106506718458 8.194811697234641 36.48840148154447 -4.470551114099004 1
