bicycle 376 1 -0.2764821214452171 684.7262 903.9158 749.40564 951.0019 1.0876679348341214 0.5861297444050078 1.7266794509198244 -6.964706135452062 9.165608574697597 42.66374737936115 -0.438301205073671 1
bicycle_rack 816 0 0.43647533815603434 761.1955 893.49414 840.3922 943.78864 1.148083060955992 2.2327427478366806 1.8630660361108642 -5.345517232843636 10.372383403927255 49.99995991313513 0.32996946004969807 1
bicycle 380 0 -2.0489656257443043 604.79474 852.9865 797.0265 1090.9939 1.2537768285494304 0.5688607267189133 1.7616831444361096 -1.8482688939430385 2.9763567266055904 10.421818460368655 -2.2244867707448748 1
Pedestrian 379 0 -1.0224036729994792 1149.485 857.019 1217.2334 1007.8479 1.9009332665445136 0.7766395949962808 0.5038201927656343 3.0655883375329798 5.175020217034973 20.651271002916758 -0.8750343602261368 1
Car 378 1 -1.4087840285601387 977.1688 854.1823 1167.2194 1051.6486 1.603321239705019 1.8131897660907024 4.219879350377373 1.5753014789964483 4.966470279896557 19.669687333541802 -1.3288668273763622 1
bicycle_rack 381 0 -2.7215555256971093 707.379 874.4385 988.73773 1085.7943 1.2488720286190769 1.0887686027007892 1.9058491036648715 -0.86374735934447 3.3312755499625686 11.644217829271458 -2.795598140797498 1
Pedestrian 377 0 1.5172212941057213 1235.9504 862.89026 1282.1471 994.5645 1.788542667879196 0.6329864146286803 0.67335677360133 4.3864767497691 5.3592529698826805 22.058755993319025 -4.569670405704216 1
bicycle 99 0 2.2541074457448813 311.78036 829.72845 681.7672 1102.8201 1.1610406676044218 1.052979555677682 2.2156739282551206 -2.8242615168576326 2.6191243045571735 9.42042743547476 -4.320352851546131 1
bicycle_rack 382 1 -2.7399100063468396 806.7313 901.50854 1053.9199 1077.3901 1.1360119477951587 0.7389089891038736 1.944708620332445 -0.2618406612708606 3.5930756844602314 12.579352097510817 -2.7607221160051068 1
bicycle_rack 383 2 -2.787812569437861 861.407 900.5881 1084.713 1068.2277 1.1509292535691127 0.782963784936847 1.8143202311306506 0.10751755624399575 3.7138636057381254 13.215105074138972 -2.7796767897068646 1
Car 384 1 -1.5782915563581938 1256.1532 828.6003 1403.3353 1009.97504 2.044528411890284 2.202929128829438 4.913288181727992 6.234016474747244 5.870330148701944 25.44212736712068 -1.3379985036852462 1
Car 97 2 1.0095889600282606 0.0 428.97934 261.48157 1176.1362 2.2541204892505227 2.4391211713794476 5.669740583264574 -6.261085170105455 1.6630538133446362 6.348180989731005 0.2310979737360881 1
Car 98 1 2.218819899483023 174.33461 884.71124 425.93588 1023.65765 1.3783127550925809 1.836763371814284 3.8774754540189793 -10.818175482439521 6.049693686054974 24.788010356121752 -4.4758755046146295 1
Car 1446 2 2.11934955724215 416.65186 875.91895 587.4917 982.8035 1.4462278749059536 1.8019776594918426 3.663318581128582 -9.62179830182786 7.0898612931939216 31.622974245147898 -4.459201766147723 1
Pedestrian 1791 2 2.5021275440617483 1905.9553 269.30078 1935.0 1215.0 1.8534464020514214 0.8053729101148207 0.975906753073291 1.8783400707950386 1.529557099156237 1.8362649882576336 -2.9843331511197206 1
Pedestrian 814 2 2.156400498305402 405.9919 893.34393 445.4966 966.49835 1.6561360488661296 0.7559667572732505 0.5104738888884962 -13.131980703030553 8.300668190817818 36.6770080811456 -4.4706076768820155 1
