bicycle 376 1 -0.2764689097358335 684.85516 904.61847 749.53687 951.72723 1.0876679348341214 0.5861297444050078 1.7266794509198244 -6.96064706238127 9.185543234459637 42.66161689165591 -0.4382032569512473 1
bicycle_rack 816 0 0.435118345921505 763.4058 894.1869 842.5825 944.5485 1.148083060955992 2.2327427478366806 1.8630660361108642 -5.269108068353496 10.391327282648653 49.97300696010261 0.3300674124346663 1
Pedestrian 379 0 -1.023704179206595 1149.6677 856.6459 1221.4072 1008.2165 1.9009332665445136 0.8391717230105397 0.5038201927656343 3.09215986558905 5.1698137050622 20.63157859805153 -0.8749363873178218 1
bicycle 380 0 -2.0489800751887164 604.96704 853.0416 797.20306 1091.0681 1.2537768285494304 0.5688607267189133 1.7616831444361096 -1.8470099281657348 2.9767337478450506 10.421536153430418 -2.2243887549440267 1
Pedestrian 377 0 1.5184794620290063 1235.8524 860.619 1278.46 990.16425 1.788542667879196 0.5898504992940657 0.5587809229993466 4.372896973697909 5.326140071127293 22.124619339885676 -4.5695723991306725 1
Car 378 1 -1.408799424625301 977.33887 854.18555 1167.3915 1051.66 1.603321239705019 1.8131897660907024 4.219879350377373 1.577504634946432 4.9664426017794705 19.66916247440774 -1.328768804200198 1
bicycle_rack 381 0 -2.7221710181273857 708.6715 874.41785 989.6066 1085.4586 1.2488720286190769 1.0887686027007892 1.9058491036648715 -0.8565857164271948 3.333820634546149 11.660432980286245 -2.795500184590626 1
bicycle 99 0 2.254093371467743 311.9711 829.7312 681.94617 1102.8273 1.1610406676044218 1.052979555677682 2.2156739282551206 -2.8230821985702095 2.6191320770540103 9.42033413806754 -4.320254781939003 1
bicycle_rack 382 1 -2.739930483541861 806.9064 901.51215 1054.1013 1077.4039 1.1360119477951587 0.7389089891038736 1.944708620332445 -0.26034278121459065 3.593058412713037 12.579008100371553 -2.7606241357058234 1
bicycle_rack 383 2 -2.7893174162727647 863.7045 904.0676 1087.2098 1072.2633 1.1509292535691127 0.782963784936847 1.8143202311306506 0.1285770107561022 3.74385689880053 13.20242368535113 -2.779578829703828 1
Car 384 1 -1.577436196828642 1254.3696 828.6285 1402.4575 1010.0237 2.044528411890284 2.217291990830547 4.913288181727992 6.2145179802561135 5.871607193414731 25.445908349716657 -1.3379005030129205 1
Car 97 2 1.0117038694801401 0.0 426.6761 258.40204 1177.4612 2.2541204892505227 2.4391211713794476 5.669740583264574 -6.265044739173666 1.6589949064692129 6.326621084580607 0.2311959132578083 1
Car 98 1 2.2188159090740633 174.52711 884.7112 426.1096 1023.6547 1.3783127550925809 1.836763371814284 3.8774754540189793 -10.815461791636855 6.049819089994152 24.788688889527986 -4.4757774977944775 1
Car 1446 2 2.1193444726937907 416.8254 875.91986 587.65625 982.80347 1.4462278749059536 1.8019776594918426 3.663318581128582 -9.618407868566319 7.089983397901191 31.62353477894251 -4.45910378339099 1
Pedestrian 1791 1 2.644575492756487 1607.9283 333.8343 1935.0 1215.0 1.8303014268187636 0.8205758443289499 1.02974481336031 1.4996189167311396 1.5444031989429903 1.9548427113073887 -2.9842352051268906 1
Pedestrian 814 2 2.156158824473521 406.48975 887.45874 446.14368 960.79175 1.6561360488661296 0.7559667572732505 0.5104738888884962 -13.06695361813753 8.129982541908097 36.53449162503119 -4.470509654063551 1
