bicycle 376 1 -0.27647940411614036 684.6439 903.914 749.32367 951.00055 1.0876679348341214 0.5861297444050078 1.7266794509198244 -6.967061100337449 9.165580689513426 42.66383096610679 -0.43835194109198095 1
bicycle_rack 816 0 0.43318552357012197 766.12103 893.6275 845.2613 943.99 1.148083060955992 2.2327427478366806 1.8630660361108642 -5.1756675768798575 10.366376970828394 49.94109014632329 0.3299187218245023 1
bicycle 380 0 -2.0489574369791845 604.70605 852.98395 796.93195 1090.9812 1.2537768285494304 0.5688607267189133 1.7616831444361096 -1.8489623597407148 2.9763860354212452 10.422154774151268 -2.2245375418177966 1
Car 378 1 -1.4087735741325662 977.0781 854.18005 1167.126 1051.6392 1.603321239705019 1.8131897660907024 4.219879350377373 1.5741302412343205 4.966512841500716 19.67019770156468 -1.3289176022726392 1
bicycle_rack 381 0 -2.722771556496743 709.5977 873.54553 990.0504 1084.0759 1.2488720286190769 1.0887686027007892 1.9058491036648715 -0.8526731748534495 3.329667205537869 11.679395483365084 -2.795648881002145 1
Pedestrian 377 0 1.5185763301050184 1234.2568 862.9672 1279.4596 994.59656 1.788542667879196 0.6198704678579412 0.6815407629300458 4.358624439241018 5.364430016982412 22.080920834082768 -4.569721171999959 1
Pedestrian 379 0 -1.021963499488359 1147.5225 856.92737 1217.7454 1008.09106 1.9009332665445136 0.8167019027958233 0.5038201927656343 3.0562544666832356 5.176796263963626 20.658212498545087 -0.8750851090842279 1
bicycle 99 0 2.2541106887683027 311.6943 829.72644 681.67664 1102.8075 1.1610406676044218 1.052979555677682 2.2156739282551206 -2.824902401648504 2.61914850812214 9.420714298530237 -4.320403650494823 1
bicycle_rack 382 1 -2.7382704048080715 804.28516 901.5681 1051.3064 1077.3333 1.1360119477951587 0.7389089891038736 1.944708620332445 -0.2832981582334534 3.595109583172398 12.587525574869169 -2.7607728686878463 1
bicycle_rack 383 2 -2.7922862934692483 867.82275 904.12054 1091.5237 1072.4957 1.1509292535691127 0.782963784936847 1.8143202311306506 0.16564712433211665 3.7418361892975756 13.189072367786153 -2.7797275318776453 1
Car 384 1 -1.5737086123702368 1248.2313 828.75793 1395.0704 1009.9627 2.044528411890284 2.202929128829438 4.913288181727992 6.115403388003682 5.876815317766668 25.468012054389888 -1.338049266924397 1
Car 97 2 1.0116728488499387 0.0 426.67416 258.12445 1177.4193 2.2541204892505227 2.4391211713794476 5.669740583264574 -6.2663903910883665 1.6589575753294392 6.3264910885334125 0.23104724217281825 1
Car 98 1 2.2157867404709606 179.89748 884.64215 430.99677 1023.70844 1.3783127550925809 1.836763371814284 3.8774754540189793 -10.720871669663149 6.044672647997369 24.766273591669776 -4.4759262710383965 1
Pedestrian 814 2 2.155612386787304 407.4038 891.2349 446.57483 963.74664 1.6561360488661296 0.7559667572732505 0.5104738888884962 -13.209470634513007 8.302305498405378 36.9793269553708 -4.4706584515930015 1
