Pedestrian 379 0 -1.1030465352915844 1167.9297 860.0351 1231.029 1009.2164 1.8993277983681016 0.7680604614871689 0.38532053265659355 3.283365659153005 5.20175635698256 20.622148257173148 -0.9451562840504674 1
bicycle 380 0 -2.0523173492193907 617.98785 854.8571 810.75916 1093.5756 1.2537768285494304 0.5688607267189133 1.7616831444361096 -1.753159002791992 2.9892040696115965 10.41185452845151 -2.219133610587161 1
Car 378 1 -1.410398854344528 987.4812 856.71204 1177.8694 1055.7506 1.603321239705019 1.8131897660907024 4.219879350377373 1.7069392799576235 4.992516938808052 19.59636864432628 -1.323513275677199 1
bicycle 376 1 -0.2800266029847676 698.4296 910.19775 762.98114 957.38544 1.0876679348341214 0.5861297444050078 1.7266794509198244 -6.580570211690627 9.3528359882135 42.69534656246796 -0.4329517487770109 1
bicycle_rack 381 0 -2.727300749617411 724.9634 876.7638 1004.6801 1087.7083 1.2488720286190769 1.0887686027007892 1.9058491036648715 -0.7372439040868215 3.3601366977406135 11.69657307188266 -2.7902482380704816 1
Car 98 1 2.2187436229300683 184.63501 893.172 435.10434 1033.4379 1.3783127550925809 1.836763371814284 3.8774754540189793 -10.68032195486938 6.211399812768162 24.83911459069553 -4.470522845142815 1
bicycle 99 0 2.2538996343194624 320.55707 828.77094 691.1299 1102.6628 1.1610406676044218 1.052979555677682 2.2156739282551206 -2.757914693515039 2.6080285082041605 9.388712938747386 -4.314996770363304 1
bicycle_rack 382 1 -2.737102985171716 810.58075 903.9134 1057.7925 1080.3804 1.1360119477951587 0.7389089891038736 1.944708620332445 -0.2297656459864005 3.6146038219176906 12.57615830344914 -2.755370891874102 1
bicycle_rack 383 2 -2.791688780817486 875.25977 904.0256 1098.5494 1072.267 1.1509292535691127 0.782963784936847 1.8143202311306506 0.22945873623527682 3.7464596585763643 13.214740886896026 -2.774326678788852 1
Car 384 1 -1.5774944520272385 1263.3271 830.0796 1410.3885 1011.53406 2.044528411890284 2.202929128829438 4.913288181727992 6.36744499184503 5.904208880459825 25.483901674986324 -1.332646179570864 1
Car 97 2 1.0094450470435032 0.0 434.37875 272.0233 1178.841 2.2541204892505227 2.4391211713794476 5.669740583264574 -6.22151243970749 1.6772628203032778 6.377752294987393 0.23644696020412037 1
Car 1446 2 2.1187921097169866 426.7097 875.8852 596.8018 982.55695 1.4462278749059536 1.8019776594918426 3.663318581128582 -9.43896009669272 7.101274936770514 31.693318122429577 -4.453850419580492 1
Pedestrian 377 0 1.6428058053780141 1246.1908 862.13086 1293.5613 996.9165 1.8457316332199865 0.6467452718742515 0.5592977996662851 4.561926695052243 5.407095781964657 22.092838796724028 -4.436752440826662 1
Pedestrian 814 1 2.20324537742208 330.9692 887.7952 377.67642 968.322 1.6561360488661296 0.7559667572732505 0.6189007955151218 -13.678799951202567 7.6514864861923755 33.71130851545786 -4.46540447248683 1
