bicycle 376 1 -0.27721469240411867 685.1426 910.13727 749.7095 957.332 1.0876679348341214 0.5861297444050078 1.7266794509198244 -6.966530549198392 9.359950958532004 42.737983077444255 -0.4387991493818695 1
Pedestrian 379 0 -1.0997455694996885 1152.821 860.08014 1218.1493 1009.29694 1.8993277983681016 0.8052634303281481 0.38532053265659355 3.095465357035764 5.20947256779287 20.657561165590952 -0.9510056472493784 1
Car 378 1 -1.4087408256917713 976.35596 854.16925 1166.3977 1051.6082 1.603321239705019 1.8131897660907024 4.219879350377373 1.564700590932483 4.9664790468756514 19.671179237711748 -1.3293651532779271 1
bicycle_rack 381 0 -2.721567230002191 707.37805 875.75354 987.30975 1086.1265 1.2488720286190769 1.0887686027007892 1.9058491036648715 -0.8739024842351479 3.3522125052870395 11.703968298589983 -2.796096126153298 1
Car 98 1 2.2191612969403174 172.59077 892.3751 424.63235 1032.9163 1.3783127550925809 1.836763371814284 3.8774754540189793 -10.830077133368368 6.182182161912404 24.758554779594977 -4.4763737473550975 1
bicycle 99 0 2.2541547809173137 310.82605 829.7185 680.91284 1102.8278 1.1610406676044218 1.052979555677682 2.2156739282551206 -2.829656809660871 2.618953045070696 9.419726924188382 -4.320851413558334 1
bicycle 380 0 -2.0538180937462944 610.9876 854.619 804.32117 1093.3536 1.2537768285494304 0.5688607267189133 1.7616831444361096 -1.7984527974239388 2.985953996547673 10.404195837525082 -2.2249850590331985 1
bicycle_rack 382 1 -2.7371466716399353 801.9583 902.9088 1048.9224 1078.7706 1.1360119477951587 0.7389089891038736 1.944708620332445 -0.30315220979710705 3.6074812175997337 12.59031667693741 -2.7612202237816943 1
bicycle_rack 383 2 -2.7901972940258055 864.46387 901.925 1087.2943 1069.3344 1.1509292535691127 0.782963784936847 1.8143202311306506 0.1327203398977137 3.7311713139643485 13.241795984025735 -2.7801747943523045 1
Car 384 1 -1.5772780422071342 1253.786 831.01276 1400.5612 1012.5008 2.044528411890284 2.202929128829438 4.913288181727992 6.206705188377648 5.923215124373275 25.497357142174646 -1.3384967151673697 1
Car 97 2 1.0097854521765322 0.0 432.42932 260.18146 1180.1082 2.2541204892505227 2.4391211713794476 5.669740583264574 -6.2654575433768045 1.6738673189919844 6.343797131697478 0.2306000731506921 1
Car 1446 2 2.1193683612949714 415.7779 875.91705 586.669 982.8118 1.4462278749059536 1.8019776594918426 3.663318581128582 -9.638433357758924 7.089108412378623 31.618946488595117 -4.459699886541723 1
Pedestrian 377 0 1.6459509997422508 1232.0056 863.1109 1279.8025 996.0419 1.834134907569492 0.6585619661518038 0.5009475570353993 4.364967747613995 5.413739308597956 22.142908269366696 -4.442602651638406 1
Pedestrian 814 1 2.200183687261905 326.442 888.4372 372.99695 968.60944 1.6561360488661296 0.7559667572732505 0.6189007955151218 -13.840214733794276 7.69068668591196 33.85233891989484 -4.471106000964873 1
