bicycle 376 1 -0.28735320384275326 779.2414 918.40027 843.473 965.43756 1.0876679348341214 0.5861297444050078 1.7266794509198244 -4.272639481909712 9.572189425099799 42.63310552113096 -0.3872385040256474 1
Pedestrian 379 0 -1.1146131899831542 1250.7457 866.6908 1325.5814 1017.1681 1.8272742652049823 0.8052634303281514 0.601481132145947 4.416698835718783 5.173063906198065 20.207326266280617 -0.8994280545092862 1
Pedestrian 377 0 1.630161226456182 1339.6624 866.0157 1384.6716 1004.42267 1.8631688122033356 0.5998445768893182 0.49803513760721857 5.796676360989148 5.401692918963729 21.61556913041631 -4.391017428334491 1
Car 378 1 -1.4233533187608476 1076.3368 859.7113 1267.3221 1064.047 1.603321239705019 1.8131897660907024 4.219879350377373 2.8240894738283115 4.985872423474834 19.26057781079717 -1.277765359066489 1
Car 97 2 1.0324744080353307 0.0 445.18176 365.1886 1204.0807 2.2541204892505227 2.4391211713794476 5.669740583264574 -5.768074654654661 1.7203244049323545 6.4517190884933076 0.3029636462221623 1
Car 98 1 2.2176903842185425 270.11002 896.056 513.53906 1036.0376 1.3783127550925809 1.836763371814284 3.8774754540189793 -9.410940745698431 6.305906251034077 25.056442076041108 -4.424782461667809 1
bicycle 99 0 2.241213620327888 418.3771 837.3114 782.33887 1115.2155 1.1610406676044218 1.052979555677682 2.2156739282551206 -2.1620759251582764 2.663257938748442 9.349482280868767 -4.269227774694447 1
bicycle 380 0 -2.0682032095836296 710.3619 858.22235 907.2374 1102.153 1.2537768285494304 0.5688607267189133 1.7616831444361096 -1.0842671485671445 2.9945276068577513 10.270158002736974 -2.1733881024053794 1
bicycle_rack 381 0 -2.7408865385226093 812.94244 882.8174 1095.4341 1099.953 1.2488720286190769 1.0887686027007892 1.9058491036648715 -0.042054503012512026 3.389293175762932 11.539954882258149 -2.7445307743340823 1
bicycle_rack 382 1 -2.7559140089793432 904.849 902.6046 1157.661 1085.0255 1.1360119477951587 0.7389089891038736 1.944708620332445 0.5703188258871602 3.561080566959225 12.31646856534831 -2.7096416767161493 1
bicycle_rack 383 2 -2.8090709208759748 968.85114 906.3183 1194.9713 1078.5936 1.1509292535691127 0.782963784936847 1.8143202311306506 1.054298054256435 3.7473269629036583 13.074512455589948 -2.728607365155548 1
Car 384 1 -1.5875129812468054 1352.3239 832.42993 1505.1925 1019.45795 2.044528411890284 2.202929128829438 4.913288181727992 7.72926436485852 5.87473185879692 24.93322683422456 -1.2869086267797334 1
Car 1446 2 2.1161539252233705 506.33917 876.566 673.0817 983.11115 1.4462278749059536 1.8019776594918426 3.663318581128582 -7.830430837166677 7.145322078341738 31.84758670787782 -4.408121140453954 1
Pedestrian 814 1 2.218941589460658 382.53473 894.1153 429.52975 976.4432 1.6561360488661296 0.7559667572732505 0.6189007955151218 -12.301275626345252 7.695055895956912 33.13983514884369 -4.419672595071255 1
