bicycle 376 1 -0.31771004220450344 1105.516 935.2117 1171.2498 981.47314 1.0876679348341214 0.5861297444050078 1.7266794509198244 4.944600688875014 9.850751078952383 41.77226043482648 -0.19988785572519063 1
Car 378 1 -1.475695984835871 1456.7197 868.0942 1662.169 1099.7733 1.603321239705019 1.8131897660907024 4.219879350377373 7.078437557037636 4.813064615454568 17.44721153234164 -1.0902803827106746 1
Car 384 1 -1.630901328696523 1752.9624 831.5362 1935.0 1046.7848 2.044528411890284 2.202929128829438 4.913288181727992 12.965826067247217 5.463770569568903 22.0563423202788 -1.0994633800560776 1
Car 97 1 1.0349366108652776 0.0 530.78455 735.17334 1215.0 2.2541204892505227 2.4391211713794476 5.669740583264574 -4.041800991852848 1.987534853014313 6.643204466266442 0.4883552393583095 1
Car 98 1 2.1798131808315198 643.9631 907.1842 864.28656 1046.8076 1.3783127550925809 1.836763371814284 3.8774754540189793 -3.4467494806560346 6.610962184081141 25.57670990108025 -4.237326373425946 1
Pedestrian 814 2 2.2142971369402815 692.1341 917.26117 737.277 1002.0061 1.6561360488661296 0.7559667572732505 0.6189007955151218 -5.401939889217459 8.151029858542376 32.77278894043888 -4.232249322453104 1
bicycle 99 0 2.1900604338122722 782.23535 855.3973 1150.0376 1158.9675 1.1610406676044218 1.052979555677682 2.2156739282551206 0.10031639628724844 2.696227425327338 8.754956889200018 -4.081667134890643 1
bicycle 380 1 -2.1258224531284045 1067.2944 873.27893 1292.9376 1145.1545 1.2537768285494304 0.5688607267189133 1.7616831444361096 1.3379918335875922 2.984492423427044 9.499581838328616 -1.985895453847592 1
bicycle_rack 381 0 -2.8107254627181506 1190.7133 891.7502 1509.1101 1143.8525 1.2488720286190769 1.0887686027007892 1.9058491036648715 2.7112905527086935 3.290624468184698 10.462323868469769 -2.557155599216279 1
bicycle_rack 382 1 -2.8191481992897893 1275.5399 915.27673 1569.1742 1130.8499 1.1360119477951587 0.7389089891038736 1.944708620332445 3.389446424975765 3.4549312610149876 11.07718797235887 -2.522210236515663 1
bicycle_rack 383 2 -2.870745114237994 1342.4094 922.55225 1607.3037 1127.0665 1.1509292535691127 0.782963784936847 1.8143202311306506 3.995658784459405 3.642706758729271 11.683534185181884 -2.541223366151594 1
bicycle_rack 1158 0 0.2741224773702611 1185.4292 914.49347 1252.2012 968.8448 1.2731858433527707 1.5987042287652355 1.7348177583026492 8.238499947034118 10.740348936991259 47.793194719667156 0.44482302285439035 1
Pedestrian 377 0 1.580046161307827 1747.7598 873.79944 1807.0627 1025.9746 1.7763688405728242 0.6590397090843886 0.5529145202647339 10.463634181329246 5.0345198687875765 19.17375363768998 -4.20358250231685 1
Pedestrian 379 0 -1.1648018872320431 1646.1234 864.55237 1732.1559 1038.698 1.8975360797729905 0.8040113412782726 0.49268918520198246 8.776673974150585 4.86325231211418 18.040939376119123 -0.7120233811582315 1
