bicycle 376 1 -0.3337887331710057 1423.0342 944.49164 1496.1423 991.1618 1.0876679348341214 0.5861297444050078 1.7266794509198244 13.09358031492672 9.55458139789091 39.31515119427985 -0.012300774183420016 1
bicycle 380 1 -2.19711964835482 1457.1361 888.3323 1755.1237 1212.2457 1.2537768285494304 0.5688607267189133 1.7616831444361096 3.461528416865384 2.8626614184031105 8.210989600370855 -1.7981555986738984 1
Car 97 0 1.030320727940762 0.0 543.431 1106.0172 1215.0 2.2541204892505227 2.4391211713794476 5.669740583264574 -2.4207950565804204 2.046130812539741 6.543130121011089 0.6759627327379945 1
Car 98 0 2.1624564583599977 952.61774 924.7398 1174.3347 1069.7186 1.3783127550925809 1.836763371814284 3.8774754540189793 1.7779028650425477 6.804533641021587 24.969840449367123 -4.049646797609153 1
bicycle 99 0 2.125734093930645 1149.555 874.0943 1560.3683 1215.0 1.1610406676044218 1.052979555677682 2.2156739282551206 2.1029643757084773 2.6499836765025613 7.793909968026329 -3.8939057700616226 1
bicycle_rack 381 1 -2.881326982874513 1604.4712 907.95435 1935.0 1215.0 1.2488720286190769 1.0887686027007892 1.9058491036648715 5.038902536652913 3.1464474198854058 8.970558309310395 -2.369533587508876 1
bicycle_rack 382 2 -2.8850192015636775 1696.2362 944.6611 1935.0 1215.0 1.1360119477951587 0.7389089891038736 1.944708620332445 5.8148012052123255 3.3664805334603747 9.473574399614137 -2.334520426986429 1
bicycle_rack 383 2 -2.935364518113741 1776.4683 938.74536 1935.0 1193.9639 1.1509292535691127 0.782963784936847 1.8143202311306506 6.527053682055273 3.426555387128693 9.923960977381153 -2.35359078298792 1
bicycle_rack 1158 0 0.2549870986771512 1516.4202 926.8972 1591.5945 986.8827 1.2731858433527707 1.5987042287652355 1.7348177583026492 17.662259411438704 10.504247945574063 44.55346669220957 0.6324107213368935 1
Car 100 2 1.9853759696557027 1212.4653 924.3837 1359.9001 1039.9484 1.9191330157778346 2.1510071469163012 4.906679610239286 8.976254557386945 10.655645943072097 41.0091384333851 -4.082323521002966 1
Pedestrian 814 1 2.2218582206286346 963.0809 926.9547 1009.4899 1016.1719 1.6561360488661296 0.7559667572732505 0.6189007955151218 0.526459035351595 8.10840153294754 31.467604281887272 -4.04459845604007 1
