Pedestrian 26 0 -1.441264459730713 139.19415 796.37134 337.74112 1215.0 1.7789594117367478 0.6721115793417451 1.0070417503695899 -3.1993757800515055 2.613999818319586 6.699519573008761 -1.886793766339541 1
bicycle 1098 2 0.1508531327835122 0.0 986.82855 75.887566 1215.0 1.0641888375103756 0.4614325927642507 1.463057009682355 -5.03491500085263 2.8984573593959615 7.042093555587154 -0.46985207465274503 1
Car 97 1 0.7268955770627281 1167.2745 0.0 1935.0 1215.0 2.2541204892505227 2.4391211713794476 5.669740583264574 2.6586689215234705 1.8345576371220935 3.685657841606906 1.3518106593112043 1
Pedestrian 27 0 1.5928796083180856 408.1842 983.8312 439.7102 1075.7368 1.6071064455972586 0.5687039149461527 0.5600627122525627 -10.518441043298425 8.72135615159786 29.285066047178063 1.2480552488664975 1
bicycle 23 1 1.360779505539159 423.1986 998.51227 472.63556 1079.5463 1.152772670635452 0.5768186896128137 2.06773812302899 -10.945668522238577 9.368590488276803 31.85058592820189 1.0297668359411944 1
bicycle 24 1 -1.701121115126495 667.3715 996.9496 700.64215 1066.4128 1.1056374357026102 0.5307575821312875 1.8482240055557244 -6.508660194686661 10.066558915455284 35.057494743200444 -1.8846878137990286 1
bicycle 25 2 1.4353211598998634 687.4663 994.8826 727.02924 1068.6343 1.0957186273714328 0.6149396909105178 1.7102149654434033 -5.485197102203804 9.29558410081462 32.23553069062391 1.26677552510675 1
Pedestrian 22 0 -1.7175761673179113 743.33374 979.72144 798.0249 1142.5181 1.7132658739181361 0.5473685775886469 0.8282401301232613 -2.334591767286416 6.16065927921325 18.271541754308384 -1.8446595960863754 1
Pedestrian 21 0 1.4607688372249932 704.07184 967.08716 760.4983 1112.1493 1.9254312854365259 0.761327281692862 0.6651375203702741 -3.41117801681308 7.11278092821512 22.250267463711616 1.308643768756745 1
Pedestrian 28 0 1.4555098832961906 783.48096 967.7328 833.3839 1109.4644 1.8889453376423342 0.6679109351335977 0.5896097231539328 -2.2553103463810915 7.0222752782552975 22.031926780685207 1.3534996528273697 1
