bicycle 1098 1 0.155473338930616 0.0 996.56323 100.42496 1215.0 1.0641888375103756 0.4614325927642507 1.463057009682355 -4.889793560124253 2.9352412145540114 7.000196558937318 -0.4542602071452899 1
Car 97 1 0.7089038679236574 1199.9768 0.0 1935.0 1215.0 2.2541204892505227 2.4391211713794476 5.669740583264574 2.73515634678219 1.8283704617025476 3.535116722642276 1.3674077076413718 1
Pedestrian 28 0 1.455161033234184 808.42737 968.47845 859.05975 1112.1886 1.9254679346911403 0.6832398885317977 0.528973729744057 -1.873283032050909 7.038873899130988 21.929157331483097 1.3699436120811672 1
bicycle 23 1 1.3606042012194144 449.56186 998.74786 498.65982 1079.7496 1.152772670635452 0.5768186896128137 2.06773812302899 -10.40824113126271 9.390455438421704 31.913008780372685 1.0453378056408402 1
bicycle 1099 2 2.0859963469985225 0.0 741.0833 81.99843 1215.0 1.2282179888404485 0.6125683064263647 1.9964483648071654 -2.886167786129015 1.5902561717298036 3.626011543923963 1.4137223892880377 1
bicycle 24 1 -1.7017095467276877 692.3709 1000.5707 725.60785 1070.283 1.1056374357026102 0.5307575821312875 1.8482240055557244 -5.920162750302279 10.149509662679863 35.04013715578566 -1.8690826706649541 1
bicycle 25 2 1.4336411240292795 713.91864 999.554 753.6476 1073.8439 1.0957186273714328 0.6149396909105178 1.7102149654434033 -4.8950349820052965 9.368747050260168 32.11501611246187 1.2823833181219562 1
Pedestrian 22 0 -1.7136756035068201 765.69147 990.53894 811.5922 1146.591 1.7132658739181361 0.4839283081059655 0.5503459701858904 -2.113578549242046 6.263469542021456 18.282395324099873 -1.828771972343222 1
Pedestrian 26 0 -1.4462653806681625 171.43501 799.4362 379.29214 1215.0 1.7789594117367478 0.7283509109092727 0.9619732009375163 -3.033375906729063 2.627086613023871 6.699537744323016 -1.8714236973725675 1
Pedestrian 27 0 1.592833575430832 434.56137 980.9744 465.91898 1073.6034 1.6204326766329602 0.5687039149461527 0.5774205551866014 -10.00839998331019 8.682747464039819 29.299345247172763 1.2636693980252391 1
Pedestrian 21 1 1.45824715383412 735.46844 975.83795 784.42993 1116.5458 1.852387481677266 0.6463850938578901 0.6484987949936565 -2.971309070011273 7.117485157780527 22.04282511769695 1.324257692073771 1
