bicycle 1098 2 0.14567705089481597 0.0 980.97705 22.066202 1215.0 1.0641888375103756 0.4614325927642507 1.463057009682355 -5.31045034554235 2.875973551131227 7.056219509667182 -0.49948051244185 1
Car 97 1 0.7596290546424589 1100.1604 53.109055 1935.0 1215.0 2.2541204892505227 2.4391211713794476 5.669740583264574 2.467858838134482 1.9255320696630724 3.906789546395567 1.3230208469316143 1
Pedestrian 22 0 -1.716846443199411 696.12384 981.73566 752.8264 1140.0046 1.6607631529468214 0.5746843850157544 0.7778144948719754 -2.8888503351767305 6.1149851867336755 18.210073307632335 -1.874175602354167 1
bicycle 23 1 1.3625104655903635 369.5499 986.8866 419.99268 1067.9155 1.152772670635452 0.5768186896128137 2.06773812302899 -11.932074636018875 9.01790373292553 31.4668899633715 1.00006742194339 1
bicycle 24 1 -1.7001119559597269 619.57477 987.0981 652.98334 1055.995 1.1056374357026102 0.5307575821312875 1.8482240055557244 -7.625061521622531 9.826370101637176 35.0468591127169 -1.9143409869720627 1
bicycle 25 2 1.4399197017679157 634.5539 988.5075 673.8243 1061.534 1.0957186273714328 0.6149396909105178 1.7102149654434033 -6.661533247169989 9.193448087277988 32.395847804305056 1.2371173263893844 1
Pedestrian 26 0 -1.434725916563092 73.87426 763.41565 273.95132 1215.0 1.8446012331592028 0.694494781479861 0.49044538089284334 -3.3376889868733755 2.4681676678291273 6.383690895899733 -1.916483051092909 1
Pedestrian 27 0 1.5507423021952036 351.6193 972.15955 386.19495 1064.324 1.6204326766329602 0.6199316439110526 0.5057017346357234 -11.610055122783539 8.507841885248807 29.307108102466735 1.1735579854321174 1
Pedestrian 21 0 1.508897728409135 652.0141 956.40894 707.1647 1100.9557 1.9668256576671295 0.7817930166671057 0.6476733265818748 -4.2682449329400605 7.076274940906038 22.63898518480994 1.3225499524004554 1
Pedestrian 28 1 1.465340972541663 727.73114 967.063 769.9655 1099.9297 1.794607347773298 0.5663521575282084 0.6121445536101526 -3.1921093294196177 7.014924064649695 22.449859109401807 1.3240993567069572 1
