bicycle 1098 2 0.18658083212084686 0.0 1036.8999 254.14865 1215.0 1.0641888375103756 0.4614325927642507 1.463057009682355 -3.9524371117964194 3.0134813720624445 6.606298583692286 -0.3525753205764015 1
Car 97 1 0.544406265202237 0.0 0.0 1935.0 1215.0 2.2541204892505227 2.4391211713794476 5.669740583264574 3.2642626463342292 1.7370314128577085 2.4613393561430836 1.4691297306911313 1
Pedestrian 21 0 1.4324379523176443 922.6059 1009.5976 982.0237 1171.4666 1.9143275562783082 0.6996955599799828 0.843885053676995 -0.12935659219883056 7.276959443443648 20.378427770971218 1.4260903156755287 1
Pedestrian 28 0 1.45917583713607 992.9474 1006.3794 1048.6431 1173.0128 1.862610083791029 0.6210594779616946 1.1439697164479066 0.7867920652607832 7.1218474666200855 20.024013978524913 1.4984480596160958 1
bicycle 23 1 1.3588255886835015 616.49725 1034.7413 665.08234 1120.0344 1.152772670635452 0.5768186896128137 2.06773812302899 -6.7574915660360695 10.068182925346253 31.47002858770354 1.1473095692622048 1
bicycle 1099 2 2.1537624192280687 0.0 756.3283 212.22784 1215.0 1.2282179888404485 0.6125683064263647 1.9964483648071654 -2.335357059476893 1.5940051750405604 3.1484030789717563 1.515556295383801 1
bicycle 24 1 -1.7010334293789462 845.7978 1031.9656 879.0585 1104.4069 1.1056374357026102 0.5307575821312875 1.8482240055557244 -2.293179785494976 10.771289580946418 34.55096455601694 -1.767307163191604 1
bicycle 25 2 1.38580204925102 876.534 1038.6356 920.9222 1117.8649 1.0957186273714328 0.6149396909105178 1.7102149654434033 -1.3082124527313972 9.92438578920777 31.008968015812062 1.3436388549828275 1
Pedestrian 22 0 -1.6845194147942602 888.947 1031.9331 940.8498 1194.284 1.6944197435328963 0.5427477068143606 0.976097053952315 -0.5890792939661648 6.939466642811061 18.74831967540279 -1.715929459249611 1
Pedestrian 26 1 -1.4577358856375533 393.48862 885.731 555.21515 1215.0 1.89428307557561 0.6869482259292419 0.8939496091834079 -2.461509896913117 3.3157684467818935 7.644001162500447 -1.7692687738884147 1
Pedestrian 27 0 1.5990840948241378 590.39246 1015.52954 623.9257 1117.9993 1.6587610042322163 0.5923861703432507 0.8264460652361403 -6.676047202687291 9.15044259143137 28.215849071509677 1.366750460366743 1
