Pedestrian 27 0 1.5957699312032996 533.67615 1004.05896 567.97186 1105.5027 1.7823461739941888 0.6241141166506927 0.4367336255370825 -7.875780060371096 9.133616393041386 28.70738811929671 1.328011096706195 1
bicycle 1098 1 0.17458664983789385 0.0 1024.7216 199.5905 1215.0 1.0641888375103756 0.4614325927642507 1.463057009682355 -4.284948242880418 3.004348126112429 6.765265016583807 -0.39001232470416913 1
Car 97 1 0.612970339551267 0.0 0.0 1935.0 1215.0 2.2541204892505227 2.4391211713794476 5.669740583264574 3.0930982095532324 1.787387957244758 2.896736907684146 1.4311391887898157 1
Pedestrian 21 1 1.4386547235347111 863.06445 996.87695 910.26996 1147.6146 1.8960824169780899 0.5807847183300473 0.680449533452685 -1.0575421068367037 7.243099892676904 21.10930567999805 1.38859818940941 1
bicycle 23 1 1.3633053404161737 550.5691 1021.85 598.4742 1104.7169 1.152772670635452 0.5768186896128137 2.06773812302899 -8.27764677274331 9.915525414639085 31.95818836283563 1.1098602324680642 1
bicycle 1099 2 2.126003557707428 0.0 756.05994 166.58598 1215.0 1.2282179888404485 0.6125683064263647 1.9964483648071654 -2.5362964428523904 1.6117579045495454 3.350641455657195 1.478063879984873 1
bicycle 24 1 -1.7047179899052152 794.85376 1017.9097 828.2162 1089.0088 1.1056374357026102 0.5307575821312875 1.8482240055557244 -3.497205152057198 10.512598880523635 34.83424776422565 -1.8047783087036153 1
bicycle 25 2 1.3892018902234287 815.39844 1023.9346 859.24963 1101.6671 1.0957186273714328 0.6149396909105178 1.7102149654434033 -2.603930420626995 9.685318594223698 31.285300394513314 1.306161538147471 1
Pedestrian 22 0 -1.7468375915515475 844.58746 1020.25586 895.1696 1169.533 1.595023325901469 0.5093993437825721 0.7033345457249705 -1.1358956964876603 6.594351879560251 18.508516432694645 -1.8081322291740582 1
Pedestrian 26 1 -1.4524655538597124 309.30923 855.1439 494.83487 1215.0 1.8725260279771379 0.7336630732653061 0.9283511910050831 -2.6746098051324663 3.0701676063833947 7.241775693209645 -1.8062566045289103 1
Pedestrian 28 0 1.4447162845920558 920.19617 996.111 973.0407 1140.385 1.8419502086518895 0.6811396659906619 0.48815312985274684 -0.2078899104197948 7.092142404233076 20.862796186109673 1.4347519908198212 1
