Pedestrian 26 0 -1.4522767961297738 249.19652 840.7086 427.86002 1215.0 1.8147677614371505 0.7175998734730628 0.49779693906737543 -2.896348970393414 2.8740427737791343 7.003625814649591 -1.844409299900437 1
bicycle 1098 1 0.16169381127683424 0.0 999.35297 144.53453 1215.0 1.0641888375103756 0.4614325927642507 1.463057009682355 -4.646709674376248 2.9332683186448953 6.951266592776263 -0.4275558664346264 1
Car 97 1 0.6742961708278158 1262.4893 0.0 1935.0 1215.0 2.2541204892505227 2.4391211713794476 5.669740583264574 2.879209588194799 1.8118611499039812 3.2839256223244813 1.3941212478050935 1
bicycle 23 1 1.362100975559236 491.53442 1008.59576 540.0745 1090.393 1.152772670635452 0.5768186896128137 2.06773812302899 -9.525021459049427 9.614657227665546 31.934237898684586 1.0722321975826032 1
bicycle 1099 2 2.1017169359983257 0.0 748.4839 118.194084 1215.0 1.2282179888404485 0.6125683064263647 1.9964483648071654 -2.7383768122106487 1.6041397324271411 3.5192566989021463 1.440465387692301 1
bicycle 24 1 -1.702834584218699 735.036 1007.2971 768.2602 1077.4878 1.1056374357026102 0.5307575821312875 1.8482240055557244 -4.914278067533272 10.299615020854159 34.99375126851335 -1.8423551934636022 1
bicycle 25 2 1.4339247618304996 754.0937 1004.90955 794.146 1080.4143 1.0957186273714328 0.6149396909105178 1.7102149654434033 -3.979992802587347 9.38691147088189 31.722808070712585 1.309115339811564 1
Pedestrian 22 0 -1.752108123090277 794.3749 1002.0436 848.16394 1154.6785 1.6259894211256034 0.5380908296963534 0.726548692715209 -1.731514255558908 6.383627185317074 18.44235506196885 -1.8457216154347122 1
Pedestrian 27 0 1.5933291173752226 476.8351 987.85535 510.54718 1087.4441 1.7510494228526492 0.6140528811744574 0.5234635868114603 -9.089641430161716 8.891479823231599 29.083594266705276 1.2904123539245593 1
Pedestrian 21 1 1.4543347588163538 781.88196 989.7354 830.9859 1126.4836 1.7844962016467634 0.6472211574981477 0.5949081524244453 -2.2608976400897434 7.191289337827401 21.801463632116896 1.3510002014609257 1
Pedestrian 28 0 1.4504856860455668 855.0772 990.37384 908.6967 1123.7274 1.6618011393083618 0.6811396659906619 0.7835372744746156 -1.148139833572833 7.029339502215837 21.51827208850664 1.3971797266578205 1
