bicycle 1098 2 0.207023241883029 0.0 1050.6525 296.86163 1215.0 1.0641888375103756 0.4614325927642507 1.463057009682355 -3.6500690938831504 3.0028928955495067 6.364509669719178 -0.3136857129562787 1
Pedestrian 21 0 1.4281981934573338 988.31586 1026.1403 1045.3549 1191.6277 1.9191029894850002 0.653820703101786 0.6825743475673067 0.7197851068165588 7.259295258425482 19.529423590580752 1.465037962474069 1
bicycle 23 1 1.362046813792235 673.156 1047.2667 721.0046 1133.4197 1.152772670635452 0.5768186896128137 2.06773812302899 -5.584658474645825 10.36060528900725 31.53512676203204 1.1867708107507338 1
bicycle 1099 2 2.2210064950756347 0.0 765.5994 218.86725 1215.0 1.2282179888404485 0.6125683064263647 1.9964483648071654 -2.136140771456159 1.578109230068635 2.7157424431107406 1.5545040161473986 1
bicycle 24 1 -1.7036751886437236 907.82904 1046.0968 941.67114 1120.2339 1.1056374357026102 0.5307575821312875 1.8482240055557244 -0.8426572913008245 10.978851888600698 34.1004208447565 -1.7283812132103393 1
bicycle 25 2 1.385584682577519 934.7977 1049.5055 979.8908 1130.58 1.0957186273714328 0.6149396909105178 1.7102149654434033 -0.09193928502890183 10.013308009077729 30.510076470365313 1.3825712844685025 1
Car 97 1 0.43261305592723787 0.0 0.0 1935.0 1215.0 2.2541204892505227 2.4391211713794476 5.669740583264574 3.421139375756655 1.6878952543225652 1.8484809220799487 1.5080349827499084 1
Pedestrian 22 0 -1.6798054698628606 939.59393 1046.8818 989.6342 1192.4469 1.6061445670724412 0.5646835314897092 0.5720288949692379 0.037394605301983457 6.9543635383165014 18.638932986709367 -1.6777992093566114 1
Pedestrian 26 1 -1.4591341740366819 464.10443 930.2558 620.96796 1215.0 1.866177690468385 0.7369341081523573 0.481775926831815 -2.1654410415990175 3.5171533540904028 7.789133443225205 -1.7302946984051046 1
Pedestrian 27 0 1.6009662837598 645.46027 1032.5328 681.5708 1133.4131 1.6380471695524743 0.6343377109991402 0.6298523622646031 -5.486945775753475 9.254780752756615 27.57991336572861 1.4045832629187012 1
Pedestrian 28 0 1.3824060894850825 1066.4512 1029.9995 1142.7186 1189.9792 1.8229409551761022 0.8721835110240113 0.6081219840113079 1.8258621495499419 7.096035182275257 19.122673619573128 1.4775990376245378 1
