bicycle 1098 2 0.27098259883668774 0.0 1112.8848 290.45847 1215.0 1.0641888375103756 0.4614325927642507 1.463057009682355 -3.302839163319776 2.998436783758504 5.510806018946623 -0.2689504892708505 1
bicycle 1099 2 2.440135325039154 0.0 802.8414 61.764435 1215.0 1.2282179888404485 0.6125683064263647 1.9964483648071654 -2.013074195037262 1.562337159203421 1.8014181091451733 -4.683878659104428 1
Pedestrian 26 1 -1.4225375811976082 518.2531 981.77435 681.36725 1215.0 1.830611962662102 0.7179524801552271 0.9037664341359505 -1.9025471835066954 3.849711094018046 7.979883534209968 -1.656586104504363 1
Pedestrian 28 0 1.3629164849200162 1169.1688 1056.2548 1235.183 1215.0 1.7723966581535486 0.5985348345305362 0.7494073806969577 2.729521984724189 6.786211990522835 16.993480325493714 1.5221778863946573 1
bicycle 23 1 1.3670080530099213 733.9109 1069.2217 782.28784 1159.5114 1.152772670635452 0.5768186896128137 2.06773812302899 -4.18570505015178 10.593720368798396 30.704508455959303 1.2315210541003165 1
bicycle 24 1 -1.7047624892318882 975.92883 1065.9537 1010.8481 1143.3197 1.1056374357026102 0.5307575821312875 1.8482240055557244 0.7011156754921675 11.15631973144638 33.13013734588908 -1.683603173430363 1
bicycle 25 2 1.3874137777310733 998.32837 1073.784 1045.0217 1159.2996 1.0957186273714328 0.6149396909105178 1.7102149654434033 1.1748861688170562 10.187326600969653 29.398370271678488 1.4273568517103574 1
Pedestrian 22 0 -1.683000622287131 983.6846 1076.3793 1046.3551 1215.0 1.5568906385998236 0.6971771725801339 0.7385927447510308 0.658566936424603 7.268258508184257 18.523111763964813 -1.6474617958206326 1
Pedestrian 27 0 1.5894141032780356 711.73206 1052.148 744.4705 1162.0792 1.6584041553694453 0.5440069160865159 0.6502593311064968 -4.004701325324487 9.106192378147899 25.70978464883725 1.4348902028051822 1
Pedestrian 21 0 1.4054403668281061 1084.0394 1047.9424 1150.4484 1215.0 1.8858467383955853 0.6503356666192038 0.8406385020592415 1.833483954387899 7.007284687699677 17.66463812497162 1.5088640550378676 1
