bicycle 1098 2 0.300145115166087 0.0 1133.0656 263.521 1215.0 1.0641888375103756 0.4614325927642507 1.463057009682355 -3.245784295095236 2.9568734162275745 5.157879325173059 -0.2615307553845936 1
bicycle 1099 2 2.5441269742497137 0.0 782.6354 0.0 1215.0 1.2282179888404485 0.6125683064263647 1.9964483648071654 -1.9714461123177078 1.487305146678527 1.44772332105276 -4.676447697648451 1
bicycle 23 1 1.3680707635384883 742.45483 1062.5137 791.76373 1154.3951 1.152772670635452 0.5768186896128137 2.06773812302899 -3.9147532329415218 10.256804514418775 30.039764352651893 1.2384820350980221 1
bicycle 24 1 -1.7056563905577362 988.15656 1070.2305 1023.54987 1148.7129 1.1056374357026102 0.5307575821312875 1.8482240055557244 0.9660665642251928 11.143360604704753 32.76057608308522 -1.6761762409179164 1
bicycle 25 2 1.3868530770064227 1010.02856 1076.4773 1057.2971 1163.0822 1.0957186273714328 0.6149396909105178 1.7102149654434033 1.3949017896548657 10.145145754259394 29.07941396905812 1.434785039381687 1
Pedestrian 22 0 -1.6797615533283392 985.11053 1066.7507 1053.5009 1215.0 1.7073941665266164 0.79433558486635 0.5836407612003972 0.7185653617388477 7.3185053175970625 18.67187189453616 -1.6412966930583641 1
Pedestrian 26 1 -1.427374340688533 542.70074 990.2259 700.6716 1215.0 1.8726067918734435 0.7363844395926809 0.7434194482441804 -1.8232057794851728 3.9541915268339283 8.121844839557689 -1.6481954313668978 1
Pedestrian 27 0 1.5878320129143164 726.79517 1055.5353 757.0583 1161.8112 1.5712085534759104 0.4902525648234659 0.5704420113825697 -3.6593470917916204 8.85231316027992 24.970600343825808 1.4423215446567683 1
Pedestrian 21 0 1.3925763825523247 1101.198 1037.1086 1192.0492 1215.0 1.970066436265371 0.8699663503038082 0.8466161113476729 2.057561191360932 6.696075484771541 16.698678743113692 1.5151754298021798 1
Pedestrian 28 0 1.1967458390873902 1195.7902 1048.19 1277.3674 1215.0 1.8568598575241901 0.6365929930511318 0.7890019660300294 3.0147067155925815 6.632608968725368 16.424282320306606 1.3782769756072173 1
