bicycle 1098 2 0.2898228788703866 0.0 1125.8981 274.09714 1215.0 1.0641888375103756 0.4614325927642507 1.463057009682355 -3.261767165921185 2.971185752949975 5.278919086018968 -0.26364397154461683 1
bicycle 1099 2 2.5109573632540796 0.0 782.7602 0.0 1215.0 1.2282179888404485 0.6125683064263647 1.9964483648071654 -2.0073236069691838 1.5005989747774127 1.5722893479192888 -4.67856411273689 1
Pedestrian 21 0 1.4006838725853774 1092.9569 1044.9562 1174.9802 1215.0 1.970066436265371 0.8229087821773832 0.6727202691648501 1.952285788960431 6.840377637395716 16.980215312532977 1.5151553847398551 1
Pedestrian 28 1 1.3103206561385963 1185.9626 1059.0283 1261.0248 1215.0 1.7568851836281594 0.648808240217394 0.7522282621175392 2.9029045549908674 6.694301481159433 16.605067311462975 1.483392056751601 1
bicycle 23 1 1.3753186252510277 729.1127 1063.1283 777.0962 1153.7047 1.152772670635452 0.5768186896128137 2.06773812302899 -4.25560003914251 10.39573436598496 30.470357064598875 1.2365526233487154 1
bicycle 24 1 -1.7053473749305703 984.6073 1069.1516 1019.83325 1147.2614 1.1056374357026102 0.5307575821312875 1.8482240055557244 0.8901025996187597 11.157795746533928 32.89066533195618 -1.6782915100181184 1
bicycle 25 2 1.3873111359840467 1006.28235 1080.4073 1053.3156 1166.9093 1.0957186273714328 0.6149396909105178 1.7102149654434033 1.3252931228554943 10.260229771236927 29.198290193535588 1.432669412622246 1
Pedestrian 22 0 -1.7164738748581554 985.02515 1079.182 1050.9583 1215.0 1.597809139192732 0.759756344853957 0.4777933463010662 0.7025734395311181 7.344278847145691 18.638406590144385 -1.678796782907113 1
Pedestrian 26 1 -1.426519727696105 539.14197 990.78314 697.5934 1215.0 1.9081267099454224 0.7782752564959826 0.4779992323448624 -1.8496857785161922 3.9628437699378978 8.128988332548687 -1.650252304398343 1
Pedestrian 27 0 1.5890352751538845 719.54144 1055.7812 754.12146 1168.7727 1.700354652800034 0.5655086565917377 0.5481629027823883 -3.7734471783067356 9.040432217838369 25.166554734992047 1.4402050196712173 1
