Car 1821 0 1.6571292799566777 801.043 792.1523 866.38525 856.1493 1.542408008192423 1.7825018274966442 4.258381053030188 -4.159774454977847 7.296052954472707 49.31322213982166 -4.710210939964846 1
Cyclist 521 2 -1.4865412102807594 1213.0387 792.70776 1240.5092 858.5931 1.765854390009375 0.6727424831110261 2.063453873248796 8.296619186416768 7.126084932307934 46.684587236129005 -1.310661032837643 1
Pedestrian 1831 1 -1.6019275465781782 1266.9999 792.4795 1293.8485 871.11914 1.6985468931676895 0.580598444055291 0.5897396715150982 7.274224096117509 5.558093092424869 34.09965041623384 -1.3917552818613683 1
rider 525 2 -1.4896243186020977 1214.9972 795.52954 1238.8398 852.61676 1.65978472801924 0.6727424831110261 0.7589386497235692 8.286672600452201 7.032789004750246 46.6376323352075 -1.3137774381295424 1
Car 1933 1 -0.48649973786383227 1706.2438 785.2069 1935.0 908.25916 1.423601624752465 1.7825018274966442 3.6865730787329616 12.697942527294785 3.771506536023694 20.90345906663499 0.059384467142675756 1
Pedestrian 1823 0 -1.585856265404338 1198.9275 786.48566 1223.87 871.2883 1.823370397741911 0.5405562436150466 0.34724442540536415 5.547031302278824 5.431005514179967 33.17547294948034 -1.4201860096766967 1
Pedestrian 1824 1 -1.6075628271790117 1246.4868 783.03815 1277.734 871.3794 1.8258136296917942 0.6452926526741154 0.7280947893183722 6.592245811645722 5.336918859788664 32.79147577488248 -1.4091719369225035 1
Pedestrian 1828 0 -1.597302750952323 1221.8356 785.6877 1248.7245 868.52014 1.823370397741911 0.5924269991642659 0.3772836418289889 6.237132931556018 5.509584221122283 34.052188853773885 -1.4161468705571505 1
Pedestrian 1829 0 -1.610727615414575 1282.4733 790.87396 1305.8671 869.9318 1.6396577684395108 0.4769307214246926 0.4494798525055573 7.207313165992636 5.2634074928019565 32.386507132954485 -1.3917552818613683 1
Pedestrian 1830 0 -1.6805009705710128 1317.7441 787.37396 1348.0684 870.2377 1.715260000352649 0.580598444055291 0.5817116179053068 8.089330717169323 5.288885591349635 32.565117813468284 -1.4370242596376352 1
ride_other 524 0 -1.5976513025762058 1170.1471 805.74506 1202.4412 853.59033 1.3836225647048435 1.038473316646183 1.6176569894933708 7.61353207307606 7.614849827068454 50.66082646978963 -1.4484832216113197 1
rider 526 0 -1.5738789237600188 1172.7391 807.6551 1197.2592 849.3016 1.2602606111393175 0.8123411104747221 0.9824864445858912 7.56513005801606 7.508359607242657 50.58159514503684 -1.4254164851709366 1
