Car 1821 0 1.6870572452951116 745.89166 781.13574 849.3464 877.33984 1.542408008192423 1.7825018274966442 4.258381053030188 -3.544142139739565 5.219346375206806 33.05673965657311 -4.702933975356313 1
Cyclist 521 2 -1.515163592049598 1268.5897 787.71594 1296.4312 858.7541 1.765854390009375 0.6727424831110261 2.063453873248796 9.293880820596055 6.590212520727211 43.226817042165884 -1.3033848857271784 1
rider 525 2 -1.5180894214118992 1269.8031 789.4903 1295.042 851.14343 1.65978472801924 0.6727424831110261 0.7589386497235692 9.266419139022092 6.4577473798678415 43.13909390067527 -1.3065012913313379 1
Car 1826 1 1.6369478151063626 823.4554 783.5397 890.88544 852.5815 1.6978884287898848 1.9390332715194285 4.769274524636027 -3.4360053071039336 7.269309845524759 50.132627414335246 1.568516528204269 1
Pedestrian 1823 0 -1.5556432015495727 1269.3947 775.3945 1299.6637 879.63416 1.823370397741911 0.5326693156599879 0.4701171955247593 5.899166878361843 4.598154456484087 27.283165669587426 -1.3427012092614816 1
Pedestrian 1824 0 -1.5783579682194986 1332.3337 772.1532 1376.338 881.57623 1.8258136296917942 0.7485724473839098 0.7738814469050559 7.007565967057588 4.498809935557791 26.67825143373329 -1.321490965813464 1
Pedestrian 1828 0 -1.6403055901788954 1295.3666 777.7482 1332.5161 880.6726 1.823370397741911 0.6322756104739085 0.6612171773440022 6.596276573077951 4.722891835090963 27.99093721876526 -1.4088705538640212 1
Pedestrian 1829 0 -1.6666943277019743 1378.157 785.6208 1412.0258 883.8499 1.6396577684395108 0.5230052648160659 0.5350664941247959 7.623731563749291 4.498928987477645 26.29282360614101 -1.3844785593230333 1
Pedestrian 1830 0 -1.8125465165140158 1433.3425 781.17285 1466.5513 881.3825 1.715260000352649 0.47980878548723155 0.38752729189853163 8.646115719227744 4.503063229343367 26.466491618172192 -1.4967944240794941 1
Pedestrian 1831 1 -1.6561894990720978 1360.7793 784.1217 1395.4988 879.18427 1.6985468931676895 0.580598444055291 0.6465331899244484 7.894524801236687 4.755123362800554 28.336311832398238 -1.3844785593230333 1
ride_other 524 0 -1.7666012623366711 1214.702 801.5051 1259.7261 854.8006 1.3836225647048435 1.038473316646183 1.6176569894933708 8.299936176314082 6.799848047758636 45.04700724832416 -1.5843942352639317 1
rider 526 0 -1.7431686845695173 1221.9958 803.44995 1254.6987 849.7106 1.2602606111393175 0.8123411104747221 0.9824864445858912 8.343428207302196 6.699638799751004 45.061613331168424 -1.5600860821856035 1
