Cyclist 521 2 -1.5253444888077659 1285.8152 788.3265 1313.4298 860.57166 1.765854390009375 0.6727424831110261 2.063453873248796 9.633327190862222 6.53338686957945 42.54125331713928 -1.3026534668650045 1
Pedestrian 1824 0 -1.6719170962514551 1353.6008 771.792 1400.0348 887.49365 1.8258136296917942 0.6722613514060811 0.8807169812740224 7.032488575665424 4.362713289916993 25.336012278984903 -1.401164189242758 1
Pedestrian 1829 0 -1.6834788578583473 1403.0658 784.06604 1444.4951 889.4989 1.6396577684395108 0.580598444055291 0.7346770397383904 7.702803164522529 4.336683489849595 24.92474685571281 -1.3837470826788647 1
Pedestrian 1831 1 -1.6716897089524334 1385.9474 782.5088 1422.9327 882.00336 1.6985468931676895 0.580598444055291 0.6323348103221134 8.01154329557925 4.587891368312304 27.050162384814282 -1.3837470826788647 1
rider 525 2 -1.5282996508761 1286.8549 791.55743 1312.3043 854.2849 1.65978472801924 0.6727424831110261 0.7589386497235692 9.602981626413223 6.44000417049751 42.43901331855242 -1.3057698724997464 1
Car 1821 0 1.6988398347353435 720.3181 779.2212 839.48035 888.1709 1.542408008192423 1.7825018274966442 4.258381053030188 -3.4772140245833674 4.793585381248589 29.36693810664017 -4.702202474298277 1
Car 1826 1 1.627717763829094 813.02185 783.4012 883.3124 857.0514 1.6978884287898848 1.9390332715194285 4.769274524636027 -3.51429675646702 6.956380090119663 47.21181765936861 1.5534179866149027 1
Pedestrian 1823 0 -1.61255784467853 1289.2521 773.4989 1323.6007 883.36145 1.823370397741911 0.5596406092893037 0.5275742116595682 5.990631859392435 4.434999090149372 25.97142741798728 -1.3858604252969993 1
Pedestrian 1828 0 -1.6543895342262431 1320.9161 774.3637 1353.6969 879.68774 1.823370397741911 0.5387474560565642 0.39394119948767253 6.736983706569889 4.526041020779336 26.803019669180028 -1.4081391179498393 1
Pedestrian 1830 0 -1.8290090351152906 1458.618 775.7396 1498.871 884.2315 1.715260000352649 0.46522635992764727 0.7385051423762381 8.680501762030222 4.286042063184041 25.101218403744 -1.4960629453853804 1
ride_other 524 0 -1.7400902463529668 1222.8055 801.08386 1267.5662 855.56055 1.3836225647048435 1.038473316646183 1.6176569894933708 8.358629895744075 6.674708682675416 44.09224078014775 -1.5527419533863847 1
rider 526 0 -1.746463191557702 1227.798 803.37573 1261.3784 850.7218 1.2602606111393175 0.8123411104747221 0.9824864445858912 8.337941050674532 6.575581080177962 44.040812300223166 -1.5593546865419075 1
