Car 1821 0 1.7212929988320207 669.87225 776.02185 820.3215 909.3883 1.542408008192423 1.7825018274966442 4.258381053030188 -3.4035046114583505 4.212442774492866 24.282289318053643 -4.701149166761017 1
Cyclist 521 1 -1.539174850779923 1309.2703 788.10913 1336.9136 862.9845 1.765854390009375 0.6727424831110261 2.063453873248796 9.947172388139622 6.367460838793638 41.07897253561248 -1.3016002776892595 1
Cyclist 1822 0 0.35784406288973625 143.73132 788.5327 230.10887 852.8505 1.7621441844068055 0.7712046939802585 2.125191906039326 -22.807454111869504 6.640717865374483 44.075340548313505 -0.1196778680251589 1
Pedestrian 1824 0 -1.6937368587944288 1386.6637 771.1499 1441.1575 893.3269 1.8258136296917942 0.7485724473839098 0.6823081317316647 7.167634852781763 4.1832320347587695 23.70517328242278 -1.4001109761630066 1
rider 1825 0 0.36562443861866223 162.92252 789.16016 201.10936 846.02606 1.5654790212963472 0.7726424662716231 0.7727530417238299 -22.958305455687736 6.453160593165356 44.06969226065936 -0.11464591507762356 1
Car 1826 0 1.6293423615936207 798.9814 781.509 876.38983 862.49615 1.6978884287898848 1.9390332715194285 4.769274524636027 -3.496490590640046 6.459600617746505 43.062888709193395 1.5483251037685255 1
Pedestrian 1823 0 -1.6087302653514286 1324.207 770.67834 1360.0002 889.3869 1.823370397741911 0.5383786056976428 0.621338205646835 6.162307945946383 4.219070256515526 24.215413039438335 -1.359540774181422 1
Pedestrian 1828 1 -1.6757017942203074 1353.6986 772.52875 1392.7114 887.4738 1.823370397741911 0.5659485311716326 0.6262033543293554 6.878855639987149 4.3253971327369936 24.989614331894682 -1.4070859042189587 1
Pedestrian 1829 0 -1.7080240679816279 1446.7355 785.743 1485.0597 895.08386 1.6396577684395108 0.5230052648160677 0.34639335711702957 7.85583415377851 4.168123952536879 23.289273651054245 -1.3826938103213664 1
Pedestrian 1830 0 -1.8498362750679425 1492.0076 777.3944 1539.2466 891.5054 1.715260000352649 0.580598444055291 0.4972912740776109 8.696001210734108 4.136156159707921 23.470486631946162 -1.4950096700572646 1
Pedestrian 1831 1 -1.692893883647857 1420.8273 781.63135 1461.0023 887.5716 1.6985468931676895 0.580598444055291 0.5897396715151136 8.122243489682655 4.390255347892536 25.338608876216473 -1.3826938103213664 1
ride_other 524 0 -1.8769077246284755 1238.4175 801.3411 1292.1544 859.0404 1.3836225647048435 1.038473316646183 1.6176569894933708 8.51962721062112 6.437480029499275 41.97501365753405 -1.6766589787006507 1
rider 525 0 -1.5421931779886993 1310.1147 791.4063 1336.191 856.41986 1.65978472801924 0.6727424831110261 0.7589386497235692 9.914596795903696 6.271240684361151 40.96200816701123 -1.3047166833677801 1
rider 526 0 -1.88553028429118 1243.1008 804.239 1282.1793 854.2818 1.2602606111393175 0.8123411104747221 0.9824864445858912 8.464281450532075 6.364914195844684 42.03066658424783 -1.6868048201797314 1
