Cyclist 521 0 -1.5956352052847866 1397.053 778.467 1428.8584 864.6715 1.765854390009375 0.6727424831110261 2.063453873248796 10.73486783698049 5.530912806619113 35.58001690401688 -1.3026098034040505 1
Pedestrian 1824 0 -1.7325674811842426 1616.5502 744.55383 1707.2197 935.868 1.8258136296917942 0.7180480089927777 0.8501925428828856 7.205326994828187 3.099583873555955 15.412676109480286 -1.2952615092028443 1
Pedestrian 1831 2 -1.8435011174726519 1646.0261 766.40204 1716.2432 922.913 1.6985468931676895 0.580598444055291 0.6323348103220918 8.293210393527518 3.364700341579689 17.246279475005803 -1.3952746727921042 1
rider 525 0 -1.593570223378186 1397.3934 781.2501 1427.7738 856.1968 1.65978472801924 0.6727424831110261 0.7589386497235692 10.701204068349334 5.416380394690034 35.47493306446705 -1.300595433367691 1
rider 1157 0 -2.635612805063449 1455.7024 785.48505 1493.9235 850.4588 1.72735321177577 0.7151430256617386 0.7899592179991304 14.739337614204876 6.393914219220266 42.92406338408972 -2.3048461498927164 1
rider 1825 2 0.5318536412754035 27.914831 778.9933 82.25373 852.14703 1.5654790212963472 0.7726424662716231 0.7727530417238299 -20.621013380681834 5.113605246883235 34.042275808617646 -0.012781031383859887 1
Cyclist 1156 0 -2.6385216719951368 1431.1735 783.63135 1506.2784 852.3825 1.732104525927551 0.7151430256617386 1.9438989890417802 14.599937139063218 6.4045610016274965 43.061323319846196 -2.3116350657363576 1
Cyclist 1822 1 0.5192730716165579 3.821509 778.137 118.09406 860.25305 1.7621441844068055 0.7712046939802585 2.125191906039326 -20.470200344077128 5.290935215412114 34.02801484027262 -0.022299338620790587 1
Car 1826 0 1.7074159959669333 598.5633 755.46606 782.1516 921.39325 1.6978884287898848 1.9390332715194285 4.769274524636027 -3.7511760051067222 3.788442408621535 21.525997857074326 1.534885922902773 1
Car 1827 0 1.728550486388876 753.04913 784.85144 851.7572 867.6487 1.4171052049022523 1.7180635072251795 4.655331877061001 -3.8688031276744557 5.641610483092308 37.12549358804857 -4.658468841903934 1
Pedestrian 1823 0 -1.741268448195732 1530.8345 749.6316 1602.1067 930.47125 1.823370397741911 0.5793569048198585 0.8554766425927718 6.552311174758156 3.216189423933674 16.219250143470447 -1.35733265148401 1
Pedestrian 1828 2 -1.7469425055416026 1531.0178 755.02515 1621.4731 924.6987 1.823370397741911 0.8692361753739911 0.5292410804333194 6.963514613616386 3.3296195643675075 16.959407976603394 -1.35733265148401 1
Pedestrian 1829 0 -1.8133430847841212 1710.5408 766.70306 1788.5885 943.03876 1.6396577684395108 0.5345239006639131 0.7182022132061857 7.886584704764933 3.099458454705287 14.982064881723106 -1.328797868578688 1
Pedestrian 1830 0 -1.8482002479321649 1774.6017 761.3458 1860.4203 943.34766 1.715260000352649 0.580598444055291 0.7113624249013422 8.65136488483573 3.13369078389376 15.130885848677384 -1.328797868578688 1
ride_other 524 0 -2.3166262510730378 1236.5507 793.5971 1319.2996 865.2277 1.3836225647048435 1.038473316646183 1.6176569894933708 7.2661160221132 5.369436562547892 34.372028146103005 -2.108297208009194 1
rider 526 0 -2.3226171900923407 1248.8064 795.8117 1305.18 858.2243 1.2602606111393175 0.8123411104747221 0.9824864445858912 7.233393948597373 5.25027508307865 34.28105745885718 -2.114664889607492 1
