Cyclist 521 0 -1.5955995311425506 1369.0243 791.95746 1399.2896 875.1139 1.765854390009375 0.6727424831110261 2.063453873248796 10.505748357813266 6.0414773722067725 37.19078533575253 -1.3202902352006638 1
Cyclist 1156 1 -2.6237455519784287 1410.0405 795.5639 1480.4191 860.87524 1.732104525927551 0.7151430256617386 1.9438989890417802 14.75557950693108 7.0490453964933355 45.630619080116645 -2.3109885144960005 1
Cyclist 1822 2 0.5052640882077594 37.969303 789.21234 143.32559 865.5805 1.7621441844068055 0.7712046939802585 2.125191906039326 -21.33597288159672 5.836566936841962 36.67342071984889 -0.021652857468490883 1
Pedestrian 1824 0 -1.7382180569164984 1528.2728 761.93146 1605.367 926.144 1.8258136296917942 0.7485724473839098 0.6365214741449565 7.145678659190823 3.4810251173935063 17.67198415210203 -1.3539667367132397 1
Pedestrian 1829 0 -1.8189045324651139 1602.8882 779.94464 1672.2665 931.7224 1.6396577684395108 0.580598444055291 0.6935586870314181 7.8368977216095 3.4790917860061654 17.349339113602486 -1.3946281508131784 1
Pedestrian 1831 1 -1.7923554847673904 1560.5989 780.5533 1619.5903 919.88525 1.6985468931676895 0.580598444055291 0.6323348103220932 8.151128726262048 3.755723808156592 19.402050436040692 -1.3946281508131784 1
rider 525 0 -1.5755427706764127 1370.0206 795.16846 1398.5536 867.31885 1.65978472801924 0.6727424831110261 0.7589386497235692 10.465680027985899 5.925433197927119 37.00868956558763 -1.2999489624821696 1
rider 1157 0 -2.6180284360155643 1428.6974 797.1323 1464.6119 858.5199 1.72735321177577 0.7151430256617386 0.7899592179991304 14.80057126141468 7.040882425080427 45.60274074948685 -2.3041995978625267 1
rider 1825 2 0.5155804868629097 64.5254 789.49036 114.21708 857.52673 1.5654790212963472 0.7726424662716231 0.7727530417238299 -21.386350249946823 5.646977121846787 36.69260887228267 -0.01213454896381605 1
Car 1821 1 2.0497085188986106 0.0 717.4665 527.5665 1215.0 1.542408008192423 1.7825018274966442 4.258381053030188 -3.4074125107920312 2.0797755302285994 6.551310651370903 1.5701014030957818 1
Car 1826 0 1.6902942138061103 677.0132 775.0741 814.04065 904.03076 1.6978884287898848 1.9390332715194285 4.769274524636027 -3.8847954488792955 4.720058741645932 27.691222761107852 1.5509140776947263 1
Car 1827 1 1.8386179181543216 778.57996 796.12555 880.0121 869.28204 1.4171052049022523 1.7180635072251795 4.655331877061001 -3.709705828577922 6.603976517035427 42.85611339924065 -4.530914036233512 1
Pedestrian 1823 0 -1.6920782516378026 1453.1115 768.24963 1513.409 928.6853 1.823370397741911 0.604975347926202 0.7664584415674031 6.350426524912399 3.6118772370858787 18.218993780488404 -1.3566861708154125 1
Pedestrian 1828 2 -1.6967686524245362 1453.8287 768.2296 1528.4022 919.2162 1.823370397741911 0.8346313867870738 0.554402275335512 6.758862558100622 3.6886710040138047 19.10202246401446 -1.3566861708154125 1
Pedestrian 1830 0 -1.9894519465491864 1662.1752 772.40735 1724.9386 923.12384 1.715260000352649 0.580598444055291 0.31989113811885117 8.577164234617017 3.4605768601783238 17.52355984569505 -1.5342680308556564 1
ride_other 524 0 -1.953312715167915 1237.4423 805.41064 1303.1394 872.63605 1.3836225647048435 1.038473316646183 1.6176569894933708 7.5141824467494 5.889335308084284 36.43903397224465 -1.7499508451848524 1
rider 526 0 -1.951570881022215 1248.1056 807.14343 1295.0619 865.3481 1.2602606111393175 0.8123411104747221 0.9824864445858912 7.548630120098659 5.765034605335427 36.40995436376535 -1.7471437520734883 1
