Cyclist 521 0 -1.6359949273533867 1474.636 782.6998 1513.7585 876.9666 1.765854390009375 0.6727424831110261 2.063453873248796 11.649033419974888 5.3338630466515085 32.728771951047875 -1.294050266331151 1
Cyclist 1156 0 -2.683008096252085 1515.7212 786.8328 1602.3053 864.5266 1.732104525927551 0.7151430256617386 1.9438989890417802 15.299110809483318 5.984810178121796 38.31139552855983 -2.3030744583608294 1
rider 525 0 -1.6343560355013964 1476.8578 785.7171 1512.0004 867.7356 1.65978472801924 0.6727424831110261 0.7589386497235692 11.5864798179838 5.205533121702711 32.51437229019992 -1.2920358960630258 1
rider 1157 0 -2.6767981527157034 1537.9089 788.5436 1581.0983 861.57855 1.72735321177577 0.7151430256617386 0.7899592179991304 15.31613590950742 5.9756506236763975 38.28964649216207 -2.296285532087198 1
Cyclist 1822 1 0.5541320804826315 0.0 783.6 71.94231 877.17035 1.7621441844068055 0.7712046939802585 2.125191906039326 -19.08849274736414 4.979890849758837 29.920674675833514 -0.013739656404355705 1
Car 1826 0 1.8223247520561399 281.6638 731.6792 701.16693 1055.0476 1.6978884287898848 1.9390332715194285 4.769274524636027 -3.386183577718968 2.7163332362697115 11.853326617074949 1.544062623449272 1
Car 1827 0 1.6828168216048902 704.93054 787.15393 826.12274 899.7432 1.4171052049022523 1.7180635072251795 4.655331877061001 -3.558095973273754 4.698989366889833 27.907732172382797 1.5560059827388133 1
Car 522 1 2.8643744538249054 1217.8466 798.36487 1360.5591 850.07074 1.378359552139926 1.8141809017012105 4.118870386468819 10.451420086073508 7.0464272685314375 47.83105048341131 -3.2036850537649437 1
Pedestrian 1823 0 -1.8569076311258286 1742.1443 740.6769 1850.3976 979.98413 1.823370397741911 0.5537384617135042 0.8835276600403887 6.884764303200486 2.818563602223566 12.362385603580794 -1.348772984684682 1
Pedestrian 1824 1 -1.8520266019925886 1861.1392 734.7391 1935.0 991.34656 1.8258136296917942 0.7485724473839098 0.8807169812740224 7.544026417779466 2.718560026167922 11.624347537478403 -1.2763652914190395 1
Pedestrian 1828 2 -1.8484388997404542 1723.6127 744.5127 1834.5774 963.6565 1.823370397741911 0.7320600123240558 0.5621572465634503 7.1972920263921845 2.9063663677166223 13.18502233849664 -1.348772984684682 1
Pedestrian 1831 1 -1.9524196851247617 1858.1182 762.4617 1935.0 967.373 1.6985468931676895 0.580598444055291 0.760120226743078 8.50547590224435 2.9700827701479393 13.396013328260054 -1.386714459643996 1
ride_other 524 0 -2.8134641833151535 1251.252 796.8091 1345.2017 876.8124 1.3836225647048435 1.038473316646183 1.6176569894933708 6.8610048728012405 4.983239596172621 30.447661024385194 -2.5918283687829735 1
rider 1825 1 0.5651321277934278 0.0 784.05566 35.302406 867.4524 1.5654790212963472 0.7726424662716231 0.7727530417238299 -19.163859425526574 4.793316143385711 29.940874750253034 -0.0042213323600008845 1
rider 526 0 -2.8195196141002956 1271.1547 800.8144 1331.1145 871.1387 1.2602606111393175 0.8123411104747221 0.9824864445858912 6.913873671598547 4.908874215125358 30.414437761678595 -2.5959960716820882 1
