Cyclist 1637 0 1.6026933650408335 200.6641 779.33466 233.43462 855.3642 1.7582229174738868 0.7182358710060415 1.8834955479684052 -19.733416428021297 5.959387261144798 39.675177708396376 1.1411484671239553 1
Cyclist 1839 1 1.5204690157286962 207.26903 781.2269 237.11588 847.468 1.7582229174738868 0.7182358710060415 1.8834955479684052 -22.442972455243574 6.608273032514967 45.39847467444953 1.0613474277290602 1
rider 1638 0 1.6058428941350433 201.48445 781.22003 232.84895 848.435 1.6553423814359414 0.7182358710060415 0.7959013098530148 -19.756735280435507 5.860427347785656 39.71692334358313 1.1442464123013463 1
rider 1840 1 1.5196786384180643 208.3225 782.91364 236.10161 841.6142 1.6553423814359403 0.7182358710060415 0.7665068709850303 -22.45123546935847 6.509170083417353 45.42647300397629 1.060655733666085 1
Cyclist 1639 0 -2.3468903124492257 1326.3168 736.88367 1535.3115 971.3889 1.808833416077358 0.5423243640826356 2.0175879806165162 4.194521388735901 2.898581630479814 13.53133611772362 -2.0462976421686694 1
Cyclist 1841 1 -3.0189371637207763 1802.3219 724.9121 1935.0 1013.8857 1.7587499592692737 0.5545348606799818 1.9101098206384648 7.050287055930054 2.5177449078010454 10.514076233713125 -2.428246109921151 1
Car 278 2 2.109737929899718 1834.6733 790.9592 1935.0 945.64526 1.406127439534 1.619929138010053 3.5893710289295533 12.625645820090249 3.5972803367940656 18.252137579084426 -3.568289830272921 1
Car 279 1 2.1667426807609935 1633.9337 789.1514 1935.0 932.4641 1.4843196573025985 1.780641768059688 4.716338143303009 12.09939548916759 4.058386710760753 21.58424604806619 -3.6055234955689888 1
rider 1640 1 -2.353159673360851 1380.8373 742.964 1491.3062 948.74133 1.7094937690660565 0.5500008619794385 0.7895658231478702 4.26122279992203 2.808846558095272 13.44770233554415 -2.046295227303826 1
rider 1842 1 -3.0091962952526696 1892.0183 729.7371 1935.0 985.9336 1.6260744061448642 0.5385791153163836 0.9858886011990565 7.133685056779839 2.396146009870022 10.454788465942455 -2.410423572407273 1
