Car 279 1 2.153060560921231 1242.2535 788.9475 1536.6504 940.6182 1.4843196573025985 1.780641768059688 4.716338143303009 6.273693179231632 4.09802025743182 21.618500040801685 -3.8476826587268933 1
Cyclist 1639 1 -2.0945133137290393 590.93317 747.64844 749.8369 952.61096 1.808833416077358 0.6821024520060577 2.0175879806165162 -3.0163755042231544 3.1505034970629535 15.36102838153052 -2.2884116997411 1
Pedestrian 277 2 -2.9343954761353634 1752.3982 802.46826 1788.4707 882.41327 1.7362601717416697 0.7348919638892553 0.6057684002507175 18.976641807960053 5.957037524569922 35.07017401872966 -2.4384071836694856 1
Cyclist 1841 0 -2.60221401703342 1005.89954 739.38556 1255.5303 994.93134 1.7587499592692737 0.6410216904484475 1.9101098206384648 1.3181943214360647 2.7314188607700034 11.871929206889687 -2.491632423574691 1
Car 278 0 2.0821051836385287 1435.4995 793.5508 1711.6434 953.58606 1.406127439534 1.619929138010053 3.5893710289295533 7.648508061246078 3.697899257823066 18.572933733737237 -3.8104348949246503 1
Car 280 1 1.9847361269943526 1630.2933 801.6251 1837.4431 913.2681 1.4506543162359293 1.8300036940448294 4.461775947831861 14.633579144615561 5.0368142906417255 28.233105165201984 -3.820258908911118 1
Car 282 1 1.904512829360912 1873.193 800.2455 1935.0 889.3391 1.5623167753250131 1.6964158993101366 4.495988386180137 24.00844095383589 6.056458742608824 36.28926665452506 -3.7941960831274573 1
rider 1842 0 -2.5982468030735704 1055.7837 744.2167 1204.7788 972.2293 1.6375784346218822 0.6418729233669647 0.9858886011990565 1.3398689017917595 2.6294316031764406 11.876138697974675 -2.4859016073388425 1
Car 281 1 1.9241910114822485 1757.841 804.47375 1920.3715 900.2732 1.4585787947575808 1.6542692991266106 4.211710598253446 18.904924396827795 5.555238837192627 32.142050371863434 -3.827320249877399 1
Pedestrian 284 2 -1.8639227779655507 1661.9703 800.52313 1689.1138 867.78687 1.6793559500057238 0.4965341580485314 0.5866847931237275 18.80365108606858 6.342073459932746 39.37549479989023 -1.4183983358786434 1
rider 1640 1 -2.098879843673733 625.2031 752.2111 723.36383 934.03625 1.7094937690660565 0.6821024520060577 0.7895658231478702 -2.9409449366888443 3.0575178642662104 15.312455824376316 -2.28863144553969 1
