Car 279 1 2.1448712104888665 1078.9935 788.9472 1368.77 945.993 1.4843196573025985 1.780641768059688 4.716338143303009 3.853589454771775 4.079888322958028 21.33119916374299 -3.9595867111680825 1
Pedestrian 277 2 -2.942331568432467 1562.837 803.3379 1596.0862 881.2308 1.7362601717416697 0.7348919638892553 0.6057684002507175 14.874619754485995 6.085967902177078 35.979703498441474 -2.5503126181699916 1
Cyclist 1639 0 -2.48097784078003 52.10252 745.67847 266.60693 932.0634 1.808833416077358 0.6185669574954239 2.0175879806165162 -8.356912254962591 3.1073077554352677 15.602614509726287 -2.9727057782017976 1
Car 278 0 2.0726622232268888 1266.1991 792.1956 1533.0349 956.10364 1.406127439534 1.619929138010053 3.5893710289295533 5.460785433134468 3.6725626469732324 18.42085098660474 -3.922330128533038 1
Car 280 1 1.9724154989878793 1456.9691 801.2569 1649.1226 912.71436 1.4506543162359293 1.8300036940448294 4.461775947831861 11.43640198887012 5.103804214084214 28.74797159953171 -3.932147638914917 1
Car 281 1 1.9114552259797604 1575.8907 804.40405 1723.3511 898.6811 1.4585787947575808 1.6542692991266106 4.211710598253446 15.309382269044548 5.689275785287173 33.160780717854614 -3.939212762499212 1
Car 282 0 1.8916584769424656 1680.6743 801.1974 1816.3495 888.32916 1.5623167753250131 1.6964158993101366 4.495988386180137 19.918595999140543 6.269083222213203 37.75676131098067 -3.9060825636747616 1
rider 1640 1 -2.4817309015153075 116.54513 747.7717 227.25034 916.2825 1.649447591781235 0.6473402232186922 0.7895658231478702 -8.220077125329862 2.9622699666153616 15.590458280645175 -2.9669405120356416 1
rider 1842 0 -2.217414463549538 578.14594 754.6895 704.34753 956.2183 1.5915623207138094 0.6073608379358834 0.9858886011990565 -2.8016600188355287 2.7741727822760582 13.073762341946765 -2.428517999769595 1
Cyclist 1841 0 -2.2198187507385474 549.65643 751.5725 746.0017 985.67126 1.7587499592692737 0.6533769518439605 1.9101098206384648 -2.76022837794518 2.938119947196191 13.050946461614544 -2.4282437223589093 1
Car 283 1 1.8577463651824342 1755.0718 805.4048 1875.1359 881.21924 1.4665529396038408 1.6983839170885033 4.386857924140942 23.563292647471457 6.697619841246743 41.206999059081205 -3.905992196337141 1
Pedestrian 284 2 -1.8833974579253898 1499.3932 808.18854 1525.6608 874.89655 1.6793559500057238 0.4965341580485314 0.5866847931237275 14.600862040589547 6.572197959513183 39.617117184027386 -1.5302941271204544 1
