Car 279 1 2.146893840022871 1136.3784 786.833 1426.7377 941.27264 1.4843196573025985 1.780641768059688 4.716338143303009 4.69706387447886 4.05695267744605 21.46729925815286 -3.9208852156767016 1
Pedestrian 277 2 -2.9397486614724615 1626.6394 799.4636 1660.762 877.9148 1.7362601717416697 0.7348919638892553 0.6057684002507175 16.28694231734521 5.95766233740347 35.68813410843528 -2.5116112778747643 1
Cyclist 1639 0 -1.9980439812839381 318.99634 743.6995 470.05795 945.9514 1.808833416077358 0.6821024520060577 2.0175879806165162 -5.876812623769116 3.1114338220240523 15.444888494183179 -2.3616296699028174 1
Cyclist 1841 0 -2.4171971229523117 745.50214 742.9732 967.1088 987.86334 1.7587499592692737 0.591600644866476 1.9101098206384648 -0.8917238414956464 2.7974579150839167 12.340637773664866 -2.489330888758629 1
Car 278 0 2.0737576399767335 1327.7014 789.0937 1596.3539 950.44855 1.406127439534 1.619929138010053 3.5893710289295533 6.258585197350605 3.638898212476243 18.525612805250567 -3.883631835718807 1
Car 280 1 1.9774237119637945 1513.688 800.32043 1711.1111 911.9639 1.4506543162359293 1.8300036940448294 4.461775947831861 12.47068693209435 5.052389375230781 28.512235690222344 -3.8934517237477078 1
Car 281 1 1.9141694069116717 1640.181 802.7208 1792.094 897.1944 1.4585787947575808 1.6542692991266106 4.211710598253446 16.625992692298016 5.608713053950542 32.8524449105553 -3.900515466598426 1
Car 282 0 1.8951054641423468 1747.0176 797.6851 1887.5455 884.9506 1.5623167753250131 1.6964158993101366 4.495988386180137 21.40292248551119 6.1201572997273885 37.32103117666499 -3.8673874739538596 1
rider 1640 1 -1.999560669315333 350.64127 747.09814 439.3302 927.16833 1.7094937690660565 0.5740193328933754 0.7895658231478702 -5.808172353271326 3.0017613859915824 15.33265172157116 -2.361668024371691 1
rider 1842 0 -2.434944551908414 789.5306 745.5289 926.6897 963.6144 1.6375784346218822 0.584352780981841 0.9858886011990565 -0.8540690965544309 2.675747323595875 12.341833041599507 -2.5040355593433334 1
Car 283 1 1.8613915515657267 1823.7592 802.36743 1935.0 878.4834 1.4665529396038408 1.6983839170885033 4.386857924140942 25.178223947073587 6.539328646466764 40.654966689488404 -3.8672930992369685 1
Pedestrian 284 2 -1.8750795253736494 1551.5298 799.6977 1577.9401 866.2956 1.6793559500057238 0.4965341580485314 0.5866847931237275 16.001351206584662 6.351658117553789 39.66052555539519 -1.491595783840859 1
