Car 279 1 2.1446757926684814 1072.3079 790.4117 1361.0756 947.48413 1.4843196573025985 1.780641768059688 4.716338143303009 3.76103379252281 4.109612805526484 21.38578899426335 -3.964423676608398 1
Pedestrian 277 2 -2.942061423307078 1553.9572 804.4131 1587.1165 882.26654 1.7362601717416697 0.7348919638892553 0.6057684002507175 14.672044832156462 6.1157218456021925 36.00947138880006 -2.5551495169324667 1
Cyclist 1639 0 -2.4530424113036666 14.838012 745.4167 223.33328 930.2258 1.808833416077358 0.5423243640826266 2.0175879806165162 -8.81227976325208 3.1065598443239644 15.659125525748046 -2.965626945758336 1
Car 278 0 2.0695268764985837 1263.7533 791.8595 1529.8467 955.8031 1.406127439534 1.619929138010053 3.5893710289295533 5.426460651961544 3.668292324973907 18.420001408761134 -3.927166682721071 1
Car 280 1 1.9706692167021824 1452.1752 802.54065 1643.2089 913.94025 1.4506543162359293 1.8300036940448294 4.461775947831861 11.366640771221975 5.140866277852956 28.831679414388777 -3.9369838866304367 1
Car 281 1 1.9097839311508906 1570.3463 806.7294 1717.3927 901.4366 1.4585787947575808 1.6542692991266106 4.211710598253446 15.173834011183173 5.742359924747051 33.142423580732974 -3.9440491880214332 1
Car 282 0 1.8912515369078076 1672.56 802.60724 1807.5552 889.7683 1.5623167753250131 1.6964158993101366 4.495988386180137 19.748905558035847 6.3172402810679085 37.84027745968598 -3.9109187048105807 1
rider 1640 1 -2.442594107648954 81.25114 747.49786 185.17566 904.8265 1.5533737081255201 0.5379916265225448 0.7895658231478702 -8.650839136192618 2.8630476514560703 15.635149906750145 -2.9479630036901803 1
rider 1842 0 -2.1987421221744685 542.8651 754.071 667.1622 955.5279 1.614570377667846 0.6073608379359121 0.9858886011990565 -3.1587842966628603 2.806173762682186 13.243887649384728 -2.432876680676773 1
Cyclist 1841 0 -2.198276226126893 510.5971 751.84674 702.001 981.7776 1.7587499592692737 0.6533769518439605 1.9101098206384648 -3.1734224593069733 2.958945084827076 13.268641391983063 -2.433033518644416 1
Car 283 1 1.8567326245519196 1747.7926 806.86255 1867.2618 882.77094 1.4665529396038408 1.6983839170885033 4.386857924140942 23.38938853376776 6.74789243116584 41.2681926248644 -3.9108288546147283 1
Pedestrian 284 2 -1.8870622895712956 1497.4478 808.11774 1523.6248 874.45734 1.6793559500057238 0.4965341580485314 0.5866847931237275 14.625354466488842 6.59592166159247 39.827332136127424 -1.5351306762135095 1
