Car 279 1 2.147460194590783 1020.20355 788.8933 1310.8872 947.97144 1.4843196573025985 1.780641768059688 4.716338143303009 3.0095747770095884 4.066614006361107 21.185664066878807 -3.9946121516502706 1
Pedestrian 277 2 -2.940506078016169 1499.5195 805.4306 1532.2175 883.06006 1.7362601717416697 0.7348919638892553 0.6057684002507175 13.394902580882418 6.15306686860761 36.11487818348193 -2.585337338253453 1
Cyclist 1841 1 -2.060615848661999 303.89056 749.67053 470.12286 962.8031 1.7587499592692737 0.6533769518439605 1.9101098206384648 -5.486561811017013 3.0190347060416194 14.233118917960404 -2.428541383512833 1
Car 278 0 2.071759586470301 1211.3644 791.9193 1476.9832 957.44824 1.406127439534 1.619929138010053 3.5893710289295533 4.758322345833555 3.660569363823413 18.32342413423644 -3.957352537183151 1
Car 280 1 1.9718914307671165 1399.4053 802.8806 1588.3735 914.75 1.4506543162359293 1.8300036940448294 4.461775947831861 10.337257463430255 5.152524321096616 28.843914421939566 -3.9671677823703546 1
Car 281 1 1.909442848934999 1518.4363 807.38776 1662.5964 901.9102 1.4585787947575808 1.6542692991266106 4.211710598253446 14.082962214480164 5.786901430667089 33.35505950552259 -3.9742342192985576 1
Car 282 0 1.891592509919219 1616.7695 803.5814 1748.837 890.57825 1.5623167753250131 1.6964158993101366 4.495988386180137 18.43193841726575 6.3790214511952685 38.10923869041897 -3.941101918606323 1
rider 1842 1 -2.0735925287106927 329.15585 752.1808 447.4241 942.61145 1.6375784346218822 0.6533769518439578 0.9858886011990565 -5.43832297886835 2.8933895951359427 14.186769708409322 -2.43965280926704 1
Car 283 1 1.8566598187474508 1690.7401 805.22363 1807.1852 880.54486 1.4665529396038408 1.6983839170885033 4.386857924140942 21.97429665608301 6.74944885951201 41.64680657784427 -3.9410153764220666 1
Pedestrian 284 1 -1.8877186416135487 1447.8462 807.293 1474.0398 874.2506 1.6793559500057238 0.4965341580485314 0.5866847931237275 13.164520380149515 6.521748647987243 39.40794216736358 -1.5653164391598495 1
