Car 279 1 2.14273997494883 1005.2645 788.22534 1294.645 947.501 1.4843196573025985 1.780641768059688 4.716338143303009 2.7908475069285013 4.057045545364295 21.18155279163356 -4.009441541540517 1
Pedestrian 277 2 -2.9502695682702003 1491.1211 804.40906 1523.4098 881.7828 1.7362601717416697 0.7348919638892553 0.6057684002507175 13.223610970020562 6.139928390180362 36.214627346236895 -2.6001662570768 1
Cyclist 1841 1 -2.2157905430608347 92.83437 749.9358 282.44244 948.6133 1.7587499592692737 0.6533769518439605 1.9101098206384648 -7.6834367482846275 3.0585853468633797 14.83780867576558 -2.6935988279553236 1
Car 278 0 2.0699715332482453 1190.7017 791.93225 1455.759 958.18976 1.406127439534 1.619929138010053 3.5893710289295533 4.493326377760399 3.656878150508517 18.27952259568682 -3.972180606305927 1
Car 280 1 1.9689845399547474 1379.897 800.2317 1567.6486 911.9283 1.4506543162359293 1.8300036940448294 4.461775947831861 9.945547178662448 5.097040535576902 28.82838775731807 -3.981994860639997 1
Car 281 1 1.9064519296082985 1498.3138 803.6634 1641.1272 897.745 1.4585787947575808 1.6542692991266106 4.211710598253446 13.634431576695777 5.704176079216429 33.3902607579133 -3.98906187144906 1
Car 282 0 1.8875531378091166 1597.937 800.86865 1728.0242 887.2435 1.5623167753250131 1.6964158993101366 4.495988386180137 18.017162557979603 6.330019472860429 38.30029422412499 -3.955928651474089 1
rider 1842 1 -2.185915552976011 128.64546 753.57886 235.0382 931.57135 1.6375784346218822 0.44630443925764424 0.9858886011990565 -7.712385247714442 2.947203543399468 14.795658939642694 -2.6664261506470206 1
Car 283 1 1.8533546455573813 1669.7999 803.98474 1784.3062 878.8019 1.4665529396038408 1.6983839170885033 4.386857924140942 21.50395725426165 6.747322970667135 41.91872268447376 -3.9558437844424477 1
Pedestrian 284 1 -1.8929806171681387 1431.9624 806.8916 1458.218 874.0082 1.6793559500057238 0.4965341580485314 0.5866847931237275 12.717651309634201 6.500241221141813 39.317834747121815 -1.5801444246064682 1
