Car 279 1 2.14478325033698 1017.0601 788.9831 1306.3962 947.7761 1.4843196573025985 1.780641768059688 4.716338143303009 2.9628144391128686 4.0740434623234645 21.23597766826973 -3.9997782663689034 1
Pedestrian 277 2 -2.941398126617283 1492.2996 804.1072 1524.9171 881.6847 1.7362601717416697 0.7348919638892553 0.6057684002507175 13.221751954814527 6.121354425497319 36.120773006544795 -2.5905033000730517 1
rider 1842 0 -2.133923033444216 293.63626 753.50397 415.27872 941.80646 1.6375784346218822 0.6533769518439578 0.9858886011990565 -5.808736037922615 2.916026786321878 14.313187529616723 -2.5194460554744085 1
Cyclist 1841 1 -2.140887847852471 265.79657 749.33124 444.01788 959.0917 1.7587499592692737 0.6533769518439605 1.9101098206384648 -5.8258023338051474 3.0188504311172517 14.326388980562271 -2.527112383230449 1
Car 278 0 2.0707273913210305 1204.8513 791.7729 1470.1816 957.4995 1.406127439534 1.619929138010053 3.5893710289295533 4.6742319078323895 3.6575029467107347 18.31037986170172 -3.9625181942595433 1
Car 280 1 1.971209321869531 1392.0114 801.5953 1580.5986 913.3488 1.4506543162359293 1.8300036940448294 4.461775947831861 10.189275049692188 5.125533679943546 28.837424058793964 -3.9723330963890637 1
Car 281 1 1.908474044726189 1511.2604 805.4268 1654.9778 899.7228 1.4585787947575808 1.6542692991266106 4.211710598253446 13.921269046037997 5.741745931651259 33.36213210311157 -3.979399732049979 1
Car 282 0 1.889679851495801 1611.2656 801.7083 1742.3561 888.2128 1.5623167753250131 1.6964158993101366 4.495988386180137 18.343466929390132 6.344944371710081 38.243160801083334 -3.9462671130669835 1
Car 283 1 1.8559621163054132 1682.5747 803.44116 1798.3008 878.38525 1.4665529396038408 1.6983839170885033 4.386857924140942 21.801143598930434 6.71247411717518 41.76976140622712 -3.9461811507368956 1
Pedestrian 284 1 -1.8914125002756639 1445.3859 807.22943 1471.6084 874.127 1.6793559500057238 0.4965341580485314 0.5866847931237275 13.108830579040053 6.52311518464631 39.43426561124461 -1.5704820700345723 1
