Car 279 1 2.1440577608168194 1003.02 788.1885 1292.9795 947.6661 1.4843196573025985 1.780641768059688 4.716338143303009 2.7602572129513865 4.053727300622443 21.15652349698578 -4.009391980229937 1
Cyclist 1841 0 -2.1547134384014335 0.0 748.26654 158.03546 938.6101 1.7587499592692737 0.6533769518439605 1.9101098206384648 -9.23348282969648 3.0912508976064714 15.44409246619049 -2.693561630215796 1
Pedestrian 277 2 -2.9502736885886263 1491.1938 804.40027 1523.5187 881.8602 1.7362601717416697 0.7348919638892553 0.6057684002507175 13.21126194686175 6.134932954919417 36.17478067692708 -2.6001166975049705 1
Car 278 0 2.067672470745646 1194.5148 793.41113 1459.4019 960.1013 1.406127439534 1.619929138010053 3.5893710289295533 4.5365252041172575 3.675733703566067 18.27004518751609 -3.972131049445661 1
Car 280 1 1.9661239869096638 1385.3975 802.7612 1571.9714 914.352 1.4506543162359293 1.8300036940448294 4.461775947831861 10.084115335652386 5.164873547181075 28.956441634910934 -3.9819453071223796 1
Car 281 1 1.9072983598368687 1496.8236 805.7692 1639.829 900.2056 1.4585787947575808 1.6542692991266106 4.211710598253446 13.59409481986507 5.751422333106156 33.36742739408034 -3.9890123159960598 1
Car 282 0 1.8869279865642854 1599.0961 801.8195 1729.3215 888.4504 1.5623167753250131 1.6964158993101366 4.495988386180137 18.021310824877514 6.348892690570834 38.24210419269111 -3.955879099122095 1
rider 1842 0 -2.1299682505436186 14.861884 750.8341 129.11758 912.5034 1.5340421783287175 0.577940165599525 0.9858886011990565 -9.170903011300037 2.873605901797856 15.42433235432292 -2.666388302335123 1
Car 283 1 1.8532259094037542 1670.199 805.2934 1784.5865 880.1779 1.4665529396038408 1.6983839170885033 4.386857924140942 21.53398594030752 6.790745183949488 41.95883658483854 -3.955794226437492 1
Pedestrian 284 1 -1.8927480965402848 1431.6034 806.8877 1457.9745 874.31555 1.6793559500057238 0.4965341580485314 0.5866847931237275 12.651453018196811 6.47820535618146 39.137629401187404 -1.5800948680693294 1
