Car 279 1 2.142848090331425 1005.3835 788.29205 1294.9116 947.6534 1.4843196573025985 1.780641768059688 4.716338143303009 2.792483392043369 4.057119351851025 21.17281787119572 -4.009204053498676 1
Pedestrian 277 2 -2.9503874092089992 1491.6946 804.4025 1524.0404 881.91266 1.7362601717416697 0.7348919638892553 0.6057684002507175 13.215209413271062 6.1322235653200945 36.1517439063973 -2.5999287773566966 1
Cyclist 1841 1 -2.12807424546519 0.0 749.4032 101.61472 936.86237 1.7587499592692737 0.6533769518439605 1.9101098206384648 -9.946977514599773 3.1231545134753755 15.679703700030755 -2.6933942719691104 1
Car 278 0 2.0694370974226652 1191.9305 792.825 1456.983 959.31824 1.406127439534 1.619929138010053 3.5893710289295533 4.50740259044324 3.6684857210078277 18.275917137427403 -3.9719431395869225 1
Car 280 1 1.9669549632244845 1384.2592 802.35254 1570.9518 913.8745 1.4506543162359293 1.8300036940448294 4.461775947831861 10.062950392162449 5.156220754123967 28.955607279584747 -3.981757409936416 1
Car 281 1 1.9071495897016622 1497.3594 806.07697 1640.4628 900.6258 1.4585787947575808 1.6542692991266106 4.211710598253446 13.597413591165381 5.755802549298712 33.3434410416713 -3.9888244114725615 1
Car 282 0 1.886768762817451 1599.6885 802.1552 1729.995 888.8856 1.5623167753250131 1.6964158993101366 4.495988386180137 18.02570458121829 6.354979640510836 38.217020347700284 -3.955691206355265 1
rider 1842 0 -2.107921938851956 0.0 752.60956 73.49474 923.1178 1.6375784346218822 0.6533769518439578 0.9858886011990565 -9.91693637295696 3.017747545140232 15.647003707129638 -2.672818195271522 1
Car 283 1 1.8531074626804056 1670.7465 804.7767 1785.1948 879.64453 1.4665529396038408 1.6983839170885033 4.386857924140942 21.538839472950045 6.77280643098975 41.93666123456762 -3.9556063122390492 1
Pedestrian 284 1 -1.892836106044709 1432.0497 806.8918 1458.4401 874.359 1.6793559500057238 0.4965341580485314 0.5866847931237275 12.655960929625202 6.475517437685099 39.11469597945322 -1.5799069594331558 1
