Cyclist 1581 0 1.474491096472926 1897.2163 797.2788 1935.0 909.70514 1.6873534595497353 0.8682963874034992 1.9860780657947261 17.403813612673975 4.9061205928016 26.842309306851842 -4.2334639949707045 1
Car 278 2 2.709280922553606 0.0 750.67676 272.45358 1215.0 1.406127439534 1.619929138010053 3.5893710289295533 -5.240703556052982 2.143312155233386 6.7990400100560064 -4.2305854614947425 1
Car 279 1 2.1705296765762077 598.65906 790.86816 924.1959 972.7865 1.4843196573025985 1.780641768059688 4.716338143303009 -2.39207456542925 3.901387525176486 19.274717646023902 -4.2361285685098515 1
Car 280 0 1.973273199506023 1017.7525 804.43823 1199.1102 920.39844 1.4506543162359293 1.8300036940448294 4.461775947831861 2.898289059203919 5.162462380300706 28.521456825783048 -4.208641883575975 1
Car 281 1 1.910890863610196 1127.5563 809.6949 1261.3591 905.71387 1.4585787947575808 1.6542692991266106 4.211710598253446 5.305320171009934 5.888861019613696 33.60610083578932 -4.21571887835304 1
Car 282 0 1.8873815747075149 1224.0452 806.25604 1341.5911 892.8656 1.5623167753250131 1.6964158993101366 4.495988386180137 8.501610112315586 6.61117907029085 39.263723597552435 -4.182569621424003 1
Car 1580 0 1.7324502669614175 1449.8245 806.6963 1525.7836 870.236 1.4557228465311434 1.7187211869515922 3.8573463260384364 17.076454626264308 7.596478612972449 48.4087122614373 -4.211607266691143 1
Pedestrian 277 2 -2.9311732726835857 1102.4254 808.1883 1133.1145 884.60376 1.7362601717416697 0.7348919638892553 0.6057684002507175 3.8273051345777733 6.270104279997467 36.54813481728627 -2.8268339904356266 1
Pedestrian 1582 1 1.8121464862106942 1234.468 807.23804 1257.1692 865.5191 1.7132645703311762 0.5812151119624185 0.5494305163393768 8.877631163380657 7.446785520592316 46.65238987559585 -4.282993934239357 1
rider 1583 0 1.475190418566802 1900.3331 800.0178 1935.0 892.5272 1.5013472613602525 0.6661872321590258 0.9096560275427428 17.351013360553775 4.720796112544587 26.9357964863113 -4.235734747635922 1
Car 283 1 1.8532808785457133 1286.8634 810.8951 1387.707 884.773 1.4665529396038408 1.6983839170885033 4.386857924140942 11.03695872153377 7.1904872387345655 43.69967509906208 -4.182514178191611 1
