Cyclist 1581 1 1.4844441500972447 1922.6534 796.0515 1935.0 907.617 1.6873534595497353 0.8682963874034992 1.9860780657947261 17.962053487318002 4.902181734625115 27.00992542659462 -4.211881656519341 1
Car 278 1 2.63554997505373 0.0 755.4099 397.98062 1215.0 1.406127439534 1.619929138010053 3.5893710289295533 -4.837634042071545 2.231977383386885 7.498372562059963 -4.220599057239383 1
Car 279 1 2.169390705348408 636.6736 791.0471 956.55963 969.9964 1.4843196573025985 1.780641768059688 4.716338143303009 -1.9751199879147752 3.9325330714419264 19.538430923003833 -4.214541332398248 1
Car 280 0 1.9772077962039845 1044.3024 805.8115 1226.2451 921.5962 1.4506543162359293 1.8300036940448294 4.461775947831861 3.416128492810754 5.198483955710311 28.591044727381547 -4.1870588047193635 1
Car 281 1 1.9124006113708623 1158.379 809.6038 1292.4349 905.1937 1.4585787947575808 1.6542692991266106 4.211710598253446 6.017778735633477 5.898837642209429 33.7110382126188 -4.194134758204057 1
Car 282 0 1.8903196875640669 1253.0399 808.1803 1371.3192 894.7794 1.5623167753250131 1.6964158993101366 4.495988386180137 9.28563057858043 6.671118559218645 39.32495301377811 -4.160987175913792 1
Pedestrian 277 2 -2.928984025413426 1131.8074 808.6954 1162.5133 884.90515 1.7362601717416697 0.7348919638892553 0.6057684002507175 4.560989955913316 6.2984185877544165 36.67279795242165 -2.805249545695265 1
Pedestrian 1582 1 1.8122394606538794 1267.8855 809.3818 1290.6434 867.61566 1.7132645703311762 0.5812151119624185 0.5494305163393768 9.939629430358076 7.525420474412288 46.74026957301065 -4.261410570661255 1
rider 1583 1 1.4826401539919178 1930.5869 800.51117 1935.0 892.71014 1.5013472613602525 0.6661872321590258 0.9096560275427428 17.963165362986125 4.742184391216243 27.03895831926139 -4.214152385817221 1
Car 283 1 1.8569929143601565 1315.0172 812.04895 1416.7516 885.90985 1.4665529396038408 1.6983839170885033 4.386857924140942 11.879730867531768 7.228608625048871 43.72921832320315 -4.160928642885221 1
