Car 1580 0 1.7788831315695468 1138.5216 798.4659 1235.643 878.03503 1.4557228465311434 1.7187211869515922 3.8573463260384364 5.886714920324459 6.187675009987954 38.662563700759044 -4.353203884027409 1
Cyclist 1581 0 1.4461458178669409 1669.7769 783.2675 1745.3428 905.35266 1.6873534595497353 0.8682963874034992 1.9860780657947261 12.225840411254346 4.402080081273672 24.553805130975867 -4.375056945834295 1
Car 279 1 2.207362321413001 278.62823 779.2387 668.58167 983.0154 1.4843196573025985 1.780641768059688 4.716338143303009 -5.366317047303047 3.5226162435887725 17.229834524936862 -4.377755486310758 1
Car 280 0 1.9897458356526245 772.9388 795.1765 966.8983 916.57587 1.4506543162359293 1.8300036940448294 4.461775947831861 -1.5376619008518926 4.804244422195596 27.042144294482824 -4.3502399928123445 1
Car 281 1 1.920338296247758 896.87427 797.8536 1035.0242 895.78265 1.4585787947575808 1.6542692991266106 4.211710598253446 0.17963721938968844 5.48199736917294 32.52620614217532 -4.357324221332055 1
Car 282 0 1.8957833966150943 994.10236 796.3737 1112.4448 883.6421 1.5623167753250131 1.6964158993101366 4.495988386180137 2.445098000316058 6.265285636424698 38.61310158492133 -4.324163330420745 1
Pedestrian 277 2 -2.9203205838178237 873.17175 796.0797 905.06616 874.5352 1.7362601717416697 0.7348919638892553 0.6057684002507175 -1.7006658079035555 5.826322272098967 35.31682903513297 -2.9684379585895337 1
Pedestrian 1582 1 1.8260236800368483 998.2708 799.2114 1021.6224 859.3917 1.7132645703311762 0.5812151119624185 0.5494305163393768 1.4635903436427968 6.990043718402043 44.92406281157238 -4.424593939337475 1
rider 1583 0 1.4465085833272981 1675.3414 784.7383 1727.7826 885.086 1.5013472613602525 0.6661872321590258 0.9096560275427428 12.18332494057357 4.191613413358502 24.63078746971244 -4.37732785993954 1
Car 283 1 1.8576781188526397 1061.5773 800.6302 1161.2935 874.31006 1.4665529396038408 1.6983839170885033 4.386857924140942 4.4084133837955175 6.835356434267964 43.335954850252335 -4.324129460881972 1
