Cyclist 1581 0 1.3211228934665495 1475.4232 755.9601 1599.869 928.84753 1.6873534595497353 0.8682963874034992 1.9860780657947261 6.587461896884193 3.285963074672354 17.203845496013738 -4.596378219235752 1
Car 279 1 2.3474420057824723 0.0 757.0796 151.94315 1073.4934 1.4843196573025985 1.780641768059688 4.716338143303009 -8.633297398013074 2.7198898276594186 11.522940311136868 -4.578749473114405 1
Car 1580 0 1.9682494639890615 450.52814 775.2457 716.4257 950.1749 1.4557228465311434 1.7187211869515922 3.8573463260384364 -4.387898472465332 3.4696448106845663 17.991670143909367 -4.554150983203559 1
Car 280 1 2.0294386193585403 361.50723 780.6712 620.118 927.8297 1.4506543162359293 1.8300036940448294 4.461775947831861 -6.763276652634203 3.9935634773272497 22.063528279860183 -4.551189427246804 1
Car 281 2 1.9507683140657903 525.0436 786.3029 697.9863 900.146 1.4585787947575808 1.6542692991266106 4.211710598253446 -6.348772407351232 4.678862148716408 27.628714787338687 -4.558284892703014 1
Car 282 0 1.9059278890266658 666.0175 780.3637 802.8569 876.9873 1.5623167753250131 1.6964158993101366 4.495988386180137 -5.08804676986505 5.359886842861854 34.162794411747605 -4.525105953139683 1
Pedestrian 277 2 -2.90065738672313 529.43933 787.6074 568.93353 879.39496 1.7362601717416697 0.7348919638892553 0.6057684002507175 -8.26068678204036 5.040817978900142 29.996206458851912 -3.169387117010194 1
Pedestrian 1582 1 1.8455482771383176 662.7313 784.4998 690.8971 854.4464 1.7132645703311762 0.5812151119624185 0.5494305163393768 -7.28145180229502 5.831953850773892 38.29272649017441 -4.625546011018265 1
rider 1583 0 1.3005217496049113 1489.7212 758.6398 1572.1273 900.7536 1.5013472613602525 0.6661872321590258 0.9096560275427428 6.535850895617147 3.0822423636414165 17.193122486779945 -4.6193913058507405 1
Car 283 1 1.8628438679844912 745.6954 786.49304 856.705 866.1265 1.4665529396038408 1.6983839170885033 4.386857924140942 -4.126301486873988 5.956943354611422 39.24225050236498 -4.525105925646043 1
