Cyclist 1581 0 1.2781350428627611 1476.885 751.3851 1618.4672 937.3946 1.6873534595497353 0.8682963874034992 1.9860780657947261 6.218603191087986 3.125792060547235 15.982532150161536 -4.63398648256238 1
Car 279 2 2.371877555099011 0.0 755.6251 87.451584 1096.0149 1.4843196573025985 1.780641768059688 4.716338143303009 -8.80916871896884 2.646560431751322 10.848167745854274 -4.593348416697262 1
Car 1580 0 2.033078714459756 274.51465 772.267 620.3439 985.4918 1.4557228465311434 1.7187211869515922 3.8573463260384364 -4.964788252896904 3.139078851577124 15.05026276075466 -4.568746387748306 1
Car 280 2 2.0355575197251783 321.3366 780.5917 590.2157 931.94324 1.4506543162359293 1.8300036940448294 4.461775947831861 -7.077558987374376 3.9316747717586926 21.489769754696677 -4.565785009363899 1
Car 281 1 1.9504655286577472 499.62454 789.36945 677.4766 906.71094 1.4585787947575808 1.6542692991266106 4.211710598253446 -6.601665261635015 4.665447994880897 26.95790380049998 -4.572881324740686 1
Car 282 0 1.9088755520398122 637.4363 784.05664 777.27515 882.74866 1.5623167753250131 1.6964158993101366 4.495988386180137 -5.616198473090666 5.39450981442776 33.646854169495576 -4.539701022035626 1
Pedestrian 277 2 -2.893777811194747 493.8391 786.7265 534.9692 881.3193 1.7362601717416697 0.7348919638892553 0.6057684002507175 -8.699095551854079 4.929591574622783 29.1294729184767 -3.183982327703146 1
Pedestrian 1582 1 1.848621286952162 634.7821 787.63165 663.88416 859.5585 1.7132645703311762 0.5812151119624185 0.5494305163393768 -7.767747449240226 5.799005973313351 37.25116289401301 -4.640141776650939 1
rider 1583 0 1.2790863818838512 1497.5482 754.68146 1588.1853 907.99133 1.5013472613602525 0.6661872321590258 0.9096560275427428 6.183193127108382 2.926014865335622 15.93637175455483 -4.6339864825623795 1
Car 283 1 1.8670368397085673 715.54785 788.07465 829.5901 869.4872 1.4665529396038408 1.6983839170885033 4.386857924140942 -4.78033179687282 5.918410314291273 38.49279915719892 -4.53970356898531 1
