Pedestrian 1582 2 1.840730074160363 728.906 795.7927 755.71356 863.26776 1.7132645703311762 0.5812151119624185 0.5494305163393768 -5.831741330232894 6.301775517002243 39.84403349486132 -4.5877875339962415 1
Car 1580 0 1.8998447013248851 656.7507 785.92804 850.61365 924.9257 1.4557228465311434 1.7187211869515922 3.8573463260384364 -3.0104345852337038 4.099406602968927 22.49218452841489 -4.516393442414517 1
Cyclist 1581 0 1.3667237527367124 1494.0262 764.7379 1599.7961 921.1208 1.6873534595497353 0.8682963874034992 1.9860780657947261 7.430028059842832 3.56874290005745 19.068041688054272 -4.5449017690218785 1
Car 279 1 2.3049632056316276 0.0 765.061 280.53296 1044.1329 1.4843196573025985 1.780641768059688 4.716338143303009 -8.147542676967504 2.9269240484916517 12.916162605092952 -4.540982847824999 1
Car 280 0 2.0173131723832967 453.70837 788.8517 692.3463 929.61273 1.4506543162359293 1.8300036940448294 4.461775947831861 -5.887783421882189 4.264239009426847 23.29547061559742 -4.51343143148142 1
Car 281 2 1.9406451464317245 606.00635 793.06555 767.8158 902.8639 1.4585787947575808 1.6542692991266106 4.211710598253446 -5.1999369633351105 4.95939582658152 28.906507628029146 -4.5205247162999775 1
Car 282 1 1.9008870662564972 734.87427 790.61664 864.9731 884.96606 1.5623167753250131 1.6964158993101366 4.495988386180137 -3.743784701360764 5.760791988878031 35.506578145790016 -4.487349275603249 1
Pedestrian 277 2 -2.9070292732562866 600.7724 789.27466 638.0436 877.2088 1.7362601717416697 0.7348919638892553 0.6057684002507175 -7.146870176547349 5.215593168471454 31.28347986489269 -3.1316298756627132 1
rider 1583 0 1.3534896708534765 1507.1832 769.27997 1578.3136 897.70856 1.5013472613602525 0.6661872321590258 0.9096560275427428 7.417527124548662 3.3944194949203466 19.107362102270077 -4.559400642424917 1
Car 283 1 1.8613139460197372 807.0171 793.22955 914.2543 871.4251 1.4665529396038408 1.6983839170885033 4.386857924140942 -2.648595927314759 6.275683257254894 40.39649159844105 -4.487342652044603 1
