Pedestrian 1582 2 1.8438498915050276 691.4992 783.4569 719.0086 852.0798 1.7132645703311762 0.5812151119624185 0.5494305163393768 -6.681478469075971 5.884871591639525 39.04125747400358 -4.608832289598244 1
Cyclist 1581 0 1.315416767524697 1476.1927 758.1023 1596.5135 923.9236 1.6873534595497353 0.8682963874034992 1.9860780657947261 6.847308321353277 3.3751970477741535 17.91431449469036 -4.602678256340788 1
Car 279 1 2.3265422783388106 0.0 760.3314 212.529 1057.095 1.4843196573025985 1.780641768059688 4.716338143303009 -8.439651894224713 2.811949652355543 12.194661301359188 -4.5620321315198 1
Car 1580 0 1.9417332638769391 536.5838 777.58044 771.2591 936.83813 1.4557228465311434 1.7187211869515922 3.8573463260384364 -3.900581000254709 3.670815520111697 19.64690818895568 -4.537437675896177 1
Car 280 1 2.024704769113236 401.43463 781.50104 651.47424 925.37646 1.4506543162359293 1.8300036940448294 4.461775947831861 -6.391897846763177 4.060897911812022 22.568385051076476 -4.5344759177419744 1
Car 281 2 1.945662321153546 562.4158 788.1017 729.76373 899.6546 1.4585787947575808 1.6542692991266106 4.211710598253446 -5.846316606314971 4.783747858659986 28.25300331907278 -4.541570414620317 1
Car 282 1 1.904373105373848 695.84247 783.0824 829.1943 878.01263 1.5623167753250131 1.6964158993101366 4.495988386180137 -4.547086747489302 5.504348970477315 34.8941118847543 -4.508393028900989 1
Pedestrian 277 2 -2.9015640063256227 558.14703 788.37384 596.68164 878.3428 1.7362601717416697 0.7348919638892553 0.6057684002507175 -7.844129971260028 5.119494064699157 30.578470851874506 -3.152673978713318 1
rider 1583 0 1.3160755839282414 1493.7433 761.04065 1571.8877 897.5303 1.5013472613602525 0.6661872321590258 0.9096560275427428 6.8332630868232265 3.1765861496627465 17.912945768666457 -4.602678256340788 1
Car 283 1 1.8640436889546086 769.84125 787.93524 879.5922 866.869 1.4665529396038408 1.6983839170885033 4.386857924140942 -3.5516191261356824 6.046468774023063 39.689027177518376 -4.508390069982336 1
