Cyclist 915 2 0.5554664032622243 782.8196 785.45135 850.60736 851.89874 1.6913372501594315 0.6195629559349355 1.849715214927088 -4.07018140382328 6.282398660349257 42.07522419021001 0.4590306436031075 1
Cyclist 1721 0 1.6943047632398498 782.29065 772.7498 827.3487 874.5309 1.8638984817376887 0.699854566756223 1.9491124688015489 -3.2514325143570315 5.047416619134132 31.218434639705507 -4.692657427963276 1
Car 914 0 1.836028409702421 493.4738 765.97723 632.29944 872.6796 1.9011118468906631 1.9353791436474759 5.178325235784215 -9.499314852722602 5.552536300792429 36.10847563880423 -4.704405095554522 1
Pedestrian 1722 1 1.5905239263204605 1181.3959 756.25916 1218.8475 856.65533 1.678153445849404 0.6391084452088087 0.6510655584345998 4.213537922575179 4.026832763180367 26.360876214790423 -4.5341615566303775 1
rider 916 2 0.5694258336862025 792.5511 786.2937 832.76556 845.281 1.5360414223554564 0.6343995519109344 0.9327876877751371 -4.186809186329416 6.137367157048172 42.14050825106464 0.47039726940132676 1
rider 1723 0 1.695550039931021 786.57806 775.4182 825.0806 861.7832 1.7000726131495538 0.7047011464367672 0.826320455832151 -3.2507393231540256 4.8952912566477345 31.324551399329522 -4.691041203555189 1
Car 1719 1 -1.23756180663003 376.71094 783.964 526.66473 885.79767 1.7706772261443058 1.8805131786675906 5.178325235784215 -12.38014505016704 5.9517602961664355 36.71162095559138 -1.5628124419647296 1
bicycle_rack 2000 1 -1.3374441427036892 0.0 430.22482 1719.8124 774.63513 1.307088562834999 23.146220903293834 2.2440171830405253 5.775434736722179 1.3069013650996264 1.5062882819725303 -0.021773973488679488 1
motor 2102 2 2.176542080428553 0.0 773.66956 111.77234 1041.1312 1.3147754137448169 0.792854950908107 2.346596047612931 -6.6617006690674545 2.410685100955262 9.838635223001308 -4.701831433535649 1
Pedestrian 917 1 1.708418407783065 776.7803 790.20245 799.47565 846.81604 1.6272249798400307 0.6056821940499229 0.5688479801315616 -5.205074756403903 6.6308655023342915 44.97500840492711 -4.68998690591275 1
