Car 1719 0 -1.2169832566549148 331.97852 774.8638 498.504 883.4028 1.7706772261443058 1.8805131786675906 5.178325235784215 -12.331345930859971 5.457313353073981 34.16678909309722 -1.5633496384278374 1
Car 1720 2 -1.1490095696447151 206.35617 795.6167 387.69324 905.44995 1.727764892513451 1.8805131786675906 4.848313965952392 -14.739303842837137 5.831161835095374 33.51358156216191 -1.5633496384278374 1
Cyclist 915 0 0.4837257209581102 800.7763 789.1415 872.397 859.5454 1.6913372501594315 0.5126277867190012 1.849715214927088 -3.280171474190066 6.073819863490284 39.306265476561045 0.4004670207379233 1
Cyclist 1721 0 1.7045312994399557 761.65247 773.01794 814.8653 888.0448 1.8638984817376887 0.7260424314213256 1.9491124688015489 -3.192234428952874 4.708797354778328 27.741324508262046 -4.693221551088618 1
Car 914 0 1.8541705856733168 455.20523 766.42926 608.688 881.5486 1.9011118468906631 1.9353791436474759 5.178325235784215 -9.535623022864572 5.334059875475285 33.67689651405787 -4.7049422920176305 1
Pedestrian 917 2 1.7096356218617679 773.4391 796.55597 797.48975 856.8675 1.6272249798400307 0.6056821940499229 0.5330920700964505 -4.9561496562807275 6.4998293507171745 42.176062879519826 -4.690524187373978 1
Pedestrian 1722 1 1.5802915953736765 1196.2294 771.95184 1233.9426 882.8884 1.678153445849404 0.583795961337473 0.5127843487562493 4.029667158100457 4.041708792948609 23.731954831025085 -4.534698712272142 1
rider 916 0 0.4901243794620269 814.2182 789.99084 854.87866 852.57135 1.5360414223554564 0.5164481389383019 0.9327876877751371 -3.333786024351535 5.926720224903923 39.350510239664 0.40560593059089434 1
rider 1723 0 1.7058939306114844 766.64136 775.7101 811.9233 872.9394 1.7000726131495538 0.7337257533015702 0.826320455832151 -3.1996213566808454 4.5535538449986745 27.87434914639288 -4.69157847730647 1
bicycle_rack 2000 2 -1.7190114411190496 84.73272 498.7347 1881.5591 768.2503 1.307088562834999 23.146220903293834 2.2440171830405253 5.818760663455302 1.0361129256049206 -0.7365003884034398 -0.022311215704026388 1
