Car 1719 0 -1.208671488226052 313.06323 775.3787 486.71887 887.41907 1.7706772261443058 1.8805131786675906 5.178325235784215 -12.313877087022945 5.372895019990581 33.20247475350585 -1.5638184224250415 1
Cyclist 915 0 0.5351593554883263 802.31757 789.5543 876.8787 862.9943 1.6913372501594315 0.5957995849980666 1.849715214927088 -3.106024667833241 5.964112929288303 38.133163555225785 0.45388671289574134 1
Cyclist 1721 0 1.710325846913661 748.7188 770.90765 808.4629 892.2864 1.8638984817376887 0.7784181607515114 1.9491124688015489 -3.1943731753465685 4.528348236172302 26.307931947633946 -4.693690392847392 1
Car 914 0 1.8619135084610434 437.9214 766.20483 598.4404 885.31793 1.9011118468906631 1.9353791436474759 5.178325235784215 -9.527412953761466 5.229039502246341 32.62351951681969 -4.705411076014835 1
Pedestrian 917 2 1.7156601790439208 763.19434 794.0389 788.0205 855.9768 1.6272249798400307 0.6056821940499229 0.5330920700964505 -5.094589145240228 6.30129351948545 41.052566878931174 -4.690993045551707 1
Pedestrian 1722 1 1.572391838865646 1206.8707 771.6733 1246.4674 887.8167 1.678153445849404 0.583795961337473 0.48512810682058827 4.016103164190781 3.927902645474093 22.63176451750197 -4.535167460642568 1
rider 916 0 0.5387959516039984 813.3288 790.86206 856.64325 855.86346 1.5360414223554564 0.5885295579771435 0.9327876877751371 -3.2253292876932185 5.827984637175115 38.204197036191786 0.45457224076393565 1
rider 1723 0 1.7115914630249094 754.36273 774.2428 805.3783 876.91394 1.7000726131495538 0.7859700456582186 0.826320455832151 -3.1964903238458042 4.37945740465982 26.408667403420125 -4.6920473287554545 1
Car 1720 2 -1.1371444965133017 179.10901 775.37036 369.57047 885.7391 1.727764892513451 1.8805131786675906 4.848313965952392 -14.760577805363374 5.239404502921536 32.46926899218288 -1.5638184224250415 1
bicycle_rack 2000 2 -1.8964836135459013 155.11568 525.42865 1935.0 761.5538 1.307088562834999 23.146220903293834 2.2440171830405253 5.818138455564879 0.888796295340915 -1.8183111867402826 -0.022780039531036023 1
