Car 1719 0 -1.2024766681082109 299.75684 776.0353 478.16608 890.3131 1.7706772261443058 1.8805131786675906 5.178325235784215 -12.334460328204061 5.331044471229289 32.63291334867712 -1.5638539390217183 1
Cyclist 915 0 0.6219790868451732 808.86804 789.4996 883.23724 865.00366 1.6913372501594315 0.6076812704664968 1.849715214927088 -2.891744031231254 5.896065793126143 37.46184857452667 0.5449401513694387 1
Cyclist 1721 0 1.7132601672543455 746.509 771.7766 801.7486 897.5888 1.8638984817376887 0.66057276975858 1.9491124688015489 -3.1638526763402637 4.457406254991056 25.425304726541754 -4.693725913820476 1
Car 914 0 1.8669144522904553 427.25986 767.74884 592.13995 889.557 1.9011118468906631 1.9353791436474759 5.178325235784215 -9.527877261682239 5.2082089907587665 32.02482645015185 -4.705446592611511 1
Pedestrian 917 2 1.7188271165996927 758.0634 793.142 783.41534 856.2322 1.6272249798400307 0.6056821940499229 0.5330920700964505 -5.132292381729216 6.191838705282468 40.29997556669367 -4.6910285677688055 1
rider 916 0 0.6261340200275454 819.64886 790.61383 864.10034 857.13153 1.5360414223554564 0.6081881268059057 0.9327876877751371 -2.9967707801172327 5.751408881246528 37.538063466899864 0.5464701185321013 1
rider 1723 0 1.7143274609819068 752.8059 775.02216 798.5756 881.2649 1.7000726131495538 0.6640666968260401 0.826320455832151 -3.162750093754579 4.305752736623624 25.536421996163043 -4.692082850462737 1
Car 1720 1 -1.1301625714592758 163.30457 774.8588 359.28427 887.3671 1.727764892513451 1.8805131786675906 4.848313965952392 -14.761564619740714 5.16795018532828 31.875791850043374 -1.5638539390217183 1
bicycle_rack 2000 2 -1.9864596642493177 189.28407 537.2987 1935.0 758.7414 1.307088562834999 23.146220903293834 2.2440171830405253 5.81837901692978 0.8174488029272389 -2.4110651758036212 -0.022815559141708075 1
Pedestrian 1722 0 1.5696359696489006 1210.454 774.01654 1251.3912 890.931 1.6174499390041488 0.583795961337473 0.6361778569737759 3.962789665532112 3.8458895311985946 21.98354290505476 -4.5352029745398905 1
