Car 1719 0 -1.1524648382950717 192.29906 763.26465 414.5543 894.4672 1.7706772261443058 1.8805131786675906 5.178325235784215 -12.239878858904943 4.625878816475899 28.260521167485354 -1.5611835690563345 1
Car 1720 1 -1.0699273057363854 26.360382 765.2371 274.20523 895.912 1.727764892513451 1.8805131786675906 4.848313965952392 -14.676251768666779 4.530441712307713 27.43209742525677 -1.5611835690563345 1
Cyclist 915 0 0.8486424831570061 833.76056 776.5033 914.0847 865.6663 1.6913372501594315 0.6789713832771381 1.849715214927088 -1.8984522018117773 5.057696750186054 32.310178748985926 0.789952867272973 1
Cyclist 1721 0 1.7457586827682041 686.2436 750.0145 765.9694 917.55505 1.8638984817376887 0.6736667020911221 1.9491124688015489 -2.975195160808586 3.5426460095107712 19.08388109730397 -4.692082615209684 1
Car 914 0 1.9038094983837057 350.35892 753.9828 551.15576 892.8522 1.9011118468906631 1.9353791436474759 5.178325235784215 -9.351785267889362 4.533846720020409 27.90182426740843 -4.702776222646127 1
Car 2056 2 -0.9944654176538636 0.0 777.0742 132.71426 901.54425 1.5774479244066595 1.8805131786675906 4.478411204970788 -16.98914844628837 4.522984402865799 26.697885542763462 -1.5611835690563343 1
rider 916 0 0.8552531687139303 843.22363 777.8984 895.4599 855.5353 1.5360414223554564 0.6868224021210082 0.9327876877751371 -1.9946051297896845 4.911698313701691 32.42085636875689 0.7938083294526215 1
rider 1723 0 1.7466731929682089 697.2382 753.63055 760.58185 894.63153 1.7000726131495538 0.6698716181990109 0.826320455832151 -2.9776758088617696 3.390736122958237 19.21940658067534 -4.690220723930309 1
Pedestrian 917 0 1.729411392144514 744.10223 783.7181 773.24884 854.8638 1.60954131131289 0.6056821940499229 0.5330920700964505 -4.78352368897206 5.390550626890014 35.328216300595386 -4.688357775327892 1
Pedestrian 1722 0 1.5886696179589164 1277.7991 759.0882 1337.8851 909.4242 1.6086132031981772 0.6544898477852468 0.5716590576945844 3.9423887906286965 3.1657005045121456 16.995656409269618 -4.466582312906109 1
