Car 1719 0 -1.1443499290004109 173.69754 761.0657 404.39188 895.49976 1.7706772261443058 1.8805131786675906 5.178325235784215 -12.18942770169533 4.516733384551001 27.559791943409444 -1.5607739709334372 1
Car 1720 0 -1.0589487454651163 0.0 764.88245 258.23123 899.28796 1.727764892513451 1.8805131786675906 4.848313965952392 -14.664167933329049 4.457346788468192 26.726519097712345 -1.5607739709334372 1
Cyclist 915 0 0.8649266210567506 840.73804 776.29144 919.2446 867.8562 1.6913372501594315 0.583917899529605 1.849715214927088 -1.71763685549045 4.955921883956627 31.375949024509914 0.8102374677846238 1
Cyclist 1721 0 1.7534700152880829 670.44946 746.6645 758.65906 924.9508 1.8638984817376887 0.6998545667562257 1.9491124688015489 -2.933949691166625 3.4059623184673784 17.95685757240613 -4.691673023534944 1
Car 914 1 1.9112228344166686 334.05923 752.081 542.8327 894.7882 1.9011118468906631 1.9353791436474759 5.178325235784215 -9.312889042006152 4.431417458214915 27.153140490966642 -4.70236662452323 1
Car 2056 0 -0.9820249139539156 0.0 782.3216 112.41099 911.5436 1.5774479244066595 1.8805131786675906 4.478411204970788 -16.97659014573884 4.549297282588752 25.982641032457877 -1.5607739709334372 1
rider 916 0 0.8727372244547286 849.30164 778.18085 899.9575 857.80237 1.5360414223554564 0.6081881268059149 0.9327876877751371 -1.8276951637598844 4.8217726672454155 31.508070678045744 0.8147949484475512 1
rider 1723 0 1.7541829067077455 682.834 750.4454 752.9831 900.19464 1.7000726131495538 0.6988962250638142 0.826320455832151 -2.9367235514022783 3.2553456542902053 18.104525463580178 -4.6898111326354766 1
Pedestrian 917 0 1.7328318899016981 737.0162 783.4679 771.0978 856.6562 1.60954131131289 0.6941005366856258 0.5773012414142992 -4.773356075591767 5.2962978345667935 34.47221889478698 -4.687948112421897 1
Pedestrian 1722 0 1.526825376204176 1290.4441 755.9709 1358.4136 916.23615 1.6086132031981772 0.6810000552031611 0.7749039812319345 3.9202393131868423 3.0662801838815485 16.185158239648384 -4.51872448833976 1
