Car 1319 1 0.45389873736148023 0.0 819.9341 77.536865 893.8865 1.4272563473315003 1.669852090577088 3.565315369102186 -23.24481073836299 6.190231055640143 35.46769504595315 -0.12624912147783962 1
Car 1321 2 -2.7034771952515735 266.5597 797.43286 502.1149 901.4626 1.8369781318991305 1.9582954491841327 4.156591165433126 -11.997088455997652 5.574155386097336 31.266513309482328 -3.069856910836299 1
Car 1320 2 0.4854089913680399 127.804825 805.13776 388.72012 917.08 1.6608230725273796 1.8037743057385158 3.7565171377061097 -12.32607962795562 4.958655912665536 26.370876575145676 0.04816948126736964 1
Car 919 2 -2.822775455769215 517.6919 805.66425 680.11444 883.42487 2.114305601179423 2.0041129387033676 4.603358383306781 -11.433860517846702 7.9835464456456995 47.36820260451908 -3.0596273375384664 1
Car 924 2 -2.7974935931931295 467.11423 805.3297 647.33154 879.9374 1.8032324204633423 1.8382072423214446 4.603358383306781 -11.460757374933445 7.0738640949214275 42.58124029985938 -3.060413375378328 1
Car 926 2 0.3824765666411415 408.995 813.3436 610.8157 897.12085 1.8032324204633423 1.8382072423214446 4.603358383306781 -11.531903524610113 6.77933236781646 38.365618001752225 0.09048855825858326 1
Car 1322 2 0.4131921554379845 349.91263 807.3443 568.17316 892.3411 1.697110156152831 1.8382072423214446 4.603358383306781 -11.973100775461655 6.2024599867583206 35.805518840711926 0.09048855825858326 1
Car 1323 0 0.500170011618854 80.118484 805.85614 378.33893 932.36707 1.6608230725273796 2.1038750992531727 3.7565171377061097 -11.671109614136265 4.707660442003772 24.038133081253175 0.04816948126736964 1
Car 1324 1 -2.755384509584047 32.033276 820.76807 203.13998 884.8946 1.37193255327447 1.7505918706423642 3.565315369102186 -22.370152424486626 6.723084353720708 39.76284993918049 -3.267841775067632 1
Car 1325 2 0.48375215100847624 0.0 834.3307 20.570244 914.25244 1.4272563473315003 1.669852090577088 3.565315369102186 -23.25764517403949 6.234939945184962 33.27651234053251 -0.12624912147783962 1
