Car 919 2 -2.7556406625739935 381.22263 805.8796 597.21423 907.7429 2.114305601179423 2.0041129387033676 4.603358383306781 -11.444853834408354 6.668257272279508 36.442863434215624 -3.0599363217557034 1
Car 1321 2 -2.5370635817034155 0.0 793.6257 264.71777 956.34283 1.8369781318991305 1.9582954491841327 4.156591165433126 -12.003054615792909 4.258925074215638 20.34099018012159 -3.070165898265243 1
Car 1760 2 -2.597924748626143 0.0 778.4859 198.5649 886.0345 2.4532538597260176 2.588148827767152 5.786794440170574 -23.510934956448544 6.605991428617357 39.13245772451298 -3.138935174853817 1
Car 921 2 -2.9402349870788713 505.11368 800.5298 646.00134 868.1155 1.8790451933314432 1.9643850880334122 4.094152484625952 -12.404564245230716 7.677897741036389 48.29202732977671 -3.1916649514861497 1
Car 925 2 -2.6844792896523875 249.5557 801.39655 517.0571 909.94806 1.8032324204633423 1.8382072423214446 4.603358383306781 -11.382535069086334 5.431096670878681 29.61580700578776 -3.0514130809993087 1
Car 924 2 -2.713095268143019 292.07968 805.46674 540.9828 906.75244 1.8032324204633423 1.8382072423214446 4.603358383306781 -11.470249358882336 5.7585975969614225 31.655888532618114 -3.060722359462524 1
Car 922 2 -2.8045661219800353 405.5089 805.70013 603.68884 898.34985 2.114305601179423 2.0041129387033676 4.603358383306781 -12.005347286003266 7.023873115078555 39.51014788287896 -3.099555648955208 1
Car 926 2 0.488044932663903 183.39604 807.2472 474.6128 925.1466 1.8032324204633423 1.8382072423214446 4.603358383306781 -11.544270778581904 5.289470316652512 27.468094792622477 0.0901795725904837 1
Car 1322 2 0.5389427364042162 73.121185 808.36536 399.8961 932.534 1.697110156152831 1.8382072423214446 4.603358383306781 -11.980482522346275 4.887208093648613 24.880005920014924 0.0901795725904837 1
Cyclist 927 0 1.6148241812823916 849.567 785.061 874.1064 854.81854 1.8935653021376646 0.6690496329054822 1.9386047219652718 -3.054244688310275 6.930643687430545 46.054960477206656 1.5486037586313084 1
rider 928 0 1.6147400876255524 850.7715 787.12665 873.502 846.2483 1.7307318822770803 0.6690496329054822 0.7146132956600245 -3.0561664711433543 6.776087969172179 46.144257036475395 1.5486059734179483 1
