Car 1448 1 -2.8973355535362475 442.5924 761.6261 636.1041 849.7542 2.490197316706864 2.280013018978884 5.496162454600598 -13.255128907712022 6.922789680410763 47.26120029010592 -3.170775719986003 1
Car 1455 2 0.5813335985596996 0.0 812.30585 130.21965 925.57086 2.414244303037482 2.3161662448620515 4.530646127367385 -23.481136107611707 7.203611614996475 37.02310031721102 0.0161249738078153 1
Car 1450 2 0.33378125804881725 380.0575 804.9234 557.0447 870.98956 1.5884488249432698 1.7250541982187066 4.368866613398136 -13.707337643832252 6.722788757178751 41.751809540499124 0.016562797492426062 1
Car 920 2 -2.7677608417610564 304.33548 802.99744 497.3623 881.53754 1.5884488249432698 1.647152525583754 3.8955441084606006 -13.058398327249263 5.856520448031405 34.982087706297214 -3.125029856097367 1
Car 1452 2 0.3974331969742236 255.43826 805.6516 464.40088 894.83844 1.6877530130259424 1.647152525583754 3.8955441084606006 -13.06347641196716 5.734440549727431 32.624245742669416 0.016562797492426062 1
Car 921 2 -2.7354745350061327 57.752342 796.3987 357.50888 927.7846 1.8790451933314432 1.9643850880334122 4.094152484625952 -12.66564519786992 4.91222096491194 25.351020072659924 -3.198810791680028 1
Car 1454 1 0.4693317882247875 52.282753 812.7267 233.21814 875.8896 1.5884488249432698 1.7250541982187066 4.368866613398136 -24.059870312602694 7.239137633991245 44.06088045892188 -0.030481192892097386 1
Car 1479 2 0.4934587236153789 0.0 813.9135 192.26749 881.22064 1.5884488249432698 1.7250541982187066 4.368866613398136 -23.942979711205297 6.943300932406416 41.43780491711364 -0.030481192892097386 1
Cyclist 927 0 1.9592752533549134 103.05244 645.61554 481.45364 1215.0 1.8935653021376646 0.6690496329054822 1.9386047219652718 -2.5496070551401573 1.9898408658895164 5.974669967638498 1.5559350763471191 1
rider 928 0 1.9515192479517587 210.47037 653.08264 446.42053 1106.6768 1.7307318822770803 0.6690496329054822 0.7146132956600245 -2.558471510170267 1.852794651522513 6.1136426582264285 1.555179256245045 1
