rider 871 1 -1.568561936180496 953.80554 778.807 999.05896 868.8765 1.774611999747712 0.9395292424715206 0.9125663591488113 0.32032625025215833 5.06471581559777 31.50603705516335 -1.5583951477353115 1
Cyclist 1049 0 1.6017634675431678 866.1377 789.3767 889.13885 851.5619 1.8643932031543795 0.723121491257596 1.943725608451821 -2.8448403286234565 7.581926879849034 51.00361587757979 1.5460439743065995 1
Cyclist 873 0 -1.5740453070053257 953.37964 776.8426 999.2119 876.7973 1.8561859925005353 0.9395292424715206 1.890294256043646 0.3142612977180488 5.163505114462697 31.602570698671737 -1.5641014659616206 1
bicycle 1301 0 -2.907520129367695 465.9012 808.4496 604.91925 891.19476 1.107829468638537 0.7429473546907134 1.8681765256818592 -6.318644361200499 3.889931213349409 22.255775051394767 -3.1841511834458203 1
bicycle 1050 2 0.21698881774699164 633.8886 804.17816 716.57227 861.96313 1.2264112932510909 0.7177054229995407 1.760377554716988 -6.5902806937031215 5.408763390049547 34.50317792184853 0.028257033268992204 1
bicycle 1052 2 -2.956122397599087 574.75275 802.9822 671.68054 870.5687 1.2377445250483516 0.5867475183791637 1.7827909983755101 -6.6420616493662425 4.781099974006911 29.429400561987926 -3.1780980289772356 1
bicycle 1053 2 0.18592607284128876 554.79736 802.3056 662.6633 875.9564 1.262354373656916 0.7518512401181321 1.8629125125778458 -6.600023052549011 4.640791367600085 28.0608903817772 -0.04507884422984798 1
bicycle_rack 1054 1 -2.9345201082857155 524.22174 796.2641 659.15 887.7689 1.26420000797015 2.2910626714698927 1.8637048145810358 -6.432164138402687 4.405983042161474 26.241298981789797 -3.174896877713693 1
Pedestrian 1055 0 -1.6125390378889835 1045.6204 791.54675 1064.461 847.56104 1.7844799415163042 0.6013202587586086 0.6302322064649224 3.125229585559989 7.378236710911128 49.87519181143394 -1.5499598521371654 1
Pedestrian 1048 2 -1.862160706797424 532.23914 801.8954 554.91925 855.18286 1.6540702115090113 0.607955159789194 0.474227201949143 -13.740309798065107 7.519412755976601 49.193444346017486 -2.134531134100091 1
rider 1056 0 1.6036313498804453 866.84436 791.16125 888.8739 844.5665 1.7107656859056457 0.723121491257596 0.8529001695279053 -2.8440085578291576 7.4343408068312815 51.04593719072676 1.5479742014005078 1
