rider 871 1 -1.230050193889006 976.0834 768.9924 1041.837 875.63696 1.774611999747712 0.9395292424715206 0.9125663591488113 0.8694958082308655 4.442510407833847 27.09205032933548 -1.1979670755755547 1
Car 1047 1 -2.8706788520107303 442.67453 794.46655 630.5101 860.0109 1.8469464984065023 1.9975874895701482 5.512015124587639 -13.676626502415818 7.447927646045896 48.38453474634485 -3.1461573244221914 1
Cyclist 1049 0 1.6295853623220022 790.04663 769.89056 834.4311 882.2539 1.8643932031543795 0.723121491257596 1.943725608451821 -2.8099203678765337 4.707946319944428 28.342728894173902 1.5307674907521576 1
Cyclist 873 0 -1.2310484261155397 968.6836 766.8465 1052.1156 884.4055 1.8561859925005353 0.9395292424715206 1.890294256043646 0.9134047669222478 4.538097189419511 27.202937916509992 -1.1974836056214193 1
bicycle 1301 1 -2.6525722877538866 0.0 808.74835 237.31398 987.92804 1.107829468638537 0.7429473546907134 1.8681765256818592 -6.20192602875643 2.450029917244393 10.505082930667301 -3.1858836528567878 1
bicycle 1050 1 0.3073173423429614 463.9715 800.38916 594.0258 888.6419 1.2264112932510909 0.7177054229995407 1.760377554716988 -6.542205910514426 3.9331524308804746 22.683478160040032 0.02652459402708085 1
bicycle 1051 2 0.24126249707244202 523.53796 853.1841 615.4349 879.9772 0.35918061651769567 0.5159668783176155 1.3964470875049655 -6.5114752848167745 4.1990646524142115 24.886108061819623 -0.01465140648481178 1
bicycle 1052 1 -2.8225777182491196 316.47818 797.2934 486.48492 910.801 1.2377445250483516 0.5867475183791637 1.7827909983755101 -6.580223997557475 3.307692186655181 17.628608823758455 -3.1798304747440373 1
bicycle 1053 2 0.33802210456640264 253.42459 794.1449 452.5766 922.1965 1.262354373656916 0.7518512401181321 1.8629125125778458 -6.589629513057432 3.151085996231424 16.269561436609074 -0.04681130982440029 1
bicycle_rack 1054 0 -2.765016706488004 150.74345 783.207 442.42896 953.0443 1.26420000797015 2.2910626714698927 1.8637048145810358 -6.3318302096460375 2.9242754748826165 14.504255132381875 -3.1766293557895064 1
Pedestrian 1055 1 -1.6280453203432341 1064.0596 783.46545 1087.4954 851.0305 1.7844799415163042 0.6111230987221634 0.5910208466108599 3.1532222854915206 6.186363196473197 41.21283564657794 -1.5516834080827295 1
Pedestrian 1048 2 -1.7622812521035085 352.90295 797.2162 381.21582 865.3312 1.6540702115090113 0.5897822622467757 0.5287458945766553 -15.349174993910708 6.149097402689982 38.628080014250685 -2.1405079337885753 1
rider 1056 0 1.6282333836872303 792.07605 772.83765 832.9194 869.10913 1.7107656859056457 0.723121491257596 0.8529001695279053 -2.816485397033983 4.561104272164123 28.371558531933427 1.529286132207896 1
