Pedestrian 1048 2 -1.8113856877761223 441.4512 798.5732 464.3648 859.3171 1.6540702115090113 0.5261771208478639 0.474227201949143 -14.623094150648809 6.689392433960412 43.015813460788145 -2.139076631792476 1
rider 871 1 -1.5647696541117901 954.8857 774.7078 1004.12537 872.6179 1.774611999747712 0.9395292424715206 0.9125663591488113 0.35613290119894403 4.725559546986675 28.992456504408022 -1.552486631777069 1
Cyclist 1049 0 1.6204997352162218 832.5499 780.04974 865.13635 864.25085 1.8643932031543795 0.723121491257596 1.943725608451821 -2.824157910956953 5.8782465353882385 37.707391142492185 1.5457426434815682 1
Cyclist 873 0 -1.5754088552136858 954.5717 772.441 1004.4268 880.8766 1.8561859925005353 0.9395292424715206 1.890294256043646 0.3504627989828432 4.823714554793605 29.1293006577265 -1.5633781547674888 1
bicycle 1301 0 -2.7999536727884324 248.2073 811.37775 458.4839 931.93726 1.107829468638537 0.7429473546907134 1.8681765256818592 -6.241584007138751 3.082575803206505 15.425080814959587 -3.184452486077342 1
bicycle 1050 1 0.25926264174450564 556.06775 803.38586 660.78015 875.6164 1.2264112932510909 0.7177054229995407 1.760377554716988 -6.516788456244591 4.574625140061302 27.66951308060857 0.0279557359041116 1
bicycle 1051 2 0.200676679535005 598.2972 849.40936 673.87897 871.66583 0.35918061651769567 0.5159668783176155 1.3964470875049655 -6.47140620452009 4.871934961500747 29.791968250367354 -0.013220259488096797 1
bicycle 1052 2 -2.8931032670390415 456.9739 801.1018 586.46497 889.6038 1.2377445250483516 0.5867475183791637 1.7827909983755101 -6.610585854920806 3.931830816743105 22.53887193439563 -3.1783993274723574 1
bicycle 1053 2 0.25615555704367193 421.21475 800.03973 568.1985 897.73236 1.262354373656916 0.7518512401181321 1.8629125125778458 -6.606003404159293 3.7988147124321743 21.239822835060732 -0.04538014619343289 1
bicycle_rack 1054 1 -2.8572443769227327 364.1141 792.4135 562.05927 917.70233 1.26420000797015 2.2910626714698927 1.8637048145810358 -6.388605332135585 3.5703307145810657 19.411171170092466 -3.175198181860784 1
Pedestrian 1055 0 -1.6201198042192066 1054.8398 789.59204 1077.1582 851.6254 1.7844799415163042 0.6405316186128797 0.5518094867564518 3.1353028733426678 6.749569674440356 44.80142059114413 -1.5502514958821785 1
rider 1056 0 1.617118750162193 834.0149 782.4016 864.2958 854.68134 1.7107656859056457 0.723121491257596 0.8529001695279053 -2.8246122188918608 5.731057482719104 37.73490146355743 1.5424039844733763 1
