Pedestrian 1048 2 -1.751433690416829 333.16632 796.5271 362.2859 866.3526 1.6540702115090113 0.5897822622467757 0.5560052408903827 -15.489106465726275 6.031854339272295 37.75164151446944 -2.1407788331573885 1
rider 871 1 -1.242079097793392 993.49054 767.8458 1059.6375 875.6567 1.774611999747712 0.9395292424715206 0.9125663591488113 1.1753657596454388 4.392636837138846 26.79246160858623 -1.1982379366467206 1
Car 1047 1 -2.8651237249886212 430.95984 794.23956 623.19556 861.20593 1.8469464984065023 1.9975874895701482 5.512015124587639 -13.690183822388517 7.326339881075662 47.37625497018093 -3.1464282058434945 1
Cyclist 1049 0 1.6397227470138633 771.2943 766.6141 821.3408 890.49255 1.8643932031543795 0.723121491257596 1.943725608451821 -2.823580760822801 4.397797682699759 25.747889755887257 1.530496590060018 1
Cyclist 873 0 -1.2438768763531596 987.60315 765.72943 1070.8004 884.33606 1.8561859925005353 0.9395292424715206 1.890294256043646 1.2439772124969568 4.4933675283189976 26.952091652847027 -1.1977544822394817 1
bicycle 1301 2 -2.6085307818813783 0.0 809.15765 165.43347 1008.217 1.107829468638537 0.7429473546907134 1.8681765256818592 -6.191596511848916 2.329153773189404 9.499555915747914 -3.186154526645648 1
bicycle 1050 1 0.31880739455567525 441.43942 800.67346 578.13074 893.10724 1.2264112932510909 0.7177054229995407 1.760377554716988 -6.528713520423134 3.8190880738866606 21.675964427551737 0.02625372493028877 1
bicycle 1051 2 0.25156182680531713 504.42996 855.18695 600.5785 883.17145 0.35918061651769567 0.5159668783176155 1.3964470875049655 -6.518610719366562 4.077810667616405 23.87974151991946 -0.014922276551456948 1
bicycle 1052 1 -2.802772847517532 275.9298 796.827 457.66995 917.3828 1.2377445250483516 0.5867475183791637 1.7827909983755101 -6.585019528103012 3.185642542861445 16.615480735333158 -3.1801013448667117 1
bicycle 1053 2 0.35681912289722323 212.12839 793.5637 426.21112 930.23444 1.262354373656916 0.7518512401181321 1.8629125125778458 -6.5252068384144115 3.031578950634864 15.267230139836057 -0.04708218302185041 1
bicycle_rack 1054 0 -2.740604152459645 89.23121 781.76294 410.70395 965.1766 1.26420000797015 2.2910626714698927 1.8637048145810358 -6.29451644763111 2.8038075972943997 13.49991117556408 -3.1769002309222762 1
Pedestrian 1055 1 -1.6130717520849154 1067.38 783.1629 1090.9547 852.07526 1.7844799415163042 0.6111230987221634 0.6400350464286102 3.196183701645953 6.113688866019366 40.57589280846971 -1.5344635581583215 1
rider 1056 0 1.6379730335741298 774.64825 769.9041 819.94257 875.53564 1.7107656859056457 0.723121491257596 0.8529001695279053 -2.830216269552652 4.262269800746935 25.872470026908715 1.5290152313484366 1
