Pedestrian 1055 1 -1.6178876682119854 1074.0076 786.6391 1098.4666 857.8323 1.7844799415163042 0.6111230987221634 0.7478662860279975 3.3073672864804413 6.110930265514352 39.61737197848274 -1.534598048795585 1
Pedestrian 1048 1 -1.736608116425192 306.43698 811.0132 336.41547 883.49066 1.6540702115090113 0.5897822622467757 0.5560052408903827 -15.635468552597265 6.250801537001601 36.541951548138606 -2.1409132667114106 1
rider 871 1 -1.256492838719732 1014.52985 768.66833 1081.4008 878.41986 1.774611999747712 0.9395292424715206 0.9125663591488113 1.5325065372818802 4.364011490667922 26.338054204862114 -1.1983723511982374 1
Car 1047 1 -2.85784106421177 415.89804 793.94904 613.9276 862.7797 1.8469464984065023 1.9975874895701482 5.512015124587639 -13.696862261566032 7.1743051124169614 46.11411481562383 -3.1465626304875607 1
Cyclist 1049 0 1.6502171543104613 751.3968 764.3984 808.5082 902.782 1.8643932031543795 0.723121491257596 1.943725608451821 -2.7845037367272107 4.113139881906319 23.120918182738976 1.5303621558464746 1
Cyclist 873 0 -1.2589185136193506 1009.95776 766.5814 1093.1307 887.00824 1.8561859925005353 0.9395292424715206 1.890294256043646 1.6239046691219499 4.47363394626053 26.575428763136546 -1.1978889045070498 1
bicycle 1050 1 0.3378886676103705 405.02292 800.812 551.2002 899.06824 1.2264112932510909 0.7177054229995407 1.760377554716988 -6.5792241443419535 3.6727449111141426 20.41465115211879 0.026119306394778885 1
bicycle 1051 2 0.26578831185501545 478.22678 860.6347 580.3122 890.3386 0.35918061651769567 0.5159668783176155 1.3964470875049655 -6.523123220190476 3.9660885557990326 22.612875415037458 -0.015056695568357537 1
bicycle 1052 1 -2.7764185626311395 220.80719 797.54785 419.4714 928.26 1.2377445250483516 0.5867475183791637 1.7827909983755101 -6.560741972212799 3.0481787154953532 15.353945974539531 -3.180235763911888 1
bicycle 1053 1 0.3872357644623848 145.47618 792.6185 382.12463 941.90405 1.262354373656916 0.7518512401181321 1.8629125125778458 -6.49984977009087 2.8804136003352774 14.007664925701338 -0.047216603590338524 1
bicycle_rack 1054 0 -2.701944655654082 0.0 781.12964 359.35663 986.102 1.26420000797015 2.2910626714698927 1.8637048145810358 -6.27391307849124 2.661476406014848 12.196898998523126 -3.177034652449544 1
rider 1056 0 1.6483848681211761 755.713 767.9509 806.7234 885.6619 1.7107656859056457 0.723121491257596 0.8529001695279053 -2.791556182723283 3.9768706442431547 23.248200191131783 1.5288807970518672 1
