Cyclist 873 1 -1.1181579945011906 1059.7743 765.58124 1158.7521 891.7618 1.8561859925005353 0.9395292424715206 1.890294256043646 2.5314730836278416 4.34401052759314 25.39417015206778 -1.0187990793280601 1
Car 1047 1 -2.8416521405573723 381.19235 793.2799 592.3342 866.30396 1.8469464984065023 1.9975874895701482 5.512015124587639 -13.736730612524335 6.861235663245957 43.51861634328336 -3.1474058391217468 1
Pedestrian 1055 1 -1.6188638421060293 1073.7557 788.4587 1099.0754 862.18524 1.7844799415163042 0.6111230987221634 0.5616123267202531 3.159097386374676 5.948536977874918 37.78091168041198 -1.5354416715231753 1
Pedestrian 1048 1 -1.7035413439370255 244.8743 804.6919 276.14133 881.8055 1.6540702115090113 0.5897822622467757 0.4560543044065051 -15.963658531668319 5.792023588097429 34.066563204406094 -2.141756531288534 1
rider 871 1 -1.1166544499373567 1067.3419 767.7177 1141.4933 883.0465 1.774611999747712 0.9395292424715206 0.9125663591488113 2.4173485728185344 4.243542721969323 25.217364530929476 -1.0210859933606702 1
Cyclist 1049 0 1.6804625635210937 692.18866 751.89264 771.0901 931.40375 1.8643932031543795 0.723121491257596 1.943725608451821 -2.7245570953979397 3.469299937439443 17.91286368564647 1.5295188870896923 1
bicycle 1050 1 0.37473742634167106 329.79453 799.3177 499.5933 912.07446 1.2264112932510909 0.7177054229995407 1.760377554716988 -6.4958617788804105 3.349873879461178 17.825298316219108 0.02527613596484435 1
bicycle 1051 2 0.299619377947559 413.93735 865.8333 530.72516 899.5814 0.35918061651769567 0.5159668783176155 1.3964470875049655 -6.537301361410176 3.629115706662618 20.02702911778152 -0.01589986901946916 1
bicycle 1052 1 -2.7063923978213307 66.805176 794.5369 312.45187 952.30707 1.2377445250483516 0.5867475183791637 1.7827909983755101 -6.560511926462265 2.7232047921024396 12.766726407988752 -3.1810789375474937 1
bicycle 1053 1 0.47027792833401216 0.0 789.8935 253.8477 974.1549 1.262354373656916 0.7518512401181321 1.8629125125778458 -6.512414933622117 2.568503634514695 11.418144001057154 -0.048059786742798316 1
bicycle_rack 1054 1 -2.604650743286425 0.0 773.62646 223.77551 1038.0845 1.26420000797015 2.2910626714698927 1.8637048145810358 -6.231373191146569 2.341455693237881 9.653097841904858 -3.1778778415916387 1
rider 1056 0 1.6784533635706178 699.742 756.0245 767.82654 908.1665 1.7107656859056457 0.723121491257596 0.8529001695279053 -2.730881999674217 3.329404421851529 18.018418881652675 1.5280375277743778 1
