Cyclist 442 0 1.3586848879434577 691.0572 779.5207 750.8148 878.3389 1.760991901999719 0.8219499690687613 2.0153624325422985 -5.020832675230411 5.093596496128907 31.143472766963622 1.1988439981617942 1
rider 445 0 1.3521138981251832 697.0394 783.48 743.46216 867.6295 1.6240287821120787 0.817939987105752 0.7252935279106572 -5.029625373054638 4.983216271473986 31.189454242936513 1.192229891935166 1
Cyclist 803 2 1.0605921168209202 1116.4432 757.0225 1305.3284 988.79694 1.7556024015336633 0.8257100390091973 1.9926950529606349 2.225362113828338 3.055328504154723 13.633453513449377 1.222393264883808 1
rider 804 2 1.0654449247218616 1136.7418 761.6871 1265.4373 962.20386 1.661609260419818 0.8239273915498757 0.9235230727906445 2.1924127140681438 2.9719127658389417 13.75049337587157 1.2235565323154374 1
Car 447 2 1.9306845518763258 0.0 789.7494 19.234243 926.0108 1.4289310812394374 2.0128959961859443 4.422705482375243 -16.9558661201749 4.324465531794907 23.87202941418892 1.3130913834334472 1
Car 448 1 1.8861805676151873 0.0 792.0365 83.23031 898.5281 1.482889406298162 2.0128959961859443 3.7515588726481726 -18.968707714915336 4.999442334215141 29.393557260751326 1.3130913834334472 1
Car 449 1 1.8438206828235306 3.9152858 785.68665 153.7492 879.35504 1.5948811316678304 2.0128959961859443 4.119740785729984 -20.79410504966936 5.646069316479406 35.43058076422164 1.3130913834334472 1
Car 450 1 1.814761753967748 75.58236 788.68414 199.41544 871.3043 1.5948811316678304 1.9459795315623625 4.270613580913701 -22.13132066155818 6.26752056501276 40.35076686883162 1.3130913834334472 1
Cyclist 451 0 -0.7244758422317296 913.33575 715.3786 1389.6561 1183.2 1.6450360005411087 0.7684567913630812 2.0541919161732936 0.8666970128307574 2.0920061927511084 6.495506644030742 -0.5918290968078496 1
rider 452 1 -0.6931218167002111 993.944 718.24835 1275.3519 1122.8527 1.5129257054072498 0.7741203051269118 0.9202452162743409 0.7390332665117367 1.9504539147806308 6.433326433388224 -0.5787474095502756 1
