Cyclist 803 0 1.2398358492046508 1255.2565 739.0188 1459.6063 1029.0973 1.7556024015336633 0.8257100390091973 1.9926950529606349 2.817293076969572 2.6643589080913532 10.882995767195561 1.493146198109942 1
rider 445 0 1.3294927560702319 729.3008 780.78705 781.6797 874.98206 1.6240287821120787 0.817939987105752 0.7252935279106572 -3.840605251869909 4.581898914357533 27.88692497113946 1.1926330506803988 1
Cyclist 442 0 1.3369717249226962 720.71936 777.42773 789.21155 887.86316 1.760991901999719 0.8219499690687613 2.0153624325422985 -3.87261577045437 4.721800683077106 27.94054458271663 1.1992471573567727 1
rider 804 0 1.2396943586449178 1274.8717 744.3112 1428.3629 994.8342 1.661609260419818 0.8239273915498757 0.9235230727906445 2.8180204087744807 2.5697446469078224 10.880479669471896 1.4931234567936431 1
Car 447 2 1.92690543107076 0.0 792.8763 27.084291 928.81464 1.4289310812394374 2.0128959961859443 4.422705482375243 -16.919201027339255 4.397415497602445 24.032676949339734 1.3134944790746927 1
Car 448 1 1.8843042093198656 0.0 796.50775 87.773796 903.6809 1.482889406298162 2.0128959961859443 3.7515588726481726 -18.872739620312114 5.093276873859042 29.391683969513974 1.3134944790746927 1
Car 449 1 1.8402567575230715 12.752311 792.4802 160.97217 886.61755 1.5948811316678304 2.0128959961859443 4.119740785729984 -20.69767733290204 5.834962443874004 35.58894649813467 1.3134944790746927 1
Car 450 1 1.8117724709849363 82.8894 792.0251 205.39502 874.6004 1.5948811316678304 1.9459795315623625 4.270613580913701 -22.06621795738885 6.385950145083001 40.55778218539366 1.3134944790746927 1
Cyclist 451 0 -0.8273374856746731 1501.4745 737.70886 1920.413 1118.5693 1.6450360005411087 0.6760054468859423 2.0541919161732936 3.7873491467828013 2.265246382121151 7.541830154155422 -0.3619481518206171 1
rider 452 1 -0.8332460842011532 1562.8002 737.8214 1812.2014 1076.4741 1.5129257054072498 0.6836138736177203 0.9202452162743409 3.627998123276295 2.115862380171392 7.49583240664397 -0.3824785632066958 1
