rider 445 0 1.2746189497381184 744.7445 779.13135 800.34076 876.7539 1.6240287821120787 0.817939987105752 0.7252935279106572 -3.4043041918532224 4.45503395147293 26.951160179063173 1.148970550506014 1
Cyclist 803 0 1.6315874364530014 1274.2941 732.2539 1422.9333 1055.891 1.7556024015336633 0.8257100390091973 1.9926950529606349 2.605159191105977 2.5436156528727554 9.901335043172436 -4.394317161148887 1
Cyclist 442 0 1.2818819020189078 735.11725 775.669 811.3675 890.19055 1.760991901999719 0.8219499690687613 2.0153624325422985 -3.4075517894496308 4.587567456678754 26.94801816769811 1.1561003879278569 1
rider 804 0 1.6376291000782857 1283.8741 737.76575 1421.3972 1016.4318 1.661609260419818 0.8239273915498757 0.9235230727906445 2.6171784823435233 2.4552819558591104 9.946850670696097 -4.3882713992087545 1
Car 447 2 1.926642446257504 0.0 792.88367 27.03662 928.6626 1.4289310812394374 2.0128959961859443 4.422705482375243 -16.935813650662098 4.400474272723253 24.05866035869534 1.313278182255341 1
Car 448 1 1.8846566552923072 0.0 796.4972 86.73199 903.81146 1.482889406298162 2.0128959961859443 3.7515588726481726 -18.873293162751775 5.0889497596593 29.355810416214947 1.313278182255341 1
Car 449 1 1.840523592541692 11.653148 792.4667 160.11197 886.706 1.5948811316678304 2.0128959961859443 4.119740785729984 -20.699580442981425 5.8305667132216055 35.55268356913104 1.313278182255341 1
Car 450 1 1.8116936295755939 82.663025 792.02734 205.09636 874.55457 1.5948811316678304 1.9459795315623625 4.270613580913701 -22.085837205586895 6.388567073061342 40.580554197786526 1.313278182255341 1
Cyclist 451 0 -1.207549869809489 1634.9546 760.2445 1935.0 1112.6205 1.5294718199446846 0.8609081358402162 2.0541919161732936 4.628208820193358 2.364662255451454 8.239297353588785 -0.6957502958936217 1
rider 452 1 -1.1990950901979196 1663.2161 762.19684 1905.9941 1067.7566 1.4172706453039874 0.8840209719595035 0.9202452162743409 4.478236480855382 2.2228976230786635 8.140590132185167 -0.6961658795704865 1
