Cyclist 442 0 1.2785963372084115 757.2326 774.7387 837.8432 895.73126 1.760991901999719 0.8219499690687613 2.0153624325422985 -2.817973373501943 4.4300045254953275 25.549258197687173 1.1687446528566086 1
rider 445 0 1.2744674262568285 766.2415 778.2138 824.5757 880.82623 1.6240287821120787 0.817939987105752 0.7252935279106572 -2.847354398953627 4.303660392182903 25.642331878510475 1.1638792989600368 1
Cyclist 803 0 1.888759867935236 1194.4486 726.03217 1432.2012 1077.4344 1.7556024015336633 0.8257100390091973 1.9926950529606349 2.203744083812448 2.446290735512279 9.148524284345775 -4.158043639280123 1
rider 804 0 1.870260836214742 1225.3577 730.1204 1404.7856 1038.3774 1.661609260419818 0.8239273915498757 0.9235230727906445 2.160055303183964 2.3433883262576645 9.08253085693425 -4.179436795686701 1
Car 447 2 1.9253124413600193 0.0 792.89276 29.187864 928.6273 1.4289310812394374 2.0128959961859443 4.422705482375243 -16.902072597001744 4.401516316273905 24.06640483247357 1.313037939632594 1
Car 448 1 1.8850192961954948 0.0 796.4853 85.61892 903.93915 1.482889406298162 2.0128959961859443 3.7515588726481726 -18.87552807592002 5.084652761663698 29.320412128537814 1.313037939632594 1
Car 449 1 1.840800378794131 10.483721 792.452 159.18486 886.7922 1.5948811316678304 2.0128959961859443 4.119740785729984 -20.70331423171288 5.826193463074698 35.51685245880011 1.313037939632594 1
Car 450 1 1.811921902434189 81.65798 792.01324 204.26802 874.618 1.5948811316678304 1.9459795315623625 4.270613580913701 -22.090785972845186 6.3841346929750316 40.544394504719115 1.313037939632594 1
Cyclist 451 0 -1.8378102956169418 1686.8949 762.5797 1930.3588 1075.0962 1.5525846560639696 0.8185793013119534 2.0541919161732936 5.287813339742618 2.5270961878384792 9.489623513685252 -1.32944037497708 1
rider 452 1 -1.8326329563586965 1713.9355 766.90393 1903.4312 1025.1411 1.4172706453039874 0.8193735208815046 0.9202452162743409 5.267492005293861 2.357785606990014 9.357015446003004 -1.319904955168855 1
