Cyclist 803 0 2.232949420177251 1041.883 716.9284 1390.2505 1105.4282 1.7556024015336633 0.8257100390091973 1.9926950529606349 1.4381929808067897 2.319825018964067 8.19390344442765 -3.876485829610452 1
Cyclist 442 0 1.265723658193718 768.5417 773.7166 854.0563 900.336 1.760991901999719 0.8219499690687613 2.0153624325422985 -2.473245667554329 4.301844045799763 24.44442139605324 1.1648884816775915 1
rider 804 0 2.229141152675819 1103.0679 720.2059 1329.0085 1064.7019 1.661609260419818 0.8239273915498757 0.9235230727906445 1.3924780270235417 2.221528675545899 8.169653722503208 -3.8852213621268232 1
rider 445 0 1.2425217312207737 779.63684 777.37476 841.6343 885.18396 1.6240287821120787 0.817939987105752 0.7252935279106572 -2.4652665747012974 4.167051769400697 24.44138863514806 1.1419972873118982 1
Car 447 2 1.9260632466679086 0.0 792.8674 27.560728 928.962 1.4289310812394374 2.0128959961859443 4.422705482375243 -16.89430222672647 4.394562234982471 24.008419038043357 1.3128701377127632 1
Car 448 2 1.8853222431652028 0.0 796.47614 84.75106 904.0388 1.482889406298162 2.0128959961859443 3.7515588726481726 -18.87727285505236 5.081302808678457 29.29281583931399 1.3128701377127632 1
Car 449 1 1.841033223097385 9.574953 792.44073 158.46793 886.85944 1.5948811316678304 2.0128959961859443 4.119740785729984 -20.706105865770613 5.822790225824794 35.488953644369985 1.3128701377127632 1
Car 450 1 1.812114985600237 80.88152 792.0025 203.63126 874.6675 1.5948811316678304 1.9459795315623625 4.270613580913701 -22.09442618371227 6.380690135383378 40.51626601358399 1.3128701377127632 1
Cyclist 451 0 -2.078719852544092 1592.6958 763.8853 1855.2854 1036.7755 1.6103667463621818 0.803126045542007 2.0541919161732936 5.486475495488296 2.7232707511752676 10.93107429652371 -1.6135410271431867 1
Cyclist 1405 1 0.31681649313131544 0.0 587.3215 288.58124 1215.0 1.8062013749695849 0.7802367520787571 2.025174110110306 -2.9483966244518727 1.7229558050810885 4.000604598765549 -0.31830463711314483 1
rider 452 1 -2.0745491435608128 1632.8508 770.22186 1811.7117 996.87854 1.4810406853728297 0.8129087757737073 0.9202452162743409 5.4965864630071275 2.581852012939671 10.853784763712275 -1.605777797489176 1
rider 1406 2 0.34615384023765716 0.0 585.2665 8.218104 1215.0 1.7094992170269725 0.7885648894110995 0.8043093660848323 -3.0982402250637624 1.6179383445467832 3.9555011188962093 -0.31830463711314483 1
