Cyclist 451 0 -1.8225457979531015 1668.4182 752.5681 1901.4963 1057.2047 1.6450360005411087 0.8840209719595035 2.0541919161732936 5.47929332651909 2.601886905730358 10.104266667723609 -1.3256526667274295 1
Cyclist 803 0 2.062197231917569 1118.4521 720.95593 1415.992 1093.9392 1.7556024015336633 0.8257100390091973 1.9926950529606349 1.808330402126944 2.373897286490521 8.597221510451952 -4.013671285489441 1
Cyclist 442 0 1.2218102414448573 760.3331 774.238 848.1315 897.64105 1.760991901999719 0.8219499690687613 2.0153624325422985 -2.6522816919770325 4.371450965790654 25.054589508289585 1.1163429257326163 1
rider 804 0 2.058885901909594 1177.8499 725.9801 1382.3917 1049.7424 1.661609260419818 0.8239273915498757 0.9235230727906445 1.8566741127650013 2.290120035277459 8.679820852195412 -4.0135682238772565 1
rider 445 0 1.1957819032984471 771.93365 777.8087 833.4772 882.9707 1.6240287821120787 0.817939987105752 0.7252935279106572 -2.6631081871140587 4.241763178599422 25.090458339545034 1.0900375375926985 1
Car 447 2 1.9257148865730351 0.0 792.87866 28.273075 928.8054 1.4289310812394374 2.0128959961859443 4.422705482375243 -16.898697154658294 4.397791735491976 24.03542372289011 1.3129283770801026 1
Car 448 1 1.885192241118866 0.0 796.4796 85.095375 903.99585 1.482889406298162 2.0128959961859443 3.7515588726481726 -18.877045229346045 5.082722082770789 29.304576037658492 1.3129283770801026 1
Car 449 1 1.8409335494023877 9.935996 792.4451 158.74823 886.83044 1.5948811316678304 2.0128959961859443 4.119740785729984 -20.70551491174074 5.824227995685832 35.5008188605513 1.3129283770801026 1
Car 450 1 1.8120324902323828 81.18655 792.0067 203.87775 874.64606 1.5948811316678304 1.9459795315623625 4.270613580913701 -22.093540716762092 6.3821422482407915 40.52821096017293 1.3129283770801026 1
Cyclist 1405 2 0.43845068816683896 0.0 564.9613 39.022934 1215.0 1.8062013749695849 0.7041050995841649 2.025174110110306 -3.613065082128962 1.678937805862159 3.826651560301044 -0.31824640530739967 1
rider 452 1 -1.824677169996877 1686.5721 759.80286 1871.3641 1014.0216 1.5129257054072498 0.8840209719595035 0.9202452162743409 5.455704411676901 2.46857789499424 10.040351506751584 -1.3269323715648849 1
