Cyclist 1405 0 -0.1329391357052462 308.20868 631.2828 1037.9485 1215.0 1.8062013749695849 0.8563684045733565 2.025174110110306 -0.8645741412791974 1.8289320953257562 4.59840050535651 -0.3187857816909123 1
rider 1406 0 -0.09660664476485242 483.36038 628.9779 781.9043 1215.0 1.7094992170269725 0.8563684045733565 0.8043093660848323 -1.028497076021223 1.7233799969134362 4.552712305679309 -0.3187857816909123 1
Cyclist 442 1 1.3156783732085149 803.9371 771.87054 891.1385 910.04 1.760991901999719 0.8219499690687613 2.0153624325422985 -1.731886722845054 4.074985877661301 22.45830938187743 1.2387150623061287 1
rider 445 1 1.3200673986571039 813.0257 776.5833 877.7136 893.1442 1.6240287821120787 0.817939987105752 0.7252935279106572 -1.7521014356822124 3.9592954998218306 22.547983870737863 1.242517774268736 1
Car 447 2 1.925542234552689 0.0 792.87274 27.371313 928.6756 1.4289310812394374 2.0128959961859443 4.422705482375243 -16.926151868088354 4.399990620534312 24.055714925706823 1.312388930664032 1
Car 448 1 1.885623407857814 0.0 796.4568 83.24752 904.1408 1.482889406298162 2.0128959961859443 3.7515588726481726 -18.890082568936553 5.077433763559545 29.262388365156355 1.312388930664032 1
Car 449 1 1.8412685820831927 8.008558 792.41925 157.13615 886.927 1.5948811316678304 2.0128959961859443 4.119740785729984 -20.721917369243265 5.818768265059535 35.45765764825496 1.312388930664032 1
Car 450 1 1.8121633383863527 79.82681 791.98944 202.6267 874.65985 1.5948811316678304 1.9459795315623625 4.270613580913701 -22.121015053748664 6.3800808975109735 40.513966773459494 1.312388930664032 1
rider 804 1 2.852353338243083 791.66095 704.96246 1026.1185 1093.3646 1.661609260419818 0.8239273915498757 0.9235230727906445 -0.2696921248986831 2.0736775580757953 7.158117531774433 -3.46849056030935 1
Cyclist 451 0 -2.303124581355994 1422.0775 766.4668 1660.6698 995.75116 1.6334795824814663 0.7684567913630693 2.0541919161732936 5.017936030611155 2.977876253497045 13.104815992855428 -1.937439148386887 1
Cyclist 803 1 2.858453323202022 673.04956 702.86615 1123.0149 1128.9272 1.7556024015336633 0.8257100390091973 1.9926950529606349 -0.3123410426286389 2.1645799722430974 7.133268152475441 -3.46849056030935 1
rider 452 1 -2.3207189179195873 1473.1136 770.6197 1621.3452 966.27545 1.5129257054072498 0.7805850502347071 0.9202452162743409 5.074450333198197 2.834104508015991 12.986828290697696 -1.948222232973281 1
