Cyclist 442 2 1.3626900579015935 804.68915 769.78973 887.4093 909.576 1.760991901999719 0.8219499690687613 2.0153624325422985 -1.73143893859304 4.013596594627875 22.166743121294413 1.2847385737238701 1
rider 804 2 2.8905889261692175 734.80414 702.91376 968.50934 1096.6708 1.661609260419818 0.8239273915498757 0.9235230727906445 -0.5365706258458584 2.0581425949021717 7.0624625581548415 -3.4684257088674526 1
rider 445 2 1.3537829812339968 811.76086 773.53534 876.08 891.2573 1.6240287821120787 0.817939987105752 0.7252935279106572 -1.7527462502496376 3.884192768113529 22.273592009802346 1.2752531355645207 1
Car 447 2 1.9255699908911692 0.0 792.87427 27.458105 928.6818 1.4289310812394374 2.0128959961859443 4.422705482375243 -16.924266382279278 4.399926716746551 24.054931644990752 1.3124537902173388 1
Car 448 1 1.8856448113607531 0.0 796.45844 83.340866 904.14484 1.482889406298162 2.0128959961859443 3.7515588726481726 -18.88785663435977 5.077390479273419 29.261730808000543 1.3124537902173388 1
Car 449 1 1.8412847787944777 8.105808 792.4209 157.23415 886.93 1.5948811316678304 2.0128959961859443 4.119740785729984 -20.71928686278026 5.818745601202112 35.457117238614735 1.3124537902173388 1
Car 450 1 1.812176587921994 79.92697 791.991 202.72682 874.6623 1.5948811316678304 1.9459795315623625 4.270613580913701 -22.11805466287045 6.380074320518581 40.51351584652393 1.3124537902173388 1
Cyclist 451 0 -2.283281642151719 1395.5134 765.9653 1618.7673 989.87067 1.6450360005411087 0.7106747010648726 2.0541919161732936 4.844520539107364 3.0155154725806996 13.442162102336049 -1.9373742826035134 1
Cyclist 1405 0 -0.20775422918593395 455.6737 636.9457 1144.5289 1215.0 1.8062013749695849 0.8563684045733565 2.025174110110306 -0.5270618718153105 1.8501480723191364 4.73021854997416 -0.31872093055700557 1
Cyclist 803 1 2.9046505619659135 600.8451 700.3948 1056.735 1133.6178 1.7556024015336633 0.8257100390091973 1.9926950529606349 -0.632641581293051 2.1458407569290943 7.018910923744729 -3.4684257088674526 1
rider 452 1 -2.298728272340231 1440.73 771.47675 1578.5537 961.04047 1.5129257054072498 0.7288670893723175 0.9202452162743409 4.887870455022844 2.878171731172845 13.366684518377244 -1.9481573672813117 1
rider 1406 0 -0.1776447923745141 605.7559 635.3613 910.2133 1215.0 1.7094992170269725 0.8563684045733565 0.8043093660848323 -0.6667955936102292 1.7460832744469963 4.695096517737129 -0.31872093055700557 1
