rider 1852 0 -0.23224067746227153 616.85284 630.70886 952.38684 1215.0 1.7727376799765906 0.7488888227764756 0.9747069683442523 -0.6157642286571945 1.7943485624722502 5.03959393015459 -0.3538233085638913 1
Cyclist 1584 0 -0.27043088510377 531.34985 633.09845 1142.7773 1215.0 1.8468984583215224 0.7488888227764756 1.951157216552521 -0.42678544315038597 1.878684734711599 5.10592732166667 -0.3538233085638913 1
rider 445 2 1.2354440963841746 872.1525 769.5074 958.8148 911.07965 1.6240287821120787 0.8924221908103052 0.7252935279106572 -0.5768759222553684 3.477766019674519 18.671643163232186 1.204558090824066 1
Car 447 2 1.926195831045471 0.0 792.8581 25.972263 928.82324 1.4289310812394374 2.0128959961859443 4.422705482375243 -16.934298102449485 4.396789487865545 24.029473553656796 1.3123022188232314 1
Car 448 1 1.8859504091229014 0.0 796.4488 82.48946 904.22925 1.482889406298162 2.0128959961859443 3.7515588726481726 -18.89146637179641 5.074473170818033 29.2379783782106 1.3123022188232314 1
Car 449 1 1.8415243237194818 7.2238274 792.4098 156.52864 886.98663 1.5948811316678304 2.0128959961859443 4.119740785729984 -20.723842039111993 5.815780099807986 35.433091004079785 1.3123022188232314 1
Car 450 1 1.8124531457548674 78.99117 791.9851 201.98222 874.741 1.5948811316678304 1.9459795315623625 4.270613580913701 -22.119211201580097 6.375542063172681 40.47442426871734 1.3123022188232314 1
Cyclist 451 1 -2.193684422321082 1083.3695 774.5619 1221.5897 936.3544 1.6450360005411087 0.5719976843491468 2.0541919161732936 2.2873467504710123 3.567134735896504 18.166652338119217 -2.0684344194808415 1
Cyclist 442 2 1.2502080035360392 858.4311 765.9532 980.74426 933.99835 1.760991901999719 0.9332890689499408 2.0153624325422985 -0.5516178553772788 3.623162918368097 18.635847511988963 1.2206168169955838 1
rider 452 1 -2.1943373170204437 1114.8071 778.5808 1200.3845 917.4392 1.5129257054072498 0.5995721872163087 0.9202452162743409 2.3623605741481764 3.4243518232338634 18.052366895434616 -2.0642151822638692 1
