Cyclist 803 2 -2.8678052733618578 0.0 668.6916 233.58112 1194.2109 1.7556024015336633 0.8257100390091973 1.9926950529606349 -3.9915446118576243 1.9470223458805704 5.825366753076053 -3.468529525258434 1
rider 804 2 -2.8807123083579698 0.0 670.84845 119.73156 1146.6813 1.661609260419818 0.8239273915498757 0.9235230727906445 -3.9081699634446245 1.8583609297079964 5.86461029837943 -3.468529525258434 1
rider 445 0 1.353749852061485 850.74536 771.1155 936.18024 904.72266 1.6240287821120787 0.9914908733188037 0.7252935279106572 -0.8998195825952706 3.597516596256003 19.70502510691175 1.3081170801536959 1
Car 447 2 1.9256294671509993 0.0 792.8666 27.18589 928.7749 1.4289310812394374 2.0128959961859443 4.422705482375243 -16.91875533569333 4.397979545336966 24.03875605649684 1.312349960841508 1
Car 448 1 1.8858815743339656 0.0 796.4515 82.70926 904.2105 1.482889406298162 2.0128959961859443 3.7515588726481726 -18.89010825239137 5.075142227497311 29.243354787312448 1.312349960841508 1
Car 449 1 1.8414700674633226 7.451303 792.4127 156.7148 886.9741 1.5948811316678304 2.0128959961859443 4.119740785729984 -20.72218612952425 5.816464338093995 35.43855367166819 1.312349960841508 1
Car 450 2 1.8124073071864202 79.18948 791.988 202.15015 874.73193 1.5948811316678304 1.9459795315623625 4.270613580913701 -22.117313188789748 6.376238110263783 40.47995262957996 1.312349960841508 1
Cyclist 1584 0 0.24022472370802028 0.0 599.73016 457.19022 1215.0 1.8468984583215224 0.7488888227764756 1.951157216552521 -2.5889722125776773 1.7804898478209077 4.5716501650178705 -0.27505443456625445 1
Cyclist 451 0 -2.24323507333465 1148.1852 772.6488 1310.0212 950.1639 1.6450360005411087 0.629779774647377 2.0541919161732936 2.9437391649763 3.395470236153119 16.664031387537236 -2.068386673842664 1
Cyclist 1405 1 -0.7394144621696954 1464.0713 678.0212 1935.0 1215.0 1.7808241574713857 0.7167937083332687 2.025174110110306 2.990009992041798 2.0015178999294716 5.614650002796845 -0.25007716771340016 1
Cyclist 442 0 1.3617763759290606 842.40924 767.11365 949.6161 926.0946 1.760991901999719 1.007515135537396 2.0153624325422985 -0.8874087481830379 3.7333884687299035 19.638462088902212 1.3166198109248541 1
rider 1852 0 0.2462840996515837 0.0 600.7396 268.95468 1215.0 1.7727376799765906 0.7488888227764756 0.9747069683442523 -2.6964117004006822 1.7073133849970967 4.54803899636803 -0.2888788326571097 1
rider 452 1 -2.26472633685361 1188.7108 776.87573 1288.6448 929.42487 1.5129257054072498 0.644825402970914 0.9202452162743409 3.0533768882611962 3.247026283879883 16.504386465029526 -2.0817907396251347 1
rider 1406 0 -0.7111111590626767 1551.2992 674.10065 1875.6714 1181.584 1.7094992170269725 0.72076137424884 0.8043093660848323 2.7760138111937125 1.9076144320398796 5.572913581241668 -0.24896377860380614 1
