Cyclist 441 2 0.2481351070869544 0.0 540.7088 190.37625 1215.0 1.8322920194803702 0.7553125544817902 1.9220148846839018 -3.017467992413792 1.6647177236898882 3.7227660529201323 -0.43300249065960217 1
Cyclist 442 0 1.3019660619686693 903.28796 760.4304 1028.3868 957.65265 1.760991901999719 0.8219499690687613 2.0153624325422985 0.012502099428029066 3.3016338444046056 15.918682582657478 1.3027514345516478 1
Cyclist 443 0 1.4753784953684153 625.7526 787.79297 658.52234 855.06396 1.7795538917900209 0.7952169081456159 1.9908474619820173 -9.784212516386306 6.885537681346843 45.80629373265679 1.2649411108120696 1
rider 445 0 1.3227355315730172 918.4298 764.5982 1010.23553 930.15955 1.6240287821120787 0.8219499690687613 0.7252935279106572 0.024787340019051057 3.1500962968412227 15.884106456985613 1.3242960423871137 1
rider 446 0 1.5009729986246374 627.6451 789.04016 656.45605 847.05664 1.624731238108606 0.7952169081456159 1.0023643654006755 -9.784122553542952 6.718829306390348 45.81920862336402 1.2905950720935455 1
Car 447 2 1.9263182656075126 0.0 792.86285 26.236248 928.84705 1.4289310812394374 2.0128959961859443 4.422705482375243 -16.928142244767116 4.396505909723357 24.026293673556083 1.3125335334709063 1
Car 448 1 1.8860464688241847 0.0 796.4544 82.78459 904.2445 1.482889406298162 2.0128959961859443 3.7515588726481726 -18.884095875323936 5.074262938304143 29.23524522365706 1.3125335334709063 1
Car 449 1 1.841598756561142 7.533979 792.4151 156.84735 886.99786 1.5948811316678304 2.0128959961859443 4.119740785729984 -20.715028681832557 5.815643408421021 35.43077564858272 1.3125335334709063 1
Car 450 1 1.8119925881938848 80.56983 792.01196 203.13235 874.5499 1.5948811316678304 1.9459795315623625 4.270613580913701 -22.13841179599651 6.387681039350099 40.57624498683143 1.3125335334709063 1
Cyclist 451 1 -2.014232256774922 952.0764 778.1591 1043.5895 908.5856 1.6450360005411087 0.5373284301702211 2.0541919161732936 0.5215703321772066 4.045049703901121 22.37082169911231 -1.9909217201626004 1
rider 452 2 -2.0237696500046796 967.53326 781.6427 1027.8555 893.0133 1.5129257054072498 0.5543189714617236 0.9202452162743409 0.5382491448631439 3.911616501871313 22.35139329198707 -1.9996930687639067 1
