Cyclist 1584 1 -0.7659040937192627 1512.7877 669.7131 1935.0 1188.4021 1.8468984583215224 0.7488888227764756 1.951157216552521 3.3092590576962397 2.0466641726048174 6.048697297159568 -0.26528796309991587 1
Cyclist 443 0 1.5272869865565355 615.6112 786.7517 643.53564 850.3222 1.7795538917900209 0.7952169081456159 1.9908474619820173 -10.731718514653494 7.127492850676512 48.34793269436407 1.3088598278144938 1
rider 446 0 1.5213148245741897 615.9614 788.0813 642.6986 842.97656 1.624731238108606 0.7952169081456159 1.0023643654006755 -10.735224893588699 6.964810651407906 48.349157238713595 1.302823907924811 1
Car 447 2 1.9262882656395792 0.0 792.86176 26.16957 928.8414 1.4289310812394374 2.0128959961859443 4.422705482375243 -16.929669395631503 4.3965724210859705 24.02705064881447 1.312475893206717 1
Car 448 1 1.8860229243976534 0.0 796.45306 82.71042 904.24084 1.482889406298162 2.0128959961859443 3.7515588726481726 -18.885925706388548 5.074311175983033 29.235890907486084 1.312475893206717 1
Car 449 1 1.8415805056753678 7.4560094 792.41376 156.76747 886.9952 1.5948811316678304 2.0128959961859443 4.119740785729984 -20.717218062101708 5.8156733243008345 35.43131725394745 1.312475893206717 1
Car 450 1 1.8121266388610464 80.13036 792.0081 202.81554 874.60895 1.5948811316678304 1.9459795315623625 4.270613580913701 -22.132560282910646 6.38430683014594 40.54703169434703 1.312475893206717 1
Cyclist 451 0 -2.043062612622349 990.87384 776.59283 1091.639 917.6459 1.6450360005411087 0.5142155940509415 2.0541919161732936 1.0804654207462359 3.8532174712341867 20.726208987068823 -1.990979365532471 1
Cyclist 442 0 1.2059736342115572 875.8315 762.07794 1018.80524 949.39453 1.760991901999719 0.9456600800478484 2.0153624325422985 -0.1932256245746449 3.403741452575872 16.79725210589023 1.1944707347518113 1
rider 1852 1 -0.7455464268564832 1578.8813 670.28094 1923.6763 1159.0573 1.7727376799765906 0.7488888227764756 0.9747069683442523 3.144049420841803 1.9697340006843853 6.002876677282742 -0.2630742511612567 1
rider 452 1 -2.0538277668638196 1010.0839 780.41974 1075.3286 900.8196 1.5129257054072498 0.5349247361383245 0.9202452162743409 1.119941982692653 3.719695035276415 20.68992334633342 -1.999750714056917 1
rider 445 0 1.1954562641842434 892.0605 766.1126 994.0717 923.7147 1.6240287821120787 0.9493300875240932 0.7252935279106572 -0.21045061049836647 3.2637056680498007 16.848764628034232 1.1829663474611158 1
