Cyclist 1584 0 -0.6265506714688942 1254.8058 661.4919 1807.5244 1198.635 1.8468984583215224 0.7488888227764756 1.951157216552521 2.207266319921519 2.0049946416286004 5.843284232952737 -0.26537636159347255 1
Cyclist 443 0 1.5288409391941487 613.33105 788.7465 640.6395 851.1694 1.7795538917900209 0.7952169081456159 1.9908474619820173 -11.02475914336017 7.296112524264203 49.28534896906574 1.3087714151568144 1
rider 446 0 1.522629272984795 614.0325 790.0686 640.21497 843.9242 1.624731238108606 0.7952169081456159 1.0023643654006755 -11.022227089621477 7.136490156679477 49.314711341393625 1.3027354952034562 1
Car 447 2 1.9262662232614334 0.0 792.8593 26.024105 928.83966 1.4289310812394374 2.0128959961859443 4.422705482375243 -16.931999576686987 4.396525262792128 24.0269708058773 1.3123874823278818 1
Car 448 1 1.8860058572237905 0.0 796.45056 82.56232 904.23975 1.482889406298162 2.0128959961859443 3.7515588726481726 -18.888720137487486 5.074235984950934 29.235640327740878 1.3123874823278818 1
Car 449 1 1.8415675113338772 7.3012753 792.4113 156.6189 886.9941 1.5948811316678304 2.0128959961859443 4.119740785729984 -20.72056397193574 5.815570025955253 35.430906994597564 1.3123874823278818 1
Car 450 1 1.8121159821496602 79.97668 792.0057 202.66693 874.6077 1.5948811316678304 1.9459795315623625 4.270613580913701 -22.136361143506143 6.38418134398716 40.546498010273666 1.3123874823278818 1
Cyclist 451 0 -2.0624226287187626 1014.8074 776.06934 1126.065 922.54407 1.6450360005411087 0.5835541024088079 2.0541919161732936 1.431915882189716 3.7769973800632894 20.033465994838863 -1.9910677842422018 1
Cyclist 442 0 1.1926596967129321 877.2896 763.3387 1015.5776 944.485 1.760991901999719 0.9210557610584003 2.0153624325422985 -0.2070249026258881 3.468484944844523 17.33735555183156 1.1807192907396766 1
rider 1852 1 -0.5980542722836546 1320.909 661.97656 1656.0275 1167.1448 1.7727376799765906 0.7488888227764756 0.9747069683442523 2.0211545354489644 1.9288551169730734 5.807921874140241 -0.26316264966318115 1
rider 452 1 -2.0535688159772576 1037.7675 779.9071 1109.9675 905.39484 1.5129257054072498 0.59957218721633 0.9202452162743409 1.4916055429309156 3.6326308479645872 19.908528645031463 -1.978785595382603 1
rider 445 0 1.209506176385689 893.5375 767.7591 988.521 919.6527 1.6240287821120787 0.9099596335756611 0.7252935279106572 -0.24152042459488243 3.3384196021405246 17.44183165316523 1.195659867442175 1
