Cyclist 443 0 1.5236724718991366 620.7691 787.9886 649.98303 854.1334 1.7795538917900209 0.7952169081456159 1.9908474619820173 -10.152122076723401 6.972001750162079 46.547429266915664 1.3089325532122351 1
rider 446 0 1.5175580382185694 621.4234 789.2438 649.2618 846.2604 1.624731238108606 0.7952169081456159 1.0023643654006755 -10.158888931347676 6.810185608009747 46.59602677296638 1.30289663337494 1
Cyclist 441 2 0.31318610419306114 0.0 522.8528 77.932686 1215.0 1.8322920194803702 0.7553125544817902 1.9220148846839018 -3.25697358556933 1.6402675252721632 3.556797230365307 -0.42823782404001753 1
Cyclist 442 0 1.286160137314279 902.8938 760.7032 1029.1151 955.68286 1.760991901999719 0.8219499690687613 2.0153624325422985 0.014963495393231954 3.3210910160016596 16.09689783953096 1.2870897258121525 1
rider 445 0 1.2721013316103307 916.2822 765.0825 1008.72595 928.1597 1.6240287821120787 0.8219499690687613 0.7252935279106572 0.006331657497493273 3.18306207684721 16.163882307445697 1.272493047972354 1
Car 447 2 1.927035439939797 0.0 792.8401 25.082666 929.20233 1.4289310812394374 2.0128959961859443 4.422705482375243 -16.910474528022068 4.389269572361769 23.96546378136936 1.3125486171412217 1
Car 448 1 1.886040337201002 0.0 796.45496 82.82613 904.2426 1.482889406298162 2.0128959961859443 3.7515588726481726 -18.883621626217625 5.074346011382777 29.235871871506774 1.3125486171412217 1
Car 449 1 1.8415938446383255 7.57713 792.41565 156.88518 886.99664 1.5948811316678304 2.0128959961859443 4.119740785729984 -20.714460342603715 5.815731275671414 35.43142952894694 1.3125486171412217 1
Car 450 1 1.813562741200812 76.83373 791.93243 200.69891 875.1364 1.5948811316678304 1.9459795315623625 4.270613580913701 -22.050202273684192 6.350691507123784 40.2655162947912 1.3125486171412217 1
Cyclist 451 1 -2.018894838999608 958.2712 777.5995 1051.5428 910.8185 1.6450360005411087 0.525772012110592 2.0541919161732936 0.6133053556602424 3.9887115095237657 21.907272385595824 -1.9909066351561642 1
rider 452 1 -2.0286024247215804 975.44366 781.28546 1034.4799 894.8877 1.5129257054072498 0.5090657557071365 0.9202452162743409 0.6331625296568321 3.8562998157176054 21.8841203601823 -1.9996779837775822 1
