Cyclist 441 0 0.03584590159653711 0.0 587.07367 674.0848 1215.0 1.8322920194803702 0.7553125544817902 1.9220148846839018 -1.8435218389347934 1.7433329308465566 4.221465836553133 -0.37589440085957015 1
Cyclist 442 0 1.0263356880080463 926.3631 757.83234 1103.9012 971.4105 1.760991901999719 0.8219499690687613 2.0153624325422985 0.4911594562943437 3.168573768386395 14.75467617262328 1.059611793179438 1
Cyclist 443 0 1.4813687838702767 632.22076 787.08453 666.9598 859.38904 1.7795538917900209 0.7952169081456159 1.9908474619820173 -8.902048683448818 6.522646854834344 42.66590005632634 1.2756742177488674 1
rider 444 0 0.06250529089343071 59.499332 582.58136 486.6454 1215.0 1.728677289218197 0.7553125544817902 1.0023365334755456 -1.8801265887554752 1.6246343290594472 4.2063221630158765 -0.35783133449565807 1
rider 445 0 1.0185826318285 955.1433 761.851 1064.4017 941.93884 1.6240287821120787 0.8219499690687613 0.7252935279106572 0.4757640532926489 3.0264168930431534 14.794319485719056 1.0507301157307851 1
rider 446 0 1.4940300392216712 634.198 788.41876 665.33484 850.75903 1.624731238108606 0.7952169081456159 1.0023643654006755 -8.892780441598358 6.355647653499606 42.673662001627136 1.288579981444744 1
Car 447 2 1.9263544943547073 0.0 792.8653 26.376944 928.85205 1.4289310812394374 2.0128959961859443 4.422705482375243 -16.92556591966124 4.3964896431058715 24.025813662116914 1.3126320170589416 1
Car 448 1 1.8860748056983203 0.0 796.457 82.932526 904.24786 1.482889406298162 2.0128959961859443 3.7515588726481726 -18.88100237878458 5.074277889336437 29.23495532354618 1.3126320170589416 1
Car 449 1 1.841620624736231 7.689214 792.4176 157.00002 887.0005 1.5948811316678304 2.0128959961859443 4.119740785729984 -20.71132084899339 5.8156896583908395 35.430663528269925 1.3126320170589416 1
Car 450 1 1.8152081547007723 73.28992 791.89026 198.07945 875.48486 1.5948811316678304 1.9459795315623625 4.270613580913701 -22.03318076278967 6.329404934860348 40.085678250232 1.3126320170589416 1
Cyclist 451 0 -1.9392358839386965 908.2516 779.6212 992.1847 899.1917 1.6450360005411087 0.6760054468859404 2.0541919161732936 -0.20402342545345512 4.286110497991153 24.44740760247831 -1.9475810914353713 1
rider 452 1 -1.9369972106006246 923.0 782.53577 981.3633 884.9247 1.5129257054072498 0.6642196382943221 0.9202452162743409 -0.15395735637773703 4.136430872314623 24.338741997834973 -1.9433227348611708 1
