Cyclist 441 0 -0.6583032788273162 1149.2721 660.0004 1691.146 1214.466 1.8322920194803702 0.7553125544817902 1.9220148846839018 1.753582131599886 1.9828788535815738 5.7223638487199295 -0.3609454021756968 1
Cyclist 442 1 0.9399929724087653 1046.2424 749.57513 1268.8063 1001.9348 1.760991901999719 0.8219499690687613 2.0153624325422985 1.600580373415104 2.9002728889056613 12.58432223871285 1.0665021597380506 1
Cyclist 443 0 1.412120171786753 671.56384 781.6978 719.85284 871.0475 1.7795538917900209 0.7952169081456159 1.9908474619820173 -6.159795882031267 5.521152554835394 34.61399809173835 1.2360070268135614 1
rider 445 1 0.9155640709724673 1087.4656 755.2987 1218.4397 967.7609 1.6240287821120787 0.8219499690687613 0.7252935279106572 1.6090873386137678 2.767248357992661 12.590195117735805 1.042679752353826 1
rider 446 0 1.4184103729536655 675.1016 783.58325 716.3058 860.7076 1.624731238108606 0.7952169081456159 1.0023643654006755 -6.146727802303525 5.3587270128302436 34.58654678878221 1.2425265677358581 1
Car 447 2 1.9261951315363879 0.0 793.293 26.698978 929.3875 1.4289310812394374 2.0128959961859443 4.422705482375243 -16.91857661504574 4.403813845801302 24.023751217845945 1.312626688411433 1
Car 448 1 1.8861244968062423 0.0 796.4559 82.832115 904.2593 1.482889406298162 2.0128959961859443 3.7515588726481726 -18.88123057017709 5.073891931500266 29.231779511836823 1.312626688411433 1
Car 449 1 1.8416599688675674 7.586314 792.41644 156.92126 887.00824 1.5948811316678304 2.0128959961859443 4.119740785729984 -20.711582280709294 5.815302007242149 35.42747809897432 1.312626688411433 1
Car 450 1 1.8117746652673214 81.08439 792.01843 203.80408 874.707 1.5948811316678304 1.9459795315623625 4.270613580913701 -22.08412908029547 6.380091012255306 40.506718338277096 1.312626688411433 1
Cyclist 451 0 -1.8650785977582878 810.61774 784.57745 866.1964 882.18646 1.6450360005411087 0.5257720121105889 2.0541919161732936 -2.4557812381971638 4.928258347744118 29.696651943262665 -1.9475864205875493 1
rider 444 1 -0.6687902937826372 1246.9812 660.7166 1589.3843 1165.7572 1.728677289218197 0.7553125544817902 1.0023365334755456 1.7314172871882205 1.8787376037946553 5.72975084467187 -0.37533451302468057 1
rider 452 1 -1.8620452615593286 819.83765 787.4559 859.5007 871.12177 1.5129257054072498 0.5413894812461293 0.9202452162743409 -2.41273250975493 4.789722626301738 29.617785548018425 -1.94332806401634 1
