Cyclist 441 0 -0.4136708686863555 667.533 635.5428 1280.35 1215.0 1.8322920194803702 0.7553125544817902 1.9220148846839018 0.04890774400722736 1.8733070649145396 5.036045961526802 -0.4039596375126997 1
Cyclist 442 1 0.9890160543072837 997.4045 752.8089 1196.9089 986.49744 1.760991901999719 0.8219499690687613 2.0153624325422985 1.183768341255504 3.0113097500726718 13.535824369341512 1.0762485826535926 1
Cyclist 443 0 1.4500880327603922 651.84106 784.49335 692.7215 865.00275 1.7795538917900209 0.7952169081456159 1.9908474619820173 -7.425040781087505 5.987983701016333 38.36464946175241 1.2589130009832314 1
rider 444 0 -0.3839410062278077 769.8428 634.4656 1131.5332 1214.3239 1.728677289218197 0.7553125544817902 1.0023365334755456 -0.05436031067566528 1.7642493263724521 5.017527544379174 -0.394774665526092 1
rider 445 1 1.016239589933479 1026.0195 758.5265 1144.7446 953.5776 1.6240287821120787 0.8219499690687613 0.7252935279106572 1.1282535195865482 2.8902113288227866 13.660057056246561 1.0986476162597016 1
rider 446 0 1.4635797641754118 654.3306 786.14996 689.9914 855.5855 1.624731238108606 0.7952169081456159 1.0023643654006755 -7.4195673712023895 5.82489620944965 38.35639392394599 1.2725021290830734 1
Car 447 2 1.926174724195284 0.0 793.29364 26.747608 929.3814 1.4289310812394374 2.0128959961859443 4.422705482375243 -16.91840618464651 4.403947006885442 24.024834643793177 1.312632253215813 1
Car 448 1 1.886108182740163 0.0 796.4564 82.87284 904.2555 1.482889406298162 2.0128959961859443 3.7515588726481726 -18.881030927773324 5.074026861061471 29.232873719047365 1.312632253215813 1
Car 449 1 1.8416470233478432 7.6280594 792.4169 156.95451 887.0057 1.5948811316678304 2.0128959961859443 4.119740785729984 -20.711347924824608 5.815438705160217 35.42858235000262 1.312632253215813 1
Car 450 1 1.8130376460869848 78.06505 791.95404 201.8371 875.18164 1.5948811316678304 1.9459795315623625 4.270613580913701 -22.013003096974543 6.350209910143441 40.25573553063576 1.312632253215813 1
Cyclist 451 1 -1.8902594139734372 844.80975 782.5154 908.081 888.5919 1.6450360005411087 0.5373284301702321 2.0541919161732936 -1.5710451585406366 4.641660592872794 27.377610548868805 -1.9475808552561338 1
rider 452 1 -1.8875991887795815 855.79596 785.7107 900.44745 876.6236 1.5129257054072498 0.5543189714617262 0.9202452162743409 -1.5222274888621405 4.504409549348416 27.28932677465309 -1.943322498681801 1
