Cyclist 441 0 -0.34032836323416654 576.0344 629.95514 1207.9827 1215.0 1.8322920194803702 0.7553125544817902 1.9220148846839018 -0.2239072301504643 1.851240120509837 4.889244022267713 -0.3860922676448926 1
Cyclist 442 1 0.9735103239668479 985.7908 755.2262 1184.8812 986.26086 1.760991901999719 0.8219499690687613 2.0153624325422985 1.0914001030440221 3.0485622236385166 13.695147716797827 1.0530347245910292 1
Cyclist 443 0 1.4515034197783159 649.41205 784.64453 689.769 864.28784 1.7795538917900209 0.7952169081456159 1.9908474619820173 -7.573836425498561 6.035741027119487 38.77437424400347 1.2586013089813441 1
rider 444 0 -0.3176542224877868 691.864 628.86707 1057.4808 1215.0 1.728677289218197 0.7553125544817902 1.0023365334755456 -0.30245547589137384 1.7430459745493838 4.874590850049728 -0.3796221374904858 1
rider 445 0 0.9777040144063858 1019.1016 761.7704 1137.6418 955.95764 1.6240287821120787 0.8219499690687613 0.7252935279106572 1.0726002671847759 2.930418996533205 13.755337003527764 1.0555235699441599 1
rider 446 0 1.4684709100801379 651.94116 786.3177 687.02954 854.9429 1.624731238108606 0.7952169081456159 1.0023643654006755 -7.5748792153956535 5.877166712893265 38.80092511812039 1.2756716633196166 1
Car 447 2 1.926171580862088 0.0 793.29224 26.660019 929.3831 1.4289310812394374 2.0128959961859443 4.422705482375243 -16.919566277647228 4.403872302303997 24.024369327003736 1.312587712997972 1
Car 448 1 1.8861058886527167 0.0 796.4551 82.78701 904.2565 1.482889406298162 2.0128959961859443 3.7515588726481726 -18.88242482945531 5.073938001223449 29.23232210542212 1.312587712997972 1
Car 449 1 1.8416454228830692 7.538613 792.4156 156.87112 887.00616 1.5948811316678304 2.0128959961859443 4.119740785729984 -20.713019668647934 5.815335690923339 35.42795034114105 1.312587712997972 1
Car 450 1 1.8129610870764195 78.1591 791.95654 201.87329 875.1537 1.5948811316678304 1.9459795315623625 4.270613580913701 -22.01906019065887 6.3518623296666 40.26987525998688 1.312587712997972 1
Cyclist 451 2 -1.9021556019784729 859.0893 782.314 929.5654 890.73315 1.6450360005411087 0.6297797746473667 2.0541919161732936 -1.2226764990053818 4.586330225528772 26.871325921062088 -1.9476253996922699 1
rider 452 2 -1.8999441574148068 870.8315 785.4053 922.3519 878.54236 1.5129257054072498 0.6577548931865217 0.9202452162743409 -1.161445842969664 4.440768793689449 26.730507307791807 -1.9433670431429422 1
