Cyclist 441 0 -0.8478745282258182 1440.8146 674.70123 1932.2703 1186.0876 1.8322920194803702 0.7553125544817902 1.9220148846839018 3.0188886107485375 2.063299599972387 6.217302702732237 -0.39584354169006186 1
Cyclist 442 0 0.8816282569373413 1076.1893 748.09375 1316.2174 1010.7733 1.760991901999719 0.8219499690687613 2.0153624325422985 1.8499804115211476 2.847332536091483 12.110833196187402 1.0332106861642671 1
Cyclist 443 0 1.379171706132616 685.86316 780.4561 741.08575 877.7239 1.7795538917900209 0.7952169081456159 1.9908474619820173 -5.293742812195946 5.2050682776527895 31.859397519033678 1.214516490539637 1
rider 445 0 0.8809087416154773 1125.3094 753.469 1262.601 975.2425 1.6240287821120787 0.8219499690687613 0.7252935279106572 1.8745149634497056 2.707261626629945 12.077715412383679 1.0348846715497717 1
rider 446 0 1.3851045130092283 689.586 782.5201 735.48096 866.19336 1.624731238108606 0.7952169081456159 1.0023643654006755 -5.3165914781615005 5.054575891593682 31.933589683817804 1.2201287034487809 1
Car 447 2 1.9262102119619278 0.0 793.28876 26.417536 929.39856 1.4289310812394374 2.0128959961859443 4.422705482375243 -16.92177588291813 4.403471273918202 24.021333555211864 1.3125053717459623 1
Car 448 1 1.8861371387675794 0.0 796.45197 82.56405 904.2662 1.482889406298162 2.0128959961859443 3.7515588726481726 -18.885066665284555 5.073510800979276 29.229126769905882 1.3125053717459623 1
Car 449 1 1.841670589742412 7.307459 792.41223 156.66788 887.0124 1.5948811316678304 2.0128959961859443 4.119740785729984 -20.716175140134254 5.81488231977832 35.42460634702819 1.3125053717459623 1
Car 450 1 1.8114119953433758 81.71119 792.0333 204.14209 874.5707 1.5948811316678304 1.9459795315623625 4.270613580913701 -22.110193357069452 6.3884702684020205 40.57782522005455 1.3125053717459623 1
Cyclist 451 0 -1.8496448523086113 789.01447 785.7257 840.6919 877.70514 1.6450360005411087 0.5373284301702387 2.0541919161732936 -3.0975021063225507 5.144483567521727 31.48557689297978 -1.9477077487423635 1
rider 444 1 -0.8070764990375912 1504.2594 674.6283 1835.7771 1141.6423 1.728677289218197 0.7553125544817902 1.0023365334755456 2.9103504822831865 1.9519416481161276 6.181282271811046 -0.36703370507730204 1
rider 452 1 -1.846416074493482 796.8284 788.38385 834.97723 867.4014 1.5129257054072498 0.5672484616773212 0.9202452162743409 -3.053105477216379 5.000029659116131 31.365693683053166 -1.9434493922392704 1
