rider 445 0 0.9337243650155944 1260.0654 748.3013 1419.1367 1000.77655 1.6240287821120787 0.8219499690687613 0.7252935279106572 2.6700356292937113 2.5386373673893146 10.59185005455108 1.1806634494642374 1
Cyclist 460 0 -0.24888440319056834 495.69418 689.9363 1091.7491 1215.0 1.6436283382955292 0.8437319790732011 1.8083143634872774 -0.5693680935899461 1.8901281249865574 4.952079320079725 -0.36335730901078844 1
Cyclist 442 0 0.9491126976798652 1213.415 741.32733 1483.667 1045.7837 1.760991901999719 0.8219499690687613 2.0153624325422985 2.6661603231773685 2.668678896575093 10.570340929703313 1.1961893679085103 1
Cyclist 443 2 1.3596284066110413 777.56573 772.7775 850.4481 898.9661 1.7795538917900209 0.7952169081456159 1.9908474619820173 -2.4490235168503127 4.324333638090134 24.665077780592952 1.2606616518429954 1
rider 446 2 1.3566154800391625 782.99365 775.051 843.1065 883.076 1.624731238108606 0.7952169081456159 1.0023643654006755 -2.4609698604909136 4.170751810671059 24.757760174210027 1.2575389823945353 1
Car 447 2 1.9252646909828504 0.0 792.8654 27.963318 928.85156 1.4289310812394374 2.0128959961859443 4.422705482375243 -16.89724016622487 4.396564133684434 24.026332380820385 1.3123407433154948 1
Car 448 1 1.8861643674886648 0.0 796.4463 82.181946 904.2778 1.482889406298162 2.0128959961859443 3.7515588726481726 -18.890294390042634 5.0729196421798095 29.224915499153717 1.3123407433154948 1
Car 449 1 1.8416929937992421 6.910449 792.4064 156.31015 887.01965 1.5948811316678304 2.0128959961859443 4.119740785729984 -20.722429761692442 5.8142388217989724 35.42009773072968 1.3123407433154948 1
Car 450 1 1.8114314640068205 81.33796 792.02765 203.79848 874.5752 1.5948811316678304 1.9459795315623625 4.270613580913701 -22.117301352517085 6.387785771781233 40.57309024174161 1.3123407433154948 1
Cyclist 451 2 -1.7573309874075003 749.3457 787.6574 790.7813 866.2941 1.6450360005411087 0.6413361927070123 2.0541919161732936 -4.719170827611846 5.76885006972658 36.814105960443555 -1.8848248759148256 1
rider 461 1 -0.21519704992824873 611.2829 689.1135 934.55505 1215.0 1.5556301729904654 0.8437319790732011 0.8953333984472398 -0.6479171630246247 1.7910562779896084 4.933865606058043 -0.34577028184741687 1
rider 452 2 -1.7653114017249754 754.46594 789.9854 788.32806 857.58026 1.5129257054072498 0.6577548931865222 0.9202452162743409 -4.657356849267594 5.6186947778136656 36.65188516035861 -1.8917040765536506 1
