Cyclist 460 0 -0.5412342299524332 937.5726 707.79816 1472.0188 1215.0 1.6436283382955292 0.8437319790732011 1.8083143634872774 0.9062043355835449 1.9958322695753696 5.625213446843736 -0.3815096503817783 1
Cyclist 442 1 0.7241749167207847 1248.7897 734.5956 1570.9915 1056.7761 1.760991901999719 0.8219499690687613 2.0153624325422985 2.924236543726117 2.57137490659357 9.975672899020564 1.0093233382224551 1
Cyclist 443 0 1.3264355929256937 821.61816 770.02795 907.25977 912.2567 1.7795538917900209 0.7952169081456159 1.9908474619820173 -1.445778717766087 4.014753753278303 21.962656848739286 1.2607014817409294 1
rider 445 0 0.7099592815184408 1314.2085 740.1454 1483.2883 1009.2466 1.6240287821120787 0.8219499690687613 0.7252935279106572 2.922454654791541 2.4358122389614687 10.005569246417805 0.9941368538732469 1
rider 446 0 1.305284941363042 828.84814 772.4317 899.21936 894.5974 1.624731238108606 0.7952169081456159 1.0023643654006755 -1.4352751584175578 3.849599980753163 21.94881622115527 1.2399859939331908 1
Car 447 2 1.9252636261295475 0.0 792.8681 28.13221 928.84674 1.4289310812394374 2.0128959961859443 4.422705482375243 -16.895159244709262 4.396738822146926 24.027505051849857 1.3124205939564262 1
Car 448 1 1.8861631527420095 0.0 796.44885 82.34562 904.2748 1.482889406298162 2.0128959961859443 3.7515588726481726 -18.887794981678354 5.073119983141861 29.22624525909739 1.3124205939564262 1
Car 449 1 1.8416916587416603 7.080797 792.409 156.46704 887.0179 1.5948811316678304 2.0128959961859443 4.119740785729984 -20.719432278072816 5.814464551548747 35.42157173480802 1.3124205939564262 1
Car 450 1 1.8114300907589311 81.50125 792.03015 203.95134 874.5743 1.5948811316678304 1.9459795315623625 4.270613580913701 -22.113889956945663 6.388031389351514 40.57467405687327 1.3124205939564262 1
Cyclist 451 0 -1.7479749978932393 738.4456 787.9475 773.25195 861.61536 1.6450360005411087 0.5488848482298689 2.0541919161732936 -5.388966930657983 6.0299467066116215 39.15567833269451 -1.8847450171117377 1
rider 461 1 -0.5273434709645681 1039.2949 709.53156 1361.8812 1186.4391 1.5556301729904654 0.8437319790732011 0.8953333984472398 0.876397870752864 1.9058032821357735 5.631402590114383 -0.37295501212853566 1
rider 452 1 -1.755809624338674 743.082 789.8394 770.98315 853.1795 1.5129257054072498 0.5607837165695213 0.9202452162743409 -5.3268585008749545 5.870167949025062 38.9800951803598 -1.8916242178093483 1
