Cyclist 451 2 -1.7645829383510023 754.3804 785.3931 807.93195 867.2136 1.6450360005411087 0.8840209719595035 2.0541919161732936 -4.296553020414052 5.579674459420942 35.5484772463707 -1.8848641183954387 1
Cyclist 442 0 0.9934997295182074 1176.959 743.1096 1429.2109 1037.0668 1.760991901999719 0.8219499690687613 2.0153624325422985 2.4288652103053723 2.7103071810363435 10.921549982989719 1.212330446160983 1
rider 452 2 -1.771370297669797 758.2982 788.06226 802.84247 858.2325 1.5129257054072498 0.8840209719595035 0.9202452162743409 -4.293832984834011 5.448930999274912 35.498603788446005 -1.891743319005371 1
rider 445 0 1.0037626197749472 1216.1841 749.81323 1367.3236 992.7367 1.6240287821120787 0.8219499690687613 0.7252935279106572 2.415227043880006 2.580997349472069 10.974821436196251 1.220379526219935 1
Cyclist 460 0 -0.06252844317103085 116.98862 670.9663 804.015 1215.0 1.6436283382955292 0.8437319790732011 1.8083143634872774 -1.4666003814622508 1.8057251572303241 4.537948761678811 -0.3751185425655523 1
Cyclist 443 0 1.3328316577254222 744.552 775.54913 815.3295 893.0776 1.7795538917900209 0.7952169081456159 1.9908474619820173 -3.2274516981551793 4.553359183897144 26.462685496796567 1.2114686753550847 1
rider 446 0 1.3535216004949358 750.40186 779.53503 806.73773 880.39417 1.624731238108606 0.7952169081456159 1.0023643654006755 -3.250068995552442 4.432705252022416 26.550171645775002 1.2317152487293797 1
Car 447 2 1.9252611946678893 0.0 792.86426 27.887657 928.8529 1.4289310812394374 2.0128959961859443 4.422705482375243 -16.898258093280496 4.3965022750050196 24.025954750977604 1.3123015048456836 1
Car 448 1 1.8861617536811974 0.0 796.4451 82.10738 904.27856 1.482889406298162 2.0128959961859443 3.7515588726481726 -18.891517956175168 5.072845176515958 29.224460663917714 1.3123015048456836 1
Car 449 1 1.841691107918956 6.8325768 792.4053 156.23743 887.01996 1.5948811316678304 2.0128959961859443 4.119740785729984 -20.72389807688422 5.814151878453968 35.419571999691875 1.3123015048456836 1
Car 450 1 1.8114299932553053 81.262505 792.02655 203.72704 874.5753 1.5948811316678304 1.9459795315623625 4.270613580913701 -22.1189730600825 6.387689054199188 40.572510537706975 1.3123015048456836 1
rider 461 1 -0.014063708723667023 171.41293 666.05597 624.2802 1215.0 1.5556301729904654 0.8437319790732011 1.1576135569754396 -1.6595217528583506 1.6954627430250413 4.4783292828168575 -0.3689423989140328 1
