Cyclist 443 0 1.2041347440382693 895.5565 765.31116 1014.4061 936.70514 1.7795538917900209 0.7952169081456159 1.9908474619820173 -0.10830678102307495 3.6036454517834406 18.355317097288935 1.1982342453700099 1
rider 446 0 1.2034002078560977 907.57794 768.15533 997.0688 914.4009 1.624731238108606 0.7952169081456159 1.0023643654006755 -0.11986908089793334 3.448319874847325 18.424444554586774 1.196894318936542 1
Cyclist 442 0 0.6181917277748841 1263.7723 733.5181 1608.3182 1065.8387 1.760991901999719 0.8219499690687613 2.0153624325422985 3.0037935514081413 2.5390888092234043 9.661961772360659 0.9196078659033438 1
Car 447 2 1.924553199379948 0.0 792.8755 29.56647 928.82056 1.4289310812394374 2.0128959961859443 4.422705482375243 -16.87331928353278 4.39749745461922 24.033098845957856 1.312428131438237 1
Car 448 1 1.8861712749007022 0.0 796.4489 82.34609 904.2763 1.482889406298162 2.0128959961859443 3.7515588726481726 -18.88756898960632 5.073077019342232 29.225858083736693 1.312428131438237 1
Car 449 1 1.8416980498786901 7.0817523 792.40906 156.47047 887.019 1.5948811316678304 2.0128959961859443 4.119740785729984 -20.71915926970533 5.8144239840816 35.42119817329646 1.312428131438237 1
Car 450 1 1.8114354595452975 81.504456 792.0303 203.95628 874.5751 1.5948811316678304 1.9459795315623625 4.270613580913701 -22.113577877000942 6.387992698993595 40.57431085925342 1.312428131438237 1
Cyclist 460 0 -0.7245589894843143 1442.9657 723.02875 1908.4202 1164.0563 1.6436283382955292 0.6705340411031134 1.8083143634872774 3.0463904163965916 2.1011761815366734 6.400356705123376 -0.28031790815791324 1
Cyclist 451 0 -1.7334717606008994 717.39 790.62427 749.9289 858.9358 1.6450360005411087 0.5835541024087999 2.0541919161732936 -6.4412718209124495 6.446240842030726 42.25721814303323 -1.8847374788594524 1
rider 461 1 -0.7171931849048538 1516.6807 729.0836 1802.4258 1135.9015 1.5556301729904654 0.6550398096894361 0.8953333984472398 2.96228789194203 2.030936507678897 6.38296950034805 -0.28268198126661237 1
rider 452 1 -1.7410859122694946 721.35724 792.58905 747.7436 851.3054 1.5129257054072498 0.5866426970007264 0.9202452162743409 -6.383359630309974 6.291415594379544 42.08489830722748 -1.891616679562611 1
rider 445 0 0.6108709078678529 1371.5687 739.17175 1525.9006 1037.1093 1.7336356713708394 0.8219499690687613 0.5669687000810849 3.1102704040119677 2.4987172667323345 9.538661118409141 0.9260702024034484 1
