Cyclist 460 0 -0.582860115416267 1174.0573 716.26526 1695.7452 1204.7684 1.6436283382955292 0.8437319790732011 1.8083143634872774 1.851774168528522 2.046136154443475 5.932435507033614 -0.2802996042929491 1
Cyclist 443 0 1.2908813534895027 847.9635 767.90735 945.2977 922.65375 1.7795538917900209 0.7952169081456159 1.9908474619820173 -0.9017156032553244 3.818021243669757 20.24599168893526 1.2463727859766895 1
rider 446 0 1.2902202095042365 856.8286 770.50977 933.6684 902.76105 1.624731238108606 0.7952169081456159 1.0023643654006755 -0.9051499257408647 3.6599099386228584 20.299556405916253 1.2456600852158397 1
Car 447 2 1.924546987595305 0.0 792.8763 29.615881 928.8178 1.4289310812394374 2.0128959961859443 4.422705482375243 -16.872833608614414 4.397572838116582 24.033660082842566 1.3124464379227376 1
Car 448 1 1.8861662243068409 0.0 796.4496 82.39228 904.2746 1.482889406298162 2.0128959961859443 3.7515588726481726 -18.886987481421993 5.073158328899909 29.226455722996267 1.3124464379227376 1
Car 449 1 1.8416939625718283 7.129683 792.4098 156.513 887.01776 1.5948811316678304 2.0128959961859443 4.119740785729984 -20.718463571348526 5.814511113506882 35.421828875411116 1.3124464379227376 1
Car 450 1 1.811431951032284 81.54901 792.03094 203.99686 874.57434 1.5948811316678304 1.9459795315623625 4.270613580913701 -22.11278728412536 6.388084387263175 40.574966731212136 1.3124464379227376 1
Cyclist 442 2 0.6698682483929895 1251.7812 730.84485 1585.9344 1057.9493 1.760991901999719 0.8219499690687613 2.0153624325422985 2.932611065081833 2.5304699892484934 9.799842137681772 0.9606376053670185 1
Cyclist 451 0 -1.744042142584564 731.8034 789.3255 767.98035 861.16144 1.6450360005411087 0.6182233565877282 2.0541919161732936 -5.696728855518698 6.186043364012219 40.22760357259588 -1.8847191705036732 1
rider 461 1 -0.5932530460204801 1251.5717 717.4054 1572.4065 1168.4724 1.5556301729904654 0.8437319790732011 0.8953333984472398 1.753832901563737 1.9547115658319407 5.9145568423710335 -0.30498442366258605 1
rider 452 1 -1.751586330352041 735.5977 791.0606 765.6727 852.67194 1.5129257054072498 0.6448254029709206 0.9202452162743409 -5.660579429818593 6.035525175164901 40.164704050905605 -1.891598371220307 1
rider 445 2 0.6516261954238503 1347.8201 736.65656 1505.6656 1033.6069 1.756839937632495 0.8219499690687613 0.601875093441873 3.0171245586291877 2.5174726191772523 9.694712473359681 0.953338513043867 1
