Cyclist 442 0 0.5538719383215744 1270.4949 732.6482 1624.9592 1068.7102 1.760991901999719 0.8219499690687613 2.0153624325422985 3.0413827266883247 2.522164532334441 9.531389720652498 0.862750295977222 1
Cyclist 443 0 1.1484181708778514 966.10803 760.6206 1112.0719 960.3792 1.7795538917900209 0.7952169081456159 1.9908474619820173 0.7866311575015842 3.315412345200877 15.8508304162144 1.19800461551168 1
rider 446 0 1.1498891096093093 979.0214 763.8523 1085.6772 933.42224 1.624731238108606 0.7952169081456159 1.0023643654006755 0.7463043581496708 3.1630102227824706 15.943361775397626 1.1966646890534358 1
Car 447 2 1.9245658369864576 0.0 792.8677 29.063793 928.8369 1.4289310812394374 2.0128959961859443 4.422705482375243 -16.879342403887776 4.396942768328065 24.029297046297316 1.3121985087631884 1
Car 448 1 1.886182459364527 0.0 796.4416 81.86167 904.2867 1.482889406298162 2.0128959961859443 3.7515588726481726 -18.894794112564615 5.072447984140407 29.22159953220119 1.3121985087631884 1
Car 449 1 1.8417080321270078 6.5771976 792.4015 156.00859 887.0251 1.5948811316678304 2.0128959961859443 4.119740785729984 -20.727816655569907 5.81372192847648 35.41652472996197 1.3121985087631884 1
Car 450 1 1.8114446286352992 81.02338 792.0229 203.50789 874.57855 1.5948811316678304 1.9459795315623625 4.270613580913701 -22.1234255081262 6.387233443694816 40.569321557884365 1.3121985087631884 1
Cyclist 460 0 -1.2080205940002775 1676.1571 732.8074 1935.0 1143.1255 1.6436283382955292 0.6589875119051141 1.8083143634872774 4.226114307726111 2.226239035017856 7.249152154876301 -0.6802094440150817 1
Cyclist 451 0 -1.7245174570427602 704.6919 790.7532 734.394 855.7983 1.6450360005411087 0.5604412662895166 2.0541919161732936 -7.170855075235462 6.677028331854583 44.308059759464534 -1.884967125005575 1
rider 461 0 -1.215053597209119 1718.1201 736.4935 1935.0 1102.731 1.5556301729904654 0.6676192876483502 0.8953333984472398 4.2007324284274095 2.1352312222983585 7.224773149651265 -0.6883970590870097 1
rider 452 1 -1.7318310679026463 707.67377 792.6595 732.34094 848.4841 1.5129257054072498 0.5801779518929308 0.9202452162743409 -7.138814900293373 6.534166100357305 44.2319141209141 -1.8918463255396527 1
rider 445 0 0.5321413694774011 1380.8428 736.75085 1565.5112 1050.693 1.758601442044587 0.8219499690687613 0.7829736560340461 3.1967506981452782 2.499752610903071 9.344259100137066 0.8617686969992242 1
