Cyclist 442 0 0.29052055816341904 1471.651 727.10675 1891.7028 1101.1558 1.760991901999719 0.8219499690687613 2.0153624325422985 4.069963634756923 2.412822313726421 8.556701885594594 0.7344960893457215 1
rider 445 0 0.2794628841243491 1576.7255 730.7169 1810.0632 1083.5652 1.760991901999719 0.8219499690687613 1.0018342714083612 4.153297512660023 2.4069955097009976 8.488626624414358 0.7344960893457215 1
Cyclist 443 1 0.43671985392720847 1492.3702 731.0533 1861.9628 1066.2828 1.7795538917900209 0.7952169081456159 1.9908474619820173 4.534452279580814 2.5337234585483364 9.604373142250955 0.8778187811735996 1
rider 446 1 0.42697318229647313 1541.4509 736.5357 1751.3352 1019.50946 1.624731238108606 0.7952169081456159 1.0023643654006755 4.449278666200392 2.3987958267006255 9.729847456107512 0.8558658325815025 1
Car 447 2 1.9245906730573783 0.0 792.4161 27.510162 928.36237 1.4289310812394374 2.0128959961859443 4.422705482375243 -16.89822058708615 4.387735115594488 24.018042484814387 1.3114770285272281 1
Car 448 1 1.8843498462112662 0.0 796.46277 83.444496 903.5284 1.482889406298162 2.0128959961859443 3.7515588726481726 -18.977778829744004 5.095874789197346 29.421584243039398 1.3114770285272281 1
Car 449 1 1.8417415191616362 4.9862347 792.37775 154.55283 887.04474 1.5948811316678304 2.0128959961859443 4.119740785729984 -20.754999160572144 5.811491431361372 35.40163354301126 1.3114770285272281 1
Car 450 1 1.8114752084827022 79.507256 791.9996 202.09511 874.5899 1.5948811316678304 1.9459795315623625 4.270613580913701 -22.154347314616253 6.384823018771268 40.553436170434026 1.3114770285272281 1
Cyclist 460 1 -2.1688273288400937 1470.995 761.7687 1686.6044 1013.29205 1.6436283382955292 0.6589875119051131 1.8083143634872774 4.7984616628472825 2.807446303552669 11.762779987659007 -1.7814983310584258 1
rider 461 1 -2.198242881757113 1505.2837 767.9443 1651.8004 988.61 1.5556301729904654 0.6613295486688864 0.8953333984472398 4.820197096111908 2.7257936724502887 11.72038401898271 -1.8080622013578986 1
