Cyclist 442 0 0.30436310175381837 1448.4415 724.98627 1864.0688 1096.2428 1.760991901999719 0.8219499690687613 2.0153624325422985 3.9463270803773565 2.4023613442165623 8.60246474157187 0.7344645099650804 1
rider 445 0 0.2889606665098289 1579.1017 731.4565 1770.7035 1078.6368 1.760991901999719 0.8219499690687613 0.78086156185881 4.058918460471415 2.4070414137600364 8.499965687728125 0.7344645099650804 1
Cyclist 443 1 0.44002333517927433 1413.0333 736.00507 1762.5142 1059.0984 1.7795538917900209 0.7952169081456159 1.9908474619820173 4.105635632273708 2.59195431254392 9.930804661655541 0.8320485226931829 1
rider 446 1 0.4270598605533264 1471.8799 737.5652 1672.7562 1012.8677 1.624731238108606 0.7952169081456159 1.0023643654006755 4.073618185414851 2.425013185342423 9.984809833059515 0.8144278906084765 1
Car 447 2 1.9245940361491058 0.0 792.4149 27.438028 928.3652 1.4289310812394374 2.0128959961859443 4.422705482375243 -16.899043805673564 4.387648039422113 24.017429295406814 1.3114454503266084 1
Car 448 1 1.8843526535725361 0.0 796.4617 83.37563 903.5301 1.482889406298162 2.0128959961859443 3.7515588726481726 -18.978774086461282 5.095777137368339 29.420906225624314 1.3114454503266084 1
Car 449 1 1.8417438982151872 4.914464 792.37665 154.48756 887.0458 1.5948811316678304 2.0128959961859443 4.119740785729984 -20.75618454545722 5.811384053747035 35.400900179520356 1.3114454503266084 1
Car 450 1 1.8114773104659716 79.43919 791.9986 202.032 874.5905 1.5948811316678304 1.9459795315623625 4.270613580913701 -22.155696346975393 6.384707758862676 40.55265923093498 1.3114454503266084 1
Cyclist 460 2 -2.1552074479535914 1497.7999 760.90186 1714.6052 1019.5182 1.6436283382955292 0.6243479243110889 1.8083143634872774 4.875251165750976 2.7704812456172334 11.444757693376067 -1.752506042212757 1
rider 461 2 -2.1666006235540607 1534.6869 766.98303 1682.4554 994.39404 1.5556301729904654 0.6361705927510567 0.8953333984472398 4.895406455865644 2.6817794529323136 11.353346916537506 -1.7595019035243802 1
