Cyclist 442 1 0.21115996943091053 1616.9872 726.5759 1935.0 1128.1389 1.760991901999719 0.8219499690687613 2.0153624325422985 4.711371437500033 2.374504346379161 8.03975922225054 0.7412284616627138 1
rider 455 1 3.0217390893882903 1935.0 619.55096 1935.0 1215.0 1.440109737858744 0.8711425545875813 1.0256463871313621 2.9972728301150835 1.4314807252630675 3.0718881314841227 -2.488341605825107 1
Cyclist 443 2 0.0760951016191801 1788.8369 729.06793 1935.0 1097.6693 1.7795538917900209 0.7952169081456159 1.9908474619820173 6.0053860178635015 2.4496742516767327 8.684431022160641 0.6811015018524373 1
rider 445 1 0.21351429993903215 1709.4413 727.3505 1935.0 1100.6033 1.760991901999719 0.8219499690687613 1.0018342714083612 4.691381473593501 2.3563714301971137 8.049029840389425 0.7412284616627138 1
Car 447 1 1.9225747609054622 0.0 799.93866 45.80585 937.20825 1.4289310812394374 2.0128959961859443 4.422705482375243 -16.616565494058474 4.525453368728728 24.062277209647064 1.318209145557836 1
Car 448 1 1.8802472547984723 0.0 802.6055 105.07139 910.21063 1.482889406298162 2.0128959961859443 3.7515588726481726 -18.58296473309826 5.234925974286337 29.506492899086467 1.318209145557836 1
Car 449 1 1.838293179122919 26.663849 797.9741 173.77916 892.68414 1.5948811316678304 2.0128959961859443 4.119740785729984 -20.409039227367085 5.979413832055178 35.638181549792876 1.318209145557836 1
Car 450 1 1.808430109960109 99.171326 799.9964 220.31033 883.2835 1.5948811316678304 1.9459795315623625 4.270613580913701 -21.701075799002332 6.62664152696154 40.663694951242405 1.318209145557836 1
Cyclist 460 0 -2.368213676697513 1370.1871 771.8162 1587.7423 1000.39734 1.6436283382955292 0.6936270994991269 1.8083143634872774 4.437411254709255 3.011047353705192 12.95521249709392 -2.038218594763938 1
motor 454 2 3.076676764179753 1632.704 625.884 1935.0 1215.0 1.6626513294115672 0.8711425545875813 2.3720230160259455 2.8095636965132234 1.6654678622239572 3.1942362502507162 -2.4850944345713577 1
rider 461 0 -2.372129725143301 1413.6337 775.8481 1552.5743 978.33044 1.5556301729904654 0.6990679825456481 0.8953333984472398 4.482026280253015 2.911649625452484 12.876933312249594 -2.0371786334727258 1
