motor 454 0 -2.0608821050325288 993.70905 734.92053 1356.1515 1147.9531 1.6626513294115672 0.8711425545875813 2.3720230160259455 1.0210716010285568 2.3409741923551532 7.956456350573762 -1.9332472779819865 1
rider 455 0 -2.0789251695561326 1054.916 741.36725 1298.8402 1061.9376 1.440109737858744 0.8711425545875813 1.0256463871313621 1.10047394862737 2.0982362346924623 7.814979270249529 -1.939029025674303 1
Car 447 0 1.920693600336005 105.487656 798.5641 329.90112 925.24 1.4289310812394374 2.0128959961859443 4.422705482375243 -12.504233101462253 4.657523589093945 25.496150588077835 1.4647263285623646 1
Car 448 1 1.8805355473548981 214.52393 803.16174 376.9961 904.04877 1.482889406298162 2.0128959961859443 3.7515588726481726 -13.653430810154273 5.4038670256767265 30.92122014939011 1.4647263285623646 1
Car 449 1 1.8345063832795092 312.97018 795.2238 442.77875 883.7137 1.5948811316678304 2.0128959961859443 4.119740785729984 -14.498014279653864 6.100428194617924 37.40359813806619 1.4647263285623646 1
Car 450 1 1.8045970029759844 375.97153 799.49445 483.39948 877.67834 1.5948811316678304 1.9459795315623625 4.270613580913701 -15.089904629789663 6.8373177449165885 42.67611041245057 1.4647263285623646 1
Car 459 1 1.780885823690219 424.36426 801.5906 515.54596 870.4135 1.5948811316678304 1.9459795315623625 4.270613580913701 -15.804892419178154 7.56632137742034 48.31342233598875 1.4647263285623646 1
Car 1552 2 2.059115518992179 0.0 775.49805 36.563614 1015.9359 1.5342293045438953 1.7888099112432125 4.477981407681935 -11.16347007183563 3.2653697389056724 14.838988468879602 1.4141397721470867 1
Cyclist 460 1 -2.231759575355116 1402.3566 782.21246 1566.1183 974.79614 1.6436283382955292 0.5897083367170747 1.8083143634872774 5.297457235590113 3.349769720542171 15.267822858412968 -1.897787759912903 1
rider 461 1 -2.2373093224126372 1429.1259 786.98206 1535.4547 956.3526 1.5556301729904654 0.5984321588743087 0.8953333984472398 5.302518597707489 3.2652603851127946 15.252965074702 -1.9027397954572935 1
