motor 453 0 -2.070742209015702 1155.1505 678.1348 1931.6901 1215.0 1.6198105636665163 0.952630378101615 2.450321831017977 1.405594516619672 1.8208386084974992 4.354307919416396 -1.7584964446435332 1
motor 454 0 -1.7873110858194825 1000.30725 764.20844 1166.5958 1018.41144 1.6626513294115672 0.8711425545875813 2.3720230160259455 0.9487362653797418 2.930094489931019 12.370355870283493 -1.710766591032606 1
rider 456 0 -2.0804506891144583 1239.7356 684.1645 1724.1309 1215.0 1.5330875774394523 0.952630378101615 0.9651906918795115 1.4254961416893166 1.72477156260974 4.273586604094302 -1.7584964446435332 1
rider 455 0 -1.7878575188798842 1015.40424 769.4229 1145.7994 966.2667 1.440109737858744 0.8711425545875813 1.0256463871313621 0.9654257336796813 2.6879406437972273 12.34349148818486 -1.7098030785749398 1
motor 457 0 1.7255303944609768 637.8127 808.61145 683.32935 866.28503 1.564149446569539 1.144474392034248 1.9066821691176248 -9.58878513565776 7.551623257019743 47.76155573913753 1.5274006460878309 1
rider 458 0 1.7240833110478284 648.9135 810.25507 677.38605 858.67365 1.4175992885322117 0.7649903760250045 0.8912989312875657 -9.521000662913872 7.397300241683622 47.78210892368904 1.5274006460878309 1
Car 447 0 1.933467469728848 208.02235 795.93536 431.41495 922.09454 1.4289310812394374 2.0128959961859443 4.422705482375243 -10.676457605924107 4.5770367655665956 25.278148466197894 1.5338357604451112 1
Car 448 1 1.8857523848677005 328.0314 799.2343 486.4786 898.23193 1.482889406298162 2.0128959961859443 3.7515588726481726 -11.39996502248911 5.324963122209301 31.04548519599866 1.5338357604451112 1
Car 449 1 1.8402579092685638 420.6203 795.5452 548.4634 883.4153 1.5948811316678304 2.0128959961859443 4.119740785729984 -11.826192381534907 6.099356803208332 37.37887847936645 1.5338357604451112 1
Car 450 1 1.808503057306502 484.24313 795.43005 590.0992 872.6709 1.5948811316678304 1.9459795315623625 4.270613580913701 -12.012567859633409 6.7035324904658635 42.62958540371195 1.5338357604451112 1
Car 459 1 1.7868243402830055 527.6556 798.6062 617.61993 866.432 1.5948811316678304 1.9459795315623625 4.270613580913701 -12.525428039845034 7.474654418417992 48.44905751797817 1.5338357604451112 1
Car 1552 1 2.085970398407165 0.0 771.66644 134.67238 1014.2209 1.5342293045438953 1.7888099112432125 4.477981407681935 -10.020131317912304 3.1899470500472376 14.561776546446747 1.4832676823185351 1
Cyclist 460 1 -2.044400313479112 1430.4675 779.10474 1568.0426 957.5787 1.6436283382955292 0.658987511905107 1.8083143634872774 5.8370627461963736 3.424895845787456 16.33484811087957 -1.7012032728909354 1
rider 461 1 -2.0333001046906665 1449.0916 783.95294 1546.1617 940.5523 1.5556301729904654 0.6676192876483475 0.8953333984472398 5.841216533892154 3.3432408530550006 16.323186292711846 -1.68965109323372 1
