motor 453 0 -1.822950560620475 1032.0667 712.806 1411.2346 1215.0 1.6198105636665163 0.952630378101615 2.450321831017977 0.9545022985653077 2.06665817019251 6.333982709589264 -1.6733805475546668 1
motor 454 1 -1.745124163637264 980.54694 768.4312 1110.6497 979.27966 1.6626513294115672 0.8711425545875813 2.3720230160259455 0.7798230461203758 3.1913503411037683 14.697231183585169 -1.6921146910246736 1
rider 456 0 -1.8099394332532788 1059.8828 718.2226 1338.4274 1132.019 1.5330875774394523 0.952630378101615 0.9651906918795115 0.9610525278896085 1.9587756599890307 6.298759593458531 -1.6585291127605732 1
rider 455 1 -1.7464698715438143 992.59064 774.40894 1099.3896 940.27814 1.440109737858744 0.8711425545875813 1.0256463871313621 0.8083507308758301 2.9516324995170273 14.557301406268573 -1.6909979537903224 1
Car 447 0 1.9406246054256018 225.63963 795.5514 452.7347 923.22504 1.4289310812394374 2.0128959961859443 4.422705482375243 -10.200105998392928 4.527986690731007 24.927627676838657 1.552222035116015 1
Car 448 1 1.8929929276208808 344.84705 798.5143 507.0028 899.2948 1.482889406298162 2.0128959961859443 3.7515588726481726 -10.788771774984195 5.235000609827784 30.424804876626585 1.552222035116015 1
Car 449 1 1.8447315467027554 442.63815 794.37256 571.9283 882.8712 1.5948811316678304 2.0128959961859443 4.119740785729984 -11.139000229722356 6.022182547328002 36.98847981224659 1.552222035116015 1
Car 450 1 1.8153749427558403 501.4601 793.456 609.7602 871.72314 1.5948811316678304 1.9459795315623625 4.270613580913701 -11.287995460004353 6.5603172137058525 41.90043783453863 1.552222035116015 1
Car 459 1 1.7896068971878965 552.0481 797.20245 642.78204 865.36646 1.5948811316678304 1.9459795315623625 4.270613580913701 -11.620324246432032 7.376742702258079 48.028442917491766 1.552222035116015 1
Car 1552 1 2.1034242005006885 0.0 771.541 144.63014 1021.7523 1.5342293045438953 1.7888099112432125 4.477981407681935 -9.721290756099839 3.147438721605157 14.15588247864268 1.5016588710700005 1
Cyclist 460 0 -1.9346458883379454 1435.2009 773.4247 1550.5632 943.90405 1.6436283382955292 0.6243479243110923 1.8083143634872774 5.979333881322652 3.414401952662585 16.917696028169544 -1.5949127483547325 1
motor 457 0 1.7383464712746088 646.7363 799.4398 691.6799 860.8033 1.564149446569539 1.0105295042266824 1.9066821691176248 -8.691677912539584 6.879863465139794 44.5786416565091 1.5457882018648283 1
rider 458 0 1.7386119211106845 649.9586 801.4455 688.2142 853.1551 1.4175992885322117 0.9841392622462858 0.8912989312875657 -8.704560777684321 6.73480023672546 44.581709478438945 1.5457882018648283 1
rider 461 0 -1.9270636186632384 1449.0956 779.3982 1534.5991 929.6431 1.5556301729904654 0.6361705927510565 0.8953333984472398 5.971839386459316 3.3450707279385083 16.86777343774817 -1.5867956624728132 1
