motor 453 0 -1.6269358858995737 858.4759 762.20374 990.42163 1009.53864 1.6198105636665163 0.952630378101615 2.450321831017977 -0.3587646925600779 2.8792010477924483 12.455320024997668 -1.6557320566499714 1
rider 456 0 -1.6248759571560438 859.90106 771.0257 980.9039 976.4408 1.5330875774394523 0.952630378101615 0.9651906918795115 -0.35734411090114515 2.797742856437046 12.421924600616702 -1.6536352354200143 1
rider 455 0 -1.7082857030849834 953.2016 790.60187 1024.1439 904.1434 1.440109737858744 0.8711425545875813 1.0256463871313621 0.3769820011733617 3.847700183030718 21.166950243838237 -1.6904776511155686 1
motor 457 0 1.772256286394568 610.90845 801.93896 676.072 879.9655 1.564149446569539 1.144474392034248 1.9066821691176248 -7.476354989677437 5.854361883177964 35.28155461088219 1.5634397896589993 1
motor 454 0 -1.7151525405392005 947.2419 786.14496 1032.2538 930.33563 1.6626513294115672 0.8711425545875813 2.3720230160259455 0.37237410257597203 4.084600950638648 21.230264206568844 -1.6976145617459133 1
Car 448 1 1.9167950749790372 326.1801 802.50214 503.35513 910.6813 1.482889406298162 2.0128959961859443 3.7515588726481726 -10.317932942047188 5.09508134856698 28.538444477870602 1.5698723955602052 1
Car 449 1 1.860933533897298 439.43542 795.3021 578.8857 889.2956 1.5948811316678304 2.0128959961859443 4.119740785729984 -10.457402928922438 5.807436002469293 34.908186095351496 1.5698723955602052 1
Car 447 0 1.9664089062736123 196.16081 801.2543 449.64175 941.62683 1.4289310812394374 2.0128959961859443 4.422705482375243 -9.628107468243934 4.401507776155942 22.994331159128016 1.5698723955602052 1
rider 458 0 1.770769145673244 626.381 804.79474 666.5045 870.244 1.4175992885322117 0.7649903760250045 0.8912989312875657 -7.426447235217535 5.718576913205641 35.30484746203068 1.5634397896589993 1
Car 450 1 1.8261351725739283 509.20917 800.3836 623.55554 882.84265 1.5948811316678304 1.9459795315623625 4.270613580913701 -10.52110969418374 6.557391490373231 40.15325959286469 1.5698723955602052 1
Car 459 2 1.7992427145878636 562.18024 799.8719 657.62555 871.03564 1.5948811316678304 1.9459795315623625 4.270613580913701 -10.776638884214863 7.2453524824473154 46.15672916912829 1.5698723955602052 1
Car 1552 2 2.1770142509973422 0.0 770.48236 67.917404 1067.856 1.5342293045438953 1.7888099112432125 4.477981407681935 -9.448347467741971 2.9472001604114446 12.232033030086717 1.5193139451055764 1
Cyclist 460 0 -1.8706426423820948 1428.2557 774.3118 1520.702 931.8742 1.6436283382955292 0.5550687491230565 1.8083143634872774 6.231856123409344 3.5573004795024765 18.241583113573345 -1.5414445462530442 1
rider 461 0 -1.8712557207565057 1439.4996 777.2266 1509.0991 916.20825 1.5556301729904654 0.5606937249975416 0.8953333984472398 6.230800522717172 3.4552839130370874 18.19363842525114 -1.5413035895245915 1
