motor 453 0 -1.617268391544361 850.6325 764.2428 972.85864 997.51587 1.6198105636665163 0.952630378101615 2.450321831017977 -0.4838020251365865 2.96264716119168 13.15077882601053 -1.6540406577534812 1
motor 454 0 -1.7105231626008022 944.7542 783.9594 1025.5585 921.6173 1.6626513294115672 0.8711425545875813 2.3720230160259455 0.3232499795564243 4.148342062169944 22.13864415755008 -1.6959230358476725 1
rider 456 0 -1.6152279125326123 851.58295 772.71497 964.9109 966.431 1.5330875774394523 0.952630378101615 0.9651906918795115 -0.48295473166236913 2.8840488765298726 13.14791077581236 -1.6519438366985164 1
rider 455 0 -1.7040810468721816 950.9912 787.8249 1018.70667 896.3391 1.440109737858744 0.8711425545875813 1.0256463871313621 0.3378919873180571 3.9078909998888145 22.09037578121783 -1.6887863482753944 1
Car 447 0 1.9742483184177058 181.27484 800.7522 441.77072 943.70715 1.4289310812394374 2.0128959961859443 4.422705482375243 -9.627926154119615 4.346990162581336 22.60283465510966 -4.7116213339866455 1
Car 448 1 1.9198302824392126 322.22052 802.9062 502.41843 912.7271 1.482889406298162 2.0128959961859443 3.7515588726481726 -10.221369440096842 5.057399502153422 28.152998443281035 -4.7116213339866455 1
Car 449 1 1.8636333647333574 436.77557 795.24603 578.07336 890.22217 1.5948811316678304 2.0128959961859443 4.119740785729984 -10.392641178851619 5.766960625493751 34.565188974314395 -4.7116213339866455 1
motor 457 0 1.762064504652592 602.4859 801.9974 669.43494 883.1775 1.564149446569539 1.144474392034248 1.9066821691176248 -7.3732239075322346 5.704321627238813 33.99430633168417 1.5484769676845849 1
rider 458 0 1.7760427378249422 619.9223 804.505 661.72723 872.38306 1.4175992885322117 0.7649903760250045 0.8912989312875657 -7.289896923917655 5.560835376919083 34.04977867598664 1.5651314847766864 1
Car 450 1 1.8279367289833104 508.42346 800.367 623.88904 883.475 1.5948811316678304 1.9459795315623625 4.270613580913701 -10.447579830563095 6.521880431619387 39.8547595726463 -4.7116213339866455 1
Car 459 2 1.8007307754598152 562.0396 799.84357 658.34045 871.5284 1.5948811316678304 1.9459795315623625 4.270613580913701 -10.691484444876483 7.20668128825524 45.834137783922195 -4.7116213339866455 1
Car 1552 2 2.19016680305626 0.0 769.6025 50.999016 1076.407 1.5342293045438953 1.7888099112432125 4.477981407681935 -9.419907616398932 2.90742313053318 11.910527700018518 1.5210059742287716 1
Cyclist 460 0 -1.8667016586152385 1421.8622 772.62524 1519.8468 929.1072 1.6436283382955292 0.6358944535091019 1.8083143634872774 6.221626182947356 3.5462213315781335 18.346418682099127 -1.5397527298798857 1
rider 461 0 -1.867479210817446 1433.7803 774.7117 1507.9689 912.9114 1.5556301729904654 0.6235911147921469 0.8953333984472398 6.218492003319881 3.432911401761694 18.281947939713657 -1.5396117731938113 1
