motor 453 0 -1.5968735267541423 837.17426 768.9911 932.0964 954.8659 1.6198105636665163 0.952630378101615 2.450321831017977 -0.8657120837323373 3.3062560780422534 16.243455532683612 -1.6501192046767108 1
motor 454 0 -1.6953998540292254 934.35504 779.9425 1001.25275 895.89954 1.6626513294115672 0.8711425545875813 2.3720230160259455 0.08823382577174634 4.481846563586696 25.961977155011873 -1.6920012882906796 1
rider 455 0 -1.688714212721649 939.0443 783.49896 996.0257 875.5585 1.440109737858744 0.8711425545875813 1.0256463871313621 0.09961273738313473 4.24405941484404 25.87939455855912 -1.6848651178280765 1
rider 456 0 -1.5948317165437316 837.4339 775.8055 927.8628 931.45215 1.5330875774394523 0.952630378101615 0.9651906918795115 -0.8652839490130798 3.225383938379557 16.252245024672302 -1.6480223840302919 1
Car 447 0 1.9951267674846793 136.82587 794.5481 421.7351 946.41425 1.4289310812394374 2.0128959961859443 4.422705482375243 -9.475294347825313 4.08968890745377 21.23829578492858 -4.707699466818296 1
Car 448 1 1.9342401041685946 297.92258 796.8023 489.73557 911.27527 1.482889406298162 2.0128959961859443 3.7515588726481726 -10.087286399364613 4.791338194509006 26.900772819109267 -4.707699466818296 1
Car 449 1 1.8734707003439688 423.3035 790.2433 571.5088 888.2385 1.5948811316678304 2.0128959961859443 4.119740785729984 -10.2490852683455 5.512785207063022 33.3705491592736 -4.707699466818296 1
Car 450 2 1.8346856768009339 501.20325 792.26355 621.59955 877.3877 1.5948811316678304 1.9459795315623625 4.270613580913701 -10.2283183244023 6.1513670052722915 38.57341972072288 -4.707699466818296 1
motor 457 0 1.8021948367984595 563.7568 795.5439 645.8669 890.3263 1.564149446569539 1.144474392034248 1.9066821691176248 -6.9028801994743825 4.990198174625979 29.069748243207638 1.5690536242285131 1
rider 458 0 1.8016364910301343 581.65985 798.6608 631.6582 877.8788 1.4175992885322117 0.7649903760250045 0.8912989312875657 -6.908449729468908 4.858340129175465 29.165638364554667 1.5690536242285131 1
Car 459 1 1.806508417790365 556.9372 793.8822 657.25354 867.515 1.5948811316678304 1.9459795315623625 4.270613580913701 -10.43291441932604 6.848568581950275 44.35343171986685 -4.707699466818296 1
Cyclist 460 0 -1.8940090006698993 1418.1737 764.86005 1516.8615 917.26416 1.6436283382955292 0.6243479243110919 1.8083143634872774 6.298619695078005 3.477965095318928 18.694559995747117 -1.56903159519801 1
rider 461 0 -1.8810807392245978 1430.5897 767.19196 1505.1611 902.31665 1.5556301729904654 0.6361705927510606 0.8953333984472398 6.2972873809691405 3.3706679896543195 18.622615882105396 -1.5549990661531266 1
