motor 453 0 -1.5931253521051343 838.8107 764.1933 924.3242 930.81604 1.6198105636665163 0.952630378101615 2.450321831017977 -0.9823079843116896 3.404336832723359 17.900086110577263 -1.647947640534128 1
motor 454 0 -1.6068863757397558 936.3843 774.237 987.6339 880.60345 1.6626513294115672 0.8711425545875813 2.3720230160259455 -0.006270205519077199 4.573728013060052 27.949835190112772 -1.6071107135711327 1
rider 456 0 -1.5918723709014342 839.9297 769.9841 922.60675 911.8679 1.5330875774394523 0.952630378101615 0.9651906918795115 -0.9581359132234925 3.3036808361121945 17.733098698522888 -1.645850820115646 1
rider 455 0 -1.6046399627281793 937.9516 777.3614 986.6063 862.10913 1.440109737858744 0.8711425545875813 1.0256463871313621 0.01063437102663839 4.331779886573493 27.83604894699465 -1.6042579268103119 1
Car 447 0 2.008851699032272 107.41923 786.3008 406.97943 941.82666 1.4289310812394374 2.0128959961859443 4.422705482375243 -9.460031138867025 3.887612957541045 20.56228866317987 -4.705527673549812 1
Car 448 1 1.946103034800469 275.4191 790.2614 477.77646 908.6931 1.482889406298162 2.0128959961859443 3.7515588726481726 -9.985825197775005 4.551153907400287 25.864936389389882 -4.705527673549812 1
Car 449 1 1.8768410140583551 418.89066 785.2678 571.4972 885.2841 1.5948811316678304 2.0128959961859443 4.119740785729984 -10.037191574282868 5.306230077685808 32.541615179660056 -4.705527673549812 1
motor 457 0 1.8258321546608265 523.9618 786.11096 616.8331 889.8532 1.564149446569539 1.144474392034248 1.9066821691176248 -6.887615114234336 4.519927236689789 26.464905173501055 -4.711959738963727 1
rider 458 0 1.8206494759322158 551.9149 788.78925 607.8156 875.58453 1.4175992885322117 0.7649903760250045 0.8912989312875657 -6.764172778062913 4.376647649968311 26.554455208342247 -4.711959738963726 1
Car 450 2 1.842351030728758 490.33588 787.5893 614.5135 874.0127 1.5948811316678304 1.9459795315623625 4.270613580913701 -10.246950933154467 5.940654282896866 37.80417809299872 -4.705527673549812 1
Car 459 1 1.8099147364326909 553.8944 788.6062 656.231 862.90436 1.5948811316678304 1.9459795315623625 4.270613580913701 -10.332081552846276 6.611348539178149 43.68274407865293 -4.705527673549812 1
Cyclist 460 0 -1.9244834003445086 1407.0557 758.0039 1507.8927 907.6077 1.6436283382955292 0.6243479243110951 1.8083143634872774 6.264789046161853 3.4136492513028234 18.971736389802174 -1.6055402025537866 1
rider 461 0 -1.9294932645482377 1421.7333 760.50696 1497.904 893.85565 1.5556301729904654 0.6361705927510634 0.8953333984472398 6.2694004961194 3.30565115713763 18.839328993375297 -1.6082384705856272 1
